 Title = "ADflow Slice Data"
Variables =  "CoordinateX"  "CoordinateY"  "CoordinateZ"  "XoC"  "YoC"  "ZoC" "VelocityX" "VelocityY" "VelocityZ" "CoefPressure" "Mach" 
Zone T= "Slice_0001 None Absolute Regular z = 0.50000000"
 Nodes =          192  Elements=          184  ZONETYPE=FELINESEG
 DATAPACKING=POINT
  5.560760E-01 -1.893820E-02  5.000000E-01  5.616895E-01 -1.895585E-02  0.000000E+00  1.507139E-02  1.098327E-03  1.383268E-18 -1.690109E-01  0.000000E+00
  5.770550E-01 -1.737468E-02  5.000000E-01  5.828802E-01 -1.737655E-02  0.000000E+00  1.470160E-02  1.131728E-03  9.234514E-19 -1.387494E-01  0.000000E+00
  5.977760E-01 -1.573280E-02  5.000000E-01  6.038104E-01 -1.571809E-02  0.000000E+00  1.434121E-02  1.180457E-03  9.164900E-19 -1.169401E-01  0.000000E+00
  6.181820E-01 -1.398985E-02  5.000000E-01  6.244224E-01 -1.395755E-02  0.000000E+00  1.385648E-02  1.235616E-03  8.016102E-19 -9.811909E-02  0.000000E+00
  6.382180E-01 -1.212249E-02  5.000000E-01  6.446607E-01 -1.207134E-02  0.000000E+00  1.317123E-02  1.282729E-03  1.194608E-18 -7.573616E-02  0.000000E+00
  6.578350E-01 -1.012060E-02  5.000000E-01  6.644757E-01 -1.004924E-02  0.000000E+00  1.228208E-02  1.305213E-03  5.031661E-19 -4.550382E-02  0.000000E+00
  6.769910E-01 -7.994319E-03  5.000000E-01  6.838251E-01 -7.901497E-03  0.000000E+00  1.123455E-02  1.292682E-03  6.653119E-19 -7.218822E-03  0.000000E+00
  6.956490E-01 -5.763495E-03  5.000000E-01  7.026714E-01 -5.648154E-03  0.000000E+00  1.008988E-02  1.241721E-03  2.469686E-18  3.640779E-02  0.000000E+00
  7.137810E-01 -3.461684E-03  5.000000E-01  7.209864E-01 -3.323107E-03  0.000000E+00  8.904901E-03  1.153364E-03  7.770668E-19  8.220099E-02  0.000000E+00
  7.313660E-01 -1.133668E-03  5.000000E-01  7.387490E-01 -9.715903E-04  0.000000E+00  7.722160E-03  1.035491E-03  7.313795E-19  1.275728E-01  0.000000E+00
  7.483850E-01  1.180943E-03  5.000000E-01  7.559398E-01  1.366385E-03  0.000000E+00  6.576815E-03  9.022055E-04  1.091981E-18  1.708054E-01  0.000000E+00
  7.648220E-01  3.456505E-03  5.000000E-01  7.725427E-01  3.664919E-03  0.000000E+00  5.514012E-03  7.678537E-04  8.403624E-19  2.109873E-01  0.000000E+00
  7.806630E-01  5.675468E-03  5.000000E-01  7.885436E-01  5.906281E-03  0.000000E+00  4.603330E-03  6.380814E-04 -4.551563E-19  2.484514E-01  0.000000E+00
  7.958970E-01  7.769964E-03  5.000000E-01  8.039314E-01  8.021921E-03  0.000000E+00  3.937425E-03  5.124270E-04 -2.173007E-18  2.847502E-01  0.000000E+00
  8.105170E-01  9.556547E-03  5.000000E-01  8.186990E-01  9.826539E-03  0.000000E+00  3.578793E-03  3.986272E-04 -9.836327E-19  3.171872E-01  0.000000E+00
  8.245160E-01  1.094358E-02  5.000000E-01  8.328393E-01  1.122758E-02  0.000000E+00  3.514522E-03  3.041994E-04 -3.901992E-19  3.403985E-01  0.000000E+00
  8.378940E-01  1.192912E-02  5.000000E-01  8.463523E-01  1.222307E-02  0.000000E+00  3.683605E-03  2.243732E-04  1.977829E-19  3.538678E-01  0.000000E+00
  8.506490E-01  1.255564E-02  5.000000E-01  8.592361E-01  1.285591E-02  0.000000E+00  4.020080E-03  1.500421E-04  2.585693E-20  3.605587E-01  0.000000E+00
  8.627850E-01  1.288166E-02  5.000000E-01  8.714946E-01  1.318522E-02  0.000000E+00  4.469700E-03  7.400622E-05 -1.713654E-19  3.630067E-01  0.000000E+00
  8.743060E-01  1.296686E-02  5.000000E-01  8.831319E-01  1.327128E-02  0.000000E+00  4.988718E-03 -7.639985E-06  7.901839E-19  3.623584E-01  0.000000E+00
  8.852170E-01  1.286293E-02  5.000000E-01  8.941530E-01  1.316630E-02  0.000000E+00  5.542753E-03 -9.629844E-05  1.560157E-18  3.592544E-01  0.000000E+00
  8.955250E-01  1.261087E-02  5.000000E-01  9.045651E-01  1.291170E-02  0.000000E+00  6.107678E-03 -1.919792E-04  1.307405E-18  3.542198E-01  0.000000E+00
  9.052400E-01  1.224364E-02  5.000000E-01  9.143782E-01  1.254075E-02  0.000000E+00  6.670166E-03 -2.946649E-04  4.449486E-19  3.476627E-01  0.000000E+00
  9.143710E-01  1.178687E-02  5.000000E-01  9.236013E-01  1.207938E-02  0.000000E+00  7.229015E-03 -4.071516E-04 -4.062659E-19  3.400153E-01  0.000000E+00
  9.143710E-01  1.178687E-02  5.000000E-01  9.236013E-01  1.207938E-02  0.000000E+00  7.229015E-03 -4.071516E-04 -4.062659E-19  3.400153E-01  0.000000E+00
  9.229270E-01  1.125545E-02  5.000000E-01  9.322437E-01  1.154260E-02  0.000000E+00  7.794572E-03 -5.349889E-04 -5.506095E-19  3.315167E-01  0.000000E+00
  9.309180E-01  1.065863E-02  5.000000E-01  9.403154E-01  1.093975E-02  0.000000E+00  8.384247E-03 -6.834619E-04  1.956717E-19  3.219142E-01  0.000000E+00
  9.383550E-01  1.000503E-02  5.000000E-01  9.478274E-01  1.027955E-02  0.000000E+00  9.018789E-03 -8.575144E-04  5.125502E-19  3.107425E-01  0.000000E+00
  9.452490E-01  9.303411E-03  5.000000E-01  9.547910E-01  9.570847E-03  0.000000E+00  9.721826E-03 -1.063906E-03  2.413831E-19  2.976173E-01  0.000000E+00
  9.516100E-01  8.562201E-03  5.000000E-01  9.612163E-01  8.822155E-03  0.000000E+00  1.051996E-02 -1.311274E-03 -6.269500E-20  2.821392E-01  0.000000E+00
  9.574470E-01  7.790911E-03  5.000000E-01  9.671122E-01  8.043079E-03  0.000000E+00  1.144096E-02 -1.608513E-03 -9.003210E-20  2.637076E-01  0.000000E+00
  9.627730E-01  7.000783E-03  5.000000E-01  9.724919E-01  7.244975E-03  0.000000E+00  1.251311E-02 -1.965155E-03 -4.404318E-20  2.416362E-01  0.000000E+00
  9.675950E-01  6.205255E-03  5.000000E-01  9.773626E-01  6.441417E-03  0.000000E+00  1.376763E-02 -2.390777E-03  7.708982E-20  2.152050E-01  0.000000E+00
  9.719240E-01  5.419437E-03  5.000000E-01  9.817353E-01  5.647666E-03  0.000000E+00  1.524513E-02 -2.895671E-03  1.905414E-18  1.835865E-01  0.000000E+00
  9.757700E-01  4.659753E-03  5.000000E-01  9.856201E-01  4.880313E-03  0.000000E+00  1.700932E-02 -3.496260E-03  5.080833E-18  1.459504E-01  0.000000E+00
  9.791410E-01  3.942735E-03  5.000000E-01  9.890252E-01  4.156058E-03  0.000000E+00  1.915971E-02 -4.218058E-03  3.466835E-18  1.013970E-01  0.000000E+00
  9.820450E-01  3.284299E-03  5.000000E-01  9.919585E-01  3.490975E-03  0.000000E+00  2.181460E-02 -5.092442E-03 -2.459153E-17  4.858355E-02  0.000000E+00
  9.844890E-01  2.699220E-03  5.000000E-01  9.944272E-01  2.899990E-03  0.000000E+00  2.503807E-02 -6.143690E-03 -1.123776E-16 -1.419494E-02  0.000000E+00
  9.864800E-01  2.200821E-03  5.000000E-01  9.964383E-01  2.396559E-03  0.000000E+00  2.875835E-02 -7.327168E-03 -2.333592E-16 -8.738089E-02  0.000000E+00
  9.880230E-01  1.800834E-03  5.000000E-01  9.979968E-01  1.992535E-03  0.000000E+00  3.246213E-02 -8.444620E-03 -8.300284E-17 -1.779434E-01  0.000000E+00
  9.891220E-01  1.508510E-03  5.000000E-01  9.991069E-01  1.697260E-03  0.000000E+00  3.593011E-02 -9.727406E-03  1.226303E-15 -2.867187E-01  0.000000E+00
  9.897810E-01  1.330399E-03  5.000000E-01  9.997726E-01  1.517351E-03  0.000000E+00  5.276828E-02 -1.244131E-02  4.707415E-15 -3.054312E-01  0.000000E+00
  9.900000E-01  1.270607E-03  5.000000E-01  9.999938E-01  1.456955E-03  0.000000E+00  3.649938E-02 -2.259743E-03  1.216946E-14 -6.800741E-01  0.000000E+00
  9.900000E-01  1.680108E-03  5.000000E-01  9.999938E-01  1.870589E-03  0.000000E+00  2.125929E-03 -7.785193E-03  3.560170E-14 -9.793941E-01  0.000000E+00
  9.900000E-01  2.089608E-03  5.000000E-01  9.999938E-01  2.284224E-03  0.000000E+00 -5.414590E-04 -2.193327E-02  6.941814E-14 -8.241441E-01  0.000000E+00
  9.900000E-01  2.499109E-03  5.000000E-01  9.999938E-01  2.697858E-03  0.000000E+00 -1.399395E-04 -1.349005E-02  9.594753E-14 -7.964836E-01  0.000000E+00
  9.900000E-01  2.908594E-03  5.000000E-01  9.999938E-01  3.111477E-03  0.000000E+00  3.199679E-04 -8.315613E-03  1.144096E-13 -8.264305E-01  0.000000E+00
  9.900000E-01  3.318095E-03  5.000000E-01  9.999938E-01  3.525112E-03  0.000000E+00  4.465224E-03 -6.753100E-03  1.276998E-13 -7.911456E-01  0.000000E+00
  9.900000E-01  3.318095E-03  5.000000E-01  9.999938E-01  3.525112E-03  0.000000E+00  4.465224E-03 -6.753100E-03  1.276998E-13 -7.911456E-01  0.000000E+00
  9.897980E-01  3.422157E-03  5.000000E-01  9.997897E-01  3.630224E-03  0.000000E+00  5.428571E-03 -3.334558E-03  1.196623E-13 -7.429351E-01  0.000000E+00
  9.891900E-01  3.734339E-03  5.000000E-01  9.991756E-01  3.945558E-03  0.000000E+00  1.118637E-03 -5.110167E-04  8.488919E-14 -7.510086E-01  0.000000E+00
  9.881780E-01  4.253953E-03  5.000000E-01  9.981534E-01  4.470417E-03  0.000000E+00 -1.273910E-03  6.566778E-04  4.659887E-14 -7.581320E-01  0.000000E+00
  9.867570E-01  4.979695E-03  5.000000E-01  9.967180E-01  5.203485E-03  0.000000E+00 -2.635286E-03  1.330841E-03  1.893271E-14 -7.650154E-01  0.000000E+00
  9.849260E-01  5.908043E-03  5.000000E-01  9.948686E-01  6.141205E-03  0.000000E+00 -3.240925E-03  1.633053E-03  4.464768E-15 -7.748338E-01  0.000000E+00
  9.826810E-01  7.032509E-03  5.000000E-01  9.926009E-01  7.277022E-03  0.000000E+00 -3.244764E-03  1.614741E-03 -7.498034E-16 -7.840162E-01  0.000000E+00
  9.800160E-01  8.343343E-03  5.000000E-01  9.899090E-01  8.601088E-03  0.000000E+00 -2.935632E-03  1.429523E-03 -1.495176E-15 -7.896165E-01  0.000000E+00
  9.769240E-01  9.826463E-03  5.000000E-01  9.867858E-01  1.009918E-02  0.000000E+00 -2.610901E-03  1.232276E-03 -9.069583E-16 -7.917827E-01  0.000000E+00
  9.733970E-01  1.146072E-02  5.000000E-01  9.832232E-01  1.174993E-02  0.000000E+00 -2.456950E-03  1.110981E-03 -3.283815E-16 -7.925269E-01  0.000000E+00
  9.694240E-01  1.321961E-02  5.000000E-01  9.792101E-01  1.352658E-02  0.000000E+00 -2.532149E-03  1.089235E-03 -4.839526E-17 -7.937670E-01  0.000000E+00
  9.649940E-01  1.507640E-02  5.000000E-01  9.747354E-01  1.540211E-02  0.000000E+00 -2.833346E-03  1.159751E-03  2.686786E-17 -7.951517E-01  0.000000E+00
  9.600960E-01  1.701089E-02  5.000000E-01  9.697879E-01  1.735613E-02  0.000000E+00 -3.351925E-03  1.292560E-03  2.540976E-17 -7.956300E-01  0.000000E+00
  9.547180E-01  1.900292E-02  5.000000E-01  9.643556E-01  1.936827E-02  0.000000E+00 -3.944003E-03  1.402474E-03  1.063755E-17 -8.034178E-01  0.000000E+00
  9.488510E-01  2.103311E-02  5.000000E-01  9.584294E-01  2.141895E-02  0.000000E+00 -4.022285E-03  1.309918E-03  3.140230E-18 -8.421521E-01  0.000000E+00
  9.424820E-01  2.308621E-02  5.000000E-01  9.519961E-01  2.349278E-02  0.000000E+00 -2.422533E-03  7.404647E-04  4.502724E-18 -9.299964E-01  0.000000E+00
  9.356020E-01  2.515173E-02  5.000000E-01  9.450467E-01  2.557915E-02  0.000000E+00  2.114562E-03 -5.636745E-04  1.143586E-17 -1.047262E+00  0.000000E+00
  9.282010E-01  2.722354E-02  5.000000E-01  9.375709E-01  2.767187E-02  0.000000E+00  9.500669E-03 -2.484608E-03  2.382010E-17 -1.144104E+00  0.000000E+00
  9.202710E-01  2.929652E-02  5.000000E-01  9.295609E-01  2.976578E-02  0.000000E+00  1.724161E-02 -4.293865E-03  3.522087E-17 -1.187287E+00  0.000000E+00
  9.118010E-01  3.135850E-02  5.000000E-01  9.210054E-01  3.184857E-02  0.000000E+00  2.233248E-02 -5.229165E-03  3.818084E-17 -1.183216E+00  0.000000E+00
  9.027810E-01  3.339346E-02  5.000000E-01  9.118943E-01  3.390408E-02  0.000000E+00  2.407576E-02 -5.229874E-03  3.238772E-17 -1.155927E+00  0.000000E+00
  8.932000E-01  3.538568E-02  5.000000E-01  9.022166E-01  3.591641E-02  0.000000E+00  2.385839E-02 -4.758009E-03  2.374999E-17 -1.121868E+00  0.000000E+00
  8.830490E-01  3.731693E-02  5.000000E-01  8.919632E-01  3.786715E-02  0.000000E+00  2.316248E-02 -4.203057E-03  1.809392E-17 -1.086477E+00  0.000000E+00
  8.723190E-01  3.916630E-02  5.000000E-01  8.811248E-01  3.973519E-02  0.000000E+00  2.262881E-02 -3.697835E-03  1.386940E-17 -1.050411E+00  0.000000E+00
  8.723190E-01  3.916630E-02  5.000000E-01  8.811248E-01  3.973519E-02  0.000000E+00  2.262881E-02 -3.697835E-03  1.386940E-17 -1.050411E+00  0.000000E+00
  8.610010E-01  4.091320E-02  5.000000E-01  8.696926E-01  4.149973E-02  0.000000E+00  2.228110E-02 -3.240002E-03  1.118302E-17 -1.013441E+00  0.000000E+00
  8.490890E-01  4.253848E-02  5.000000E-01  8.576603E-01  4.314142E-02  0.000000E+00  2.195916E-02 -2.804176E-03  9.893681E-18 -9.756510E-01  0.000000E+00
  8.365770E-01  4.402646E-02  5.000000E-01  8.450220E-01  4.464442E-02  0.000000E+00  2.154512E-02 -2.386063E-03  9.174080E-18 -9.379998E-01  0.000000E+00
  8.234620E-01  4.537093E-02  5.000000E-01  8.317746E-01  4.600246E-02  0.000000E+00  2.101125E-02 -2.004960E-03  9.052070E-18 -9.027488E-01  0.000000E+00
  8.097400E-01  4.658150E-02  5.000000E-01  8.179141E-01  4.722524E-02  0.000000E+00  2.039228E-02 -1.695143E-03  9.515429E-18 -8.737536E-01  0.000000E+00
  7.954150E-01  4.769547E-02  5.000000E-01  8.034445E-01  4.835047E-02  0.000000E+00  1.975430E-02 -1.497919E-03  9.432666E-18 -8.559880E-01  0.000000E+00
  7.804870E-01  4.879141E-02  5.000000E-01  7.883658E-01  4.945747E-02  0.000000E+00  1.920111E-02 -1.440409E-03  8.513172E-18 -8.528883E-01  0.000000E+00
  7.649630E-01  4.997760E-02  5.000000E-01  7.726851E-01  5.065563E-02  0.000000E+00  1.889177E-02 -1.494485E-03  6.653607E-18 -8.620545E-01  0.000000E+00
  7.488530E-01  5.129749E-02  5.000000E-01  7.564125E-01  5.198885E-02  0.000000E+00  1.892226E-02 -1.608661E-03  3.563766E-18 -8.777985E-01  0.000000E+00
  7.321700E-01  5.276790E-02  5.000000E-01  7.395611E-01  5.347410E-02  0.000000E+00  1.923509E-02 -1.757869E-03 -8.789952E-19 -8.961460E-01  0.000000E+00
  7.149290E-01  5.439840E-02  5.000000E-01  7.221460E-01  5.512105E-02  0.000000E+00  1.970863E-02 -1.923462E-03 -6.833896E-18 -9.142797E-01  0.000000E+00
  6.971500E-01  5.618561E-02  5.000000E-01  7.041876E-01  5.692631E-02  0.000000E+00  2.024220E-02 -2.080258E-03 -1.233127E-17 -9.295998E-01  0.000000E+00
  6.788570E-01  5.810632E-02  5.000000E-01  6.857099E-01  5.886640E-02  0.000000E+00  2.078356E-02 -2.196708E-03 -1.551293E-17 -9.394979E-01  0.000000E+00
  6.600760E-01  6.010681E-02  5.000000E-01  6.667393E-01  6.088709E-02  0.000000E+00  2.130174E-02 -2.245170E-03 -1.721938E-17 -9.421836E-01  0.000000E+00
  6.408370E-01  6.211501E-02  5.000000E-01  6.473061E-01  6.291556E-02  0.000000E+00  2.174790E-02 -2.223465E-03 -1.822842E-17 -9.381603E-01  0.000000E+00
  6.211780E-01  6.408290E-02  5.000000E-01  6.274486E-01  6.490332E-02  0.000000E+00  2.209081E-02 -2.146512E-03 -1.944695E-17 -9.291606E-01  0.000000E+00
  6.011430E-01  6.597129E-02  5.000000E-01  6.072114E-01  6.681077E-02  0.000000E+00  2.234825E-02 -2.025957E-03 -1.833596E-17 -9.164149E-01  0.000000E+00
  5.807790E-01  6.774440E-02  5.000000E-01  5.866418E-01  6.860178E-02  0.000000E+00  2.255079E-02 -1.873204E-03 -1.526858E-17 -9.008940E-01  0.000000E+00
  5.601410E-01  6.937656E-02  5.000000E-01  5.657955E-01  7.025042E-02  0.000000E+00  2.272465E-02 -1.697183E-03 -1.408603E-17 -8.833025E-01  0.000000E+00
  5.392850E-01  7.084338E-02  5.000000E-01  5.447290E-01  7.173204E-02  0.000000E+00  2.288434E-02 -1.504622E-03 -1.259636E-17 -8.642650E-01  0.000000E+00
  5.182680E-01  7.212920E-02  5.000000E-01  5.234998E-01  7.303084E-02  0.000000E+00  2.302924E-02 -1.306183E-03 -1.081172E-17 -8.447372E-01  0.000000E+00
  4.971500E-01  7.323266E-02  5.000000E-01  5.021686E-01  7.414544E-02  0.000000E+00  2.316606E-02 -1.108842E-03 -9.647651E-18 -8.253871E-01  0.000000E+00
  4.759900E-01  7.415297E-02  5.000000E-01  4.807950E-01  7.507504E-02  0.000000E+00  2.331058E-02 -9.126562E-04 -8.448286E-18 -8.063298E-01  0.000000E+00
  2.733630E-06 -4.855793E-04  5.000000E-01  2.813636E-06 -3.169595E-04  0.000000E+00  4.685684E-04 -1.840435E-02  1.941216E-18  1.096926E+00  0.000000E+00
  4.455870E-05 -1.426584E-03  5.000000E-01  4.506092E-05 -1.267463E-03  0.000000E+00  2.258467E-03 -2.190456E-02  2.902545E-17  1.067597E+00  0.000000E+00
  2.731490E-04 -2.959087E-03  5.000000E-01  2.759588E-04 -2.815436E-03  0.000000E+00  6.592273E-03 -2.485913E-02  4.268117E-17  9.467884E-01  0.000000E+00
  9.950900E-04 -4.913907E-03  5.000000E-01  1.005188E-03 -4.789989E-03  0.000000E+00  1.277630E-02 -2.521931E-02  4.240722E-17  7.369759E-01  0.000000E+00
  2.349870E-03 -6.988873E-03  5.000000E-01  2.373644E-03 -6.885902E-03  0.000000E+00  1.846747E-02 -2.401704E-02  3.997524E-17  5.278131E-01  0.000000E+00
  4.254460E-03 -9.117178E-03  5.000000E-01  4.297460E-03 -9.035691E-03  0.000000E+00  2.308376E-02 -2.270225E-02  2.726128E-17  3.564266E-01  0.000000E+00
  6.687140E-03 -1.124020E-02  5.000000E-01  6.754697E-03 -1.118015E-02  0.000000E+00  2.708492E-02 -2.121651E-02  5.061988E-18  1.937211E-01  0.000000E+00
  9.634000E-03 -1.332040E-02  5.000000E-01  9.731305E-03 -1.328134E-02  0.000000E+00  3.034944E-02 -1.921610E-02 -7.777650E-18  2.839439E-02  0.000000E+00
  1.310530E-02 -1.529016E-02  5.000000E-01  1.323765E-02 -1.527099E-02  0.000000E+00  3.258129E-02 -1.656315E-02 -1.815806E-18 -1.355210E-01  0.000000E+00
  1.710810E-02 -1.709777E-02  5.000000E-01  1.728085E-02 -1.709684E-02  0.000000E+00  3.384694E-02 -1.378924E-02  2.378773E-17 -2.756221E-01  0.000000E+00
  2.163760E-02 -1.874382E-02  5.000000E-01  2.185608E-02 -1.875951E-02  0.000000E+00  3.453656E-02 -1.137204E-02  5.587342E-17 -3.825430E-01  0.000000E+00
  2.669190E-02 -2.023800E-02  5.000000E-01  2.696140E-02 -2.026877E-02  0.000000E+00  3.479529E-02 -9.238616E-03  7.808892E-17 -4.687622E-01  0.000000E+00
  3.228310E-02 -2.155616E-02  5.000000E-01  3.260904E-02 -2.160024E-02  0.000000E+00  3.458154E-02 -7.265485E-03  8.899996E-17 -5.439668E-01  0.000000E+00
  3.842170E-02 -2.268625E-02  5.000000E-01  3.880961E-02 -2.274174E-02  0.000000E+00  3.397840E-02 -5.529048E-03  9.175602E-17 -6.071145E-01  0.000000E+00
  4.511710E-02 -2.362905E-02  5.000000E-01  4.557260E-02 -2.369405E-02  0.000000E+00  3.311418E-02 -4.075254E-03  8.569604E-17 -6.569437E-01  0.000000E+00
  5.237940E-02 -2.438988E-02  5.000000E-01  5.290821E-02 -2.446257E-02  0.000000E+00  3.211114E-02 -2.908871E-03  7.642774E-17 -6.930484E-01  0.000000E+00
  6.021800E-02 -2.498447E-02  5.000000E-01  6.082593E-02 -2.506316E-02  0.000000E+00  3.108771E-02 -2.022014E-03  6.631716E-17 -7.153791E-01  0.000000E+00
  6.864140E-02 -2.543808E-02  5.000000E-01  6.933437E-02 -2.552134E-02  0.000000E+00  3.009463E-02 -1.370322E-03  5.502164E-17 -7.255484E-01  0.000000E+00
  7.765990E-02 -2.577176E-02  5.000000E-01  7.844390E-02 -2.585840E-02  0.000000E+00  2.911717E-02 -9.028300E-04  4.381201E-17 -7.253634E-01  0.000000E+00
  8.728340E-02 -2.601068E-02  5.000000E-01  8.816455E-02 -2.609973E-02  0.000000E+00  2.810500E-02 -5.925756E-04  3.560230E-17 -7.151927E-01  0.000000E+00
  9.752070E-02 -2.618707E-02  5.000000E-01  9.850519E-02 -2.627790E-02  0.000000E+00  2.693367E-02 -4.132602E-04  2.963551E-17 -6.949837E-01  0.000000E+00
  1.083810E-01 -2.633291E-02  5.000000E-01  1.094751E-01 -2.642521E-02  0.000000E+00  2.544479E-02 -3.380860E-04  2.379912E-17 -6.640909E-01  0.000000E+00
  1.198710E-01 -2.648397E-02  5.000000E-01  1.210811E-01 -2.657779E-02  0.000000E+00  2.358646E-02 -3.454639E-04  1.792371E-17 -6.207238E-01  0.000000E+00
  1.319970E-01 -2.668017E-02  5.000000E-01  1.333295E-01 -2.677597E-02  0.000000E+00  2.154374E-02 -4.095493E-04  1.179454E-17 -5.631530E-01  0.000000E+00
  1.319970E-01 -2.668017E-02  5.000000E-01  1.333295E-01 -2.677597E-02  0.000000E+00  2.154374E-02 -4.095493E-04  1.179454E-17 -5.631530E-01  0.000000E+00
  1.447640E-01 -2.695895E-02  5.000000E-01  1.462254E-01 -2.705757E-02  0.000000E+00  1.975466E-02 -5.083274E-04  7.594636E-18 -4.919635E-01  0.000000E+00
  1.581750E-01 -2.735470E-02  5.000000E-01  1.597718E-01 -2.745732E-02  0.000000E+00  1.871623E-02 -6.323547E-04  6.020774E-18 -4.135756E-01  0.000000E+00
  1.722290E-01 -2.788785E-02  5.000000E-01  1.739676E-01 -2.799585E-02  0.000000E+00  1.867950E-02 -7.710251E-04  4.282738E-18 -3.423564E-01  0.000000E+00
  1.869240E-01 -2.854522E-02  5.000000E-01  1.888110E-01 -2.865986E-02  0.000000E+00  1.949449E-02 -8.799090E-04  3.067878E-18 -2.967484E-01  0.000000E+00
  2.022540E-01 -2.925431E-02  5.000000E-01  2.042957E-01 -2.937610E-02  0.000000E+00  2.069942E-02 -8.559783E-04  2.179810E-18 -2.904253E-01  0.000000E+00
  2.182110E-01 -2.985217E-02  5.000000E-01  2.204138E-01 -2.998000E-02  0.000000E+00  2.180550E-02 -6.410875E-04  3.261296E-19 -3.199186E-01  0.000000E+00
  2.347810E-01 -3.021144E-02  5.000000E-01  2.371511E-01 -3.034289E-02  0.000000E+00  2.251867E-02 -3.186470E-04  5.164932E-20 -3.639921E-01  0.000000E+00
  2.519470E-01 -3.032192E-02  5.000000E-01  2.544904E-01 -3.045449E-02  0.000000E+00  2.267177E-02  6.898358E-06  1.283307E-18 -4.020170E-01  0.000000E+00
  2.696890E-01 -3.019217E-02  5.000000E-01  2.724115E-01 -3.032343E-02  0.000000E+00  2.221040E-02  2.823911E-04  1.727186E-18 -4.230813E-01  0.000000E+00
  2.879810E-01 -2.985337E-02  5.000000E-01  2.908881E-01 -2.998121E-02  0.000000E+00  2.130176E-02  4.680584E-04  1.078268E-18 -4.224560E-01  0.000000E+00
  3.067920E-01 -2.936692E-02  5.000000E-01  3.098890E-01 -2.948984E-02  0.000000E+00  2.029622E-02  5.445183E-04  3.957818E-19 -4.009857E-01  0.000000E+00
  3.260870E-01 -2.882425E-02  5.000000E-01  3.293788E-01 -2.894170E-02  0.000000E+00  1.955218E-02  5.228805E-04 -3.682536E-19 -3.657493E-01  0.000000E+00
  3.458260E-01 -2.832495E-02  5.000000E-01  3.493171E-01 -2.843736E-02  0.000000E+00  1.922158E-02  4.645959E-04  4.600588E-19 -3.305192E-01  0.000000E+00
  3.659650E-01 -2.786875E-02  5.000000E-01  3.696594E-01 -2.797655E-02  0.000000E+00  1.923261E-02  4.387930E-04 -8.617500E-20 -3.081925E-01  0.000000E+00
  3.864540E-01 -2.740450E-02  5.000000E-01  3.903552E-01 -2.750762E-02  0.000000E+00  1.942157E-02  4.679950E-04 -1.729452E-18 -3.020877E-01  0.000000E+00
  4.072410E-01 -2.687689E-02  5.000000E-01  4.113520E-01 -2.697468E-02  0.000000E+00  1.958511E-02  5.506151E-04 -2.031133E-18 -3.077077E-01  0.000000E+00
  4.282690E-01 -2.622985E-02  5.000000E-01  4.325923E-01 -2.632111E-02  0.000000E+00  1.950937E-02  6.784958E-04 -6.739675E-19 -3.173162E-01  0.000000E+00
  4.494800E-01 -2.540558E-02  5.000000E-01  4.540174E-01 -2.548852E-02  0.000000E+00  1.906143E-02  8.233059E-04 -1.275794E-18 -3.218098E-01  0.000000E+00
  4.708130E-01 -2.438392E-02  5.000000E-01  4.755658E-01 -2.445655E-02  0.000000E+00  1.827132E-02  9.410941E-04 -2.164659E-18 -3.129017E-01  0.000000E+00
  4.922030E-01 -2.319484E-02  5.000000E-01  4.971717E-01 -2.325546E-02  0.000000E+00  1.730116E-02  1.013616E-03  2.679177E-19 -2.877923E-01  0.000000E+00
  5.135860E-01 -2.187090E-02  5.000000E-01  5.187705E-01 -2.191816E-02  0.000000E+00  1.635524E-02  1.053396E-03  1.285109E-18 -2.503471E-01  0.000000E+00
  5.348990E-01 -2.044172E-02  5.000000E-01  5.402987E-01 -2.047455E-02  0.000000E+00  1.559583E-02  1.076847E-03  1.399414E-18 -2.080519E-01  0.000000E+00
  5.560760E-01 -1.893820E-02  5.000000E-01  5.616895E-01 -1.895585E-02  0.000000E+00  1.507139E-02  1.098327E-03  1.383268E-18 -1.690109E-01  0.000000E+00
  4.759900E-01  7.415297E-02  5.000000E-01  4.807950E-01  7.507504E-02  0.000000E+00  2.331058E-02 -9.126562E-04 -8.448286E-18 -8.063298E-01  0.000000E+00
  4.548480E-01  7.488910E-02  5.000000E-01  4.594396E-01  7.581860E-02  0.000000E+00  2.347012E-02 -7.172846E-04 -7.860661E-18 -7.875249E-01  0.000000E+00
  4.337860E-01  7.544300E-02  5.000000E-01  4.381650E-01  7.637810E-02  0.000000E+00  2.364621E-02 -5.194431E-04 -7.856482E-18 -7.685549E-01  0.000000E+00
  4.128620E-01  7.581263E-02  5.000000E-01  4.170298E-01  7.675146E-02  0.000000E+00  2.384042E-02 -3.075182E-04 -7.760830E-18 -7.482820E-01  0.000000E+00
  3.921340E-01  7.598250E-02  5.000000E-01  3.960925E-01  7.692304E-02  0.000000E+00  2.403895E-02 -7.049897E-05 -7.093172E-18 -7.255259E-01  0.000000E+00
  3.716590E-01  7.593605E-02  5.000000E-01  3.754108E-01  7.687612E-02  0.000000E+00  2.421077E-02  1.950310E-04 -6.600701E-18 -6.996543E-01  0.000000E+00
  3.514890E-01  7.565815E-02  5.000000E-01  3.550372E-01  7.659541E-02  0.000000E+00  2.432510E-02  4.878633E-04 -6.227063E-18 -6.705357E-01  0.000000E+00
  3.316730E-01  7.513768E-02  5.000000E-01  3.350212E-01  7.606969E-02  0.000000E+00  2.435643E-02  8.003912E-04 -5.577583E-18 -6.388027E-01  0.000000E+00
  3.122580E-01  7.437169E-02  5.000000E-01  3.154102E-01  7.529598E-02  0.000000E+00  2.428020E-02  1.110887E-03 -4.793136E-18 -6.063698E-01  0.000000E+00
  2.932850E-01  7.338255E-02  5.000000E-01  2.962457E-01  7.429684E-02  0.000000E+00  2.409225E-02  1.397101E-03 -4.262071E-18 -5.754470E-01  0.000000E+00
  2.747930E-01  7.220017E-02  5.000000E-01  2.775670E-01  7.310253E-02  0.000000E+00  2.382144E-02  1.654108E-03 -3.964278E-18 -5.471531E-01  0.000000E+00
  2.568150E-01  7.085157E-02  5.000000E-01  2.594075E-01  7.174032E-02  0.000000E+00  2.350631E-02  1.887014E-03 -4.008612E-18 -5.217880E-01  0.000000E+00
  2.393810E-01  6.935959E-02  5.000000E-01  2.417975E-01  7.023328E-02  0.000000E+00  2.318131E-02  2.103823E-03 -4.152123E-18 -4.995678E-01  0.000000E+00
  2.225160E-01  6.774283E-02  5.000000E-01  2.247623E-01  6.860020E-02  0.000000E+00  2.287396E-02  2.310437E-03 -2.409704E-18 -4.817124E-01  0.000000E+00
  2.062420E-01  6.601565E-02  5.000000E-01  2.083240E-01  6.685557E-02  0.000000E+00  2.258708E-02  2.478582E-03 -8.278230E-19 -4.730600E-01  0.000000E+00
  1.905750E-01  6.423466E-02  5.000000E-01  1.924988E-01  6.505661E-02  0.000000E+00  2.234133E-02  2.551493E-03 -1.268625E-19 -4.808801E-01  0.000000E+00
  1.755290E-01  6.250334E-02  5.000000E-01  1.773010E-01  6.330781E-02  0.000000E+00  2.228355E-02  2.548859E-03 -8.271403E-20 -5.057938E-01  0.000000E+00
  1.611160E-01  6.086424E-02  5.000000E-01  1.627425E-01  6.165217E-02  0.000000E+00  2.259527E-02  2.552143E-03 -8.014825E-19 -5.407996E-01  0.000000E+00
  1.473410E-01  5.932016E-02  5.000000E-01  1.488284E-01  6.009250E-02  0.000000E+00  2.331376E-02  2.609843E-03 -2.071900E-19 -5.782305E-01  0.000000E+00
  1.342110E-01  5.785382E-02  5.000000E-01  1.355659E-01  5.861135E-02  0.000000E+00  2.432424E-02  2.737168E-03  1.493694E-18 -6.125725E-01  0.000000E+00
  1.217280E-01  5.643978E-02  5.000000E-01  1.229569E-01  5.718304E-02  0.000000E+00  2.544947E-02  2.934137E-03  2.494401E-18 -6.411618E-01  0.000000E+00
  1.098910E-01  5.505246E-02  5.000000E-01  1.110004E-01  5.578172E-02  0.000000E+00  2.655648E-02  3.206358E-03  3.860857E-18 -6.630010E-01  0.000000E+00
  9.869950E-02  5.366309E-02  5.000000E-01  9.969589E-02  5.437833E-02  0.000000E+00  2.759500E-02  3.569188E-03  6.589264E-18 -6.777273E-01  0.000000E+00
  8.814970E-02  5.224527E-02  5.000000E-01  8.903960E-02  5.294619E-02  0.000000E+00  2.857912E-02  4.048608E-03  1.100539E-17 -6.848797E-01  0.000000E+00
  8.814970E-02  5.224527E-02  5.000000E-01  8.903960E-02  5.294619E-02  0.000000E+00  2.857912E-02  4.048608E-03  1.100539E-17 -6.848797E-01  0.000000E+00
  7.823720E-02  5.077131E-02  5.000000E-01  7.902703E-02  5.145735E-02  0.000000E+00  2.954944E-02  4.687539E-03  1.579370E-17 -6.831688E-01  0.000000E+00
  6.895800E-02  4.920980E-02  5.000000E-01  6.965416E-02  4.988008E-02  0.000000E+00  3.051775E-02  5.527961E-03  1.934153E-17 -6.710903E-01  0.000000E+00
  6.030560E-02  4.753450E-02  5.000000E-01  6.091442E-02  4.818786E-02  0.000000E+00  3.146831E-02  6.624269E-03  2.097623E-17 -6.461767E-01  0.000000E+00
  5.227560E-02  4.571292E-02  5.000000E-01  5.280336E-02  4.634790E-02  0.000000E+00  3.234204E-02  8.037666E-03  1.952911E-17 -6.049138E-01  0.000000E+00
  4.486350E-02  4.371420E-02  5.000000E-01  4.531644E-02  4.432900E-02  0.000000E+00  3.299795E-02  9.789357E-03  1.539251E-17 -5.442712E-01  0.000000E+00
  3.806240E-02  4.151613E-02  5.000000E-01  3.844668E-02  4.210874E-02  0.000000E+00  3.325107E-02  1.187685E-02  6.470623E-18 -4.603688E-01  0.000000E+00
  3.186880E-02  3.909420E-02  5.000000E-01  3.219056E-02  3.966237E-02  0.000000E+00  3.285758E-02  1.420821E-02 -1.900248E-18 -3.500116E-01  0.000000E+00
  2.627530E-02  3.643878E-02  5.000000E-01  2.654059E-02  3.698014E-02  0.000000E+00  3.156325E-02  1.655780E-02 -3.580311E-18 -2.124235E-01  0.000000E+00
  2.127350E-02  3.355226E-02  5.000000E-01  2.148830E-02  3.406448E-02  0.000000E+00  2.924226E-02  1.865076E-02 -4.886370E-18 -4.765859E-02  0.000000E+00
  1.685790E-02  3.044180E-02  5.000000E-01  1.702813E-02  3.092263E-02  0.000000E+00  2.594324E-02  2.013021E-02 -9.780496E-18  1.387263E-01  0.000000E+00
  1.301460E-02  2.714252E-02  5.000000E-01  1.314603E-02  2.759004E-02  0.000000E+00  2.192441E-02  2.070565E-02 -1.846669E-17  3.371365E-01  0.000000E+00
  9.730790E-03  2.369977E-02  5.000000E-01  9.829072E-03  2.411254E-02  0.000000E+00  1.758608E-02  2.030718E-02 -2.563327E-17  5.385114E-01  0.000000E+00
  6.996180E-03  2.016852E-02  5.000000E-01  7.066857E-03  2.054564E-02  0.000000E+00  1.333497E-02  1.891510E-02 -2.496044E-17  7.278343E-01  0.000000E+00
  4.781010E-03  1.664024E-02  5.000000E-01  4.829325E-03  1.698174E-02  0.000000E+00  9.484759E-03  1.662371E-02 -1.990674E-17  8.915062E-01  0.000000E+00
  3.054950E-03  1.321043E-02  5.000000E-01  3.085841E-03  1.351731E-02  0.000000E+00  6.194181E-03  1.364850E-02 -1.691183E-17  1.024945E+00  0.000000E+00
  1.789910E-03  9.974264E-03  5.000000E-01  1.808031E-03  1.024847E-02  0.000000E+00  3.552047E-03  1.011945E-02 -1.828697E-17  1.123538E+00  0.000000E+00
  9.331870E-04  7.040791E-03  5.000000E-01  9.426596E-04  7.285387E-03  0.000000E+00  1.620511E-03  6.118455E-03 -1.958301E-17  1.183568E+00  0.000000E+00
  4.085430E-04  4.518523E-03  5.000000E-01  4.127195E-04  4.737657E-03  0.000000E+00  3.811125E-04  1.734916E-03 -2.116248E-17  1.207881E+00  0.000000E+00
  1.354760E-04  2.494741E-03  5.000000E-01  1.368960E-04  2.693446E-03  0.000000E+00 -2.396530E-04 -2.993856E-03 -2.791763E-17  1.204190E+00  0.000000E+00
  2.683130E-05  1.021591E-03  5.000000E-01  2.715456E-05  1.205425E-03  0.000000E+00 -3.440920E-04 -8.061240E-03 -3.692905E-17  1.180841E+00  0.000000E+00
  1.320070E-06  1.277104E-04  5.000000E-01  1.385807E-06  3.025212E-04  0.000000E+00 -2.077449E-04 -1.298596E-02 -3.919965E-17  1.140484E+00  0.000000E+00
 -5.188750E-08 -1.717874E-04  5.000000E-01  0.000000E+00  0.000000E+00  0.000000E+00 -4.372594E-05 -1.611147E-02 -2.525195E-17  1.105519E+00  0.000000E+00
  2.733630E-06 -4.855793E-04  5.000000E-01  2.813636E-06 -3.169595E-04  0.000000E+00  4.685684E-04 -1.840435E-02  1.941216E-18  1.096926E+00  0.000000E+00
    1    2
    2    3
    3    4
    4    5
    5    6
    6    7
    7    8
    8    9
    9   10
   10   11
   11   12
   12   13
   13   14
   14   15
   15   16
   16   17
   17   18
   18   19
   19   20
   20   21
   21   22
   22   23
   23   24
   25   26
   26   27
   27   28
   28   29
   29   30
   30   31
   31   32
   32   33
   33   34
   34   35
   35   36
   36   37
   37   38
   38   39
   39   40
   40   41
   41   42
   42   43
   43   44
   44   45
   45   46
   46   47
   47   48
   49   50
   50   51
   51   52
   52   53
   53   54
   54   55
   55   56
   56   57
   57   58
   58   59
   59   60
   60   61
   61   62
   62   63
   63   64
   64   65
   65   66
   66   67
   67   68
   68   69
   69   70
   70   71
   71   72
   73   74
   74   75
   75   76
   76   77
   77   78
   78   79
   79   80
   80   81
   81   82
   82   83
   83   84
   84   85
   85   86
   86   87
   87   88
   88   89
   89   90
   90   91
   91   92
   92   93
   93   94
   94   95
   95   96
   97   98
   98   99
   99  100
  100  101
  101  102
  102  103
  103  104
  104  105
  105  106
  106  107
  107  108
  108  109
  109  110
  110  111
  111  112
  112  113
  113  114
  114  115
  115  116
  116  117
  117  118
  118  119
  119  120
  121  122
  122  123
  123  124
  124  125
  125  126
  126  127
  127  128
  128  129
  129  130
  130  131
  131  132
  132  133
  133  134
  134  135
  135  136
  136  137
  137  138
  138  139
  139  140
  140  141
  141  142
  142  143
  143  144
  145  146
  146  147
  147  148
  148  149
  149  150
  150  151
  151  152
  152  153
  153  154
  154  155
  155  156
  156  157
  157  158
  158  159
  159  160
  160  161
  161  162
  162  163
  163  164
  164  165
  165  166
  166  167
  167  168
  169  170
  170  171
  171  172
  172  173
  173  174
  174  175
  175  176
  176  177
  177  178
  178  179
  179  180
  180  181
  181  182
  182  183
  183  184
  184  185
  185  186
  186  187
  187  188
  188  189
  189  190
  190  191
  191  192
