 Title = "ADflow Slice Data"
Variables =  "CoordinateX"  "CoordinateY"  "CoordinateZ"  "XoC"  "YoC"  "ZoC" "VelocityX" "VelocityY" "VelocityZ" "CoefPressure" "Mach" 
Zone T= "Slice_0001 None Absolute Regular z = 0.50000000"
 Nodes =          192  Elements=          184  ZONETYPE=FELINESEG
 DATAPACKING=POINT
  5.560760E-01 -1.893937E-02  5.000000E-01  5.616895E-01 -1.895704E-02  0.000000E+00  1.502349E-02  1.095516E-03  7.833650E-19 -1.666920E-01  0.000000E+00
  5.770550E-01 -1.737498E-02  5.000000E-01  5.828802E-01 -1.737686E-02  0.000000E+00  1.468172E-02  1.130977E-03  3.286917E-18 -1.377438E-01  0.000000E+00
  5.977760E-01 -1.573142E-02  5.000000E-01  6.038104E-01 -1.571670E-02  0.000000E+00  1.433556E-02  1.181594E-03  3.160620E-18 -1.170485E-01  0.000000E+00
  6.181820E-01 -1.398509E-02  5.000000E-01  6.244224E-01 -1.395275E-02  0.000000E+00  1.385048E-02  1.238170E-03  1.842635E-18 -9.867671E-02  0.000000E+00
  6.382180E-01 -1.211178E-02  5.000000E-01  6.446607E-01 -1.206053E-02  0.000000E+00  1.315258E-02  1.285952E-03 -6.555072E-19 -7.611587E-02  0.000000E+00
  6.578350E-01 -1.010052E-02  5.000000E-01  6.644757E-01 -1.002896E-02  0.000000E+00  1.224280E-02  1.308100E-03 -4.486966E-19 -4.535567E-02  0.000000E+00
  6.769910E-01 -7.961025E-03  5.000000E-01  6.838251E-01 -7.867874E-03  0.000000E+00  1.117297E-02  1.293824E-03  2.772236E-18 -6.406004E-03  0.000000E+00
  6.956490E-01 -5.715275E-03  5.000000E-01  7.026714E-01 -5.599453E-03  0.000000E+00  1.001087E-02  1.239802E-03  1.919783E-18  3.789288E-02  0.000000E+00
  7.137810E-01 -3.399622E-03  5.000000E-01  7.209864E-01 -3.260425E-03  0.000000E+00  8.817658E-03  1.148113E-03  5.970878E-19  8.421949E-02  0.000000E+00
  7.313660E-01 -1.061132E-03  5.000000E-01  7.387490E-01 -8.983282E-04  0.000000E+00  7.637293E-03  1.027710E-03  7.582425E-19  1.298757E-01  0.000000E+00
  7.483850E-01  1.258933E-03  5.000000E-01  7.559398E-01  1.445157E-03  0.000000E+00  6.503766E-03  8.932209E-04 -1.246618E-19  1.731186E-01  0.000000E+00
  7.648220E-01  3.533903E-03  5.000000E-01  7.725427E-01  3.743092E-03  0.000000E+00  5.459414E-03  7.590250E-04 -3.335387E-20  2.130826E-01  0.000000E+00
  7.806630E-01  5.745719E-03  5.000000E-01  7.885436E-01  5.977236E-03  0.000000E+00  4.570080E-03  6.305591E-04  2.410483E-18  2.501682E-01  0.000000E+00
  7.958970E-01  7.827147E-03  5.000000E-01  8.039314E-01  8.079675E-03  0.000000E+00  3.924584E-03  5.068841E-04  2.666458E-18  2.859759E-01  0.000000E+00
  8.105170E-01  9.597665E-03  5.000000E-01  8.186990E-01  9.868067E-03  0.000000E+00  3.583038E-03  3.948843E-04  2.680902E-18  3.179061E-01  0.000000E+00
  8.245160E-01  1.096807E-02  5.000000E-01  8.328393E-01  1.125230E-02  0.000000E+00  3.532273E-03  3.014607E-04  2.980192E-18  3.407067E-01  0.000000E+00
  8.378940E-01  1.193786E-02  5.000000E-01  8.463523E-01  1.223189E-02  0.000000E+00  3.712111E-03  2.218433E-04  6.598790E-19  3.538707E-01  0.000000E+00
  8.506490E-01  1.255032E-02  5.000000E-01  8.592361E-01  1.285053E-02  0.000000E+00  4.057400E-03  1.471965E-04 -4.245998E-19  3.603098E-01  0.000000E+00
  8.627850E-01  1.286435E-02  5.000000E-01  8.714946E-01  1.316772E-02  0.000000E+00  4.514315E-03  7.060956E-05 -5.252249E-19  3.625216E-01  0.000000E+00
  8.743060E-01  1.293975E-02  5.000000E-01  8.831319E-01  1.324389E-02  0.000000E+00  5.039251E-03 -1.159931E-05 -6.602554E-19  3.616472E-01  0.000000E+00
  8.852170E-01  1.282820E-02  5.000000E-01  8.941530E-01  1.313121E-02  0.000000E+00  5.597859E-03 -1.006929E-04  1.433658E-19  3.583353E-01  0.000000E+00
  8.955250E-01  1.257058E-02  5.000000E-01  9.045651E-01  1.287099E-02  0.000000E+00  6.166013E-03 -1.966041E-04 -6.567860E-20  3.531180E-01  0.000000E+00
  9.052400E-01  1.219969E-02  5.000000E-01  9.143782E-01  1.249635E-02  0.000000E+00  6.730396E-03 -2.992777E-04 -1.400575E-18  3.464070E-01  0.000000E+00
  9.143710E-01  1.174097E-02  5.000000E-01  9.236013E-01  1.203300E-02  0.000000E+00  7.289878E-03 -4.115166E-04 -1.474271E-19  3.386368E-01  0.000000E+00
  9.143710E-01  1.174097E-02  5.000000E-01  9.236013E-01  1.203300E-02  0.000000E+00  7.289878E-03 -4.115166E-04 -1.474271E-19  3.386368E-01  0.000000E+00
  9.229270E-01  1.120909E-02  5.000000E-01  9.322437E-01  1.149576E-02  0.000000E+00  7.854946E-03 -5.389009E-04  1.319843E-18  3.300471E-01  0.000000E+00
  9.309180E-01  1.061309E-02  5.000000E-01  9.403154E-01  1.089374E-02  0.000000E+00  8.443194E-03 -6.867290E-04  9.291893E-19  3.203829E-01  0.000000E+00
  9.383550E-01  9.961361E-03  5.000000E-01  9.478275E-01  1.023543E-02  0.000000E+00  9.075569E-03 -8.599418E-04  9.716185E-19  3.091753E-01  0.000000E+00
  9.452490E-01  9.262449E-03  5.000000E-01  9.547910E-01  9.529466E-03  0.000000E+00  9.775892E-03 -1.065291E-03  2.209313E-18  2.960357E-01  0.000000E+00
  9.516100E-01  8.524573E-03  5.000000E-01  9.612163E-01  8.784141E-03  0.000000E+00  1.057095E-02 -1.311397E-03  2.587168E-18  2.805617E-01  0.000000E+00
  9.574470E-01  7.757045E-03  5.000000E-01  9.671122E-01  8.008866E-03  0.000000E+00  1.148864E-02 -1.607125E-03  1.788574E-18  2.621493E-01  0.000000E+00
  9.627730E-01  6.970932E-03  5.000000E-01  9.724919E-01  7.214817E-03  0.000000E+00  1.255736E-02 -1.961969E-03  6.552719E-19  2.401093E-01  0.000000E+00
  9.675950E-01  6.179508E-03  5.000000E-01  9.773626E-01  6.415404E-03  0.000000E+00  1.380840E-02 -2.385453E-03  7.658297E-19  2.137198E-01  0.000000E+00
  9.719240E-01  5.397746E-03  5.000000E-01  9.817353E-01  5.625750E-03  0.000000E+00  1.528236E-02 -2.887803E-03  2.567979E-18  1.821524E-01  0.000000E+00
  9.757700E-01  4.641948E-03  5.000000E-01  9.856201E-01  4.862323E-03  0.000000E+00  1.704290E-02 -3.485344E-03  5.492360E-18  1.445769E-01  0.000000E+00
  9.791410E-01  3.928550E-03  5.000000E-01  9.890252E-01  4.141723E-03  0.000000E+00  1.918943E-02 -4.203435E-03  3.367117E-18  1.000948E-01  0.000000E+00
  9.820450E-01  3.273384E-03  5.000000E-01  9.919585E-01  3.479943E-03  0.000000E+00  2.183988E-02 -5.073212E-03 -2.547355E-17  4.736566E-02  0.000000E+00
  9.844890E-01  2.691164E-03  5.000000E-01  9.944272E-01  2.891846E-03  0.000000E+00  2.505755E-02 -6.118678E-03 -1.122327E-16 -1.531098E-02  0.000000E+00
  9.864800E-01  2.195162E-03  5.000000E-01  9.964383E-01  2.390837E-03  0.000000E+00  2.876970E-02 -7.295016E-03 -2.262023E-16 -8.836635E-02  0.000000E+00
  9.880230E-01  1.797074E-03  5.000000E-01  9.979968E-01  1.988730E-03  0.000000E+00  3.246228E-02 -8.404302E-03 -6.521143E-17 -1.787544E-01  0.000000E+00
  9.891220E-01  1.506123E-03  5.000000E-01  9.991069E-01  1.694843E-03  0.000000E+00  3.591775E-02 -9.679238E-03  1.215454E-15 -2.873260E-01  0.000000E+00
  9.897810E-01  1.328844E-03  5.000000E-01  9.997726E-01  1.515774E-03  0.000000E+00  5.276745E-02 -1.237695E-02  4.540493E-15 -3.057226E-01  0.000000E+00
  9.900000E-01  1.269330E-03  5.000000E-01  9.999938E-01  1.455659E-03  0.000000E+00  3.650371E-02 -2.223059E-03  1.198188E-14 -6.798734E-01  0.000000E+00
  9.900000E-01  1.678823E-03  5.000000E-01  9.999938E-01  1.869286E-03  0.000000E+00  2.121923E-03 -7.787696E-03  3.540589E-14 -9.788300E-01  0.000000E+00
  9.900000E-01  2.088317E-03  5.000000E-01  9.999938E-01  2.282914E-03  0.000000E+00 -5.412479E-04 -2.193419E-02  6.902316E-14 -8.235098E-01  0.000000E+00
  9.900000E-01  2.497810E-03  5.000000E-01  9.999938E-01  2.696541E-03  0.000000E+00 -1.395603E-04 -1.349226E-02  9.540987E-14 -7.958593E-01  0.000000E+00
  9.900000E-01  2.907289E-03  5.000000E-01  9.999938E-01  3.110153E-03  0.000000E+00  3.196646E-04 -8.314589E-03  1.137789E-13 -8.257651E-01  0.000000E+00
  9.900000E-01  3.316782E-03  5.000000E-01  9.999938E-01  3.523780E-03  0.000000E+00  4.455798E-03 -6.739501E-03  1.269750E-13 -7.904711E-01  0.000000E+00
  9.900000E-01  3.316782E-03  5.000000E-01  9.999938E-01  3.523780E-03  0.000000E+00  4.455798E-03 -6.739501E-03  1.269750E-13 -7.904711E-01  0.000000E+00
  9.897980E-01  3.420580E-03  5.000000E-01  9.997898E-01  3.628626E-03  0.000000E+00  5.410259E-03 -3.317583E-03  1.189481E-13 -7.423009E-01  0.000000E+00
  9.891900E-01  3.731968E-03  5.000000E-01  9.991756E-01  3.943157E-03  0.000000E+00  1.101130E-03 -5.006991E-04  8.434924E-14 -7.504174E-01  0.000000E+00
  9.881780E-01  4.250265E-03  5.000000E-01  9.981534E-01  4.466685E-03  0.000000E+00 -1.287667E-03  6.620998E-04  4.626502E-14 -7.575950E-01  0.000000E+00
  9.867570E-01  4.974167E-03  5.000000E-01  9.967181E-01  5.197896E-03  0.000000E+00 -2.644060E-03  1.331938E-03  1.876309E-14 -7.645068E-01  0.000000E+00
  9.849260E-01  5.900166E-03  5.000000E-01  9.948686E-01  6.133242E-03  0.000000E+00 -3.245205E-03  1.631082E-03  4.398443E-15 -7.743236E-01  0.000000E+00
  9.826810E-01  7.021783E-03  5.000000E-01  9.926009E-01  7.266181E-03  0.000000E+00 -3.246010E-03  1.611270E-03 -7.638382E-16 -7.834860E-01  0.000000E+00
  9.800160E-01  8.329286E-03  5.000000E-01  9.899090E-01  8.586883E-03  0.000000E+00 -2.935461E-03  1.425795E-03 -1.490095E-15 -7.890631E-01  0.000000E+00
  9.769240E-01  9.808619E-03  5.000000E-01  9.867858E-01  1.008115E-02  0.000000E+00 -2.610401E-03  1.228878E-03 -8.997945E-16 -7.912146E-01  0.000000E+00
  9.733970E-01  1.143867E-02  5.000000E-01  9.832232E-01  1.172766E-02  0.000000E+00 -2.456427E-03  1.107879E-03 -3.233733E-16 -7.919540E-01  0.000000E+00
  9.694240E-01  1.319299E-02  5.000000E-01  9.792101E-01  1.349969E-02  0.000000E+00 -2.531267E-03  1.086017E-03 -4.526020E-17 -7.931958E-01  0.000000E+00
  9.649940E-01  1.504493E-02  5.000000E-01  9.747354E-01  1.537032E-02  0.000000E+00 -2.831254E-03  1.155857E-03  2.797149E-17 -7.945935E-01  0.000000E+00
  9.600960E-01  1.697439E-02  5.000000E-01  9.697879E-01  1.731926E-02  0.000000E+00 -3.347454E-03  1.287541E-03  2.554829E-17 -7.950959E-01  0.000000E+00
  9.547180E-01  1.896133E-02  5.000000E-01  9.643556E-01  1.932625E-02  0.000000E+00 -3.936741E-03  1.396481E-03  1.136232E-17 -8.028691E-01  0.000000E+00
  9.488510E-01  2.098652E-02  5.000000E-01  9.584294E-01  2.137189E-02  0.000000E+00 -4.014740E-03  1.304387E-03  4.314234E-18 -8.414664E-01  0.000000E+00
  9.424820E-01  2.303493E-02  5.000000E-01  9.519961E-01  2.344098E-02  0.000000E+00 -2.421942E-03  7.385130E-04  4.644900E-18 -9.290811E-01  0.000000E+00
  9.356020E-01  2.509631E-02  5.000000E-01  9.450467E-01  2.552316E-02  0.000000E+00  2.097769E-03 -5.583484E-04  1.025299E-17 -1.046236E+00  0.000000E+00
  9.282010E-01  2.716476E-02  5.000000E-01  9.375709E-01  2.761250E-02  0.000000E+00  9.460889E-03 -2.471079E-03  2.205467E-17 -1.143266E+00  0.000000E+00
  9.202710E-01  2.923551E-02  5.000000E-01  9.295609E-01  2.970415E-02  0.000000E+00  1.718759E-02 -4.277350E-03  3.409976E-17 -1.186869E+00  0.000000E+00
  9.118010E-01  3.129676E-02  5.000000E-01  9.210054E-01  3.178621E-02  0.000000E+00  2.227879E-02 -5.217108E-03  3.732412E-17 -1.183274E+00  0.000000E+00
  9.027810E-01  3.333292E-02  5.000000E-01  9.118943E-01  3.384292E-02  0.000000E+00  2.402770E-02 -5.225596E-03  3.224077E-17 -1.156455E+00  0.000000E+00
  8.932000E-01  3.532878E-02  5.000000E-01  9.022166E-01  3.585893E-02  0.000000E+00  2.381376E-02 -4.761399E-03  2.475827E-17 -1.122898E+00  0.000000E+00
  8.830490E-01  3.726666E-02  5.000000E-01  8.919632E-01  3.781637E-02  0.000000E+00  2.312001E-02 -4.213907E-03  1.878174E-17 -1.088090E+00  0.000000E+00
  8.723190E-01  3.912628E-02  5.000000E-01  8.811248E-01  3.969476E-02  0.000000E+00  2.259188E-02 -3.716990E-03  1.389773E-17 -1.052709E+00  0.000000E+00
  8.723190E-01  3.912628E-02  5.000000E-01  8.811248E-01  3.969476E-02  0.000000E+00  2.259188E-02 -3.716990E-03  1.389773E-17 -1.052709E+00  0.000000E+00
  8.610010E-01  4.088766E-02  5.000000E-01  8.696926E-01  4.147392E-02  0.000000E+00  2.225645E-02 -3.268616E-03  1.070377E-17 -1.016531E+00  0.000000E+00
  8.490890E-01  4.253223E-02  5.000000E-01  8.576603E-01  4.313510E-02  0.000000E+00  2.195474E-02 -2.842793E-03  8.669960E-18 -9.796193E-01  0.000000E+00
  8.365770E-01  4.404469E-02  5.000000E-01  8.450220E-01  4.466282E-02  0.000000E+00  2.156823E-02 -2.433991E-03  7.080838E-18 -9.428728E-01  0.000000E+00
  8.234620E-01  4.541877E-02  5.000000E-01  8.317746E-01  4.605077E-02  0.000000E+00  2.106704E-02 -2.059926E-03  8.132645E-18 -9.084166E-01  0.000000E+00
  8.097400E-01  4.666315E-02  5.000000E-01  8.179141E-01  4.730772E-02  0.000000E+00  2.048256E-02 -1.753127E-03  9.449938E-18 -8.798674E-01  0.000000E+00
  7.954150E-01  4.781267E-02  5.000000E-01  8.034445E-01  4.846884E-02  0.000000E+00  1.987647E-02 -1.553143E-03  8.646470E-18 -8.618842E-01  0.000000E+00
  7.804870E-01  4.894099E-02  5.000000E-01  7.883658E-01  4.960855E-02  0.000000E+00  1.934633E-02 -1.486212E-03  7.445087E-18 -8.576862E-01  0.000000E+00
  7.649630E-01  5.014966E-02  5.000000E-01  7.726851E-01  5.082942E-02  0.000000E+00  1.904240E-02 -1.525923E-03  5.419230E-18 -8.650343E-01  0.000000E+00
  7.488530E-01  5.147915E-02  5.000000E-01  7.564125E-01  5.217234E-02  0.000000E+00  1.905571E-02 -1.623279E-03  1.221033E-18 -8.786483E-01  0.000000E+00
  7.321700E-01  5.294542E-02  5.000000E-01  7.395611E-01  5.365340E-02  0.000000E+00  1.933319E-02 -1.754492E-03 -3.684626E-18 -8.949109E-01  0.000000E+00
  7.149290E-01  5.455842E-02  5.000000E-01  7.221460E-01  5.528268E-02  0.000000E+00  1.976298E-02 -1.902714E-03 -7.948782E-18 -9.113120E-01  0.000000E+00
  6.971500E-01  5.631699E-02  5.000000E-01  7.041876E-01  5.705900E-02  0.000000E+00  2.025360E-02 -2.045701E-03 -1.155829E-17 -9.255227E-01  0.000000E+00
  6.788570E-01  5.820253E-02  5.000000E-01  6.857099E-01  5.896358E-02  0.000000E+00  2.075854E-02 -2.155261E-03 -1.474731E-17 -9.351278E-01  0.000000E+00
  6.600760E-01  6.016848E-02  5.000000E-01  6.667393E-01  6.094937E-02  0.000000E+00  2.125100E-02 -2.205692E-03 -1.746558E-17 -9.383316E-01  0.000000E+00
  6.408370E-01  6.215003E-02  5.000000E-01  6.473061E-01  6.295093E-02  0.000000E+00  2.168792E-02 -2.192299E-03 -1.945070E-17 -9.352877E-01  0.000000E+00
  6.211780E-01  6.409993E-02  5.000000E-01  6.274486E-01  6.492052E-02  0.000000E+00  2.203840E-02 -2.125395E-03 -1.878406E-17 -9.273014E-01  0.000000E+00
  6.011430E-01  6.597766E-02  5.000000E-01  6.072114E-01  6.681720E-02  0.000000E+00  2.231204E-02 -2.013919E-03 -1.682762E-17 -9.153943E-01  0.000000E+00
  5.807790E-01  6.774573E-02  5.000000E-01  5.866418E-01  6.860312E-02  0.000000E+00  2.253125E-02 -1.867895E-03 -1.590857E-17 -9.004598E-01  0.000000E+00
  5.601410E-01  6.937637E-02  5.000000E-01  5.657955E-01  7.025022E-02  0.000000E+00  2.271818E-02 -1.695650E-03 -1.452163E-17 -8.831882E-01  0.000000E+00
  5.392850E-01  7.084289E-02  5.000000E-01  5.447290E-01  7.173154E-02  0.000000E+00  2.288587E-02 -1.504404E-03 -1.287001E-17 -8.642620E-01  0.000000E+00
  5.182680E-01  7.212841E-02  5.000000E-01  5.234998E-01  7.303004E-02  0.000000E+00  2.303359E-02 -1.306132E-03 -1.208674E-17 -8.447477E-01  0.000000E+00
  4.971500E-01  7.323157E-02  5.000000E-01  5.021686E-01  7.414434E-02  0.000000E+00  2.316983E-02 -1.108730E-03 -1.082877E-17 -8.253903E-01  0.000000E+00
  4.759900E-01  7.415162E-02  5.000000E-01  4.807950E-01  7.507367E-02  0.000000E+00  2.331277E-02 -9.125116E-04 -8.605329E-18 -8.063297E-01  0.000000E+00
  2.733630E-06 -4.855556E-04  5.000000E-01  2.813636E-06 -3.169414E-04  0.000000E+00  4.685656E-04 -1.840320E-02  8.176647E-20  1.096945E+00  0.000000E+00
  4.455870E-05 -1.426507E-03  5.000000E-01  4.506092E-05 -1.267391E-03  0.000000E+00  2.258474E-03 -2.190335E-02  2.827524E-17  1.067622E+00  0.000000E+00
  2.731490E-04 -2.958923E-03  5.000000E-01  2.759588E-04 -2.815277E-03  0.000000E+00  6.592265E-03 -2.485777E-02  4.165583E-17  9.468225E-01  0.000000E+00
  9.950900E-04 -4.913638E-03  5.000000E-01  1.005188E-03 -4.789724E-03  0.000000E+00  1.277608E-02 -2.521767E-02  4.181593E-17  7.370227E-01  0.000000E+00
  2.349870E-03 -6.988503E-03  5.000000E-01  2.373644E-03 -6.885534E-03  0.000000E+00  1.846675E-02 -2.401507E-02  3.872233E-17  5.278765E-01  0.000000E+00
  4.254460E-03 -9.116720E-03  5.000000E-01  4.297460E-03 -9.035234E-03  0.000000E+00  2.308234E-02 -2.270006E-02  2.473382E-17  3.565107E-01  0.000000E+00
  6.687140E-03 -1.123968E-02  5.000000E-01  6.754697E-03 -1.117962E-02  0.000000E+00  2.708276E-02 -2.121433E-02  3.042339E-18  1.938300E-01  0.000000E+00
  9.634000E-03 -1.331984E-02  5.000000E-01  9.731305E-03 -1.328079E-02  0.000000E+00  3.034660E-02 -1.921422E-02 -8.609467E-18  2.853274E-02  0.000000E+00
  1.310530E-02 -1.528962E-02  5.000000E-01  1.323765E-02 -1.527045E-02  0.000000E+00  3.257797E-02 -1.656184E-02 -2.706739E-18 -1.353488E-01  0.000000E+00
  1.710810E-02 -1.709730E-02  5.000000E-01  1.728085E-02 -1.709638E-02  0.000000E+00  3.384335E-02 -1.378864E-02  2.202698E-17 -2.754141E-01  0.000000E+00
  2.163760E-02 -1.874350E-02  5.000000E-01  2.185608E-02 -1.875919E-02  0.000000E+00  3.453291E-02 -1.137219E-02  5.524233E-17 -3.822994E-01  0.000000E+00
  2.669190E-02 -2.023791E-02  5.000000E-01  2.696140E-02 -2.026869E-02  0.000000E+00  3.479171E-02 -9.239502E-03  7.850273E-17 -4.684839E-01  0.000000E+00
  3.228310E-02 -2.155641E-02  5.000000E-01  3.260904E-02 -2.160050E-02  0.000000E+00  3.457812E-02 -7.267083E-03  8.738263E-17 -5.436547E-01  0.000000E+00
  3.842170E-02 -2.268695E-02  5.000000E-01  3.880961E-02 -2.274245E-02  0.000000E+00  3.397516E-02 -5.531295E-03  8.778569E-17 -6.067683E-01  0.000000E+00
  4.511710E-02 -2.363035E-02  5.000000E-01  4.557260E-02 -2.369537E-02  0.000000E+00  3.311109E-02 -4.078082E-03  8.330681E-17 -6.565614E-01  0.000000E+00
  5.237940E-02 -2.439194E-02  5.000000E-01  5.290821E-02 -2.446466E-02  0.000000E+00  3.210819E-02 -2.912224E-03  7.558667E-17 -6.926265E-01  0.000000E+00
  6.021800E-02 -2.498748E-02  5.000000E-01  6.082593E-02 -2.506620E-02  0.000000E+00  3.108498E-02 -2.025856E-03  6.515767E-17 -7.149125E-01  0.000000E+00
  6.864140E-02 -2.544225E-02  5.000000E-01  6.933437E-02 -2.552556E-02  0.000000E+00  3.009221E-02 -1.374627E-03  5.350116E-17 -7.250305E-01  0.000000E+00
  7.765990E-02 -2.577734E-02  5.000000E-01  7.844390E-02 -2.586404E-02  0.000000E+00  2.911484E-02 -9.075619E-04  4.370339E-17 -7.247860E-01  0.000000E+00
  8.728340E-02 -2.601794E-02  5.000000E-01  8.816455E-02 -2.610707E-02  0.000000E+00  2.810159E-02 -5.976762E-04  3.664701E-17 -7.145440E-01  0.000000E+00
  9.752070E-02 -2.619632E-02  5.000000E-01  9.850519E-02 -2.628724E-02  0.000000E+00  2.692664E-02 -4.186365E-04  3.033767E-17 -6.942456E-01  0.000000E+00
  1.083810E-01 -2.634447E-02  5.000000E-01  1.094751E-01 -2.643689E-02  0.000000E+00  2.543090E-02 -3.435868E-04  2.382377E-17 -6.632322E-01  0.000000E+00
  1.198710E-01 -2.649822E-02  5.000000E-01  1.210811E-01 -2.659219E-02  0.000000E+00  2.356393E-02 -3.508672E-04  1.854833E-17 -6.196901E-01  0.000000E+00
  1.319970E-01 -2.669748E-02  5.000000E-01  1.333295E-01 -2.679346E-02  0.000000E+00  2.151484E-02 -4.146207E-04  1.324873E-17 -5.618723E-01  0.000000E+00
  1.319970E-01 -2.669748E-02  5.000000E-01  1.333295E-01 -2.679346E-02  0.000000E+00  2.151484E-02 -4.146207E-04  1.324873E-17 -5.618723E-01  0.000000E+00
  1.447640E-01 -2.697968E-02  5.000000E-01  1.462254E-01 -2.707851E-02  0.000000E+00  1.972579E-02 -5.129903E-04  8.583437E-18 -4.903908E-01  0.000000E+00
  1.581750E-01 -2.737916E-02  5.000000E-01  1.597718E-01 -2.748203E-02  0.000000E+00  1.869436E-02 -6.367806E-04  4.880915E-18 -4.117680E-01  0.000000E+00
  1.722290E-01 -2.791619E-02  5.000000E-01  1.739677E-01 -2.802448E-02  0.000000E+00  1.866737E-02 -7.754307E-04  2.969419E-18 -3.405068E-01  0.000000E+00
  1.869240E-01 -2.857732E-02  5.000000E-01  1.888110E-01 -2.869229E-02  0.000000E+00  1.948873E-02 -8.840730E-04  3.110255E-18 -2.951030E-01  0.000000E+00
  2.022540E-01 -2.928955E-02  5.000000E-01  2.042957E-01 -2.941170E-02  0.000000E+00  2.069227E-02 -8.589555E-04  1.948976E-18 -2.891184E-01  0.000000E+00
  2.182110E-01 -2.988919E-02  5.000000E-01  2.204138E-01 -3.001740E-02  0.000000E+00  2.178866E-02 -6.418325E-04  1.356705E-18 -3.188413E-01  0.000000E+00
  2.347810E-01 -3.024834E-02  5.000000E-01  2.371511E-01 -3.038017E-02  0.000000E+00  2.248820E-02 -3.168947E-04  1.759678E-18 -3.628241E-01  0.000000E+00
  2.519470E-01 -3.035670E-02  5.000000E-01  2.544904E-01 -3.048963E-02  0.000000E+00  2.263261E-02  1.072473E-05  1.717373E-18 -4.004485E-01  0.000000E+00
  2.696890E-01 -3.022299E-02  5.000000E-01  2.724115E-01 -3.035457E-02  0.000000E+00  2.217750E-02  2.877844E-04  1.340056E-18 -4.210689E-01  0.000000E+00
  2.879810E-01 -2.987878E-02  5.000000E-01  2.908881E-01 -3.000688E-02  0.000000E+00  2.129550E-02  4.746967E-04 -1.196586E-19 -4.203501E-01  0.000000E+00
  3.067920E-01 -2.938620E-02  5.000000E-01  3.098890E-01 -2.950933E-02  0.000000E+00  2.033474E-02  5.520183E-04 -1.784803E-19 -3.994598E-01  0.000000E+00
  3.260870E-01 -2.883781E-02  5.000000E-01  3.293788E-01 -2.895540E-02  0.000000E+00  1.964506E-02  5.303892E-04  7.000628E-19 -3.655697E-01  0.000000E+00
  3.458260E-01 -2.833436E-02  5.000000E-01  3.493171E-01 -2.844687E-02  0.000000E+00  1.936584E-02  4.712878E-04  3.383205E-19 -3.323011E-01  0.000000E+00
  3.659650E-01 -2.787574E-02  5.000000E-01  3.696594E-01 -2.798362E-02  0.000000E+00  1.941139E-02  4.445552E-04 -2.782891E-19 -3.122082E-01  0.000000E+00
  3.864540E-01 -2.741040E-02  5.000000E-01  3.903552E-01 -2.751358E-02  0.000000E+00  1.960558E-02  4.730355E-04 -1.228207E-18 -3.081340E-01  0.000000E+00
  4.072410E-01 -2.688255E-02  5.000000E-01  4.113520E-01 -2.698041E-02  0.000000E+00  1.973669E-02  5.547965E-04  9.459806E-20 -3.150606E-01  0.000000E+00
  4.282690E-01 -2.623560E-02  5.000000E-01  4.325923E-01 -2.632692E-02  0.000000E+00  1.959303E-02  6.810632E-04  3.894698E-18 -3.247630E-01  0.000000E+00
  4.494800E-01 -2.541120E-02  5.000000E-01  4.540174E-01 -2.549420E-02  0.000000E+00  1.905986E-02  8.231010E-04  3.198624E-18 -3.278537E-01  0.000000E+00
  4.708130E-01 -2.438895E-02  5.000000E-01  4.755658E-01 -2.446163E-02  0.000000E+00  1.819637E-02  9.376178E-04 -1.190861E-18 -3.162595E-01  0.000000E+00
  4.922030E-01 -2.319896E-02  5.000000E-01  4.971717E-01 -2.325963E-02  0.000000E+00  1.718823E-02  1.007900E-03 -2.077725E-18 -2.880394E-01  0.000000E+00
  5.135860E-01 -2.187396E-02  5.000000E-01  5.187705E-01 -2.192125E-02  0.000000E+00  1.624390E-02  1.047344E-03 -7.681469E-19 -2.482278E-01  0.000000E+00
  5.348990E-01 -2.044374E-02  5.000000E-01  5.402987E-01 -2.047660E-02  0.000000E+00  1.551257E-02  1.072061E-03 -7.955873E-19 -2.051013E-01  0.000000E+00
  5.560760E-01 -1.893937E-02  5.000000E-01  5.616895E-01 -1.895704E-02  0.000000E+00  1.502349E-02  1.095516E-03  7.833650E-19 -1.666920E-01  0.000000E+00
  4.759900E-01  7.415162E-02  5.000000E-01  4.807950E-01  7.507367E-02  0.000000E+00  2.331277E-02 -9.125116E-04 -8.605329E-18 -8.063297E-01  0.000000E+00
  4.548480E-01  7.488758E-02  5.000000E-01  4.594396E-01  7.581706E-02  0.000000E+00  2.347112E-02 -7.171928E-04 -8.024228E-18 -7.875301E-01  0.000000E+00
  4.337860E-01  7.544143E-02  5.000000E-01  4.381650E-01  7.637650E-02  0.000000E+00  2.364684E-02 -5.194464E-04 -8.020262E-18 -7.685685E-01  0.000000E+00
  4.128620E-01  7.581109E-02  5.000000E-01  4.170298E-01  7.674990E-02  0.000000E+00  2.384130E-02 -3.075376E-04 -7.268121E-18 -7.482953E-01  0.000000E+00
  3.921340E-01  7.598095E-02  5.000000E-01  3.960925E-01  7.692147E-02  0.000000E+00  2.404028E-02 -7.036631E-05 -7.745890E-18 -7.255205E-01  0.000000E+00
  3.716590E-01  7.593428E-02  5.000000E-01  3.754108E-01  7.687433E-02  0.000000E+00  2.421230E-02  1.954960E-04 -7.132643E-18 -6.996076E-01  0.000000E+00
  3.514890E-01  7.565584E-02  5.000000E-01  3.550372E-01  7.659308E-02  0.000000E+00  2.432629E-02  4.888219E-04 -6.851434E-18 -6.704248E-01  0.000000E+00
  3.316730E-01  7.513439E-02  5.000000E-01  3.350212E-01  7.606637E-02  0.000000E+00  2.435667E-02  8.019240E-04 -7.014466E-18 -6.386132E-01  0.000000E+00
  3.122580E-01  7.436694E-02  5.000000E-01  3.154102E-01  7.529116E-02  0.000000E+00  2.427880E-02  1.112813E-03 -5.566942E-18 -6.061121E-01  0.000000E+00
  2.932850E-01  7.337609E-02  5.000000E-01  2.962457E-01  7.429031E-02  0.000000E+00  2.408871E-02  1.399001E-03 -4.181315E-18 -5.751597E-01  0.000000E+00
  2.747930E-01  7.219212E-02  5.000000E-01  2.775670E-01  7.309439E-02  0.000000E+00  2.381590E-02  1.655583E-03 -4.427727E-18 -5.468859E-01  0.000000E+00
  2.568150E-01  7.084225E-02  5.000000E-01  2.594075E-01  7.173090E-02  0.000000E+00  2.349952E-02  1.887830E-03 -4.590988E-18 -5.215879E-01  0.000000E+00
  2.393810E-01  6.934948E-02  5.000000E-01  2.417975E-01  7.022306E-02  0.000000E+00  2.317439E-02  2.103905E-03 -3.926227E-18 -4.994712E-01  0.000000E+00
  2.225160E-01  6.773245E-02  5.000000E-01  2.247623E-01  6.858971E-02  0.000000E+00  2.286800E-02  2.309827E-03 -3.221297E-18 -4.817409E-01  0.000000E+00
  2.062420E-01  6.600554E-02  5.000000E-01  2.083240E-01  6.684536E-02  0.000000E+00  2.258296E-02  2.477436E-03 -1.952068E-18 -4.732135E-01  0.000000E+00
  1.905750E-01  6.422527E-02  5.000000E-01  1.924988E-01  6.504712E-02  0.000000E+00  2.233964E-02  2.550091E-03 -1.165343E-18 -4.811320E-01  0.000000E+00
  1.755290E-01  6.249491E-02  5.000000E-01  1.773010E-01  6.329929E-02  0.000000E+00  2.228439E-02  2.547455E-03 -1.162704E-18 -5.061008E-01  0.000000E+00
  1.611160E-01  6.085683E-02  5.000000E-01  1.627425E-01  6.164468E-02  0.000000E+00  2.259817E-02  2.550844E-03 -1.222053E-18 -5.411194E-01  0.000000E+00
  1.473410E-01  5.931375E-02  5.000000E-01  1.488284E-01  6.008602E-02  0.000000E+00  2.331782E-02  2.608647E-03 -6.577565E-19 -5.785322E-01  0.000000E+00
  1.342110E-01  5.784831E-02  5.000000E-01  1.355659E-01  5.860579E-02  0.000000E+00  2.432848E-02  2.736045E-03  1.182511E-18 -6.128396E-01  0.000000E+00
  1.217280E-01  5.643506E-02  5.000000E-01  1.229569E-01  5.717827E-02  0.000000E+00  2.545319E-02  2.933066E-03  3.821400E-18 -6.413894E-01  0.000000E+00
  1.098910E-01  5.504839E-02  5.000000E-01  1.110004E-01  5.577761E-02  0.000000E+00  2.655939E-02  3.205347E-03  5.626405E-18 -6.631905E-01  0.000000E+00
  9.869950E-02  5.365956E-02  5.000000E-01  9.969589E-02  5.437475E-02  0.000000E+00  2.759714E-02  3.568263E-03  6.677055E-18 -6.778831E-01  0.000000E+00
  8.814970E-02  5.224215E-02  5.000000E-01  8.903960E-02  5.294303E-02  0.000000E+00  2.858070E-02  4.047796E-03  8.893752E-18 -6.850063E-01  0.000000E+00
  8.814970E-02  5.224215E-02  5.000000E-01  8.903960E-02  5.294303E-02  0.000000E+00  2.858070E-02  4.047796E-03  8.893752E-18 -6.850063E-01  0.000000E+00
  7.823720E-02  5.076851E-02  5.000000E-01  7.902703E-02  5.145452E-02  0.000000E+00  2.955065E-02  4.686853E-03  1.353092E-17 -6.832708E-01  0.000000E+00
  6.895800E-02  4.920725E-02  5.000000E-01  6.965416E-02  4.987750E-02  0.000000E+00  3.051873E-02  5.527401E-03  1.810419E-17 -6.711715E-01  0.000000E+00
  6.030560E-02  4.753214E-02  5.000000E-01  6.091442E-02  4.818548E-02  0.000000E+00  3.146912E-02  6.623819E-03  2.053130E-17 -6.462410E-01  0.000000E+00
  5.227560E-02  4.571071E-02  5.000000E-01  5.280336E-02  4.634566E-02  0.000000E+00  3.234272E-02  8.037298E-03  2.008792E-17 -6.049649E-01  0.000000E+00
  4.486350E-02  4.371209E-02  5.000000E-01  4.531644E-02  4.432687E-02  0.000000E+00  3.299852E-02  9.789037E-03  1.524630E-17 -5.443128E-01  0.000000E+00
  3.806240E-02  4.151413E-02  5.000000E-01  3.844668E-02  4.210671E-02  0.000000E+00  3.325158E-02  1.187655E-02  6.403298E-18 -4.604047E-01  0.000000E+00
  3.186880E-02  3.909229E-02  5.000000E-01  3.219056E-02  3.966043E-02  0.000000E+00  3.285810E-02  1.420791E-02 -1.971771E-18 -3.500453E-01  0.000000E+00
  2.627530E-02  3.643697E-02  5.000000E-01  2.654059E-02  3.697830E-02  0.000000E+00  3.156386E-02  1.655752E-02 -5.871158E-18 -2.124583E-01  0.000000E+00
  2.127350E-02  3.355056E-02  5.000000E-01  2.148830E-02  3.406275E-02  0.000000E+00  2.924304E-02  1.865055E-02 -7.637333E-18 -4.769672E-02  0.000000E+00
  1.685790E-02  3.044022E-02  5.000000E-01  1.702813E-02  3.092102E-02  0.000000E+00  2.594421E-02  2.013015E-02 -1.165053E-17  1.386839E-01  0.000000E+00
  1.301460E-02  2.714107E-02  5.000000E-01  1.314603E-02  2.758857E-02  0.000000E+00  2.192554E-02  2.070581E-02 -1.820095E-17  3.370907E-01  0.000000E+00
  9.730790E-03  2.369849E-02  5.000000E-01  9.829072E-03  2.411123E-02  0.000000E+00  1.758729E-02  2.030765E-02 -2.489017E-17  5.384648E-01  0.000000E+00
  6.996180E-03  2.016741E-02  5.000000E-01  7.066857E-03  2.054450E-02  0.000000E+00  1.333617E-02  1.891587E-02 -2.601801E-17  7.277901E-01  0.000000E+00
  4.781010E-03  1.663931E-02  5.000000E-01  4.829325E-03  1.698079E-02  0.000000E+00  9.485838E-03  1.662476E-02 -2.088601E-17  8.914677E-01  0.000000E+00
  3.054950E-03  1.320968E-02  5.000000E-01  3.085841E-03  1.351655E-02  0.000000E+00  6.195075E-03  1.364976E-02 -1.748828E-17  1.024915E+00  0.000000E+00
  1.789910E-03  9.973691E-03  5.000000E-01  1.808031E-03  1.024789E-02  0.000000E+00  3.552718E-03  1.012085E-02 -1.794469E-17  1.123518E+00  0.000000E+00
  9.331870E-04  7.040383E-03  5.000000E-01  9.426596E-04  7.284969E-03  0.000000E+00  1.620962E-03  6.119891E-03 -2.031802E-17  1.183557E+00  0.000000E+00
  4.085430E-04  4.518259E-03  5.000000E-01  4.127195E-04  4.737385E-03  0.000000E+00  3.813757E-04  1.736316E-03 -2.228308E-17  1.207880E+00  0.000000E+00
  1.354760E-04  2.494594E-03  5.000000E-01  1.368960E-04  2.693292E-03  0.000000E+00 -2.395288E-04 -2.992553E-03 -2.764014E-17  1.204196E+00  0.000000E+00
  2.683130E-05  1.021528E-03  5.000000E-01  2.715456E-05  1.205356E-03  0.000000E+00 -3.440498E-04 -8.060071E-03 -3.926748E-17  1.180853E+00  0.000000E+00
  1.320070E-06  1.276990E-04  5.000000E-01  1.385807E-06  3.025039E-04  0.000000E+00 -2.077376E-04 -1.298489E-02 -4.379287E-17  1.140499E+00  0.000000E+00
 -5.188750E-08 -1.717817E-04  5.000000E-01  0.000000E+00  0.000000E+00  0.000000E+00 -4.372781E-05 -1.611038E-02 -2.873570E-17  1.105537E+00  0.000000E+00
  2.733630E-06 -4.855556E-04  5.000000E-01  2.813636E-06 -3.169414E-04  0.000000E+00  4.685656E-04 -1.840320E-02  8.176647E-20  1.096945E+00  0.000000E+00
    1    2
    2    3
    3    4
    4    5
    5    6
    6    7
    7    8
    8    9
    9   10
   10   11
   11   12
   12   13
   13   14
   14   15
   15   16
   16   17
   17   18
   18   19
   19   20
   20   21
   21   22
   22   23
   23   24
   25   26
   26   27
   27   28
   28   29
   29   30
   30   31
   31   32
   32   33
   33   34
   34   35
   35   36
   36   37
   37   38
   38   39
   39   40
   40   41
   41   42
   42   43
   43   44
   44   45
   45   46
   46   47
   47   48
   49   50
   50   51
   51   52
   52   53
   53   54
   54   55
   55   56
   56   57
   57   58
   58   59
   59   60
   60   61
   61   62
   62   63
   63   64
   64   65
   65   66
   66   67
   67   68
   68   69
   69   70
   70   71
   71   72
   73   74
   74   75
   75   76
   76   77
   77   78
   78   79
   79   80
   80   81
   81   82
   82   83
   83   84
   84   85
   85   86
   86   87
   87   88
   88   89
   89   90
   90   91
   91   92
   92   93
   93   94
   94   95
   95   96
   97   98
   98   99
   99  100
  100  101
  101  102
  102  103
  103  104
  104  105
  105  106
  106  107
  107  108
  108  109
  109  110
  110  111
  111  112
  112  113
  113  114
  114  115
  115  116
  116  117
  117  118
  118  119
  119  120
  121  122
  122  123
  123  124
  124  125
  125  126
  126  127
  127  128
  128  129
  129  130
  130  131
  131  132
  132  133
  133  134
  134  135
  135  136
  136  137
  137  138
  138  139
  139  140
  140  141
  141  142
  142  143
  143  144
  145  146
  146  147
  147  148
  148  149
  149  150
  150  151
  151  152
  152  153
  153  154
  154  155
  155  156
  156  157
  157  158
  158  159
  159  160
  160  161
  161  162
  162  163
  163  164
  164  165
  165  166
  166  167
  167  168
  169  170
  170  171
  171  172
  172  173
  173  174
  174  175
  175  176
  176  177
  177  178
  178  179
  179  180
  180  181
  181  182
  182  183
  183  184
  184  185
  185  186
  186  187
  187  188
  188  189
  189  190
  190  191
  191  192
