 Title = "ADflow Slice Data"
Variables =  "CoordinateX"  "CoordinateY"  "CoordinateZ"  "XoC"  "YoC"  "ZoC" "VelocityX" "VelocityY" "VelocityZ" "CoefPressure" "Mach" 
Zone T= "Slice_0001 None Absolute Regular z = 0.50000000"
 Nodes =          192  Elements=          184  ZONETYPE=FELINESEG
 DATAPACKING=POINT
  5.560760E-01 -2.400481E-02  5.000000E-01  5.616892E-01 -2.406717E-02  0.000000E+00  1.794509E-02  3.969855E-03  2.351695E-17 -1.129973E+00  0.000000E+00
  5.770550E-01 -1.995023E-02  5.000000E-01  5.828800E-01 -1.997167E-02  0.000000E+00  1.740299E-02  2.996336E-03  2.014672E-17 -1.027778E+00  0.000000E+00
  5.977760E-01 -1.685244E-02  5.000000E-01  6.038102E-01 -1.684261E-02  0.000000E+00  1.753044E-02  2.361062E-03  1.668549E-17 -9.372420E-01  0.000000E+00
  6.181820E-01 -1.441585E-02  5.000000E-01  6.244222E-01 -1.438142E-02  0.000000E+00  1.829445E-02  2.031086E-03  1.468613E-17 -8.729594E-01  0.000000E+00
  6.382180E-01 -1.236149E-02  5.000000E-01  6.446604E-01 -1.230632E-02  0.000000E+00  1.953937E-02  1.958829E-03  1.237677E-17 -8.392857E-01  0.000000E+00
  6.578350E-01 -1.044779E-02  5.000000E-01  6.644754E-01 -1.037330E-02  0.000000E+00  2.068472E-02  2.071063E-03  9.231773E-18 -8.328004E-01  0.000000E+00
  6.769910E-01 -8.493808E-03  5.000000E-01  6.838248E-01 -8.399597E-03  0.000000E+00  2.058839E-02  2.197330E-03  6.169616E-18 -8.411160E-01  0.000000E+00
  6.956490E-01 -6.416700E-03  5.000000E-01  7.026711E-01 -6.301522E-03  0.000000E+00  1.798941E-02  2.089883E-03  4.808485E-18 -8.417541E-01  0.000000E+00
  7.137810E-01 -4.183271E-03  5.000000E-01  7.209862E-01 -4.045547E-03  0.000000E+00  1.274380E-02  1.610287E-03  3.603220E-18 -8.049590E-01  0.000000E+00
  7.313660E-01 -1.786521E-03  5.000000E-01  7.387487E-01 -1.624604E-03  0.000000E+00  6.571797E-03  9.015898E-04  1.594117E-18 -7.105745E-01  0.000000E+00
  7.483850E-01  7.687488E-04  5.000000E-01  7.559395E-01  9.564593E-04  0.000000E+00  1.644924E-03  2.489237E-04  9.578649E-19 -5.743313E-01  0.000000E+00
  7.648220E-01  3.475827E-03  5.000000E-01  7.725424E-01  3.690864E-03  0.000000E+00 -1.209402E-03 -1.962467E-04  6.766007E-19 -4.458158E-01  0.000000E+00
  7.806630E-01  6.323173E-03  5.000000E-01  7.885433E-01  6.566951E-03  0.000000E+00 -2.445194E-03 -4.406179E-04  2.795842E-19 -3.659710E-01  0.000000E+00
  7.958970E-01  9.208911E-03  5.000000E-01  8.039311E-01  9.481819E-03  0.000000E+00 -2.863633E-03 -5.286768E-04  5.974725E-20 -3.349792E-01  0.000000E+00
  8.105170E-01  1.182903E-02  5.000000E-01  8.186986E-01  1.212839E-02  0.000000E+00 -3.032179E-03 -5.119370E-04 -6.556145E-19 -3.273886E-01  0.000000E+00
  8.245160E-01  1.399808E-02  5.000000E-01  8.328389E-01  1.431933E-02  0.000000E+00 -3.192120E-03 -4.475063E-04 -9.779003E-19 -3.226853E-01  0.000000E+00
  8.378940E-01  1.566223E-02  5.000000E-01  8.463520E-01  1.600027E-02  0.000000E+00 -3.387673E-03 -3.653387E-04 -5.021404E-19 -3.147136E-01  0.000000E+00
  8.506490E-01  1.683937E-02  5.000000E-01  8.592357E-01  1.718930E-02  0.000000E+00 -3.600873E-03 -2.739872E-04  4.797688E-19 -3.041033E-01  0.000000E+00
  8.627850E-01  1.758032E-02  5.000000E-01  8.714942E-01  1.793773E-02  0.000000E+00 -3.809102E-03 -1.753997E-04  5.215723E-19 -2.914932E-01  0.000000E+00
  8.743060E-01  1.794672E-02  5.000000E-01  8.831315E-01  1.830783E-02  0.000000E+00 -3.987855E-03 -7.190351E-05  3.989527E-19 -2.766173E-01  0.000000E+00
  8.852170E-01  1.799778E-02  5.000000E-01  8.941527E-01  1.835940E-02  0.000000E+00 -4.107615E-03  3.308016E-05  4.804136E-19 -2.592386E-01  0.000000E+00
  8.955250E-01  1.778521E-02  5.000000E-01  9.045647E-01  1.814469E-02  0.000000E+00 -4.139411E-03  1.342518E-04  3.973342E-19 -2.396274E-01  0.000000E+00
  9.052400E-01  1.735476E-02  5.000000E-01  9.143778E-01  1.770989E-02  0.000000E+00 -4.062727E-03  2.247117E-04  1.335517E-19 -2.184978E-01  0.000000E+00
  9.143710E-01  1.674594E-02  5.000000E-01  9.236010E-01  1.709493E-02  0.000000E+00 -3.868596E-03  2.990604E-04  1.085578E-19 -1.966772E-01  0.000000E+00
  9.143710E-01  1.674594E-02  5.000000E-01  9.236010E-01  1.709493E-02  0.000000E+00 -3.868596E-03  2.990604E-04  1.085578E-19 -1.966772E-01  0.000000E+00
  9.229270E-01  1.598762E-02  5.000000E-01  9.322433E-01  1.632895E-02  0.000000E+00 -3.556658E-03  3.524631E-04  8.667765E-19 -1.750107E-01  0.000000E+00
  9.309180E-01  1.510308E-02  5.000000E-01  9.403150E-01  1.543549E-02  0.000000E+00 -3.130418E-03  3.785499E-04  6.129829E-19 -1.542827E-01  0.000000E+00
  9.383550E-01  1.411497E-02  5.000000E-01  9.478271E-01  1.443740E-02  0.000000E+00 -2.592801E-03  3.700891E-04 -8.336490E-20 -1.352147E-01  0.000000E+00
  9.452490E-01  1.304559E-02  5.000000E-01  9.547907E-01  1.335722E-02  0.000000E+00 -1.943837E-03  3.194231E-04 -1.521965E-19 -1.185435E-01  0.000000E+00
  9.516100E-01  1.191609E-02  5.000000E-01  9.612159E-01  1.221633E-02  0.000000E+00 -1.180110E-03  2.182665E-04  9.128520E-20 -1.049548E-01  0.000000E+00
  9.574470E-01  1.074780E-02  5.000000E-01  9.671118E-01  1.103624E-02  0.000000E+00 -2.940913E-04  5.694908E-05  3.043464E-19 -9.511818E-02  0.000000E+00
  9.627730E-01  9.562295E-03  5.000000E-01  9.724915E-01  9.838771E-03  0.000000E+00  7.276646E-04 -1.759679E-04  1.293659E-18 -8.971873E-02  0.000000E+00
  9.675950E-01  8.382465E-03  5.000000E-01  9.773622E-01  8.647031E-03  0.000000E+00  1.910015E-03 -4.942589E-04  2.899981E-18 -8.933967E-02  0.000000E+00
  9.719240E-01  7.231223E-03  5.000000E-01  9.817349E-01  7.484168E-03  0.000000E+00  3.296414E-03 -9.169118E-04  5.344287E-18 -9.456552E-02  0.000000E+00
  9.757700E-01  6.131488E-03  5.000000E-01  9.856197E-01  6.373332E-03  0.000000E+00  4.951049E-03 -1.469702E-03  1.146083E-17 -1.059360E-01  0.000000E+00
  9.791410E-01  5.105141E-03  5.000000E-01  9.890248E-01  5.336624E-03  0.000000E+00  6.943696E-03 -2.180797E-03  2.470446E-17 -1.238649E-01  0.000000E+00
  9.820450E-01  4.172255E-03  5.000000E-01  9.919581E-01  4.394321E-03  0.000000E+00  9.296931E-03 -3.065312E-03  5.137005E-17 -1.486703E-01  0.000000E+00
  9.844890E-01  3.350800E-03  5.000000E-01  9.944268E-01  3.564575E-03  0.000000E+00  1.190133E-02 -4.087699E-03  9.596294E-17 -1.799145E-01  0.000000E+00
  9.864800E-01  2.656390E-03  5.000000E-01  9.964379E-01  2.863155E-03  0.000000E+00  1.439158E-02 -5.079210E-03  1.481491E-16 -2.178516E-01  0.000000E+00
  9.880230E-01  2.102475E-03  5.000000E-01  9.979964E-01  2.303649E-03  0.000000E+00  1.582496E-02 -5.689432E-03  1.752195E-16 -2.691638E-01  0.000000E+00
  9.891220E-01  1.699485E-03  5.000000E-01  9.991065E-01  1.896590E-03  0.000000E+00  1.561250E-02 -5.909451E-03  1.158897E-16 -3.197844E-01  0.000000E+00
  9.897810E-01  1.454616E-03  5.000000E-01  9.997722E-01  1.649250E-03  0.000000E+00  2.174585E-02 -7.038081E-03 -7.782605E-17 -2.828173E-01  0.000000E+00
  9.900000E-01  1.372574E-03  5.000000E-01  9.999934E-01  1.566380E-03  0.000000E+00  1.512752E-02  8.278694E-05 -1.846494E-16 -5.173519E-01  0.000000E+00
  9.900000E-01  1.782646E-03  5.000000E-01  9.999934E-01  1.980591E-03  0.000000E+00  6.677206E-04 -3.968887E-03  1.488968E-16 -7.057760E-01  0.000000E+00
  9.900000E-01  2.192718E-03  5.000000E-01  9.999934E-01  2.394802E-03  0.000000E+00 -2.623827E-04 -1.267251E-02  6.521208E-16 -5.884126E-01  0.000000E+00
  9.900000E-01  2.602789E-03  5.000000E-01  9.999934E-01  2.809013E-03  0.000000E+00 -5.138839E-05 -6.059104E-03  1.025387E-15 -5.915070E-01  0.000000E+00
  9.900000E-01  3.012846E-03  5.000000E-01  9.999934E-01  3.223209E-03  0.000000E+00  2.392209E-04 -4.131460E-03  1.394441E-15 -6.280647E-01  0.000000E+00
  9.900000E-01  3.422918E-03  5.000000E-01  9.999934E-01  3.637421E-03  0.000000E+00  3.658795E-03 -5.254726E-03  1.760276E-15 -5.995667E-01  0.000000E+00
  9.900000E-01  3.422918E-03  5.000000E-01  9.999934E-01  3.637421E-03  0.000000E+00  3.658795E-03 -5.254726E-03  1.760276E-15 -5.995667E-01  0.000000E+00
  9.897980E-01  3.548154E-03  5.000000E-01  9.997893E-01  3.763921E-03  0.000000E+00  5.105024E-03 -3.634205E-03  1.803380E-15 -5.584999E-01  0.000000E+00
  9.891900E-01  3.924065E-03  5.000000E-01  9.991752E-01  4.143626E-03  0.000000E+00  2.852330E-03 -1.691956E-03  1.430923E-15 -5.675371E-01  0.000000E+00
  9.881780E-01  4.549750E-03  5.000000E-01  9.981530E-01  4.775627E-03  0.000000E+00  1.787259E-03 -1.097995E-03  9.618588E-16 -5.662673E-01  0.000000E+00
  9.867570E-01  5.424399E-03  5.000000E-01  9.967176E-01  5.659105E-03  0.000000E+00  9.117689E-04 -5.699722E-04  5.655082E-16 -5.609168E-01  0.000000E+00
  9.849260E-01  6.544518E-03  5.000000E-01  9.948682E-01  6.790531E-03  0.000000E+00  6.024923E-05 -3.895778E-05  2.888545E-16 -5.592854E-01  0.000000E+00
  9.826810E-01  7.903829E-03  5.000000E-01  9.926005E-01  8.163563E-03  0.000000E+00 -6.337562E-04  3.797341E-04  1.181621E-16 -5.607287E-01  0.000000E+00
  9.800160E-01  9.492758E-03  5.000000E-01  9.899086E-01  9.768532E-03  0.000000E+00 -1.106677E-03  6.514824E-04  2.593064E-17 -5.639500E-01  0.000000E+00
  9.769240E-01  1.129710E-02  5.000000E-01  9.867854E-01  1.159108E-02  0.000000E+00 -1.362715E-03  7.829403E-04 -1.177676E-17 -5.681045E-01  0.000000E+00
  9.733970E-01  1.329498E-02  5.000000E-01  9.832228E-01  1.360914E-02  0.000000E+00 -1.445476E-03  8.033527E-04 -1.788524E-17 -5.722541E-01  0.000000E+00
  9.694240E-01  1.545849E-02  5.000000E-01  9.792097E-01  1.579448E-02  0.000000E+00 -1.423456E-03  7.579522E-04 -1.196114E-17 -5.755903E-01  0.000000E+00
  9.649940E-01  1.775830E-02  5.000000E-01  9.747350E-01  1.811750E-02  0.000000E+00 -1.373257E-03  6.951197E-04 -4.927824E-18 -5.778523E-01  0.000000E+00
  9.600960E-01  2.017043E-02  5.000000E-01  9.697875E-01  2.055399E-02  0.000000E+00 -1.361456E-03  6.514401E-04 -1.173007E-18 -5.794060E-01  0.000000E+00
  9.547180E-01  2.266952E-02  5.000000E-01  9.643552E-01  2.307830E-02  0.000000E+00 -1.433387E-03  6.448535E-04 -2.177325E-20 -5.808448E-01  0.000000E+00
  9.488510E-01  2.522900E-02  5.000000E-01  9.584290E-01  2.566362E-02  0.000000E+00 -1.609706E-03  6.765785E-04  8.148260E-19 -5.827734E-01  0.000000E+00
  9.424820E-01  2.782499E-02  5.000000E-01  9.519957E-01  2.828582E-02  0.000000E+00 -1.884854E-03  7.378384E-04  7.877325E-19 -5.858162E-01  0.000000E+00
  9.356020E-01  3.043626E-02  5.000000E-01  9.450463E-01  3.092344E-02  0.000000E+00 -2.239438E-03  8.202333E-04  3.562563E-19 -5.893241E-01  0.000000E+00
  9.282010E-01  3.304404E-02  5.000000E-01  9.375706E-01  3.355755E-02  0.000000E+00 -2.673535E-03  9.157831E-04  3.074954E-20 -5.903136E-01  0.000000E+00
  9.202710E-01  3.562820E-02  5.000000E-01  9.295605E-01  3.616780E-02  0.000000E+00 -3.161357E-03  9.897961E-04 -8.771303E-19 -5.907633E-01  0.000000E+00
  9.118010E-01  3.815829E-02  5.000000E-01  9.210050E-01  3.872342E-02  0.000000E+00 -3.417059E-03  9.504926E-04 -9.555049E-19 -6.113082E-01  0.000000E+00
  9.027810E-01  4.059625E-02  5.000000E-01  9.118940E-01  4.118599E-02  0.000000E+00 -2.605101E-03  6.412760E-04  6.338059E-19 -6.837422E-01  0.000000E+00
  8.932000E-01  4.290053E-02  5.000000E-01  9.022163E-01  4.351353E-02  0.000000E+00  5.955811E-04 -1.040504E-04  7.022374E-18 -8.094143E-01  0.000000E+00
  8.830490E-01  4.502269E-02  5.000000E-01  8.919628E-01  4.565711E-02  0.000000E+00  6.994307E-03 -1.240575E-03  2.523381E-17 -9.362686E-01  0.000000E+00
  8.723190E-01  4.690722E-02  5.000000E-01  8.811245E-01  4.756066E-02  0.000000E+00  1.523231E-02 -2.290747E-03  5.220962E-17 -1.002003E+00  0.000000E+00
  8.723190E-01  4.690722E-02  5.000000E-01  8.811245E-01  4.756066E-02  0.000000E+00  1.523231E-02 -2.290747E-03  5.220962E-17 -1.002003E+00  0.000000E+00
  8.610010E-01  4.849538E-02  5.000000E-01  8.696922E-01  4.916486E-02  0.000000E+00  2.183257E-02 -2.609854E-03  6.970764E-17 -9.893423E-01  0.000000E+00
  8.490890E-01  4.972855E-02  5.000000E-01  8.576600E-01  5.041047E-02  0.000000E+00  2.438737E-02 -2.071904E-03  6.722238E-17 -9.231301E-01  0.000000E+00
  8.365770E-01  5.055475E-02  5.000000E-01  8.450217E-01  5.124501E-02  0.000000E+00  2.347793E-02 -1.145292E-03  5.345615E-17 -8.336857E-01  0.000000E+00
  8.234620E-01  5.094450E-02  5.000000E-01  8.317743E-01  5.163870E-02  0.000000E+00  2.094236E-02 -3.085354E-04  4.079921E-17 -7.411291E-01  0.000000E+00
  8.097400E-01  5.091432E-02  5.000000E-01  8.179138E-01  5.160821E-02  0.000000E+00  1.809903E-02  2.205619E-04  3.376820E-17 -6.626569E-01  0.000000E+00
  7.954150E-01  5.056881E-02  5.000000E-01  8.034442E-01  5.125921E-02  0.000000E+00  1.553401E-02  3.890019E-04  2.964769E-17 -6.186240E-01  0.000000E+00
  7.804870E-01  5.015430E-02  5.000000E-01  7.883655E-01  5.084052E-02  0.000000E+00  1.356176E-02  2.400545E-04  2.628654E-17 -6.250090E-01  0.000000E+00
  7.649630E-01  5.003445E-02  5.000000E-01  7.726848E-01  5.071947E-02  0.000000E+00  1.255925E-02 -7.648974E-05  2.265993E-17 -6.769411E-01  0.000000E+00
  7.488530E-01  5.036353E-02  5.000000E-01  7.564122E-01  5.105186E-02  0.000000E+00  1.280451E-02 -4.561555E-04  1.528293E-17 -7.550408E-01  0.000000E+00
  7.321700E-01  5.119826E-02  5.000000E-01  7.395608E-01  5.189502E-02  0.000000E+00  1.420713E-02 -9.291028E-04  2.569646E-18 -8.416222E-01  0.000000E+00
  7.149290E-01  5.256114E-02  5.000000E-01  7.221457E-01  5.327165E-02  0.000000E+00  1.633435E-02 -1.511744E-03 -1.626240E-17 -9.213613E-01  0.000000E+00
  6.971500E-01  5.441911E-02  5.000000E-01  7.041873E-01  5.514838E-02  0.000000E+00  1.861561E-02 -2.119582E-03 -3.817893E-17 -9.821267E-01  0.000000E+00
  6.788570E-01  5.666177E-02  5.000000E-01  6.857096E-01  5.741368E-02  0.000000E+00  2.061309E-02 -2.589042E-03 -5.530302E-17 -1.016323E+00  0.000000E+00
  6.600760E-01  5.908365E-02  5.000000E-01  6.667390E-01  5.986001E-02  0.000000E+00  2.211345E-02 -2.773657E-03 -6.244712E-17 -1.022198E+00  0.000000E+00
  6.408370E-01  6.143594E-02  5.000000E-01  6.473058E-01  6.223604E-02  0.000000E+00  2.301531E-02 -2.668170E-03 -5.901654E-17 -1.005885E+00  0.000000E+00
  6.211780E-01  6.358845E-02  5.000000E-01  6.274484E-01  6.441028E-02  0.000000E+00  2.335710E-02 -2.363961E-03 -4.641002E-17 -9.754029E-01  0.000000E+00
  6.011430E-01  6.544823E-02  5.000000E-01  6.072112E-01  6.628883E-02  0.000000E+00  2.331999E-02 -1.929832E-03 -2.894306E-17 -9.342518E-01  0.000000E+00
  5.807790E-01  6.692791E-02  5.000000E-01  5.866416E-01  6.778345E-02  0.000000E+00  2.305210E-02 -1.407795E-03 -1.087316E-17 -8.836313E-01  0.000000E+00
  5.601410E-01  6.795272E-02  5.000000E-01  5.657953E-01  6.881860E-02  0.000000E+00  2.261593E-02 -8.352177E-04  5.005691E-18 -8.258043E-01  0.000000E+00
  5.392850E-01  6.845855E-02  5.000000E-01  5.447287E-01  6.932954E-02  0.000000E+00  2.197245E-02 -3.076933E-04  1.604826E-17 -7.696639E-01  0.000000E+00
  5.182680E-01  6.852544E-02  5.000000E-01  5.234996E-01  6.939711E-02  0.000000E+00  2.109478E-02  3.524657E-05  2.106353E-17 -7.300971E-01  0.000000E+00
  4.971500E-01  6.837379E-02  5.000000E-01  5.021684E-01  6.924392E-02  0.000000E+00  2.016432E-02  1.397565E-04  2.082848E-17 -7.177689E-01  0.000000E+00
  4.759900E-01  6.822487E-02  5.000000E-01  4.807948E-01  6.909350E-02  0.000000E+00  1.947863E-02  3.300207E-05  1.574485E-17 -7.356946E-01  0.000000E+00
  2.733630E-06 -5.101358E-04  5.000000E-01  2.813635E-06 -3.353346E-04  0.000000E+00  3.575685E-04 -1.494595E-02 -3.847035E-17  1.128887E+00  0.000000E+00
  4.455870E-05 -1.505531E-03  5.000000E-01  4.506090E-05 -1.340777E-03  0.000000E+00  1.795729E-03 -1.830786E-02 -8.539003E-18  1.107223E+00  0.000000E+00
  2.731490E-04 -3.125571E-03  5.000000E-01  2.759587E-04 -2.977171E-03  0.000000E+00  5.451186E-03 -2.151456E-02  1.265555E-17  1.007892E+00  0.000000E+00
  9.950900E-04 -5.188246E-03  5.000000E-01  1.005187E-03 -5.060667E-03  0.000000E+00  1.101645E-02 -2.274251E-02  2.114800E-17  8.236018E-01  0.000000E+00
  2.349870E-03 -7.370392E-03  5.000000E-01  2.373643E-03 -7.264840E-03  0.000000E+00  1.655948E-02 -2.252751E-02  2.246534E-17  6.261113E-01  0.000000E+00
  4.254460E-03 -9.599222E-03  5.000000E-01  4.297458E-03 -9.516169E-03  0.000000E+00  2.136186E-02 -2.190750E-02  1.062138E-17  4.521049E-01  0.000000E+00
  6.687140E-03 -1.181063E-02  5.000000E-01  6.754694E-03 -1.174990E-02  0.000000E+00  2.565447E-02 -2.084521E-02 -9.972359E-18  2.811261E-01  0.000000E+00
  9.634000E-03 -1.396319E-02  5.000000E-01  9.731301E-03 -1.392418E-02  0.000000E+00  2.927623E-02 -1.908786E-02 -1.953707E-17  1.059190E-01  0.000000E+00
  1.310530E-02 -1.598424E-02  5.000000E-01  1.323764E-02 -1.596564E-02  0.000000E+00  3.195982E-02 -1.657155E-02 -5.816629E-18 -6.798067E-02  0.000000E+00
  1.710810E-02 -1.781884E-02  5.000000E-01  1.728085E-02 -1.781875E-02  0.000000E+00  3.378802E-02 -1.387433E-02  3.291140E-17 -2.172962E-01  0.000000E+00
  2.163760E-02 -1.946792E-02  5.000000E-01  2.185607E-02 -1.948448E-02  0.000000E+00  3.508119E-02 -1.148189E-02  8.149706E-17 -3.322427E-01  0.000000E+00
  2.669190E-02 -2.094256E-02  5.000000E-01  2.696139E-02 -2.097401E-02  0.000000E+00  3.566319E-02 -9.260894E-03  1.189283E-16 -4.250000E-01  0.000000E+00
  3.228310E-02 -2.221915E-02  5.000000E-01  3.260903E-02 -2.226348E-02  0.000000E+00  3.483525E-02 -7.026299E-03  1.378327E-16 -5.013280E-01  0.000000E+00
  3.842170E-02 -2.328769E-02  5.000000E-01  3.880959E-02 -2.334281E-02  0.000000E+00  3.201653E-02 -4.902009E-03  1.370222E-16 -5.480042E-01  0.000000E+00
  4.511710E-02 -2.415257E-02  5.000000E-01  4.557258E-02 -2.421642E-02  0.000000E+00  2.741073E-02 -3.103314E-03  1.184372E-16 -5.434118E-01  0.000000E+00
  5.237940E-02 -2.482379E-02  5.000000E-01  5.290818E-02 -2.489442E-02  0.000000E+00  2.234223E-02 -1.799173E-03  9.135970E-17 -4.700270E-01  0.000000E+00
  6.021800E-02 -2.532297E-02  5.000000E-01  6.082591E-02 -2.539863E-02  0.000000E+00  1.839269E-02 -9.998917E-04  6.555762E-17 -3.346499E-01  0.000000E+00
  6.864140E-02 -2.568238E-02  5.000000E-01  6.933434E-02 -2.576168E-02  0.000000E+00  1.618119E-02 -5.620672E-04  4.639804E-17 -1.772085E-01  0.000000E+00
  7.765990E-02 -2.593079E-02  5.000000E-01  7.844387E-02 -2.601259E-02  0.000000E+00  1.527128E-02 -3.330218E-04  3.273024E-17 -4.591704E-02  0.000000E+00
  8.728340E-02 -2.610199E-02  5.000000E-01  8.816452E-02 -2.618552E-02  0.000000E+00  1.493377E-02 -2.264572E-04  2.213941E-17  3.766078E-02  0.000000E+00
  9.752070E-02 -2.623776E-02  5.000000E-01  9.850515E-02 -2.632266E-02  0.000000E+00  1.473260E-02 -1.967929E-04  1.342564E-17  8.425417E-02  0.000000E+00
  1.083810E-01 -2.638021E-02  5.000000E-01  1.094751E-01 -2.646655E-02  0.000000E+00  1.458840E-02 -2.239866E-04  7.254187E-18  1.154069E-01  0.000000E+00
  1.198710E-01 -2.657556E-02  5.000000E-01  1.210811E-01 -2.666387E-02  0.000000E+00  1.462111E-02 -3.062058E-04  4.176324E-18  1.433217E-01  0.000000E+00
  1.319970E-01 -2.687369E-02  5.000000E-01  1.333295E-01 -2.696500E-02  0.000000E+00  1.497719E-02 -4.468505E-04  2.664780E-18  1.672303E-01  0.000000E+00
  1.319970E-01 -2.687369E-02  5.000000E-01  1.333295E-01 -2.696500E-02  0.000000E+00  1.497719E-02 -4.468505E-04  2.664780E-18  1.672303E-01  0.000000E+00
  1.447640E-01 -2.732001E-02  5.000000E-01  1.462253E-01 -2.741583E-02  0.000000E+00  1.573736E-02 -6.478253E-04  2.059660E-18  1.810765E-01  0.000000E+00
  1.581750E-01 -2.795214E-02  5.000000E-01  1.597717E-01 -2.805435E-02  0.000000E+00  1.686248E-02 -8.990420E-04  1.740152E-18  1.802631E-01  0.000000E+00
  1.722290E-01 -2.878392E-02  5.000000E-01  1.739676E-01 -2.889452E-02  0.000000E+00  1.812546E-02 -1.150221E-03  1.438802E-18  1.634724E-01  0.000000E+00
  1.869240E-01 -2.977742E-02  5.000000E-01  1.888109E-01 -2.989805E-02  0.000000E+00  1.907102E-02 -1.279573E-03  1.497040E-18  1.329834E-01  0.000000E+00
  2.022540E-01 -3.080505E-02  5.000000E-01  2.042957E-01 -3.093606E-02  0.000000E+00  1.909945E-02 -1.121639E-03  7.294880E-19  9.541836E-02  0.000000E+00
  2.182110E-01 -3.160962E-02  5.000000E-01  2.204137E-01 -3.174875E-02  0.000000E+00  1.785381E-02 -6.942151E-04  8.942343E-21  6.973307E-02  0.000000E+00
  2.347810E-01 -3.202755E-02  5.000000E-01  2.371510E-01 -3.217090E-02  0.000000E+00  1.559566E-02 -2.649173E-04  8.583024E-20  8.179493E-02  0.000000E+00
  2.519470E-01 -3.213255E-02  5.000000E-01  2.544903E-01 -3.227695E-02  0.000000E+00  1.302995E-02 -2.918875E-05 -6.704660E-19  1.361149E-01  0.000000E+00
  2.696890E-01 -3.208412E-02  5.000000E-01  2.724114E-01 -3.222803E-02  0.000000E+00  1.091657E-02  1.565503E-06 -5.898247E-19  2.127774E-01  0.000000E+00
  2.879810E-01 -3.214200E-02  5.000000E-01  2.908880E-01 -3.228650E-02  0.000000E+00  9.875164E-03 -1.524082E-04 -1.925721E-19  2.871966E-01  0.000000E+00
  3.067920E-01 -3.267715E-02  5.000000E-01  3.098889E-01 -3.282705E-02  0.000000E+00  1.031827E-02 -5.591650E-04 -1.347947E-18  3.398432E-01  0.000000E+00
  3.260870E-01 -3.415332E-02  5.000000E-01  3.293787E-01 -3.431812E-02  0.000000E+00  1.242693E-02 -1.409763E-03 -1.553930E-18  3.561288E-01  0.000000E+00
  3.458260E-01 -3.697106E-02  5.000000E-01  3.493169E-01 -3.716431E-02  0.000000E+00  1.604819E-02 -2.698973E-03  2.405596E-18  3.109935E-01  0.000000E+00
  3.659650E-01 -4.076846E-02  5.000000E-01  3.696592E-01 -4.100003E-02  0.000000E+00  2.070757E-02 -3.983895E-03  4.589576E-18  1.823463E-01  0.000000E+00
  3.864540E-01 -4.478182E-02  5.000000E-01  3.903550E-01 -4.505391E-02  0.000000E+00  2.562150E-02 -4.547936E-03  2.742877E-18 -2.501607E-02  0.000000E+00
  4.072410E-01 -4.816395E-02  5.000000E-01  4.113519E-01 -4.847018E-02  0.000000E+00  2.954404E-02 -3.627262E-03  3.232023E-18 -2.946323E-01  0.000000E+00
  4.282690E-01 -5.000920E-02  5.000000E-01  4.325921E-01 -5.033405E-02  0.000000E+00  3.102075E-02 -9.225857E-04  6.741555E-18 -6.043776E-01  0.000000E+00
  4.494800E-01 -4.940230E-02  5.000000E-01  4.540172E-01 -4.972103E-02  0.000000E+00  2.984480E-02  2.559449E-03  9.933398E-18 -8.979212E-01  0.000000E+00
  4.708130E-01 -4.620394E-02  5.000000E-01  4.755656E-01 -4.649039E-02  0.000000E+00  2.741118E-02  5.177904E-03  1.494203E-17 -1.107348E+00  0.000000E+00
  4.922030E-01 -4.120269E-02  5.000000E-01  4.971715E-01 -4.143865E-02  0.000000E+00  2.469657E-02  6.280041E-03  2.313770E-17 -1.217423E+00  0.000000E+00
  5.135860E-01 -3.526413E-02  5.000000E-01  5.187703E-01 -3.544014E-02  0.000000E+00  2.185111E-02  6.101693E-03  2.680122E-17 -1.248032E+00  0.000000E+00
  5.348990E-01 -2.925251E-02  5.000000E-01  5.402985E-01 -2.936784E-02  0.000000E+00  1.940249E-02  5.141500E-03  2.543491E-17 -1.213597E+00  0.000000E+00
  5.560760E-01 -2.400481E-02  5.000000E-01  5.616892E-01 -2.406717E-02  0.000000E+00  1.794509E-02  3.969855E-03  2.351695E-17 -1.129973E+00  0.000000E+00
  4.759900E-01  6.822487E-02  5.000000E-01  4.807948E-01  6.909350E-02  0.000000E+00  1.947863E-02  3.300207E-05  1.574485E-17 -7.356946E-01  0.000000E+00
  4.548480E-01  6.829234E-02  5.000000E-01  4.594394E-01  6.916165E-02  0.000000E+00  1.927224E-02 -2.599111E-04  6.093616E-18 -7.807868E-01  0.000000E+00
  4.337860E-01  6.878148E-02  5.000000E-01  4.381648E-01  6.965573E-02  0.000000E+00  1.973361E-02 -6.784816E-04 -5.495514E-18 -8.396604E-01  0.000000E+00
  4.128620E-01  6.973251E-02  5.000000E-01  4.170296E-01  7.061636E-02  0.000000E+00  2.095083E-02 -1.069370E-03 -1.650349E-17 -8.896954E-01  0.000000E+00
  3.921340E-01  7.091216E-02  5.000000E-01  3.960924E-01  7.180792E-02  0.000000E+00  2.263795E-02 -1.282846E-03 -2.327579E-17 -9.145560E-01  0.000000E+00
  3.716590E-01  7.207417E-02  5.000000E-01  3.754107E-01  7.298166E-02  0.000000E+00  2.425567E-02 -1.232707E-03 -2.405228E-17 -9.099799E-01  0.000000E+00
  3.514890E-01  7.299138E-02  5.000000E-01  3.550371E-01  7.390812E-02  0.000000E+00  2.544789E-02 -8.695208E-04 -2.089889E-17 -8.765977E-01  0.000000E+00
  3.316730E-01  7.346036E-02  5.000000E-01  3.350211E-01  7.438184E-02  0.000000E+00  2.610288E-02 -2.224075E-04 -1.600165E-17 -8.190695E-01  0.000000E+00
  3.122580E-01  7.333787E-02  5.000000E-01  3.154101E-01  7.425811E-02  0.000000E+00  2.614176E-02  5.210620E-04 -1.145182E-17 -7.506541E-01  0.000000E+00
  2.932850E-01  7.269192E-02  5.000000E-01  2.962456E-01  7.360565E-02  0.000000E+00  2.560088E-02  1.145898E-03 -7.826411E-18 -6.869910E-01  0.000000E+00
  2.747930E-01  7.165514E-02  5.000000E-01  2.775669E-01  7.255840E-02  0.000000E+00  2.474173E-02  1.590611E-03 -5.677191E-18 -6.359493E-01  0.000000E+00
  2.568150E-01  7.034362E-02  5.000000E-01  2.594074E-01  7.123364E-02  0.000000E+00  2.384816E-02  1.889013E-03 -5.070390E-18 -5.993748E-01  0.000000E+00
  2.393810E-01  6.884894E-02  5.000000E-01  2.417974E-01  6.972387E-02  0.000000E+00  2.310765E-02  2.094047E-03 -4.218884E-18 -5.764475E-01  0.000000E+00
  2.225160E-01  6.723740E-02  5.000000E-01  2.247622E-01  6.809606E-02  0.000000E+00  2.260352E-02  2.249520E-03 -2.470041E-18 -5.657840E-01  0.000000E+00
  2.062420E-01  6.555314E-02  5.000000E-01  2.083239E-01  6.639481E-02  0.000000E+00  2.232317E-02  2.356576E-03 -1.430375E-18 -5.683843E-01  0.000000E+00
  1.905750E-01  6.386254E-02  5.000000E-01  1.924988E-01  6.468713E-02  0.000000E+00  2.223056E-02  2.381734E-03 -5.657825E-19 -5.870094E-01  0.000000E+00
  1.755290E-01  6.225861E-02  5.000000E-01  1.773009E-01  6.306702E-02  0.000000E+00  2.238956E-02  2.349019E-03  9.046391E-19 -6.192320E-01  0.000000E+00
  1.611160E-01  6.077117E-02  5.000000E-01  1.627424E-01  6.156456E-02  0.000000E+00  2.289165E-02  2.327617E-03  2.235991E-18 -6.575778E-01  0.000000E+00
  1.473410E-01  5.939261E-02  5.000000E-01  1.488284E-01  6.017208E-02  0.000000E+00  2.370871E-02  2.355975E-03  3.753469E-18 -6.954925E-01  0.000000E+00
  1.342110E-01  5.809816E-02  5.000000E-01  1.355658E-01  5.886457E-02  0.000000E+00  2.471077E-02  2.446836E-03  6.607950E-18 -7.290064E-01  0.000000E+00
  1.217280E-01  5.685742E-02  5.000000E-01  1.229568E-01  5.761130E-02  0.000000E+00  2.575358E-02  2.603588E-03  1.031820E-17 -7.565765E-01  0.000000E+00
  1.098910E-01  5.564140E-02  5.000000E-01  1.110003E-01  5.638301E-02  0.000000E+00  2.675680E-02  2.837278E-03  1.376515E-17 -7.777022E-01  0.000000E+00
  9.869950E-02  5.441872E-02  5.000000E-01  9.969585E-02  5.514798E-02  0.000000E+00  2.771294E-02  3.167954E-03  1.784013E-17 -7.920924E-01  0.000000E+00
  8.814970E-02  5.316065E-02  5.000000E-01  8.903956E-02  5.387722E-02  0.000000E+00  2.865659E-02  3.625069E-03  2.307457E-17 -7.991762E-01  0.000000E+00
  8.814970E-02  5.316065E-02  5.000000E-01  8.903956E-02  5.387722E-02  0.000000E+00  2.865659E-02  3.625069E-03  2.307457E-17 -7.991762E-01  0.000000E+00
  7.823720E-02  5.183712E-02  5.000000E-01  7.902700E-02  5.254033E-02  0.000000E+00  2.963239E-02  4.255027E-03  2.924399E-17 -7.975278E-01  0.000000E+00
  6.895800E-02  5.041400E-02  5.000000E-01  6.965413E-02  5.110284E-02  0.000000E+00  3.064979E-02  5.105358E-03  3.424349E-17 -7.854712E-01  0.000000E+00
  6.030560E-02  4.886207E-02  5.000000E-01  6.091439E-02  4.953524E-02  0.000000E+00  3.169354E-02  6.239892E-03  3.559299E-17 -7.603132E-01  0.000000E+00
  5.227560E-02  4.714543E-02  5.000000E-01  5.280334E-02  4.780128E-02  0.000000E+00  3.270604E-02  7.733743E-03  3.273790E-17 -7.182229E-01  0.000000E+00
  4.486350E-02  4.522955E-02  5.000000E-01  4.531642E-02  4.586606E-02  0.000000E+00  3.353797E-02  9.623986E-03  2.571186E-17 -6.557185E-01  0.000000E+00
  3.806240E-02  4.308876E-02  5.000000E-01  3.844666E-02  4.370366E-02  0.000000E+00  3.398313E-02  1.192161E-02  1.439064E-17 -5.683856E-01  0.000000E+00
  3.186880E-02  4.069504E-02  5.000000E-01  3.219054E-02  4.128578E-02  0.000000E+00  3.375741E-02  1.453374E-02  3.005907E-18 -4.524793E-01  0.000000E+00
  2.627530E-02  3.803617E-02  5.000000E-01  2.654058E-02  3.860006E-02  0.000000E+00  3.255439E-02  1.720725E-02 -3.810472E-18 -3.068513E-01  0.000000E+00
  2.127350E-02  3.511302E-02  5.000000E-01  2.148829E-02  3.564741E-02  0.000000E+00  3.021158E-02  1.961517E-02 -8.922270E-18 -1.316382E-01  0.000000E+00
  1.685790E-02  3.193218E-02  5.000000E-01  1.702812E-02  3.243446E-02  0.000000E+00  2.676750E-02  2.132582E-02 -1.496573E-17  6.682537E-02  0.000000E+00
  1.301460E-02  2.853054E-02  5.000000E-01  1.314603E-02  2.899848E-02  0.000000E+00  2.251250E-02  2.198760E-02 -2.211334E-17  2.776263E-01  0.000000E+00
  9.730790E-03  2.495677E-02  5.000000E-01  9.829068E-03  2.538864E-02  0.000000E+00  1.792123E-02  2.152992E-02 -2.884672E-17  4.903821E-01  0.000000E+00
  6.996180E-03  2.127063E-02  5.000000E-01  7.066854E-03  2.166530E-02  0.000000E+00  1.347640E-02  1.998684E-02 -2.909737E-17  6.891310E-01  0.000000E+00
  4.781010E-03  1.757142E-02  5.000000E-01  4.829323E-03  1.792875E-02  0.000000E+00  9.530377E-03  1.753697E-02 -2.217757E-17  8.602078E-01  0.000000E+00
  3.054950E-03  1.396333E-02  5.000000E-01  3.085840E-03  1.428423E-02  0.000000E+00  6.235547E-03  1.447857E-02 -1.835329E-17  9.999135E-01  0.000000E+00
  1.789910E-03  1.055045E-02  5.000000E-01  1.808030E-03  1.083690E-02  0.000000E+00  3.646725E-03  1.099565E-02 -2.100505E-17  1.104795E+00  0.000000E+00
  9.331870E-04  7.451584E-03  5.000000E-01  9.426593E-04  7.706753E-03  0.000000E+00  1.781606E-03  7.190118E-03 -2.498065E-17  1.171946E+00  0.000000E+00
  4.085430E-04  4.784418E-03  5.000000E-01  4.127194E-04  5.012664E-03  0.000000E+00  5.819604E-04  3.145899E-03 -3.279134E-17  1.204493E+00  0.000000E+00
  1.354760E-04  2.643312E-03  5.000000E-01  1.368959E-04  2.849945E-03  0.000000E+00 -4.911711E-05 -1.114908E-03 -4.733443E-17  1.209962E+00  0.000000E+00
  2.683130E-05  1.084531E-03  5.000000E-01  2.715455E-05  1.275429E-03  0.000000E+00 -2.132554E-04 -5.609413E-03 -6.441315E-17  1.196120E+00  0.000000E+00
  1.320070E-06  1.387240E-04  5.000000E-01  1.385806E-06  3.200749E-04  0.000000E+00 -1.493255E-04 -9.950172E-03 -7.344397E-17  1.164426E+00  0.000000E+00
 -5.188750E-08 -1.781523E-04  5.000000E-01  0.000000E+00  0.000000E+00  0.000000E+00 -4.077124E-05 -1.276872E-02 -6.384491E-17  1.134991E+00  0.000000E+00
  2.733630E-06 -5.101358E-04  5.000000E-01  2.813635E-06 -3.353346E-04  0.000000E+00  3.575685E-04 -1.494595E-02 -3.847035E-17  1.128887E+00  0.000000E+00
    1    2
    2    3
    3    4
    4    5
    5    6
    6    7
    7    8
    8    9
    9   10
   10   11
   11   12
   12   13
   13   14
   14   15
   15   16
   16   17
   17   18
   18   19
   19   20
   20   21
   21   22
   22   23
   23   24
   25   26
   26   27
   27   28
   28   29
   29   30
   30   31
   31   32
   32   33
   33   34
   34   35
   35   36
   36   37
   37   38
   38   39
   39   40
   40   41
   41   42
   42   43
   43   44
   44   45
   45   46
   46   47
   47   48
   49   50
   50   51
   51   52
   52   53
   53   54
   54   55
   55   56
   56   57
   57   58
   58   59
   59   60
   60   61
   61   62
   62   63
   63   64
   64   65
   65   66
   66   67
   67   68
   68   69
   69   70
   70   71
   71   72
   73   74
   74   75
   75   76
   76   77
   77   78
   78   79
   79   80
   80   81
   81   82
   82   83
   83   84
   84   85
   85   86
   86   87
   87   88
   88   89
   89   90
   90   91
   91   92
   92   93
   93   94
   94   95
   95   96
   97   98
   98   99
   99  100
  100  101
  101  102
  102  103
  103  104
  104  105
  105  106
  106  107
  107  108
  108  109
  109  110
  110  111
  111  112
  112  113
  113  114
  114  115
  115  116
  116  117
  117  118
  118  119
  119  120
  121  122
  122  123
  123  124
  124  125
  125  126
  126  127
  127  128
  128  129
  129  130
  130  131
  131  132
  132  133
  133  134
  134  135
  135  136
  136  137
  137  138
  138  139
  139  140
  140  141
  141  142
  142  143
  143  144
  145  146
  146  147
  147  148
  148  149
  149  150
  150  151
  151  152
  152  153
  153  154
  154  155
  155  156
  156  157
  157  158
  158  159
  159  160
  160  161
  161  162
  162  163
  163  164
  164  165
  165  166
  166  167
  167  168
  169  170
  170  171
  171  172
  172  173
  173  174
  174  175
  175  176
  176  177
  177  178
  178  179
  179  180
  180  181
  181  182
  182  183
  183  184
  184  185
  185  186
  186  187
  187  188
  188  189
  189  190
  190  191
  191  192
