 Title = "ADflow Slice Data"
Variables =  "CoordinateX"  "CoordinateY"  "CoordinateZ"  "XoC"  "YoC"  "ZoC" "VelocityX" "VelocityY" "VelocityZ" "CoefPressure" "Mach" 
Zone T= "Slice_0001 None Absolute Regular z = 0.50000000"
 Nodes =          192  Elements=          184  ZONETYPE=FELINESEG
 DATAPACKING=POINT
  5.560760E-01 -1.898822E-02  5.000000E-01  5.616894E-01 -1.900572E-02  0.000000E+00  1.940385E-02  1.437324E-03 -8.827168E-19 -5.999651E-01  0.000000E+00
  5.770550E-01 -1.740069E-02  5.000000E-01  5.828802E-01 -1.740216E-02  0.000000E+00  1.470536E-02  1.124027E-03 -6.001938E-19 -5.553720E-01  0.000000E+00
  5.977760E-01 -1.574703E-02  5.000000E-01  6.038104E-01 -1.573181E-02  0.000000E+00  9.469013E-03  7.590127E-04  5.000308E-19 -4.527899E-01  0.000000E+00
  6.181820E-01 -1.400221E-02  5.000000E-01  6.244224E-01 -1.396938E-02  0.000000E+00  5.379220E-03  4.708868E-04  1.386211E-19 -2.980756E-01  0.000000E+00
  6.382180E-01 -1.214074E-02  5.000000E-01  6.446606E-01 -1.208911E-02  0.000000E+00  3.118899E-03  3.129778E-04 -8.251535E-19 -1.365149E-01  0.000000E+00
  6.578350E-01 -1.015063E-02  5.000000E-01  6.644757E-01 -1.007891E-02  0.000000E+00  2.289860E-03  2.561152E-04 -5.281905E-19 -2.056642E-02  0.000000E+00
  6.769910E-01 -8.039766E-03  5.000000E-01  6.838250E-01 -7.946740E-03  0.000000E+00  2.141246E-03  2.477659E-04  4.321675E-19  3.524357E-02  0.000000E+00
  6.956490E-01 -5.822077E-03  5.000000E-01  7.026714E-01 -5.706664E-03  0.000000E+00  2.126388E-03  2.543154E-04 -3.059995E-18  5.824375E-02  0.000000E+00
  7.137810E-01 -3.524626E-03  5.000000E-01  7.209864E-01 -3.386022E-03  0.000000E+00  2.013230E-03  2.556460E-04 -4.455466E-18  8.085371E-02  0.000000E+00
  7.313660E-01 -1.187178E-03  5.000000E-01  7.387489E-01 -1.024978E-03  0.000000E+00  1.784950E-03  2.408483E-04 -1.639609E-18  1.134898E-01  0.000000E+00
  7.483850E-01  1.154009E-03  5.000000E-01  7.559397E-01  1.339843E-03  0.000000E+00  1.496240E-03  2.104111E-04  7.310864E-19  1.495885E-01  0.000000E+00
  7.648220E-01  3.475091E-03  5.000000E-01  7.725427E-01  3.684355E-03  0.000000E+00  1.194533E-03  1.715528E-04  2.788287E-18  1.816248E-01  0.000000E+00
  7.806630E-01  5.759051E-03  5.000000E-01  7.885436E-01  5.991371E-03  0.000000E+00  9.182756E-04  1.308860E-04  1.051937E-18  2.086646E-01  0.000000E+00
  7.958970E-01  7.934559E-03  5.000000E-01  8.039313E-01  8.188840E-03  0.000000E+00  7.173553E-04  9.672281E-05  1.461422E-18  2.339283E-01  0.000000E+00
  8.105170E-01  9.806012E-03  5.000000E-01  8.186989E-01  1.007918E-02  0.000000E+00  6.410777E-04  7.538108E-05  1.236343E-18  2.575519E-01  0.000000E+00
  8.245160E-01  1.127235E-02  5.000000E-01  8.328392E-01  1.156032E-02  0.000000E+00  7.065731E-04  6.459374E-05 -4.116065E-19  2.765787E-01  0.000000E+00
  8.378940E-01  1.232643E-02  5.000000E-01  8.463523E-01  1.262505E-02  0.000000E+00  8.994209E-04  5.774937E-05 -4.904173E-19  2.903796E-01  0.000000E+00
  8.506490E-01  1.300829E-02  5.000000E-01  8.592360E-01  1.331379E-02  0.000000E+00  1.198440E-03  4.792719E-05 -8.733687E-19  3.002948E-01  0.000000E+00
  8.627850E-01  1.337572E-02  5.000000E-01  8.714946E-01  1.368493E-02  0.000000E+00  1.586931E-03  2.960472E-05  4.079707E-19  3.072328E-01  0.000000E+00
  8.743060E-01  1.348864E-02  5.000000E-01  8.831319E-01  1.379898E-02  0.000000E+00  2.049945E-03 -5.181535E-07  9.412835E-19  3.113558E-01  0.000000E+00
  8.852170E-01  1.339951E-02  5.000000E-01  8.941530E-01  1.370896E-02  0.000000E+00  2.572187E-03 -4.376400E-05  4.074006E-19  3.128108E-01  0.000000E+00
  8.955250E-01  1.315046E-02  5.000000E-01  9.045651E-01  1.345739E-02  0.000000E+00  3.139169E-03 -1.005257E-04  4.254027E-19  3.118325E-01  0.000000E+00
  9.052400E-01  1.277575E-02  5.000000E-01  9.143781E-01  1.307890E-02  0.000000E+00  3.739057E-03 -1.710546E-04  2.874419E-19  3.086389E-01  0.000000E+00
  9.143710E-01  1.230247E-02  5.000000E-01  9.236013E-01  1.260084E-02  0.000000E+00  4.365645E-03 -2.570681E-04  9.149447E-19  3.035451E-01  0.000000E+00
  9.143710E-01  1.230247E-02  5.000000E-01  9.236013E-01  1.260084E-02  0.000000E+00  4.365645E-03 -2.570681E-04  9.149447E-19  3.035451E-01  0.000000E+00
  9.229270E-01  1.174692E-02  5.000000E-01  9.322437E-01  1.203968E-02  0.000000E+00  5.020528E-03 -3.623065E-04  8.950020E-19  2.968035E-01  0.000000E+00
  9.309180E-01  1.111979E-02  5.000000E-01  9.403153E-01  1.140623E-02  0.000000E+00  5.711956E-03 -4.910642E-04 -1.012859E-18  2.883393E-01  0.000000E+00
  9.383550E-01  1.043115E-02  5.000000E-01  9.478274E-01  1.071064E-02  0.000000E+00  6.452747E-03 -6.478896E-04 -1.300484E-18  2.779055E-01  0.000000E+00
  9.452490E-01  9.691150E-03  5.000000E-01  9.547910E-01  9.963163E-03  0.000000E+00  7.259718E-03 -8.389816E-04 -2.053587E-19  2.652771E-01  0.000000E+00
  9.516100E-01  8.909516E-03  5.000000E-01  9.612162E-01  9.173638E-03  0.000000E+00  8.153477E-03 -1.072291E-03  3.304630E-19  2.501871E-01  0.000000E+00
  9.574470E-01  8.096967E-03  5.000000E-01  9.671121E-01  8.352888E-03  0.000000E+00  9.156862E-03 -1.356284E-03  3.946832E-19  2.321865E-01  0.000000E+00
  9.627730E-01  7.265807E-03  5.000000E-01  9.724919E-01  7.513337E-03  0.000000E+00  1.029444E-02 -1.700147E-03 -1.374094E-19  2.107369E-01  0.000000E+00
  9.675950E-01  6.430439E-03  5.000000E-01  9.773626E-01  6.669536E-03  0.000000E+00  1.159525E-02 -2.113308E-03  1.560556E-19  1.852660E-01  0.000000E+00
  9.719240E-01  5.606770E-03  5.000000E-01  9.817353E-01  5.837553E-03  0.000000E+00  1.309907E-02 -2.606340E-03  9.582703E-19  1.551028E-01  0.000000E+00
  9.757700E-01  4.811886E-03  5.000000E-01  9.856201E-01  5.034645E-03  0.000000E+00  1.486688E-02 -3.195478E-03  2.307870E-18  1.195992E-01  0.000000E+00
  9.791410E-01  4.062867E-03  5.000000E-01  9.890251E-01  4.278065E-03  0.000000E+00  1.698356E-02 -3.903222E-03  1.962821E-18  7.811679E-02  0.000000E+00
  9.820450E-01  3.376051E-03  5.000000E-01  9.919584E-01  3.584315E-03  0.000000E+00  1.951961E-02 -4.749945E-03 -7.727037E-18  2.972406E-02  0.000000E+00
  9.844890E-01  2.766537E-03  5.000000E-01  9.944271E-01  2.968649E-03  0.000000E+00  2.243412E-02 -5.732401E-03 -3.526882E-17 -2.634513E-02  0.000000E+00
  9.864800E-01  2.247882E-03  5.000000E-01  9.964382E-01  2.444758E-03  0.000000E+00  2.547637E-02 -6.750094E-03 -7.239922E-17 -8.914749E-02  0.000000E+00
  9.880230E-01  1.831991E-03  5.000000E-01  9.979968E-01  2.024669E-03  0.000000E+00  2.782681E-02 -7.509362E-03 -3.500086E-17 -1.655348E-01  0.000000E+00
  9.891220E-01  1.528235E-03  5.000000E-01  9.991069E-01  1.717846E-03  0.000000E+00  2.870515E-02 -8.118459E-03  2.901909E-16 -2.561542E-01  0.000000E+00
  9.897810E-01  1.343228E-03  5.000000E-01  9.997725E-01  1.530972E-03  0.000000E+00  4.080867E-02 -1.000159E-02  1.115140E-15 -2.404156E-01  0.000000E+00
  9.900000E-01  1.281138E-03  5.000000E-01  9.999937E-01  1.468255E-03  0.000000E+00  2.823997E-02 -1.359957E-03  3.146793E-15 -5.624133E-01  0.000000E+00
  9.900000E-01  1.690698E-03  5.000000E-01  9.999937E-01  1.881949E-03  0.000000E+00  1.420191E-03 -7.160986E-03  9.261527E-15 -8.252571E-01  0.000000E+00
  9.900000E-01  2.100257E-03  5.000000E-01  9.999937E-01  2.295643E-03  0.000000E+00 -4.366279E-04 -1.902420E-02  1.743928E-14 -6.710729E-01  0.000000E+00
  9.900000E-01  2.509817E-03  5.000000E-01  9.999937E-01  2.709337E-03  0.000000E+00 -1.108910E-04 -1.039151E-02  2.375847E-14 -6.564564E-01  0.000000E+00
  9.900000E-01  2.919362E-03  5.000000E-01  9.999937E-01  3.123016E-03  0.000000E+00  3.069740E-04 -6.501281E-03  2.857103E-14 -6.953048E-01  0.000000E+00
  9.900000E-01  3.328921E-03  5.000000E-01  9.999937E-01  3.536710E-03  0.000000E+00  4.712205E-03 -6.463958E-03  3.257715E-14 -6.590518E-01  0.000000E+00
  9.900000E-01  3.328921E-03  5.000000E-01  9.999937E-01  3.536710E-03  0.000000E+00  4.712205E-03 -6.463958E-03  3.257715E-14 -6.590518E-01  0.000000E+00
  9.897980E-01  3.435171E-03  5.000000E-01  9.997897E-01  3.644032E-03  0.000000E+00  6.257152E-03 -3.841385E-03  3.139031E-14 -6.071239E-01  0.000000E+00
  9.891900E-01  3.753935E-03  5.000000E-01  9.991756E-01  3.966014E-03  0.000000E+00  2.641002E-03 -1.310306E-03  2.324952E-14 -6.158846E-01  0.000000E+00
  9.881780E-01  4.284507E-03  5.000000E-01  9.981534E-01  4.501942E-03  0.000000E+00  7.059792E-04 -3.638747E-04  1.390763E-14 -6.173457E-01  0.000000E+00
  9.867570E-01  5.025633E-03  5.000000E-01  9.967180E-01  5.250549E-03  0.000000E+00 -6.724063E-04  3.372403E-04  6.733140E-15 -6.163876E-01  0.000000E+00
  9.849260E-01  5.973799E-03  5.000000E-01  9.948685E-01  6.208287E-03  0.000000E+00 -1.681445E-03  8.626198E-04  2.480184E-15 -6.204449E-01  0.000000E+00
  9.826810E-01  7.122539E-03  5.000000E-01  9.926009E-01  7.368623E-03  0.000000E+00 -2.230371E-03  1.131693E-03  4.767061E-16 -6.274962E-01  0.000000E+00
  9.800160E-01  8.462127E-03  5.000000E-01  9.899090E-01  8.721734E-03  0.000000E+00 -2.369095E-03  1.177652E-03 -2.063080E-16 -6.344527E-01  0.000000E+00
  9.769240E-01  9.978473E-03  5.000000E-01  9.867857E-01  1.025339E-02  0.000000E+00 -2.248191E-03  1.085835E-03 -2.778787E-16 -6.396536E-01  0.000000E+00
  9.733970E-01  1.165036E-02  5.000000E-01  9.832231E-01  1.194215E-02  0.000000E+00 -2.033934E-03  9.445834E-04 -1.645928E-16 -6.427380E-01  0.000000E+00
  9.694240E-01  1.345114E-02  5.000000E-01  9.792100E-01  1.376111E-02  0.000000E+00 -1.858453E-03  8.212323E-04 -5.940928E-17 -6.442373E-01  0.000000E+00
  9.649940E-01  1.535384E-02  5.000000E-01  9.747353E-01  1.568301E-02  0.000000E+00 -1.802455E-03  7.519661E-04 -7.088869E-18 -6.450772E-01  0.000000E+00
  9.600960E-01  1.733786E-02  5.000000E-01  9.697879E-01  1.768707E-02  0.000000E+00 -1.895724E-03  7.421426E-04  6.783281E-18 -6.463302E-01  0.000000E+00
  9.547180E-01  1.938253E-02  5.000000E-01  9.643556E-01  1.975237E-02  0.000000E+00 -2.124475E-03  7.779995E-04  5.450031E-18 -6.489398E-01  0.000000E+00
  9.488510E-01  2.146773E-02  5.000000E-01  9.584294E-01  2.185862E-02  0.000000E+00 -2.456400E-03  8.446025E-04  2.336366E-18 -6.524688E-01  0.000000E+00
  9.424820E-01  2.357734E-02  5.000000E-01  9.519961E-01  2.398953E-02  0.000000E+00 -2.880475E-03  9.303766E-04  6.806660E-19 -6.545562E-01  0.000000E+00
  9.356020E-01  2.569980E-02  5.000000E-01  9.450466E-01  2.613341E-02  0.000000E+00 -3.359021E-03  1.003726E-03 -6.374883E-19 -6.575432E-01  0.000000E+00
  9.282010E-01  2.782767E-02  5.000000E-01  9.375709E-01  2.828276E-02  0.000000E+00 -3.601064E-03  9.804343E-04 -1.998323E-18 -6.797876E-01  0.000000E+00
  9.202710E-01  2.995433E-02  5.000000E-01  9.295609E-01  3.043089E-02  0.000000E+00 -2.808991E-03  7.006284E-04 -1.618970E-18 -7.487280E-01  0.000000E+00
  9.118010E-01  3.206574E-02  5.000000E-01  9.210054E-01  3.256362E-02  0.000000E+00  2.186340E-04 -3.927423E-05  1.590551E-18 -8.662581E-01  0.000000E+00
  9.027810E-01  3.414365E-02  5.000000E-01  9.118943E-01  3.466250E-02  0.000000E+00  6.207933E-03 -1.302839E-03  8.960216E-18 -9.900476E-01  0.000000E+00
  8.932000E-01  3.616970E-02  5.000000E-01  9.022166E-01  3.670900E-02  0.000000E+00  1.400452E-02 -2.751724E-03  1.868738E-17 -1.068385E+00  0.000000E+00
  8.830490E-01  3.812257E-02  5.000000E-01  8.919631E-01  3.868159E-02  0.000000E+00  2.059892E-02 -3.729314E-03  2.581536E-17 -1.085684E+00  0.000000E+00
  8.723190E-01  3.997785E-02  5.000000E-01  8.811248E-01  4.055559E-02  0.000000E+00  2.384818E-02 -3.890596E-03  2.658568E-17 -1.061710E+00  0.000000E+00
  8.723190E-01  3.997785E-02  5.000000E-01  8.811248E-01  4.055559E-02  0.000000E+00  2.384818E-02 -3.890596E-03  2.658568E-17 -1.061710E+00  0.000000E+00
  8.610010E-01  4.171100E-02  5.000000E-01  8.696925E-01  4.230624E-02  0.000000E+00  2.418469E-02 -3.474291E-03  2.191793E-17 -1.020781E+00  0.000000E+00
  8.490890E-01  4.329884E-02  5.000000E-01  8.576603E-01  4.391011E-02  0.000000E+00  2.319727E-02 -2.872361E-03  1.631329E-17 -9.756143E-01  0.000000E+00
  8.365770E-01  4.472192E-02  5.000000E-01  8.450220E-01  4.534755E-02  0.000000E+00  2.201551E-02 -2.304535E-03  1.233178E-17 -9.308410E-01  0.000000E+00
  8.234620E-01  4.597155E-02  5.000000E-01  8.317746E-01  4.660980E-02  0.000000E+00  2.100897E-02 -1.834763E-03  1.152788E-17 -8.894609E-01  0.000000E+00
  8.097400E-01  4.705788E-02  5.000000E-01  8.179141E-01  4.770710E-02  0.000000E+00  2.016295E-02 -1.482026E-03  1.220859E-17 -8.558715E-01  0.000000E+00
  7.954150E-01  4.802484E-02  5.000000E-01  8.034445E-01  4.868382E-02  0.000000E+00  1.940789E-02 -1.273614E-03  1.237508E-17 -8.360296E-01  0.000000E+00
  7.804870E-01  4.896773E-02  5.000000E-01  7.883658E-01  4.963623E-02  0.000000E+00  1.877447E-02 -1.231842E-03  1.161503E-17 -8.342316E-01  0.000000E+00
  7.649630E-01  5.002046E-02  5.000000E-01  7.726851E-01  5.069959E-02  0.000000E+00  1.842396E-02 -1.319254E-03  8.436574E-18 -8.475738E-01  0.000000E+00
  7.488530E-01  5.123761E-02  5.000000E-01  7.564125E-01  5.192902E-02  0.000000E+00  1.847528E-02 -1.474152E-03  4.075305E-18 -8.689393E-01  0.000000E+00
  7.321700E-01  5.264000E-02  5.000000E-01  7.395610E-01  5.334557E-02  0.000000E+00  1.886790E-02 -1.668837E-03 -1.447216E-18 -8.932169E-01  0.000000E+00
  7.149290E-01  5.423867E-02  5.000000E-01  7.221460E-01  5.496038E-02  0.000000E+00  1.945483E-02 -1.882027E-03 -7.993377E-18 -9.167152E-01  0.000000E+00
  6.971500E-01  5.602752E-02  5.000000E-01  7.041875E-01  5.676729E-02  0.000000E+00  2.010688E-02 -2.082079E-03 -1.433522E-17 -9.361131E-01  0.000000E+00
  6.788570E-01  5.797505E-02  5.000000E-01  6.857099E-01  5.873447E-02  0.000000E+00  2.075296E-02 -2.228922E-03 -1.933575E-17 -9.482964E-01  0.000000E+00
  6.600760E-01  6.001292E-02  5.000000E-01  6.667393E-01  6.079291E-02  0.000000E+00  2.135110E-02 -2.289006E-03 -2.135798E-17 -9.514044E-01  0.000000E+00
  6.408370E-01  6.205288E-02  5.000000E-01  6.473061E-01  6.285346E-02  0.000000E+00  2.184126E-02 -2.263869E-03 -2.170293E-17 -9.465985E-01  0.000000E+00
  6.211780E-01  6.404348E-02  5.000000E-01  6.274486E-01  6.486416E-02  0.000000E+00  2.219263E-02 -2.177130E-03 -2.095448E-17 -9.364501E-01  0.000000E+00
  6.011430E-01  6.594585E-02  5.000000E-01  6.072114E-01  6.678573E-02  0.000000E+00  2.244059E-02 -2.045499E-03 -1.958302E-17 -9.225858E-01  0.000000E+00
  5.807790E-01  6.772487E-02  5.000000E-01  5.866418E-01  6.858271E-02  0.000000E+00  2.263226E-02 -1.882696E-03 -1.778736E-17 -9.060950E-01  0.000000E+00
  5.601410E-01  6.935582E-02  5.000000E-01  5.657955E-01  7.023012E-02  0.000000E+00  2.280092E-02 -1.698333E-03 -1.552459E-17 -8.876625E-01  0.000000E+00
  5.392850E-01  7.081542E-02  5.000000E-01  5.447289E-01  7.170446E-02  0.000000E+00  2.296196E-02 -1.497451E-03 -1.344540E-17 -8.677182E-01  0.000000E+00
  5.182680E-01  7.208617E-02  5.000000E-01  5.234998E-01  7.298804E-02  0.000000E+00  2.311178E-02 -1.287337E-03 -1.096840E-17 -8.469020E-01  0.000000E+00
  4.971500E-01  7.316199E-02  5.000000E-01  5.021686E-01  7.407472E-02  0.000000E+00  2.324955E-02 -1.072831E-03 -9.137329E-18 -8.256561E-01  0.000000E+00
  4.759900E-01  7.403736E-02  5.000000E-01  4.807950E-01  7.495893E-02  0.000000E+00  2.338266E-02 -8.535541E-04 -8.927088E-18 -8.040168E-01  0.000000E+00
  2.733630E-06 -4.880348E-04  5.000000E-01  2.813636E-06 -3.187769E-04  0.000000E+00  4.552108E-04 -1.799321E-02 -2.341049E-18  1.100961E+00  0.000000E+00
  4.455870E-05 -1.434421E-03  5.000000E-01  4.506092E-05 -1.274716E-03  0.000000E+00  2.203181E-03 -2.147686E-02  2.420631E-17  1.072574E+00  0.000000E+00
  2.731490E-04 -2.975595E-03  5.000000E-01  2.759588E-04 -2.831448E-03  0.000000E+00  6.456684E-03 -2.446055E-02  3.737773E-17  9.543225E-01  0.000000E+00
  9.950900E-04 -4.941146E-03  5.000000E-01  1.005187E-03 -4.816841E-03  0.000000E+00  1.256678E-02 -2.492007E-02  3.883379E-17  7.475288E-01  0.000000E+00
  2.349870E-03 -7.026915E-03  5.000000E-01  2.373644E-03 -6.923665E-03  0.000000E+00  1.823556E-02 -2.382770E-02  3.702606E-17  5.398517E-01  0.000000E+00
  4.254460E-03 -9.165636E-03  5.000000E-01  4.297460E-03 -9.083975E-03  0.000000E+00  2.286328E-02 -2.258841E-02  2.557608E-17  3.684646E-01  0.000000E+00
  6.687140E-03 -1.129835E-02  5.000000E-01  6.754697E-03 -1.123821E-02  0.000000E+00  2.688401E-02 -2.115024E-02  4.946708E-18  2.053074E-01  0.000000E+00
  9.634000E-03 -1.338739E-02  5.000000E-01  9.731304E-03 -1.334835E-02  0.000000E+00  3.017162E-02 -1.918105E-02 -8.253441E-18  3.958874E-02  0.000000E+00
  1.310530E-02 -1.536502E-02  5.000000E-01  1.323765E-02 -1.534594E-02  0.000000E+00  3.242771E-02 -1.654915E-02 -2.487426E-18 -1.244450E-01  0.000000E+00
  1.710810E-02 -1.717965E-02  5.000000E-01  1.728085E-02 -1.717888E-02  0.000000E+00  3.370692E-02 -1.378670E-02  2.326404E-17 -2.642892E-01  0.000000E+00
  2.163760E-02 -1.883246E-02  5.000000E-01  2.185608E-02 -1.884838E-02  0.000000E+00  3.437974E-02 -1.137137E-02  5.628470E-17 -3.705524E-01  0.000000E+00
  2.669190E-02 -2.033393E-02  5.000000E-01  2.696140E-02 -2.036501E-02  0.000000E+00  3.457752E-02 -9.233710E-03  7.859783E-17 -4.557659E-01  0.000000E+00
  3.228310E-02 -2.166079E-02  5.000000E-01  3.260904E-02 -2.170526E-02  0.000000E+00  3.428595E-02 -7.262332E-03  8.929458E-17 -5.295736E-01  0.000000E+00
  3.842170E-02 -2.280211E-02  5.000000E-01  3.880961E-02 -2.285810E-02  0.000000E+00  3.370915E-02 -5.553617E-03  9.058893E-17 -5.907204E-01  0.000000E+00
  4.511710E-02 -2.376014E-02  5.000000E-01  4.557259E-02 -2.382580E-02  0.000000E+00  3.319119E-02 -4.166418E-03  8.478370E-17 -6.377820E-01  0.000000E+00
  5.237940E-02 -2.454195E-02  5.000000E-01  5.290820E-02 -2.461550E-02  0.000000E+00  3.297490E-02 -3.087945E-03  7.651308E-17 -6.707777E-01  0.000000E+00
  6.021800E-02 -2.516532E-02  5.000000E-01  6.082593E-02 -2.524517E-02  0.000000E+00  3.276842E-02 -2.257627E-03  6.761991E-17 -6.913711E-01  0.000000E+00
  6.864140E-02 -2.565796E-02  5.000000E-01  6.933436E-02 -2.574278E-02  0.000000E+00  3.134686E-02 -1.583335E-03  5.741799E-17 -7.026426E-01  0.000000E+00
  7.765990E-02 -2.604366E-02  5.000000E-01  7.844390E-02 -2.613237E-02  0.000000E+00  2.714603E-02 -1.024980E-03  4.224494E-17 -6.993510E-01  0.000000E+00
  8.728340E-02 -2.635072E-02  5.000000E-01  8.816455E-02 -2.644253E-02  0.000000E+00  2.001273E-02 -6.110832E-04  2.589341E-17 -6.562934E-01  0.000000E+00
  9.752070E-02 -2.661492E-02  5.000000E-01  9.850519E-02 -2.670940E-02  0.000000E+00  1.230969E-02 -3.439038E-04  1.333216E-17 -5.381981E-01  0.000000E+00
  1.083810E-01 -2.687219E-02  5.000000E-01  1.094751E-01 -2.696927E-02  0.000000E+00  7.163975E-03 -1.920076E-04  6.595690E-18 -3.392834E-01  0.000000E+00
  1.198710E-01 -2.716257E-02  5.000000E-01  1.210811E-01 -2.726258E-02  0.000000E+00  5.706910E-03 -1.430798E-04  4.483396E-18 -1.169160E-01  0.000000E+00
  1.319970E-01 -2.753042E-02  5.000000E-01  1.333295E-01 -2.763415E-02  0.000000E+00  6.937957E-03 -2.139676E-04  3.288423E-18  3.988515E-02  0.000000E+00
  1.319970E-01 -2.753042E-02  5.000000E-01  1.333295E-01 -2.763415E-02  0.000000E+00  6.937957E-03 -2.139676E-04  3.288423E-18  3.988515E-02  0.000000E+00
  1.447640E-01 -2.801736E-02  5.000000E-01  1.462254E-01 -2.812600E-02  0.000000E+00  9.469324E-03 -4.050959E-04  2.112985E-18  8.866063E-02  0.000000E+00
  1.581750E-01 -2.866087E-02  5.000000E-01  1.597718E-01 -2.877600E-02  0.000000E+00  1.253568E-02 -6.829905E-04  1.437687E-18  5.811023E-02  0.000000E+00
  1.722290E-01 -2.948170E-02  5.000000E-01  1.739676E-01 -2.960512E-02  0.000000E+00  1.582194E-02 -1.005624E-03  1.204609E-18 -2.482674E-03  0.000000E+00
  1.869240E-01 -3.046147E-02  5.000000E-01  1.888110E-01 -3.059478E-02  0.000000E+00  1.903958E-02 -1.288603E-03  8.564325E-19 -6.932495E-02  0.000000E+00
  2.022540E-01 -3.151241E-02  5.000000E-01  2.042957E-01 -3.165633E-02  0.000000E+00  2.181246E-02 -1.371315E-03 -1.509364E-19 -1.451978E-01  0.000000E+00
  2.182110E-01 -3.244196E-02  5.000000E-01  2.204138E-01 -3.259526E-02  0.000000E+00  2.387023E-02 -1.157796E-03 -3.649360E-19 -2.330353E-01  0.000000E+00
  2.347810E-01 -3.309485E-02  5.000000E-01  2.371511E-01 -3.325475E-02  0.000000E+00  2.520173E-02 -7.513560E-04  6.557985E-19 -3.216003E-01  0.000000E+00
  2.519470E-01 -3.344442E-02  5.000000E-01  2.544904E-01 -3.360785E-02  0.000000E+00  2.589076E-02 -2.895126E-04  1.518598E-18 -3.995700E-01  0.000000E+00
  2.696890E-01 -3.348124E-02  5.000000E-01  2.724115E-01 -3.364503E-02  0.000000E+00  2.599381E-02  1.595883E-04  1.360097E-18 -4.630230E-01  0.000000E+00
  2.879810E-01 -3.321720E-02  5.000000E-01  2.908881E-01 -3.337833E-02  0.000000E+00  2.562848E-02  5.375771E-04  3.027063E-19 -5.101007E-01  0.000000E+00
  3.067920E-01 -3.269528E-02  5.000000E-01  3.098890E-01 -3.285114E-02  0.000000E+00  2.500093E-02  7.983277E-04  8.248796E-20 -5.398026E-01  0.000000E+00
  3.260870E-01 -3.199241E-02  5.000000E-01  3.293788E-01 -3.214118E-02  0.000000E+00  2.434547E-02  9.283963E-04  1.165644E-18 -5.533840E-01  0.000000E+00
  3.458260E-01 -3.120382E-02  5.000000E-01  3.493170E-01 -3.134463E-02  0.000000E+00  2.377770E-02  9.783363E-04  2.411294E-18 -5.570160E-01  0.000000E+00
  3.659650E-01 -3.035370E-02  5.000000E-01  3.696593E-01 -3.048592E-02  0.000000E+00  2.328909E-02  1.017272E-03  2.004787E-18 -5.583919E-01  0.000000E+00
  3.864540E-01 -2.943062E-02  5.000000E-01  3.903552E-01 -2.955353E-02  0.000000E+00  2.286548E-02  1.068714E-03  5.645397E-19 -5.611990E-01  0.000000E+00
  4.072410E-01 -2.842424E-02  5.000000E-01  4.113520E-01 -2.853698E-02  0.000000E+00  2.251273E-02  1.131960E-03  2.646930E-19 -5.660717E-01  0.000000E+00
  4.282690E-01 -2.732758E-02  5.000000E-01  4.325923E-01 -2.742926E-02  0.000000E+00  2.226018E-02  1.207026E-03  4.956174E-19 -5.727579E-01  0.000000E+00
  4.494800E-01 -2.613349E-02  5.000000E-01  4.540174E-01 -2.622312E-02  0.000000E+00  2.218352E-02  1.295368E-03  3.738292E-19 -5.806072E-01  0.000000E+00
  4.708130E-01 -2.484263E-02  5.000000E-01  4.755657E-01 -2.491922E-02  0.000000E+00  2.237820E-02  1.395228E-03  4.606689E-19 -5.886414E-01  0.000000E+00
  4.922030E-01 -2.346982E-02  5.000000E-01  4.971717E-01 -2.353255E-02  0.000000E+00  2.280059E-02  1.501231E-03  1.987329E-19 -5.964137E-01  0.000000E+00
  5.135860E-01 -2.202923E-02  5.000000E-01  5.187705E-01 -2.207743E-02  0.000000E+00  2.302913E-02  1.588807E-03 -1.333566E-18 -6.039347E-01  0.000000E+00
  5.348990E-01 -2.053143E-02  5.000000E-01  5.402987E-01 -2.056450E-02  0.000000E+00  2.219022E-02  1.592260E-03 -1.335794E-18 -6.087068E-01  0.000000E+00
  5.560760E-01 -1.898822E-02  5.000000E-01  5.616894E-01 -1.900572E-02  0.000000E+00  1.940385E-02  1.437324E-03 -8.827168E-19 -5.999651E-01  0.000000E+00
  4.759900E-01  7.403736E-02  5.000000E-01  4.807950E-01  7.495893E-02  0.000000E+00  2.338266E-02 -8.535541E-04 -8.927088E-18 -8.040168E-01  0.000000E+00
  4.548480E-01  7.470678E-02  5.000000E-01  4.594396E-01  7.563510E-02  0.000000E+00  2.351307E-02 -6.295710E-04 -8.718216E-18 -7.820091E-01  0.000000E+00
  4.337860E-01  7.516801E-02  5.000000E-01  4.381650E-01  7.610099E-02  0.000000E+00  2.363693E-02 -4.017011E-04 -8.437871E-18 -7.596581E-01  0.000000E+00
  4.128620E-01  7.542126E-02  5.000000E-01  4.170297E-01  7.635680E-02  0.000000E+00  2.375138E-02 -1.677593E-04 -8.301592E-18 -7.367195E-01  0.000000E+00
  3.921340E-01  7.546371E-02  5.000000E-01  3.960925E-01  7.639967E-02  0.000000E+00  2.385190E-02  7.618353E-05 -7.574368E-18 -7.127657E-01  0.000000E+00
  3.716590E-01  7.529160E-02  5.000000E-01  3.754108E-01  7.622582E-02  0.000000E+00  2.392820E-02  3.323535E-04 -7.150453E-18 -6.874741E-01  0.000000E+00
  3.514890E-01  7.490153E-02  5.000000E-01  3.550372E-01  7.583182E-02  0.000000E+00  2.396706E-02  6.002554E-04 -7.013168E-18 -6.608202E-01  0.000000E+00
  3.316730E-01  7.429295E-02  5.000000E-01  3.350212E-01  7.521710E-02  0.000000E+00  2.395417E-02  8.746578E-04 -6.059134E-18 -6.333537E-01  0.000000E+00
  3.122580E-01  7.347122E-02  5.000000E-01  3.154102E-01  7.438707E-02  0.000000E+00  2.387312E-02  1.140599E-03 -4.762875E-18 -6.065438E-01  0.000000E+00
  2.932850E-01  7.245993E-02  5.000000E-01  2.962457E-01  7.336557E-02  0.000000E+00  2.372250E-02  1.384191E-03 -4.300679E-18 -5.819464E-01  0.000000E+00
  2.747930E-01  7.128628E-02  5.000000E-01  2.775670E-01  7.218008E-02  0.000000E+00  2.352522E-02  1.605308E-03 -3.517511E-18 -5.601438E-01  0.000000E+00
  2.568150E-01  6.997289E-02  5.000000E-01  2.594075E-01  7.085342E-02  0.000000E+00  2.330938E-02  1.810894E-03 -3.160747E-18 -5.410434E-01  0.000000E+00
  2.393810E-01  6.853753E-02  5.000000E-01  2.417975E-01  6.940357E-02  0.000000E+00  2.309811E-02  2.009023E-03 -3.134574E-18 -5.245571E-01  0.000000E+00
  2.225160E-01  6.699388E-02  5.000000E-01  2.247623E-01  6.784434E-02  0.000000E+00  2.290782E-02  2.204485E-03 -1.953152E-18 -5.116088E-01  0.000000E+00
  2.062420E-01  6.535197E-02  5.000000E-01  2.083240E-01  6.618586E-02  0.000000E+00  2.273119E-02  2.367830E-03 -1.392426E-18 -5.066145E-01  0.000000E+00
  1.905750E-01  6.366382E-02  5.000000E-01  1.924988E-01  6.448067E-02  0.000000E+00  2.257960E-02  2.441410E-03 -1.770614E-18 -5.163090E-01  0.000000E+00
  1.755290E-01  6.202671E-02  5.000000E-01  1.773010E-01  6.282703E-02  0.000000E+00  2.259073E-02  2.442517E-03 -1.841043E-18 -5.410945E-01  0.000000E+00
  1.611160E-01  6.047808E-02  5.000000E-01  1.627425E-01  6.126277E-02  0.000000E+00  2.293626E-02  2.449103E-03 -2.519861E-18 -5.743414E-01  0.000000E+00
  1.473410E-01  5.901757E-02  5.000000E-01  1.488284E-01  5.978752E-02  0.000000E+00  2.364751E-02  2.507752E-03 -1.824302E-18 -6.091038E-01  0.000000E+00
  1.342110E-01  5.762636E-02  5.000000E-01  1.355659E-01  5.838226E-02  0.000000E+00  2.461561E-02  2.634040E-03  7.545235E-19 -6.405744E-01  0.000000E+00
  1.217280E-01  5.627868E-02  5.000000E-01  1.229569E-01  5.702098E-02  0.000000E+00  2.568053E-02  2.829632E-03  3.103536E-18 -6.665351E-01  0.000000E+00
  1.098910E-01  5.494929E-02  5.000000E-01  1.110004E-01  5.567817E-02  0.000000E+00  2.672863E-02  3.101786E-03  5.288076E-18 -6.861508E-01  0.000000E+00
  9.869950E-02  5.361011E-02  5.000000E-01  9.969589E-02  5.432547E-02  0.000000E+00  2.772210E-02  3.466702E-03  7.700064E-18 -6.990553E-01  0.000000E+00
  8.814970E-02  5.223548E-02  5.000000E-01  8.903959E-02  5.293697E-02  0.000000E+00  2.867811E-02  3.950433E-03  1.128731E-17 -7.047254E-01  0.000000E+00
  8.814970E-02  5.223548E-02  5.000000E-01  8.903959E-02  5.293697E-02  0.000000E+00  2.867811E-02  3.950433E-03  1.128731E-17 -7.047254E-01  0.000000E+00
  7.823720E-02  5.079850E-02  5.000000E-01  7.902703E-02  5.148548E-02  0.000000E+00  2.963462E-02  4.595738E-03  1.651860E-17 -7.018031E-01  0.000000E+00
  6.895800E-02  4.926835E-02  5.000000E-01  6.965416E-02  4.993988E-02  0.000000E+00  3.059938E-02  5.444677E-03  2.122492E-17 -6.887173E-01  0.000000E+00
  6.030560E-02  4.761931E-02  5.000000E-01  6.091442E-02  4.827419E-02  0.000000E+00  3.155406E-02  6.552353E-03  2.256773E-17 -6.629373E-01  0.000000E+00
  5.227560E-02  4.581922E-02  5.000000E-01  5.280336E-02  4.645594E-02  0.000000E+00  3.243835E-02  7.981357E-03  2.067179E-17 -6.208861E-01  0.000000E+00
  4.486350E-02  4.383742E-02  5.000000E-01  4.531643E-02  4.445413E-02  0.000000E+00  3.310961E-02  9.754533E-03  1.703027E-17 -5.594635E-01  0.000000E+00
  3.806240E-02  4.165186E-02  5.000000E-01  3.844668E-02  4.224650E-02  0.000000E+00  3.338031E-02  1.187085E-02  9.465721E-18 -4.747127E-01  0.000000E+00
  3.186880E-02  3.923803E-02  5.000000E-01  3.219056E-02  3.980831E-02  0.000000E+00  3.300209E-02  1.423829E-02  3.313424E-19 -3.633610E-01  0.000000E+00
  2.627530E-02  3.658636E-02  5.000000E-01  2.654059E-02  3.712987E-02  0.000000E+00  3.171480E-02  1.662823E-02 -4.112629E-18 -2.245742E-01  0.000000E+00
  2.127350E-02  3.369935E-02  5.000000E-01  2.148830E-02  3.421371E-02  0.000000E+00  2.938850E-02  1.876035E-02 -6.258330E-18 -5.839608E-02  0.000000E+00
  1.685790E-02  3.058427E-02  5.000000E-01  1.702813E-02  3.106719E-02  0.000000E+00  2.607032E-02  2.026962E-02 -1.097122E-17  1.295500E-01  0.000000E+00
  1.301460E-02  2.727657E-02  5.000000E-01  1.314603E-02  2.772610E-02  0.000000E+00  2.202156E-02  2.085866E-02 -1.827766E-17  3.295404E-01  0.000000E+00
  9.730790E-03  2.382208E-02  5.000000E-01  9.829071E-03  2.423674E-02  0.000000E+00  1.765067E-02  2.045724E-02 -2.542998E-17  5.323800E-01  0.000000E+00
  6.996180E-03  2.027633E-02  5.000000E-01  7.066856E-03  2.065520E-02  0.000000E+00  1.337306E-02  1.905104E-02 -2.729089E-17  7.229444E-01  0.000000E+00
  4.781010E-03  1.673167E-02  5.000000E-01  4.829325E-03  1.707476E-02  0.000000E+00  9.507239E-03  1.674344E-02 -2.047440E-17  8.876180E-01  0.000000E+00
  3.054950E-03  1.328455E-02  5.000000E-01  3.085841E-03  1.359284E-02  0.000000E+00  6.211802E-03  1.375950E-02 -1.545383E-17  1.021915E+00  0.000000E+00
  1.789910E-03  1.003107E-02  5.000000E-01  1.808031E-03  1.030652E-02  0.000000E+00  3.572051E-03  1.023570E-02 -1.665015E-17  1.121351E+00  0.000000E+00
  9.331870E-04  7.081328E-03  5.000000E-01  9.426596E-04  7.326996E-03  0.000000E+00  1.645212E-03  6.256572E-03 -1.833491E-17  1.182298E+00  0.000000E+00
  4.085430E-04  4.544769E-03  5.000000E-01  4.127195E-04  4.764831E-03  0.000000E+00  4.081611E-04  1.911156E-03 -2.137723E-17  1.207639E+00  0.000000E+00
  1.354760E-04  2.509401E-03  5.000000E-01  1.368960E-04  2.708917E-03  0.000000E+00 -2.154570E-04 -2.764735E-03 -2.862931E-17  1.205070E+00  0.000000E+00
  2.683130E-05  1.027788E-03  5.000000E-01  2.715456E-05  1.212347E-03  0.000000E+00 -3.279447E-04 -7.766919E-03 -3.906097E-17  1.182871E+00  0.000000E+00
  1.320070E-06  1.287728E-04  5.000000E-01  1.385807E-06  3.042572E-04  0.000000E+00 -2.006578E-04 -1.262444E-02 -4.359270E-17  1.143547E+00  0.000000E+00
 -5.188750E-08 -1.724437E-04  5.000000E-01  0.000000E+00  0.000000E+00  0.000000E+00 -4.340751E-05 -1.571416E-02 -2.999849E-17  1.109241E+00  0.000000E+00
  2.733630E-06 -4.880348E-04  5.000000E-01  2.813636E-06 -3.187769E-04  0.000000E+00  4.552108E-04 -1.799321E-02 -2.341049E-18  1.100961E+00  0.000000E+00
    1    2
    2    3
    3    4
    4    5
    5    6
    6    7
    7    8
    8    9
    9   10
   10   11
   11   12
   12   13
   13   14
   14   15
   15   16
   16   17
   17   18
   18   19
   19   20
   20   21
   21   22
   22   23
   23   24
   25   26
   26   27
   27   28
   28   29
   29   30
   30   31
   31   32
   32   33
   33   34
   34   35
   35   36
   36   37
   37   38
   38   39
   39   40
   40   41
   41   42
   42   43
   43   44
   44   45
   45   46
   46   47
   47   48
   49   50
   50   51
   51   52
   52   53
   53   54
   54   55
   55   56
   56   57
   57   58
   58   59
   59   60
   60   61
   61   62
   62   63
   63   64
   64   65
   65   66
   66   67
   67   68
   68   69
   69   70
   70   71
   71   72
   73   74
   74   75
   75   76
   76   77
   77   78
   78   79
   79   80
   80   81
   81   82
   82   83
   83   84
   84   85
   85   86
   86   87
   87   88
   88   89
   89   90
   90   91
   91   92
   92   93
   93   94
   94   95
   95   96
   97   98
   98   99
   99  100
  100  101
  101  102
  102  103
  103  104
  104  105
  105  106
  106  107
  107  108
  108  109
  109  110
  110  111
  111  112
  112  113
  113  114
  114  115
  115  116
  116  117
  117  118
  118  119
  119  120
  121  122
  122  123
  123  124
  124  125
  125  126
  126  127
  127  128
  128  129
  129  130
  130  131
  131  132
  132  133
  133  134
  134  135
  135  136
  136  137
  137  138
  138  139
  139  140
  140  141
  141  142
  142  143
  143  144
  145  146
  146  147
  147  148
  148  149
  149  150
  150  151
  151  152
  152  153
  153  154
  154  155
  155  156
  156  157
  157  158
  158  159
  159  160
  160  161
  161  162
  162  163
  163  164
  164  165
  165  166
  166  167
  167  168
  169  170
  170  171
  171  172
  172  173
  173  174
  174  175
  175  176
  176  177
  177  178
  178  179
  179  180
  180  181
  181  182
  182  183
  183  184
  184  185
  185  186
  186  187
  187  188
  188  189
  189  190
  190  191
  191  192
