 Title = "ADflow Slice Data"
Variables =  "CoordinateX"  "CoordinateY"  "CoordinateZ"  "XoC"  "YoC"  "ZoC" "VelocityX" "VelocityY" "VelocityZ" "CoefPressure" "Mach" 
Zone T= "Slice_0001 None Absolute Regular z = 0.50000000"
 Nodes =          192  Elements=          184  ZONETYPE=FELINESEG
 DATAPACKING=POINT
  5.560760E-01 -1.893962E-02  5.000000E-01  5.616895E-01 -1.895729E-02  0.000000E+00  1.504578E-02  1.097191E-03 -5.144308E-19 -1.686131E-01  0.000000E+00
  5.770550E-01 -1.737535E-02  5.000000E-01  5.828802E-01 -1.737724E-02  0.000000E+00  1.468092E-02  1.130666E-03 -2.362310E-18 -1.381832E-01  0.000000E+00
  5.977760E-01 -1.573286E-02  5.000000E-01  6.038104E-01 -1.571816E-02  0.000000E+00  1.432677E-02  1.179714E-03 -2.969136E-18 -1.165268E-01  0.000000E+00
  6.181820E-01 -1.398922E-02  5.000000E-01  6.244224E-01 -1.395692E-02  0.000000E+00  1.384689E-02  1.235278E-03 -2.738965E-18 -9.795339E-02  0.000000E+00
  6.382180E-01 -1.212092E-02  5.000000E-01  6.446607E-01 -1.206976E-02  0.000000E+00  1.316399E-02  1.282758E-03 -1.528766E-18 -7.573650E-02  0.000000E+00
  6.578350E-01 -1.011766E-02  5.000000E-01  6.644757E-01 -1.004628E-02  0.000000E+00  1.227483E-02  1.305473E-03  2.452086E-19 -4.553666E-02  0.000000E+00
  6.769910E-01 -7.989448E-03  5.000000E-01  6.838251E-01 -7.896583E-03  0.000000E+00  1.122575E-02  1.292955E-03  1.857718E-19 -7.187146E-03  0.000000E+00
  6.956490E-01 -5.756212E-03  5.000000E-01  7.026714E-01 -5.640803E-03  0.000000E+00  1.007890E-02  1.241775E-03 -6.664099E-19  3.653901E-02  0.000000E+00
  7.137810E-01 -3.451683E-03  5.000000E-01  7.209864E-01 -3.313011E-03  0.000000E+00  8.891812E-03  1.153057E-03 -9.025237E-19  8.241989E-02  0.000000E+00
  7.313660E-01 -1.120799E-03  5.000000E-01  7.387490E-01 -9.585965E-04  0.000000E+00  7.707419E-03  1.034791E-03 -1.313219E-18  1.278520E-01  0.000000E+00
  7.483850E-01  1.196702E-03  5.000000E-01  7.559398E-01  1.382298E-03  0.000000E+00  6.561038E-03  9.011555E-04 -1.357174E-18  1.711232E-01  0.000000E+00
  7.648220E-01  3.475077E-03  5.000000E-01  7.725427E-01  3.683673E-03  0.000000E+00  5.497812E-03  7.665309E-04  4.334814E-19  2.113298E-01  0.000000E+00
  7.806630E-01  5.696707E-03  5.000000E-01  7.885436E-01  5.927729E-03  0.000000E+00  4.587155E-03  6.365935E-04  2.603690E-19  2.488074E-01  0.000000E+00
  7.958970E-01  7.793637E-03  5.000000E-01  8.039314E-01  8.045828E-03  0.000000E+00  3.921423E-03  5.109407E-04 -1.090891E-18  2.851081E-01  0.000000E+00
  8.105170E-01  9.582260E-03  5.000000E-01  8.186990E-01  9.852506E-03  0.000000E+00  3.562858E-03  3.973108E-04 -8.137133E-19  3.175402E-01  0.000000E+00
  8.245160E-01  1.097085E-02  5.000000E-01  8.328393E-01  1.125511E-02  0.000000E+00  3.498454E-03  3.031402E-04 -1.297141E-18  3.407501E-01  0.000000E+00
  8.378940E-01  1.195744E-02  5.000000E-01  8.463523E-01  1.225166E-02  0.000000E+00  3.667230E-03  2.235879E-04 -3.817883E-19  3.542290E-01  0.000000E+00
  8.506490E-01  1.258450E-02  5.000000E-01  8.592361E-01  1.288505E-02  0.000000E+00  4.003310E-03  1.495037E-04 -4.277898E-20  3.609400E-01  0.000000E+00
  8.627850E-01  1.291060E-02  5.000000E-01  8.714946E-01  1.321445E-02  0.000000E+00  4.452562E-03  7.366109E-05 -7.532296E-19  3.634129E-01  0.000000E+00
  8.743060E-01  1.299547E-02  5.000000E-01  8.831319E-01  1.330017E-02  0.000000E+00  4.971341E-03 -7.859276E-06 -1.756933E-19  3.627890E-01  0.000000E+00
  8.852170E-01  1.289083E-02  5.000000E-01  8.941530E-01  1.319448E-02  0.000000E+00  5.525341E-03 -9.646406E-05  9.555951E-20  3.597060E-01  0.000000E+00
  8.955250E-01  1.263774E-02  5.000000E-01  9.045651E-01  1.293883E-02  0.000000E+00  6.090475E-03 -1.921642E-04  7.976288E-20  3.546876E-01  0.000000E+00
  9.052400E-01  1.226920E-02  5.000000E-01  9.143782E-01  1.256657E-02  0.000000E+00  6.653423E-03 -2.949399E-04  6.887170E-19  3.481410E-01  0.000000E+00
  9.143710E-01  1.181090E-02  5.000000E-01  9.236013E-01  1.210365E-02  0.000000E+00  7.212959E-03 -4.075788E-04  1.534506E-18  3.404977E-01  0.000000E+00
  9.143710E-01  1.181090E-02  5.000000E-01  9.236013E-01  1.210365E-02  0.000000E+00  7.212959E-03 -4.075788E-04  1.534506E-18  3.404977E-01  0.000000E+00
  9.229270E-01  1.127778E-02  5.000000E-01  9.322437E-01  1.156514E-02  0.000000E+00  7.779382E-03 -5.356208E-04  5.128622E-19  3.319968E-01  0.000000E+00
  9.309180E-01  1.067913E-02  5.000000E-01  9.403154E-01  1.096045E-02  0.000000E+00  8.370047E-03 -6.843472E-04 -8.355381E-19  3.223865E-01  0.000000E+00
  9.383550E-01  1.002362E-02  5.000000E-01  9.478274E-01  1.029832E-02  0.000000E+00  9.005652E-03 -8.587036E-04 -5.278537E-19  3.112029E-01  0.000000E+00
  9.452490E-01  9.320056E-03  5.000000E-01  9.547910E-01  9.587656E-03  0.000000E+00  9.709781E-03 -1.065453E-03  1.561236E-19  2.980626E-01  0.000000E+00
  9.516100E-01  8.576904E-03  5.000000E-01  9.612163E-01  8.837001E-03  0.000000E+00  1.050900E-02 -1.313237E-03  1.809980E-18  2.825670E-01  0.000000E+00
  9.574470E-01  7.803711E-03  5.000000E-01  9.671122E-01  8.056003E-03  0.000000E+00  1.143104E-02 -1.610960E-03  2.041727E-18  2.641163E-01  0.000000E+00
  9.627730E-01  7.011751E-03  5.000000E-01  9.724919E-01  7.256048E-03  0.000000E+00  1.250418E-02 -1.968163E-03 -6.110042E-18  2.420246E-01  0.000000E+00
  9.675950E-01  6.214489E-03  5.000000E-01  9.773626E-01  6.450739E-03  0.000000E+00  1.375962E-02 -2.394434E-03 -2.274031E-17  2.155722E-01  0.000000E+00
  9.719240E-01  5.427059E-03  5.000000E-01  9.817353E-01  5.655360E-03  0.000000E+00  1.523799E-02 -2.900082E-03 -2.361281E-17  1.839321E-01  0.000000E+00
  9.757700E-01  4.665901E-03  5.000000E-01  9.856201E-01  4.886518E-03  0.000000E+00  1.700298E-02 -3.501557E-03  4.917945E-17  1.462734E-01  0.000000E+00
  9.791410E-01  3.947562E-03  5.000000E-01  9.890252E-01  4.160928E-03  0.000000E+00  1.915418E-02 -4.224423E-03  2.308347E-16  1.016960E-01  0.000000E+00
  9.820450E-01  3.287968E-03  5.000000E-01  9.919585E-01  3.494675E-03  0.000000E+00  2.181003E-02 -5.100140E-03  3.095302E-16  4.885632E-02  0.000000E+00
  9.844890E-01  2.701901E-03  5.000000E-01  9.944272E-01  2.902693E-03  0.000000E+00  2.503488E-02 -6.153083E-03 -4.444267E-16 -1.395242E-02  0.000000E+00
  9.864800E-01  2.202690E-03  5.000000E-01  9.964383E-01  2.398441E-03  0.000000E+00  2.875739E-02 -7.338706E-03 -2.822749E-15 -8.717751E-02  0.000000E+00
  9.880230E-01  1.802068E-03  5.000000E-01  9.979968E-01  1.993776E-03  0.000000E+00  3.246466E-02 -8.458697E-03 -4.865351E-15 -1.777932E-01  0.000000E+00
  9.891220E-01  1.509290E-03  5.000000E-01  9.991069E-01  1.698042E-03  0.000000E+00  3.593717E-02 -9.744065E-03  4.218905E-15 -2.866303E-01  0.000000E+00
  9.897810E-01  1.330906E-03  5.000000E-01  9.997726E-01  1.517857E-03  0.000000E+00  5.277284E-02 -1.246338E-02  4.094279E-14 -3.054562E-01  0.000000E+00
  9.900000E-01  1.271023E-03  5.000000E-01  9.999938E-01  1.457370E-03  0.000000E+00  3.650092E-02 -2.272643E-03  4.480657E-14 -6.802570E-01  0.000000E+00
  9.900000E-01  1.680526E-03  5.000000E-01  9.999938E-01  1.871007E-03  0.000000E+00  2.127631E-03 -7.784763E-03  3.787789E-14 -9.796838E-01  0.000000E+00
  9.900000E-01  2.090029E-03  5.000000E-01  9.999938E-01  2.284643E-03  0.000000E+00 -5.416035E-04 -2.193151E-02  6.924042E-14 -8.244544E-01  0.000000E+00
  9.900000E-01  2.499531E-03  5.000000E-01  9.999938E-01  2.698280E-03  0.000000E+00 -1.402223E-04 -1.348516E-02  9.531180E-14 -7.967936E-01  0.000000E+00
  9.900000E-01  2.909019E-03  5.000000E-01  9.999938E-01  3.111901E-03  0.000000E+00  3.202438E-04 -8.313444E-03  1.142112E-13 -8.267862E-01  0.000000E+00
  9.900000E-01  3.318522E-03  5.000000E-01  9.999938E-01  3.525538E-03  0.000000E+00  4.472737E-03 -6.760263E-03  1.280178E-13 -7.914974E-01  0.000000E+00
  9.900000E-01  3.318522E-03  5.000000E-01  9.999938E-01  3.525538E-03  0.000000E+00  4.472737E-03 -6.760263E-03  1.280178E-13 -7.914974E-01  0.000000E+00
  9.897980E-01  3.422671E-03  5.000000E-01  9.997897E-01  3.630738E-03  0.000000E+00  5.442587E-03 -3.344600E-03  1.200914E-13 -7.432469E-01  0.000000E+00
  9.891900E-01  3.735114E-03  5.000000E-01  9.991756E-01  3.946335E-03  0.000000E+00  1.132132E-03 -5.183220E-04  8.514038E-14 -7.513000E-01  0.000000E+00
  9.881780E-01  4.255163E-03  5.000000E-01  9.981534E-01  4.471634E-03  0.000000E+00 -1.262266E-03  6.512441E-04  4.670248E-14 -7.583808E-01  0.000000E+00
  9.867570E-01  4.981517E-03  5.000000E-01  9.967180E-01  5.205321E-03  0.000000E+00 -2.627080E-03  1.327769E-03  1.897077E-14 -7.652297E-01  0.000000E+00
  9.849260E-01  5.910660E-03  5.000000E-01  9.948686E-01  6.143843E-03  0.000000E+00 -3.236546E-03  1.632237E-03  4.483509E-15 -7.750375E-01  0.000000E+00
  9.826810E-01  7.036105E-03  5.000000E-01  9.926009E-01  7.280648E-03  0.000000E+00 -3.243322E-03  1.615434E-03 -7.392161E-16 -7.842303E-01  0.000000E+00
  9.800160E-01  8.348108E-03  5.000000E-01  9.899090E-01  8.605896E-03  0.000000E+00 -2.935522E-03  1.430762E-03 -1.490816E-15 -7.898516E-01  0.000000E+00
  9.769240E-01  9.832593E-03  5.000000E-01  9.867858E-01  1.010537E-02  0.000000E+00 -2.610541E-03  1.233284E-03 -9.062100E-16 -7.920360E-01  0.000000E+00
  9.733970E-01  1.146841E-02  5.000000E-01  9.832232E-01  1.175770E-02  0.000000E+00 -2.455364E-03  1.111381E-03 -3.299498E-16 -7.927845E-01  0.000000E+00
  9.694240E-01  1.322907E-02  5.000000E-01  9.792101E-01  1.353613E-02  0.000000E+00 -2.529008E-03  1.088952E-03 -5.004877E-17 -7.940223E-01  0.000000E+00
  9.649940E-01  1.508783E-02  5.000000E-01  9.747354E-01  1.541365E-02  0.000000E+00 -2.828345E-03  1.158859E-03  2.622427E-17 -7.954239E-01  0.000000E+00
  9.600960E-01  1.702449E-02  5.000000E-01  9.697879E-01  1.736987E-02  0.000000E+00 -3.345165E-03  1.291534E-03  2.460690E-17 -7.959001E-01  0.000000E+00
  9.547180E-01  1.901889E-02  5.000000E-01  9.643556E-01  1.938439E-02  0.000000E+00 -3.938996E-03  1.402719E-03  1.073750E-17 -8.034958E-01  0.000000E+00
  9.488510E-01  2.105161E-02  5.000000E-01  9.584294E-01  2.143764E-02  0.000000E+00 -4.029351E-03  1.314083E-03  3.441676E-18 -8.417392E-01  0.000000E+00
  9.424820E-01  2.310742E-02  5.000000E-01  9.519961E-01  2.351420E-02  0.000000E+00 -2.457024E-03  7.517037E-04  3.632563E-18 -9.290709E-01  0.000000E+00
  9.356020E-01  2.517580E-02  5.000000E-01  9.450467E-01  2.560346E-02  0.000000E+00  2.044090E-03 -5.448022E-04  1.078016E-17 -1.046287E+00  0.000000E+00
  9.282010E-01  2.725058E-02  5.000000E-01  9.375709E-01  2.769918E-02  0.000000E+00  9.409288E-03 -2.463609E-03  2.263524E-17 -1.143619E+00  0.000000E+00
  9.202710E-01  2.932663E-02  5.000000E-01  9.295609E-01  2.979619E-02  0.000000E+00  1.716688E-02 -4.280821E-03  3.400446E-17 -1.187412E+00  0.000000E+00
  9.118010E-01  3.139173E-02  5.000000E-01  9.210054E-01  3.188213E-02  0.000000E+00  2.229902E-02 -5.228842E-03  3.807870E-17 -1.183705E+00  0.000000E+00
  9.027810E-01  3.342980E-02  5.000000E-01  9.118943E-01  3.394078E-02  0.000000E+00  2.407545E-02 -5.237750E-03  3.277191E-17 -1.156524E+00  0.000000E+00
  8.932000E-01  3.542507E-02  5.000000E-01  9.022166E-01  3.595619E-02  0.000000E+00  2.387157E-02 -4.767901E-03  2.450568E-17 -1.122451E+00  0.000000E+00
  8.830490E-01  3.735922E-02  5.000000E-01  8.919631E-01  3.790986E-02  0.000000E+00  2.317697E-02 -4.211912E-03  1.803982E-17 -1.087008E+00  0.000000E+00
  8.723190E-01  3.921126E-02  5.000000E-01  8.811248E-01  3.978060E-02  0.000000E+00  2.264163E-02 -3.705054E-03  1.325147E-17 -1.050873E+00  0.000000E+00
  8.723190E-01  3.921126E-02  5.000000E-01  8.811248E-01  3.978060E-02  0.000000E+00  2.264163E-02 -3.705054E-03  1.325147E-17 -1.050873E+00  0.000000E+00
  8.610010E-01  4.096045E-02  5.000000E-01  8.696926E-01  4.154745E-02  0.000000E+00  2.229317E-02 -3.245706E-03  1.103179E-17 -1.013817E+00  0.000000E+00
  8.490890E-01  4.258754E-02  5.000000E-01  8.576603E-01  4.319096E-02  0.000000E+00  2.197159E-02 -2.808413E-03  1.017437E-17 -9.759182E-01  0.000000E+00
  8.365770E-01  4.407665E-02  5.000000E-01  8.450220E-01  4.469510E-02  0.000000E+00  2.155804E-02 -2.388711E-03  9.694520E-18 -9.381316E-01  0.000000E+00
  8.234620E-01  4.542141E-02  5.000000E-01  8.317746E-01  4.605344E-02  0.000000E+00  2.102399E-02 -2.005873E-03  9.645839E-18 -9.027185E-01  0.000000E+00
  8.097400E-01  4.663127E-02  5.000000E-01  8.179141E-01  4.727551E-02  0.000000E+00  2.040382E-02 -1.694296E-03  9.812879E-18 -8.735427E-01  0.000000E+00
  7.954150E-01  4.774343E-02  5.000000E-01  8.034445E-01  4.839890E-02  0.000000E+00  1.976354E-02 -1.495483E-03  1.016544E-17 -8.555979E-01  0.000000E+00
  7.804870E-01  4.883650E-02  5.000000E-01  7.883658E-01  4.950300E-02  0.000000E+00  1.920715E-02 -1.436715E-03  9.939395E-18 -8.523443E-01  0.000000E+00
  7.649630E-01  5.001896E-02  5.000000E-01  7.726851E-01  5.069740E-02  0.000000E+00  1.889431E-02 -1.489775E-03  7.611110E-18 -8.613904E-01  0.000000E+00
  7.488530E-01  5.133435E-02  5.000000E-01  7.564125E-01  5.202607E-02  0.000000E+00  1.892160E-02 -1.603007E-03  3.036322E-18 -8.770447E-01  0.000000E+00
  7.321700E-01  5.279956E-02  5.000000E-01  7.395611E-01  5.350607E-02  0.000000E+00  1.923182E-02 -1.751365E-03 -1.433322E-18 -8.953353E-01  0.000000E+00
  7.149290E-01  5.442432E-02  5.000000E-01  7.221460E-01  5.514723E-02  0.000000E+00  1.970336E-02 -1.916345E-03 -5.670275E-18 -9.134528E-01  0.000000E+00
  6.971500E-01  5.620553E-02  5.000000E-01  7.041876E-01  5.694643E-02  0.000000E+00  2.023547E-02 -2.072948E-03 -1.102010E-17 -9.288063E-01  0.000000E+00
  6.788570E-01  5.812042E-02  5.000000E-01  6.857099E-01  5.888065E-02  0.000000E+00  2.077583E-02 -2.189797E-03 -1.558922E-17 -9.387933E-01  0.000000E+00
  6.600760E-01  6.011584E-02  5.000000E-01  6.667393E-01  6.089620E-02  0.000000E+00  2.129355E-02 -2.239311E-03 -1.830517E-17 -9.416165E-01  0.000000E+00
  6.408370E-01  6.212019E-02  5.000000E-01  6.473061E-01  6.292079E-02  0.000000E+00  2.174023E-02 -2.219052E-03 -1.991294E-17 -9.377501E-01  0.000000E+00
  6.211780E-01  6.408545E-02  5.000000E-01  6.274486E-01  6.490589E-02  0.000000E+00  2.208466E-02 -2.143549E-03 -2.028667E-17 -9.288936E-01  0.000000E+00
  6.011430E-01  6.597223E-02  5.000000E-01  6.072114E-01  6.681172E-02  0.000000E+00  2.234409E-02 -2.024210E-03 -1.793857E-17 -9.162610E-01  0.000000E+00
  5.807790E-01  6.774450E-02  5.000000E-01  5.866418E-01  6.860187E-02  0.000000E+00  2.254852E-02 -1.872313E-03 -1.462956E-17 -9.008161E-01  0.000000E+00
  5.601410E-01  6.937625E-02  5.000000E-01  5.657955E-01  7.025009E-02  0.000000E+00  2.272388E-02 -1.696728E-03 -1.375659E-17 -8.832623E-01  0.000000E+00
  5.392850E-01  7.084276E-02  5.000000E-01  5.447290E-01  7.173141E-02  0.000000E+00  2.288447E-02 -1.504260E-03 -1.205263E-17 -8.642325E-01  0.000000E+00
  5.182680E-01  7.212820E-02  5.000000E-01  5.234998E-01  7.302983E-02  0.000000E+00  2.302957E-02 -1.305766E-03 -9.662598E-18 -8.446991E-01  0.000000E+00
  4.971500E-01  7.323124E-02  5.000000E-01  5.021686E-01  7.414400E-02  0.000000E+00  2.316606E-02 -1.108353E-03 -8.260749E-18 -8.253420E-01  0.000000E+00
  4.759900E-01  7.415108E-02  5.000000E-01  4.807950E-01  7.507312E-02  0.000000E+00  2.331007E-02 -9.121170E-04 -8.404580E-18 -8.062798E-01  0.000000E+00
  2.733630E-06 -4.855599E-04  5.000000E-01  2.813636E-06 -3.169451E-04  0.000000E+00  4.685985E-04 -1.840468E-02 -2.457279E-19  1.096928E+00  0.000000E+00
  4.455870E-05 -1.426522E-03  5.000000E-01  4.506092E-05 -1.267406E-03  0.000000E+00  2.258608E-03 -2.190494E-02  2.682299E-17  1.067600E+00  0.000000E+00
  2.731490E-04 -2.958956E-03  5.000000E-01  2.759588E-04 -2.815309E-03  0.000000E+00  6.592632E-03 -2.485944E-02  4.045654E-17  9.467897E-01  0.000000E+00
  9.950900E-04 -4.913691E-03  5.000000E-01  1.005188E-03 -4.789777E-03  0.000000E+00  1.277681E-02 -2.521933E-02  4.170850E-17  7.369752E-01  0.000000E+00
  2.349870E-03 -6.988572E-03  5.000000E-01  2.373644E-03 -6.885603E-03  0.000000E+00  1.846792E-02 -2.401671E-02  3.817897E-17  5.278143E-01  0.000000E+00
  4.254460E-03 -9.116796E-03  5.000000E-01  4.297460E-03 -9.035311E-03  0.000000E+00  2.308401E-02 -2.270168E-02  2.536869E-17  3.564333E-01  0.000000E+00
  6.687140E-03 -1.123975E-02  5.000000E-01  6.754697E-03 -1.117969E-02  0.000000E+00  2.708495E-02 -2.121584E-02  5.096106E-18  1.937346E-01  0.000000E+00
  9.634000E-03 -1.331988E-02  5.000000E-01  9.731305E-03 -1.328082E-02  0.000000E+00  3.034929E-02 -1.921545E-02 -7.800517E-18  2.841472E-02  0.000000E+00
  1.310530E-02 -1.528959E-02  5.000000E-01  1.323765E-02 -1.527041E-02  0.000000E+00  3.258105E-02 -1.656261E-02 -2.013532E-18 -1.354947E-01  0.000000E+00
  1.710810E-02 -1.709715E-02  5.000000E-01  1.728085E-02 -1.709623E-02  0.000000E+00  3.384670E-02 -1.378885E-02  2.338339E-17 -2.755918E-01  0.000000E+00
  2.163760E-02 -1.874317E-02  5.000000E-01  2.185608E-02 -1.875886E-02  0.000000E+00  3.453640E-02 -1.137178E-02  5.578571E-17 -3.825115E-01  0.000000E+00
  2.669190E-02 -2.023732E-02  5.000000E-01  2.696140E-02 -2.026810E-02  0.000000E+00  3.479525E-02 -9.238438E-03  7.852997E-17 -4.687321E-01  0.000000E+00
  3.228310E-02 -2.155546E-02  5.000000E-01  3.260904E-02 -2.159954E-02  0.000000E+00  3.458164E-02 -7.265352E-03  8.844841E-17 -5.439406E-01  0.000000E+00
  3.842170E-02 -2.268553E-02  5.000000E-01  3.880961E-02 -2.274101E-02  0.000000E+00  3.397865E-02 -5.528914E-03  8.981427E-17 -6.070945E-01  0.000000E+00
  4.511710E-02 -2.362828E-02  5.000000E-01  4.557260E-02 -2.369329E-02  0.000000E+00  3.311457E-02 -4.075076E-03  8.576297E-17 -6.569318E-01  0.000000E+00
  5.237940E-02 -2.438906E-02  5.000000E-01  5.290821E-02 -2.446175E-02  0.000000E+00  3.211162E-02 -2.908614E-03  7.745821E-17 -6.930466E-01  0.000000E+00
  6.021800E-02 -2.498356E-02  5.000000E-01  6.082593E-02 -2.506225E-02  0.000000E+00  3.108824E-02 -2.021650E-03  6.648541E-17 -7.153892E-01  0.000000E+00
  6.864140E-02 -2.543705E-02  5.000000E-01  6.933437E-02 -2.552031E-02  0.000000E+00  3.009518E-02 -1.369833E-03  5.526895E-17 -7.255724E-01  0.000000E+00
  7.765990E-02 -2.577056E-02  5.000000E-01  7.844390E-02 -2.585719E-02  0.000000E+00  2.911782E-02 -9.022084E-04  4.480334E-17 -7.254037E-01  0.000000E+00
  8.728340E-02 -2.600924E-02  5.000000E-01  8.816455E-02 -2.609828E-02  0.000000E+00  2.810605E-02 -5.918226E-04  3.686898E-17 -7.152525E-01  0.000000E+00
  9.752070E-02 -2.618532E-02  5.000000E-01  9.850519E-02 -2.627613E-02  0.000000E+00  2.693566E-02 -4.123878E-04  3.058245E-17 -6.950679E-01  0.000000E+00
  1.083810E-01 -2.633075E-02  5.000000E-01  1.094751E-01 -2.642304E-02  0.000000E+00  2.544825E-02 -3.371239E-04  2.509546E-17 -6.642064E-01  0.000000E+00
  1.198710E-01 -2.648133E-02  5.000000E-01  1.210811E-01 -2.657513E-02  0.000000E+00  2.359143E-02 -3.444639E-04  1.951830E-17 -6.208791E-01  0.000000E+00
  1.319970E-01 -2.667694E-02  5.000000E-01  1.333295E-01 -2.677272E-02  0.000000E+00  2.154931E-02 -4.085691E-04  1.378722E-17 -5.633531E-01  0.000000E+00
  1.319970E-01 -2.667694E-02  5.000000E-01  1.333295E-01 -2.677272E-02  0.000000E+00  2.154931E-02 -4.085691E-04  1.378722E-17 -5.633531E-01  0.000000E+00
  1.447640E-01 -2.695506E-02  5.000000E-01  1.462254E-01 -2.705364E-02  0.000000E+00  1.975904E-02 -5.073874E-04  9.714265E-18 -4.921990E-01  0.000000E+00
  1.581750E-01 -2.735009E-02  5.000000E-01  1.597718E-01 -2.745266E-02  0.000000E+00  1.871738E-02 -6.314190E-04  6.474236E-18 -4.138095E-01  0.000000E+00
  1.722290E-01 -2.788253E-02  5.000000E-01  1.739676E-01 -2.799048E-02  0.000000E+00  1.867593E-02 -7.700554E-04  4.039847E-18 -3.425209E-01  0.000000E+00
  1.869240E-01 -2.853934E-02  5.000000E-01  1.888110E-01 -2.865392E-02  0.000000E+00  1.948552E-02 -8.790085E-04  2.750595E-18 -2.967588E-01  0.000000E+00
  2.022540E-01 -2.924822E-02  5.000000E-01  2.042957E-01 -2.936995E-02  0.000000E+00  2.068491E-02 -8.555511E-04  2.762726E-18 -2.902018E-01  0.000000E+00
  2.182110E-01 -2.984653E-02  5.000000E-01  2.204138E-01 -2.997430E-02  0.000000E+00  2.178562E-02 -6.417059E-04  3.092142E-18 -3.194072E-01  0.000000E+00
  2.347810E-01 -3.020712E-02  5.000000E-01  2.371511E-01 -3.033854E-02  0.000000E+00  2.249388E-02 -3.206564E-04  1.388098E-18 -3.631734E-01  0.000000E+00
  2.519470E-01 -3.031979E-02  5.000000E-01  2.544904E-01 -3.045235E-02  0.000000E+00  2.264361E-02  3.541587E-06  1.113027E-18 -4.008989E-01  0.000000E+00
  2.696890E-01 -3.019299E-02  5.000000E-01  2.724115E-01 -3.032427E-02  0.000000E+00  2.218211E-02  2.780904E-04  1.615264E-18 -4.217032E-01  0.000000E+00
  2.879810E-01 -2.985766E-02  5.000000E-01  2.908881E-01 -2.998554E-02  0.000000E+00  2.127767E-02  4.635304E-04  6.690802E-19 -4.209112E-01  0.000000E+00
  3.067920E-01 -2.937475E-02  5.000000E-01  3.098890E-01 -2.949776E-02  0.000000E+00  2.028043E-02  5.405983E-04  1.177572E-19 -3.994323E-01  0.000000E+00
  3.260870E-01 -2.883514E-02  5.000000E-01  3.293788E-01 -2.895271E-02  0.000000E+00  1.954782E-02  5.202499E-04 -6.127255E-19 -3.643871E-01  0.000000E+00
  3.458260E-01 -2.833779E-02  5.000000E-01  3.493171E-01 -2.845033E-02  0.000000E+00  1.923115E-02  4.635026E-04 -6.324067E-20 -3.295339E-01  0.000000E+00
  3.659650E-01 -2.788234E-02  5.000000E-01  3.696594E-01 -2.799028E-02  0.000000E+00  1.925813E-02  4.391354E-04  1.261469E-18 -3.077262E-01  0.000000E+00
  3.864540E-01 -2.741784E-02  5.000000E-01  3.903552E-01 -2.752109E-02  0.000000E+00  1.946331E-02  4.696347E-04  2.400779E-18 -3.022547E-01  0.000000E+00
  4.072410E-01 -2.688919E-02  5.000000E-01  4.113520E-01 -2.698711E-02  0.000000E+00  1.963936E-02  5.533922E-04  3.623967E-18 -3.085906E-01  0.000000E+00
  4.282690E-01 -2.624060E-02  5.000000E-01  4.325923E-01 -2.633197E-02  0.000000E+00  1.956712E-02  6.820534E-04  1.064385E-18 -3.189080E-01  0.000000E+00
  4.494800E-01 -2.541455E-02  5.000000E-01  4.540174E-01 -2.549759E-02  0.000000E+00  1.910998E-02  8.269472E-04 -2.581277E-18 -3.239264E-01  0.000000E+00
  4.708130E-01 -2.439108E-02  5.000000E-01  4.755658E-01 -2.446378E-02  0.000000E+00  1.829955E-02  9.439421E-04 -2.278478E-18 -3.151447E-01  0.000000E+00
  4.922030E-01 -2.320025E-02  5.000000E-01  4.971717E-01 -2.326094E-02  0.000000E+00  1.730517E-02  1.015090E-03 -1.586565E-18 -2.896464E-01  0.000000E+00
  5.135860E-01 -2.187472E-02  5.000000E-01  5.187705E-01 -2.192202E-02  0.000000E+00  1.633980E-02  1.053508E-03 -1.252450E-18 -2.514096E-01  0.000000E+00
  5.348990E-01 -2.044418E-02  5.000000E-01  5.402987E-01 -2.047704E-02  0.000000E+00  1.557069E-02  1.076056E-03  6.674274E-21 -2.082474E-01  0.000000E+00
  5.560760E-01 -1.893962E-02  5.000000E-01  5.616895E-01 -1.895729E-02  0.000000E+00  1.504578E-02  1.097191E-03 -5.144308E-19 -1.686131E-01  0.000000E+00
  4.759900E-01  7.415108E-02  5.000000E-01  4.807950E-01  7.507312E-02  0.000000E+00  2.331007E-02 -9.121170E-04 -8.404580E-18 -8.062798E-01  0.000000E+00
  4.548480E-01  7.488673E-02  5.000000E-01  4.594396E-01  7.581620E-02  0.000000E+00  2.346912E-02 -7.167256E-04 -8.713553E-18 -7.874734E-01  0.000000E+00
  4.337860E-01  7.544016E-02  5.000000E-01  4.381650E-01  7.637522E-02  0.000000E+00  2.364482E-02 -5.189080E-04 -8.058575E-18 -7.685067E-01  0.000000E+00
  4.128620E-01  7.580937E-02  5.000000E-01  4.170298E-01  7.674815E-02  0.000000E+00  2.383874E-02 -3.070781E-04 -7.623185E-18 -7.482449E-01  0.000000E+00
  3.921340E-01  7.597893E-02  5.000000E-01  3.960925E-01  7.691943E-02  0.000000E+00  2.403710E-02 -7.024444E-05 -7.737722E-18 -7.255105E-01  0.000000E+00
  3.716590E-01  7.593235E-02  5.000000E-01  3.754108E-01  7.687238E-02  0.000000E+00  2.420896E-02  1.950103E-04 -7.906238E-18 -6.996725E-01  0.000000E+00
  3.514890E-01  7.565458E-02  5.000000E-01  3.550372E-01  7.659180E-02  0.000000E+00  2.432356E-02  4.874884E-04 -7.493234E-18 -6.705994E-01  0.000000E+00
  3.316730E-01  7.513454E-02  5.000000E-01  3.350212E-01  7.606651E-02  0.000000E+00  2.435546E-02  7.996231E-04 -6.119932E-18 -6.389200E-01  0.000000E+00
  3.122580E-01  7.436931E-02  5.000000E-01  3.154102E-01  7.529356E-02  0.000000E+00  2.428018E-02  1.109817E-03 -5.087950E-18 -6.065367E-01  0.000000E+00
  2.932850E-01  7.338110E-02  5.000000E-01  2.962457E-01  7.429538E-02  0.000000E+00  2.409347E-02  1.395949E-03 -4.828328E-18 -5.756451E-01  0.000000E+00
  2.747930E-01  7.219970E-02  5.000000E-01  2.775670E-01  7.310205E-02  0.000000E+00  2.382392E-02  1.653088E-03 -4.814437E-18 -5.473580E-01  0.000000E+00
  2.568150E-01  7.085197E-02  5.000000E-01  2.594075E-01  7.174071E-02  0.000000E+00  2.350972E-02  1.886269E-03 -4.469262E-18 -5.219756E-01  0.000000E+00
  2.393810E-01  6.936066E-02  5.000000E-01  2.417975E-01  7.023435E-02  0.000000E+00  2.318518E-02  2.103418E-03 -3.693419E-18 -4.997181E-01  0.000000E+00
  2.225160E-01  6.774435E-02  5.000000E-01  2.247623E-01  6.860172E-02  0.000000E+00  2.287776E-02  2.310374E-03 -3.442299E-18 -4.818117E-01  0.000000E+00
  2.062420E-01  6.601737E-02  5.000000E-01  2.083240E-01  6.685731E-02  0.000000E+00  2.259037E-02  2.478806E-03 -2.204081E-18 -4.731033E-01  0.000000E+00
  1.905750E-01  6.423637E-02  5.000000E-01  1.924988E-01  6.505833E-02  0.000000E+00  2.234375E-02  2.551891E-03 -9.226535E-19 -4.808728E-01  0.000000E+00
  1.755290E-01  6.250489E-02  5.000000E-01  1.773010E-01  6.330937E-02  0.000000E+00  2.228494E-02  2.549319E-03 -8.555189E-20 -5.057488E-01  0.000000E+00
  1.611160E-01  6.086555E-02  5.000000E-01  1.627425E-01  6.165348E-02  0.000000E+00  2.259569E-02  2.552611E-03  6.025133E-19 -5.407315E-01  0.000000E+00
  1.473410E-01  5.932119E-02  5.000000E-01  1.488284E-01  6.009353E-02  0.000000E+00  2.331347E-02  2.610310E-03  2.607777E-19 -5.781517E-01  0.000000E+00
  1.342110E-01  5.785455E-02  5.000000E-01  1.355659E-01  5.861209E-02  0.000000E+00  2.432358E-02  2.737647E-03 -9.164336E-20 -6.124911E-01  0.000000E+00
  1.217280E-01  5.644023E-02  5.000000E-01  1.229569E-01  5.718349E-02  0.000000E+00  2.544873E-02  2.934637E-03  1.072928E-18 -6.410822E-01  0.000000E+00
  1.098910E-01  5.505264E-02  5.000000E-01  1.110004E-01  5.578189E-02  0.000000E+00  2.655583E-02  3.206881E-03  3.446449E-18 -6.629248E-01  0.000000E+00
  9.869950E-02  5.366302E-02  5.000000E-01  9.969589E-02  5.437825E-02  0.000000E+00  2.759447E-02  3.569727E-03  6.041692E-18 -6.776549E-01  0.000000E+00
  8.814970E-02  5.224496E-02  5.000000E-01  8.903960E-02  5.294588E-02  0.000000E+00  2.857870E-02  4.049150E-03  1.021495E-17 -6.848108E-01  0.000000E+00
  8.814970E-02  5.224496E-02  5.000000E-01  8.903960E-02  5.294588E-02  0.000000E+00  2.857870E-02  4.049150E-03  1.021495E-17 -6.848108E-01  0.000000E+00
  7.823720E-02  5.077080E-02  5.000000E-01  7.902703E-02  5.145683E-02  0.000000E+00  2.954906E-02  4.688067E-03  1.562272E-17 -6.831033E-01  0.000000E+00
  6.895800E-02  4.920911E-02  5.000000E-01  6.965416E-02  4.987938E-02  0.000000E+00  3.051737E-02  5.528458E-03  1.924349E-17 -6.710279E-01  0.000000E+00
  6.030560E-02  4.753366E-02  5.000000E-01  6.091442E-02  4.818701E-02  0.000000E+00  3.146789E-02  6.624713E-03  2.042253E-17 -6.461175E-01  0.000000E+00
  5.227560E-02  4.571195E-02  5.000000E-01  5.280336E-02  4.634692E-02  0.000000E+00  3.234156E-02  8.038028E-03  1.869408E-17 -6.048583E-01  0.000000E+00
  4.486350E-02  4.371313E-02  5.000000E-01  4.531644E-02  4.432791E-02  0.000000E+00  3.299741E-02  9.789603E-03  1.459966E-17 -5.442201E-01  0.000000E+00
  3.806240E-02  4.151499E-02  5.000000E-01  3.844668E-02  4.210758E-02  0.000000E+00  3.325048E-02  1.187695E-02  6.622755E-18 -4.603234E-01  0.000000E+00
  3.186880E-02  3.909301E-02  5.000000E-01  3.219056E-02  3.966116E-02  0.000000E+00  3.285700E-02  1.420812E-02 -1.835001E-18 -3.499733E-01  0.000000E+00
  2.627530E-02  3.643758E-02  5.000000E-01  2.654059E-02  3.697892E-02  0.000000E+00  3.156275E-02  1.655754E-02 -5.088871E-18 -2.123941E-01  0.000000E+00
  2.127350E-02  3.355107E-02  5.000000E-01  2.148830E-02  3.406328E-02  0.000000E+00  2.924193E-02  1.865037E-02 -6.407673E-18 -4.763944E-02  0.000000E+00
  1.685790E-02  3.044066E-02  5.000000E-01  1.702813E-02  3.092146E-02  0.000000E+00  2.594313E-02  2.012977E-02 -9.168697E-18  1.387348E-01  0.000000E+00
  1.301460E-02  2.714145E-02  5.000000E-01  1.314603E-02  2.758895E-02  0.000000E+00  2.192455E-02  2.070527E-02 -1.526244E-17  3.371354E-01  0.000000E+00
  9.730790E-03  2.369880E-02  5.000000E-01  9.829072E-03  2.411155E-02  0.000000E+00  1.758642E-02  2.030697E-02 -2.373563E-17  5.385032E-01  0.000000E+00
  6.996180E-03  2.016766E-02  5.000000E-01  7.066857E-03  2.054476E-02  0.000000E+00  1.333544E-02  1.891512E-02 -2.751469E-17  7.278223E-01  0.000000E+00
  4.781010E-03  1.663951E-02  5.000000E-01  4.829325E-03  1.698100E-02  0.000000E+00  9.485257E-03  1.662395E-02 -2.282237E-17  8.914936E-01  0.000000E+00
  3.054950E-03  1.320985E-02  5.000000E-01  3.085841E-03  1.351671E-02  0.000000E+00  6.194622E-03  1.364893E-02 -1.819550E-17  1.024934E+00  0.000000E+00
  1.789910E-03  9.973813E-03  5.000000E-01  1.808031E-03  1.024801E-02  0.000000E+00  3.552377E-03  1.011998E-02 -1.840626E-17  1.123531E+00  0.000000E+00
  9.331870E-04  7.040469E-03  5.000000E-01  9.426596E-04  7.285056E-03  0.000000E+00  1.620716E-03  6.118979E-03 -1.854061E-17  1.183564E+00  0.000000E+00
  4.085430E-04  4.518315E-03  5.000000E-01  4.127195E-04  4.737442E-03  0.000000E+00  3.812064E-04  1.735348E-03 -2.114594E-17  1.207881E+00  0.000000E+00
  1.354760E-04  2.494625E-03  5.000000E-01  1.368960E-04  2.693324E-03  0.000000E+00 -2.396332E-04 -2.993594E-03 -3.029776E-17  1.204191E+00  0.000000E+00
  2.683130E-05  1.021542E-03  5.000000E-01  2.715456E-05  1.205370E-03  0.000000E+00 -3.441029E-04 -8.061209E-03 -3.986956E-17  1.180844E+00  0.000000E+00
  1.320070E-06  1.277019E-04  5.000000E-01  1.385807E-06  3.025074E-04  0.000000E+00 -2.077564E-04 -1.298616E-02 -4.115988E-17  1.140486E+00  0.000000E+00
 -5.188750E-08 -1.717823E-04  5.000000E-01  0.000000E+00  0.000000E+00  0.000000E+00 -4.372783E-05 -1.611176E-02 -2.721109E-17  1.105521E+00  0.000000E+00
  2.733630E-06 -4.855599E-04  5.000000E-01  2.813636E-06 -3.169451E-04  0.000000E+00  4.685985E-04 -1.840468E-02 -2.457279E-19  1.096928E+00  0.000000E+00
    1    2
    2    3
    3    4
    4    5
    5    6
    6    7
    7    8
    8    9
    9   10
   10   11
   11   12
   12   13
   13   14
   14   15
   15   16
   16   17
   17   18
   18   19
   19   20
   20   21
   21   22
   22   23
   23   24
   25   26
   26   27
   27   28
   28   29
   29   30
   30   31
   31   32
   32   33
   33   34
   34   35
   35   36
   36   37
   37   38
   38   39
   39   40
   40   41
   41   42
   42   43
   43   44
   44   45
   45   46
   46   47
   47   48
   49   50
   50   51
   51   52
   52   53
   53   54
   54   55
   55   56
   56   57
   57   58
   58   59
   59   60
   60   61
   61   62
   62   63
   63   64
   64   65
   65   66
   66   67
   67   68
   68   69
   69   70
   70   71
   71   72
   73   74
   74   75
   75   76
   76   77
   77   78
   78   79
   79   80
   80   81
   81   82
   82   83
   83   84
   84   85
   85   86
   86   87
   87   88
   88   89
   89   90
   90   91
   91   92
   92   93
   93   94
   94   95
   95   96
   97   98
   98   99
   99  100
  100  101
  101  102
  102  103
  103  104
  104  105
  105  106
  106  107
  107  108
  108  109
  109  110
  110  111
  111  112
  112  113
  113  114
  114  115
  115  116
  116  117
  117  118
  118  119
  119  120
  121  122
  122  123
  123  124
  124  125
  125  126
  126  127
  127  128
  128  129
  129  130
  130  131
  131  132
  132  133
  133  134
  134  135
  135  136
  136  137
  137  138
  138  139
  139  140
  140  141
  141  142
  142  143
  143  144
  145  146
  146  147
  147  148
  148  149
  149  150
  150  151
  151  152
  152  153
  153  154
  154  155
  155  156
  156  157
  157  158
  158  159
  159  160
  160  161
  161  162
  162  163
  163  164
  164  165
  165  166
  166  167
  167  168
  169  170
  170  171
  171  172
  172  173
  173  174
  174  175
  175  176
  176  177
  177  178
  178  179
  179  180
  180  181
  181  182
  182  183
  183  184
  184  185
  185  186
  186  187
  187  188
  188  189
  189  190
  190  191
  191  192
