 Title = "ADflow Slice Data"
Variables =  "CoordinateX"  "CoordinateY"  "CoordinateZ"  "XoC"  "YoC"  "ZoC" "VelocityX" "VelocityY" "VelocityZ" "CoefPressure" "Mach" 
Zone T= "Slice_0001 None Absolute Regular z = 0.50000000"
 Nodes =          192  Elements=          184  ZONETYPE=FELINESEG
 DATAPACKING=POINT
  5.560760E-01 -1.893906E-02  5.000000E-01  5.616895E-01 -1.895663E-02  0.000000E+00  1.505887E-02  1.097846E-03  2.909896E-18 -1.686594E-01  0.000000E+00
  5.770550E-01 -1.737515E-02  5.000000E-01  5.828802E-01 -1.737693E-02  0.000000E+00  1.469303E-02  1.131262E-03  2.062526E-18 -1.384567E-01  0.000000E+00
  5.977760E-01 -1.573313E-02  5.000000E-01  6.038104E-01 -1.571834E-02  0.000000E+00  1.433683E-02  1.180134E-03  1.734277E-18 -1.167839E-01  0.000000E+00
  6.181820E-01 -1.399020E-02  5.000000E-01  6.244224E-01 -1.395781E-02  0.000000E+00  1.385600E-02  1.235545E-03  2.331060E-18 -9.810054E-02  0.000000E+00
  6.382180E-01 -1.212289E-02  5.000000E-01  6.446607E-01 -1.207165E-02  0.000000E+00  1.317414E-02  1.282993E-03  8.002870E-19 -7.581827E-02  0.000000E+00
  6.578350E-01 -1.012101E-02  5.000000E-01  6.644757E-01 -1.004956E-02  0.000000E+00  1.228757E-02  1.305861E-03  1.373628E-18 -4.565010E-02  0.000000E+00
  6.769910E-01 -7.994549E-03  5.000000E-01  6.838251E-01 -7.901635E-03  0.000000E+00  1.124120E-02  1.293754E-03  1.158741E-18 -7.410695E-03  0.000000E+00
  6.956490E-01 -5.762883E-03  5.000000E-01  7.026714E-01 -5.647441E-03  0.000000E+00  1.009558E-02  1.243186E-03 -1.606086E-18  3.618549E-02  0.000000E+00
  7.137810E-01 -3.459065E-03  5.000000E-01  7.209864E-01 -3.320367E-03  0.000000E+00  8.907213E-03  1.155012E-03 -2.177473E-18  8.198518E-02  0.000000E+00
  7.313660E-01 -1.127510E-03  5.000000E-01  7.387490E-01 -9.652754E-04  0.000000E+00  7.718856E-03  1.036979E-03 -1.106569E-18  1.274206E-01  0.000000E+00
  7.483850E-01  1.192397E-03  5.000000E-01  7.559398E-01  1.378050E-03  0.000000E+00  6.566371E-03  9.031806E-04 -2.760915E-18  1.707735E-01  0.000000E+00
  7.648220E-01  3.475106E-03  5.000000E-01  7.725427E-01  3.683802E-03  0.000000E+00  5.495812E-03  7.680398E-04 -3.067082E-18  2.111118E-01  0.000000E+00
  7.806630E-01  5.703056E-03  5.000000E-01  7.885436E-01  5.934243E-03  0.000000E+00  4.577592E-03  6.373507E-04  2.415217E-19  2.487462E-01  0.000000E+00
  7.958970E-01  7.807953E-03  5.000000E-01  8.039314E-01  8.060388E-03  0.000000E+00  3.904931E-03  5.109562E-04  2.096476E-18  2.852192E-01  0.000000E+00
  8.105170E-01  9.604973E-03  5.000000E-01  8.186990E-01  9.875548E-03  0.000000E+00  3.540511E-03  3.968890E-04  1.098576E-18  3.178189E-01  0.000000E+00
  8.245160E-01  1.100144E-02  5.000000E-01  8.328393E-01  1.128612E-02  0.000000E+00  3.471264E-03  3.026844E-04 -9.752423E-21  3.411687E-01  0.000000E+00
  8.378940E-01  1.199487E-02  5.000000E-01  8.463523E-01  1.228957E-02  0.000000E+00  3.635931E-03  2.234007E-04 -5.943326E-20  3.547651E-01  0.000000E+00
  8.506490E-01  1.262749E-02  5.000000E-01  8.592361E-01  1.292857E-02  0.000000E+00  3.968458E-03  1.497333E-04  1.682881E-19  3.615879E-01  0.000000E+00
  8.627850E-01  1.295778E-02  5.000000E-01  8.714946E-01  1.326220E-02  0.000000E+00  4.414707E-03  7.431953E-05  6.124240E-19  3.641731E-01  0.000000E+00
  8.743060E-01  1.304549E-02  5.000000E-01  8.831319E-01  1.335079E-02  0.000000E+00  4.931119E-03 -6.856040E-06  1.118877E-18  3.636577E-01  0.000000E+00
  8.852170E-01  1.294242E-02  5.000000E-01  8.941530E-01  1.324669E-02  0.000000E+00  5.483479E-03 -9.525536E-05  9.614656E-19  3.606730E-01  0.000000E+00
  8.955250E-01  1.268973E-02  5.000000E-01  9.045651E-01  1.299145E-02  0.000000E+00  6.047757E-03 -1.909176E-04  5.149126E-19  3.557381E-01  0.000000E+00
  9.052400E-01  1.232057E-02  5.000000E-01  9.143782E-01  1.261856E-02  0.000000E+00  6.610641E-03 -2.938335E-04  9.875152E-19  3.492573E-01  0.000000E+00
  9.143710E-01  1.186075E-02  5.000000E-01  9.236013E-01  1.215410E-02  0.000000E+00  7.170852E-03 -4.067776E-04  9.850519E-19  3.416606E-01  0.000000E+00
  9.143710E-01  1.186075E-02  5.000000E-01  9.236013E-01  1.215410E-02  0.000000E+00  7.170852E-03 -4.067776E-04  9.850519E-19  3.416606E-01  0.000000E+00
  9.229270E-01  1.132536E-02  5.000000E-01  9.322437E-01  1.161330E-02  0.000000E+00  7.738576E-03 -5.352669E-04 -6.020535E-19  3.331871E-01  0.000000E+00
  9.309180E-01  1.072382E-02  5.000000E-01  9.403154E-01  1.100568E-02  0.000000E+00  8.331032E-03 -6.845745E-04 -1.174895E-18  3.235869E-01  0.000000E+00
  9.383550E-01  1.006495E-02  5.000000E-01  9.478274E-01  1.034017E-02  0.000000E+00  8.968782E-03 -8.596492E-04 -5.913713E-19  3.123992E-01  0.000000E+00
  9.452490E-01  9.357686E-03  5.000000E-01  9.547910E-01  9.625765E-03  0.000000E+00  9.675282E-03 -1.067262E-03 -2.445603E-19  2.992430E-01  0.000000E+00
  9.516100E-01  8.610631E-03  5.000000E-01  9.612162E-01  8.871169E-03  0.000000E+00  1.047698E-02 -1.316067E-03  4.967847E-19  2.837222E-01  0.000000E+00
  9.574470E-01  7.833447E-03  5.000000E-01  9.671122E-01  8.086139E-03  0.000000E+00  1.140153E-02 -1.614989E-03  5.157943E-19  2.652388E-01  0.000000E+00
  9.627730E-01  7.037512E-03  5.000000E-01  9.724919E-01  7.282169E-03  0.000000E+00  1.247713E-02 -1.973597E-03 -2.682530E-19  2.431087E-01  0.000000E+00
  9.675950E-01  6.236386E-03  5.000000E-01  9.773626E-01  6.472957E-03  0.000000E+00  1.373496E-02 -2.401511E-03 -1.549285E-18  2.166138E-01  0.000000E+00
  9.719240E-01  5.445281E-03  5.000000E-01  9.817353E-01  5.673866E-03  0.000000E+00  1.521563E-02 -2.909086E-03 -1.265600E-18  1.849272E-01  0.000000E+00
  9.757700E-01  4.680703E-03  5.000000E-01  9.856201E-01  4.901570E-03  0.000000E+00  1.698290E-02 -3.512841E-03  5.347644E-18  1.472179E-01  0.000000E+00
  9.791410E-01  3.959254E-03  5.000000E-01  9.890252E-01  4.172837E-03  0.000000E+00  1.913642E-02 -4.238463E-03  1.469127E-17  1.025851E-01  0.000000E+00
  9.820450E-01  3.296899E-03  5.000000E-01  9.919585E-01  3.503796E-03  0.000000E+00  2.179490E-02 -5.117594E-03 -1.498839E-18  4.968375E-02  0.000000E+00
  9.844890E-01  2.708455E-03  5.000000E-01  9.944271E-01  2.909412E-03  0.000000E+00  2.502321E-02 -6.174806E-03 -1.193763E-16 -1.319617E-02  0.000000E+00
  9.864800E-01  2.207272E-03  5.000000E-01  9.964382E-01  2.403170E-03  0.000000E+00  2.875065E-02 -7.365648E-03 -3.909633E-16 -8.651060E-02  0.000000E+00
  9.880230E-01  1.805102E-03  5.000000E-01  9.979968E-01  1.996940E-03  0.000000E+00  3.246456E-02 -8.491468E-03 -4.513159E-16 -1.772455E-01  0.000000E+00
  9.891220E-01  1.511211E-03  5.000000E-01  9.991069E-01  1.700082E-03  0.000000E+00  3.594375E-02 -9.782153E-03  1.334874E-15 -2.862174E-01  0.000000E+00
  9.897810E-01  1.332155E-03  5.000000E-01  9.997726E-01  1.519219E-03  0.000000E+00  5.276575E-02 -1.251340E-02  7.565048E-15 -3.052639E-01  0.000000E+00
  9.900000E-01  1.272049E-03  5.000000E-01  9.999938E-01  1.458505E-03  0.000000E+00  3.649182E-02 -2.302571E-03  1.468832E-14 -6.804006E-01  0.000000E+00
  9.900000E-01  1.681557E-03  5.000000E-01  9.999938E-01  1.872148E-03  0.000000E+00  2.130364E-03 -7.783656E-03  3.571582E-14 -9.800600E-01  0.000000E+00
  9.900000E-01  2.091066E-03  5.000000E-01  9.999938E-01  2.285790E-03  0.000000E+00 -5.417653E-04 -2.192551E-02  6.971622E-14 -8.248686E-01  0.000000E+00
  9.900000E-01  2.500574E-03  5.000000E-01  9.999938E-01  2.699433E-03  0.000000E+00 -1.407607E-04 -1.347237E-02  9.634863E-14 -7.972205E-01  0.000000E+00
  9.900000E-01  2.910068E-03  5.000000E-01  9.999938E-01  3.113060E-03  0.000000E+00  3.207825E-04 -8.307566E-03  1.148746E-13 -8.273174E-01  0.000000E+00
  9.900000E-01  3.319577E-03  5.000000E-01  9.999938E-01  3.526703E-03  0.000000E+00  4.488567E-03 -6.775680E-03  1.282895E-13 -7.920204E-01  0.000000E+00
  9.900000E-01  3.319577E-03  5.000000E-01  9.999938E-01  3.526703E-03  0.000000E+00  4.488567E-03 -6.775680E-03  1.282895E-13 -7.920204E-01  0.000000E+00
  9.897980E-01  3.423939E-03  5.000000E-01  9.997897E-01  3.632118E-03  0.000000E+00  5.472760E-03 -3.366912E-03  1.203098E-13 -7.436821E-01  0.000000E+00
  9.891900E-01  3.737022E-03  5.000000E-01  9.991756E-01  3.948362E-03  0.000000E+00  1.162074E-03 -5.346991E-04  8.542825E-14 -7.516903E-01  0.000000E+00
  9.881780E-01  4.258138E-03  5.000000E-01  9.981534E-01  4.474739E-03  0.000000E+00 -1.235905E-03  6.389999E-04  4.698347E-14 -7.586752E-01  0.000000E+00
  9.867570E-01  4.985991E-03  5.000000E-01  9.967180E-01  5.209939E-03  0.000000E+00 -2.608032E-03  1.320746E-03  1.916936E-14 -7.654461E-01  0.000000E+00
  9.849260E-01  5.917062E-03  5.000000E-01  9.948686E-01  6.150409E-03  0.000000E+00 -3.225861E-03  1.630206E-03  4.582694E-15 -7.752294E-01  0.000000E+00
  9.826810E-01  7.044869E-03  5.000000E-01  9.926009E-01  7.289601E-03  0.000000E+00 -3.239187E-03  1.616763E-03 -7.103168E-16 -7.844442E-01  0.000000E+00
  9.800160E-01  8.359669E-03  5.000000E-01  9.899090E-01  8.617674E-03  0.000000E+00 -2.934535E-03  1.433356E-03 -1.493968E-15 -7.901107E-01  0.000000E+00
  9.769240E-01  9.847385E-03  5.000000E-01  9.867858E-01  1.012041E-02  0.000000E+00 -2.609323E-03  1.235474E-03 -9.158007E-16 -7.923338E-01  0.000000E+00
  9.733970E-01  1.148686E-02  5.000000E-01  9.832232E-01  1.177644E-02  0.000000E+00 -2.451847E-03  1.112368E-03 -3.357296E-16 -7.930917E-01  0.000000E+00
  9.694240E-01  1.325159E-02  5.000000E-01  9.792101E-01  1.355897E-02  0.000000E+00 -2.522509E-03  1.088598E-03 -5.088048E-17 -7.943244E-01  0.000000E+00
  9.649940E-01  1.511480E-02  5.000000E-01  9.747354E-01  1.544100E-02  0.000000E+00 -2.818309E-03  1.157343E-03  2.788218E-17 -7.957577E-01  0.000000E+00
  9.600960E-01  1.705627E-02  5.000000E-01  9.697879E-01  1.740206E-02  0.000000E+00 -3.331897E-03  1.289828E-03  2.619316E-17 -7.962259E-01  0.000000E+00
  9.547180E-01  1.905576E-02  5.000000E-01  9.643556E-01  1.942174E-02  0.000000E+00 -3.929549E-03  1.403602E-03  1.142020E-17 -8.034382E-01  0.000000E+00
  9.488510E-01  2.109381E-02  5.000000E-01  9.584294E-01  2.148036E-02  0.000000E+00 -4.044042E-03  1.322713E-03  3.652276E-18 -8.407148E-01  0.000000E+00
  9.424820E-01  2.315507E-02  5.000000E-01  9.519961E-01  2.356243E-02  0.000000E+00 -2.525651E-03  7.741431E-04  3.440696E-18 -9.270484E-01  0.000000E+00
  9.356020E-01  2.522894E-02  5.000000E-01  9.450467E-01  2.565723E-02  0.000000E+00  1.905800E-03 -5.074507E-04  9.815719E-18 -1.044188E+00  0.000000E+00
  9.282010E-01  2.730910E-02  5.000000E-01  9.375709E-01  2.775840E-02  0.000000E+00  9.232524E-03 -2.421950E-03  2.189341E-17 -1.142488E+00  0.000000E+00
  9.202710E-01  2.939029E-02  5.000000E-01  9.295609E-01  2.986059E-02  0.000000E+00  1.702637E-02 -4.254130E-03  3.465191E-17 -1.187442E+00  0.000000E+00
  9.118010E-01  3.146008E-02  5.000000E-01  9.210054E-01  3.195127E-02  0.000000E+00  2.224283E-02 -5.225872E-03  3.905630E-17 -1.184375E+00  0.000000E+00
  9.027810E-01  3.350219E-02  5.000000E-01  9.118943E-01  3.401400E-02  0.000000E+00  2.408647E-02 -5.249367E-03  3.341532E-17 -1.157291E+00  0.000000E+00
  8.932000E-01  3.550059E-02  5.000000E-01  9.022166E-01  3.603257E-02  0.000000E+00  2.390955E-02 -4.781745E-03  2.491968E-17 -1.123046E+00  0.000000E+00
  8.830490E-01  3.743664E-02  5.000000E-01  8.919631E-01  3.798817E-02  0.000000E+00  2.321613E-02 -4.221649E-03  1.835743E-17 -1.087326E+00  0.000000E+00
  8.723190E-01  3.928901E-02  5.000000E-01  8.811248E-01  3.985924E-02  0.000000E+00  2.267409E-02 -3.709144E-03  1.482240E-17 -1.050856E+00  0.000000E+00
  8.723190E-01  3.928901E-02  5.000000E-01  8.811248E-01  3.985924E-02  0.000000E+00  2.267409E-02 -3.709144E-03  1.482240E-17 -1.050856E+00  0.000000E+00
  8.610010E-01  4.103659E-02  5.000000E-01  8.696926E-01  4.162446E-02  0.000000E+00  2.231862E-02 -3.244119E-03  1.258112E-17 -1.013408E+00  0.000000E+00
  8.490890E-01  4.265970E-02  5.000000E-01  8.576603E-01  4.326395E-02  0.000000E+00  2.199005E-02 -2.801250E-03  1.091468E-17 -9.750567E-01  0.000000E+00
  8.365770E-01  4.414212E-02  5.000000E-01  8.450220E-01  4.476134E-02  0.000000E+00  2.156790E-02 -2.376138E-03  1.032908E-17 -9.367708E-01  0.000000E+00
  8.234620E-01  4.547724E-02  5.000000E-01  8.317746E-01  4.610994E-02  0.000000E+00  2.102272E-02 -1.988476E-03  1.000438E-17 -9.008556E-01  0.000000E+00
  8.097400E-01  4.667459E-02  5.000000E-01  8.179141E-01  4.731937E-02  0.000000E+00  2.038928E-02 -1.673388E-03  9.648094E-18 -8.712672E-01  0.000000E+00
  7.954150E-01  4.777203E-02  5.000000E-01  8.034445E-01  4.842789E-02  0.000000E+00  1.973494E-02 -1.473234E-03  9.485795E-18 -8.531335E-01  0.000000E+00
  7.804870E-01  4.884987E-02  5.000000E-01  7.883658E-01  4.951661E-02  0.000000E+00  1.916615E-02 -1.415797E-03  8.321138E-18 -8.500230E-01  0.000000E+00
  7.649630E-01  5.001918E-02  5.000000E-01  7.726851E-01  5.069773E-02  0.000000E+00  1.884635E-02 -1.472153E-03  6.423465E-18 -8.595030E-01  0.000000E+00
  7.488530E-01  5.132461E-02  5.000000E-01  7.564125E-01  5.201633E-02  0.000000E+00  1.887469E-02 -1.589594E-03  2.808664E-18 -8.757408E-01  0.000000E+00
  7.321700E-01  5.278344E-02  5.000000E-01  7.395611E-01  5.348989E-02  0.000000E+00  1.919292E-02 -1.742713E-03 -2.652077E-18 -8.946488E-01  0.000000E+00
  7.149290E-01  5.440555E-02  5.000000E-01  7.221460E-01  5.512837E-02  0.000000E+00  1.967619E-02 -1.912642E-03 -8.303029E-18 -9.133266E-01  0.000000E+00
  6.971500E-01  5.618752E-02  5.000000E-01  7.041876E-01  5.692833E-02  0.000000E+00  2.022054E-02 -2.073672E-03 -1.302369E-17 -9.291066E-01  0.000000E+00
  6.788570E-01  5.810570E-02  5.000000E-01  6.857099E-01  5.886588E-02  0.000000E+00  2.077161E-02 -2.193548E-03 -1.587500E-17 -9.393313E-01  0.000000E+00
  6.600760E-01  6.010541E-02  5.000000E-01  6.667393E-01  6.088577E-02  0.000000E+00  2.129730E-02 -2.244111E-03 -1.907338E-17 -9.421956E-01  0.000000E+00
  6.408370E-01  6.211337E-02  5.000000E-01  6.473061E-01  6.291400E-02  0.000000E+00  2.174792E-02 -2.223362E-03 -2.084474E-17 -9.382456E-01  0.000000E+00
  6.211780E-01  6.408127E-02  5.000000E-01  6.274486E-01  6.490177E-02  0.000000E+00  2.209228E-02 -2.146779E-03 -1.980638E-17 -9.292728E-01  0.000000E+00
  6.011430E-01  6.596985E-02  5.000000E-01  6.072114E-01  6.680941E-02  0.000000E+00  2.234948E-02 -2.026320E-03 -1.820690E-17 -9.165356E-01  0.000000E+00
  5.807790E-01  6.774322E-02  5.000000E-01  5.866418E-01  6.860068E-02  0.000000E+00  2.255140E-02 -1.873522E-03 -1.580893E-17 -9.010121E-01  0.000000E+00
  5.601410E-01  6.937561E-02  5.000000E-01  5.657955E-01  7.024955E-02  0.000000E+00  2.272487E-02 -1.697366E-03 -1.389017E-17 -8.834086E-01  0.000000E+00
  5.392850E-01  7.084251E-02  5.000000E-01  5.447290E-01  7.173125E-02  0.000000E+00  2.288439E-02 -1.504621E-03 -1.285057E-17 -8.643527E-01  0.000000E+00
  5.182680E-01  7.212823E-02  5.000000E-01  5.234998E-01  7.302996E-02  0.000000E+00  2.302911E-02 -1.306017E-03 -1.145406E-17 -8.448074E-01  0.000000E+00
  4.971500E-01  7.323149E-02  5.000000E-01  5.021686E-01  7.414436E-02  0.000000E+00  2.316564E-02 -1.108577E-03 -1.016210E-17 -8.254462E-01  0.000000E+00
  4.759900E-01  7.415155E-02  5.000000E-01  4.807950E-01  7.507370E-02  0.000000E+00  2.330983E-02 -9.123695E-04 -9.110638E-18 -8.063862E-01  0.000000E+00
  2.733630E-06 -4.858430E-04  5.000000E-01  2.813636E-06 -3.171314E-04  0.000000E+00  4.680444E-04 -1.839415E-02  9.227794E-19  1.096975E+00  0.000000E+00
  4.455870E-05 -1.427358E-03  5.000000E-01  4.506092E-05 -1.268150E-03  0.000000E+00  2.256139E-03 -2.189356E-02  2.823344E-17  1.067655E+00  0.000000E+00
  2.731490E-04 -2.960687E-03  5.000000E-01  2.759588E-04 -2.816958E-03  0.000000E+00  6.586475E-03 -2.484957E-02  4.103803E-17  9.469027E-01  0.000000E+00
  9.950900E-04 -4.916541E-03  5.000000E-01  1.005188E-03 -4.792556E-03  0.000000E+00  1.276791E-02 -2.521481E-02  3.932868E-17  7.371568E-01  0.000000E+00
  2.349870E-03 -6.992559E-03  5.000000E-01  2.373644E-03 -6.889531E-03  0.000000E+00  1.845986E-02 -2.401842E-02  3.610036E-17  5.279896E-01  0.000000E+00
  4.254460E-03 -9.121874E-03  5.000000E-01  4.297460E-03 -9.040340E-03  0.000000E+00  2.307916E-02 -2.270776E-02  2.597263E-17  3.565255E-01  0.000000E+00
  6.687140E-03 -1.124581E-02  5.000000E-01  6.754697E-03 -1.118572E-02  0.000000E+00  2.708386E-02 -2.122411E-02  5.955606E-18  1.937101E-01  0.000000E+00
  9.634000E-03 -1.332679E-02  5.000000E-01  9.731305E-03 -1.328770E-02  0.000000E+00  3.035166E-02 -1.922398E-02 -6.503296E-18  2.826084E-02  0.000000E+00
  1.310530E-02 -1.529715E-02  5.000000E-01  1.323765E-02 -1.527795E-02  0.000000E+00  3.258602E-02 -1.656980E-02 -6.237638E-19 -1.357791E-01  0.000000E+00
  1.710810E-02 -1.710513E-02  5.000000E-01  1.728085E-02 -1.710419E-02  0.000000E+00  3.385309E-02 -1.379388E-02  2.332339E-17 -2.759930E-01  0.000000E+00
  2.163760E-02 -1.875133E-02  5.000000E-01  2.185608E-02 -1.876700E-02  0.000000E+00  3.454314E-02 -1.137455E-02  5.548543E-17 -3.830047E-01  0.000000E+00
  2.669190E-02 -2.024544E-02  5.000000E-01  2.696140E-02 -2.027620E-02  0.000000E+00  3.480150E-02 -9.239120E-03  7.835210E-17 -4.692922E-01  0.000000E+00
  3.228310E-02 -2.156331E-02  5.000000E-01  3.260904E-02 -2.160737E-02  0.000000E+00  3.458679E-02 -7.264248E-03  8.789394E-17 -5.445449E-01  0.000000E+00
  3.842170E-02 -2.269289E-02  5.000000E-01  3.880961E-02 -2.274835E-02  0.000000E+00  3.398240E-02 -5.526481E-03  8.961284E-17 -6.077216E-01  0.000000E+00
  4.511710E-02 -2.363497E-02  5.000000E-01  4.557259E-02 -2.369994E-02  0.000000E+00  3.311689E-02 -4.071810E-03  8.591852E-17 -6.575637E-01  0.000000E+00
  5.237940E-02 -2.439492E-02  5.000000E-01  5.290821E-02 -2.446756E-02  0.000000E+00  3.211270E-02 -2.904955E-03  7.769167E-17 -6.936682E-01  0.000000E+00
  6.021800E-02 -2.498848E-02  5.000000E-01  6.082593E-02 -2.506711E-02  0.000000E+00  3.108838E-02 -2.017958E-03  6.653108E-17 -7.159880E-01  0.000000E+00
  6.864140E-02 -2.544096E-02  5.000000E-01  6.933437E-02 -2.552416E-02  0.000000E+00  3.009477E-02 -1.366378E-03  5.508767E-17 -7.261369E-01  0.000000E+00
  7.765990E-02 -2.577348E-02  5.000000E-01  7.844390E-02 -2.586004E-02  0.000000E+00  2.911710E-02 -8.991894E-04  4.456073E-17 -7.259227E-01  0.000000E+00
  8.728340E-02 -2.601125E-02  5.000000E-01  8.816455E-02 -2.610020E-02  0.000000E+00  2.810482E-02 -5.893845E-04  3.555571E-17 -7.157135E-01  0.000000E+00
  9.752070E-02 -2.618655E-02  5.000000E-01  9.850519E-02 -2.627728E-02  0.000000E+00  2.693287E-02 -4.106373E-04  2.910929E-17 -6.954549E-01  0.000000E+00
  1.083810E-01 -2.633143E-02  5.000000E-01  1.094751E-01 -2.642363E-02  0.000000E+00  2.544207E-02 -3.361190E-04  2.361984E-17 -6.644969E-01  0.000000E+00
  1.198710E-01 -2.648177E-02  5.000000E-01  1.210811E-01 -2.657547E-02  0.000000E+00  2.358000E-02 -3.441774E-04  1.819539E-17 -6.210396E-01  0.000000E+00
  1.319970E-01 -2.667753E-02  5.000000E-01  1.333295E-01 -2.677321E-02  0.000000E+00  2.153232E-02 -4.088741E-04  1.328344E-17 -5.633403E-01  0.000000E+00
  1.319970E-01 -2.667753E-02  5.000000E-01  1.333295E-01 -2.677321E-02  0.000000E+00  2.153232E-02 -4.088741E-04  1.328344E-17 -5.633403E-01  0.000000E+00
  1.447640E-01 -2.695624E-02  5.000000E-01  1.462254E-01 -2.705474E-02  0.000000E+00  1.973866E-02 -5.081332E-04  9.546356E-18 -4.919754E-01  0.000000E+00
  1.581750E-01 -2.735236E-02  5.000000E-01  1.597718E-01 -2.745486E-02  0.000000E+00  1.869780E-02 -6.325545E-04  7.171070E-18 -4.133779E-01  0.000000E+00
  1.722290E-01 -2.788635E-02  5.000000E-01  1.739676E-01 -2.799424E-02  0.000000E+00  1.866151E-02 -7.716551E-04  4.663201E-18 -3.419587E-01  0.000000E+00
  1.869240E-01 -2.854501E-02  5.000000E-01  1.888110E-01 -2.865955E-02  0.000000E+00  1.947932E-02 -8.810452E-04  1.594830E-18 -2.962204E-01  0.000000E+00
  2.022540E-01 -2.925565E-02  5.000000E-01  2.042957E-01 -2.937736E-02  0.000000E+00  2.068833E-02 -8.575012E-04  5.047479E-19 -2.898794E-01  0.000000E+00
  2.182110E-01 -2.985500E-02  5.000000E-01  2.204138E-01 -2.998276E-02  0.000000E+00  2.179876E-02 -6.426299E-04  1.232133E-18 -3.194583E-01  0.000000E+00
  2.347810E-01 -3.021541E-02  5.000000E-01  2.371511E-01 -3.034681E-02  0.000000E+00  2.251583E-02 -3.198622E-04  6.262474E-19 -3.636672E-01  0.000000E+00
  2.519470E-01 -3.032663E-02  5.000000E-01  2.544904E-01 -3.045915E-02  0.000000E+00  2.267182E-02  6.172453E-06  3.619864E-19 -4.018282E-01  0.000000E+00
  2.696890E-01 -3.019725E-02  5.000000E-01  2.724115E-01 -3.032846E-02  0.000000E+00  2.221204E-02  2.821499E-04  1.139367E-18 -4.230060E-01  0.000000E+00
  2.879810E-01 -2.985850E-02  5.000000E-01  2.908881E-01 -2.998629E-02  0.000000E+00  2.130407E-02  4.681577E-04  2.002689E-18 -4.224631E-01  0.000000E+00
  3.067920E-01 -2.937190E-02  5.000000E-01  3.098890E-01 -2.949478E-02  0.000000E+00  2.029933E-02  5.447480E-04  2.611400E-18 -4.010448E-01  0.000000E+00
  3.260870E-01 -2.882909E-02  5.000000E-01  3.293788E-01 -2.894649E-02  0.000000E+00  1.955730E-02  5.230463E-04  1.557251E-18 -3.658449E-01  0.000000E+00
  3.458260E-01 -2.832987E-02  5.000000E-01  3.493171E-01 -2.844224E-02  0.000000E+00  1.923015E-02  4.646301E-04  1.066025E-18 -3.306700E-01  0.000000E+00
  3.659650E-01 -2.787397E-02  5.000000E-01  3.696594E-01 -2.798173E-02  0.000000E+00  1.924530E-02  4.387827E-04  8.238330E-19 -3.084514E-01  0.000000E+00
  3.864540E-01 -2.741009E-02  5.000000E-01  3.903552E-01 -2.751317E-02  0.000000E+00  1.943756E-02  4.680837E-04 -2.058245E-18 -3.025112E-01  0.000000E+00
  4.072410E-01 -2.688277E-02  5.000000E-01  4.113520E-01 -2.698052E-02  0.000000E+00  1.960177E-02  5.509287E-04 -2.749242E-18 -3.083175E-01  0.000000E+00
  4.282690E-01 -2.623577E-02  5.000000E-01  4.325923E-01 -2.632699E-02  0.000000E+00  1.952266E-02  6.790797E-04 -2.359398E-19 -3.180685E-01  0.000000E+00
  4.494800E-01 -2.541114E-02  5.000000E-01  4.540174E-01 -2.549404E-02  0.000000E+00  1.906743E-02  8.240251E-04  8.440530E-19 -3.225829E-01  0.000000E+00
  4.708130E-01 -2.438870E-02  5.000000E-01  4.755658E-01 -2.446128E-02  0.000000E+00  1.826827E-02  9.416652E-04 -2.011892E-19 -3.135240E-01  0.000000E+00
  4.922030E-01 -2.319858E-02  5.000000E-01  4.971717E-01 -2.325914E-02  0.000000E+00  1.729038E-02  1.013838E-03 -5.887634E-19 -2.881190E-01  0.000000E+00
  5.135860E-01 -2.187352E-02  5.000000E-01  5.187705E-01 -2.192071E-02  0.000000E+00  1.634029E-02  1.053265E-03  7.349721E-19 -2.503379E-01  0.000000E+00
  5.348990E-01 -2.044332E-02  5.000000E-01  5.402987E-01 -2.047608E-02  0.000000E+00  1.558068E-02  1.076476E-03  1.470324E-18 -2.077916E-01  0.000000E+00
  5.560760E-01 -1.893906E-02  5.000000E-01  5.616895E-01 -1.895663E-02  0.000000E+00  1.505887E-02  1.097846E-03  2.909896E-18 -1.686594E-01  0.000000E+00
  4.759900E-01  7.415155E-02  5.000000E-01  4.807950E-01  7.507370E-02  0.000000E+00  2.330983E-02 -9.123695E-04 -9.110638E-18 -8.063862E-01  0.000000E+00
  4.548480E-01  7.488746E-02  5.000000E-01  4.594396E-01  7.581704E-02  0.000000E+00  2.346908E-02 -7.170548E-04 -8.581393E-18 -7.875869E-01  0.000000E+00
  4.337860E-01  7.544123E-02  5.000000E-01  4.381650E-01  7.637640E-02  0.000000E+00  2.364501E-02 -5.193272E-04 -7.614993E-18 -7.686287E-01  0.000000E+00
  4.128620E-01  7.581084E-02  5.000000E-01  4.170298E-01  7.674974E-02  0.000000E+00  2.383920E-02 -3.075174E-04 -7.403952E-18 -7.483685E-01  0.000000E+00
  3.921340E-01  7.598076E-02  5.000000E-01  3.960925E-01  7.692137E-02  0.000000E+00  2.403783E-02 -7.057219E-05 -7.835172E-18 -7.256218E-01  0.000000E+00
  3.716590E-01  7.593438E-02  5.000000E-01  3.754108E-01  7.687453E-02  0.000000E+00  2.420975E-02  1.949322E-04 -7.319682E-18 -6.997550E-01  0.000000E+00
  3.514890E-01  7.565655E-02  5.000000E-01  3.550372E-01  7.659390E-02  0.000000E+00  2.432406E-02  4.877841E-04 -7.142028E-18 -6.706365E-01  0.000000E+00
  3.316730E-01  7.513611E-02  5.000000E-01  3.350212E-01  7.606820E-02  0.000000E+00  2.435524E-02  8.003592E-04 -5.866018E-18 -6.389011E-01  0.000000E+00
  3.122580E-01  7.437009E-02  5.000000E-01  3.154102E-01  7.529445E-02  0.000000E+00  2.427870E-02  1.110874E-03 -4.266690E-18 -6.064688E-01  0.000000E+00
  2.932850E-01  7.338089E-02  5.000000E-01  2.962457E-01  7.429526E-02  0.000000E+00  2.409033E-02  1.397029E-03 -3.198889E-18 -5.755556E-01  0.000000E+00
  2.747930E-01  7.219850E-02  5.000000E-01  2.775670E-01  7.310094E-02  0.000000E+00  2.381914E-02  1.653904E-03 -2.778689E-18 -5.472827E-01  0.000000E+00
  2.568150E-01  7.084998E-02  5.000000E-01  2.594075E-01  7.173880E-02  0.000000E+00  2.350376E-02  1.886639E-03 -2.462149E-18 -5.219492E-01  0.000000E+00
  2.393810E-01  6.935818E-02  5.000000E-01  2.417975E-01  7.023194E-02  0.000000E+00  2.317876E-02  2.103269E-03 -2.255992E-18 -4.997691E-01  0.000000E+00
  2.225160E-01  6.774171E-02  5.000000E-01  2.247623E-01  6.859916E-02  0.000000E+00  2.287163E-02  2.309713E-03 -2.218322E-18 -4.819598E-01  0.000000E+00
  2.062420E-01  6.601494E-02  5.000000E-01  2.083240E-01  6.685496E-02  0.000000E+00  2.258513E-02  2.477689E-03 -1.769282E-18 -4.733573E-01  0.000000E+00
  1.905750E-01  6.423450E-02  5.000000E-01  1.924988E-01  6.505654E-02  0.000000E+00  2.233983E-02  2.550405E-03 -1.225352E-18 -4.812285E-01  0.000000E+00
  1.755290E-01  6.250389E-02  5.000000E-01  1.773010E-01  6.330846E-02  0.000000E+00  2.228254E-02  2.547542E-03 -1.249393E-18 -5.061901E-01  0.000000E+00
  1.611160E-01  6.086566E-02  5.000000E-01  1.627425E-01  6.165370E-02  0.000000E+00  2.259480E-02  2.550573E-03 -1.523020E-18 -5.412362E-01  0.000000E+00
  1.473410E-01  5.932260E-02  5.000000E-01  1.488284E-01  6.009506E-02  0.000000E+00  2.331377E-02  2.607987E-03 -7.528690E-19 -5.786995E-01  0.000000E+00
  1.342110E-01  5.785738E-02  5.000000E-01  1.355659E-01  5.861504E-02  0.000000E+00  2.432459E-02  2.734990E-03  1.628273E-18 -6.130684E-01  0.000000E+00
  1.217280E-01  5.644455E-02  5.000000E-01  1.229569E-01  5.718795E-02  0.000000E+00  2.544999E-02  2.931611E-03  3.566152E-18 -6.416819E-01  0.000000E+00
  1.098910E-01  5.505849E-02  5.000000E-01  1.110004E-01  5.578790E-02  0.000000E+00  2.655707E-02  3.203488E-03  4.174851E-18 -6.635437E-01  0.000000E+00
  9.869950E-02  5.367041E-02  5.000000E-01  9.969589E-02  5.438581E-02  0.000000E+00  2.759567E-02  3.566009E-03  6.462513E-18 -6.782912E-01  0.000000E+00
  8.814970E-02  5.225386E-02  5.000000E-01  8.903960E-02  5.295496E-02  0.000000E+00  2.857999E-02  4.045192E-03  1.080789E-17 -6.854625E-01  0.000000E+00
  8.814970E-02  5.225386E-02  5.000000E-01  8.903960E-02  5.295496E-02  0.000000E+00  2.857999E-02  4.045192E-03  1.080789E-17 -6.854625E-01  0.000000E+00
  7.823720E-02  5.078115E-02  5.000000E-01  7.902703E-02  5.146739E-02  0.000000E+00  2.955068E-02  4.683996E-03  1.546642E-17 -6.837673E-01  0.000000E+00
  6.895800E-02  4.922082E-02  5.000000E-01  6.965416E-02  4.989131E-02  0.000000E+00  3.051956E-02  5.524455E-03  1.885763E-17 -6.716994E-01  0.000000E+00
  6.030560E-02  4.754660E-02  5.000000E-01  6.091442E-02  4.820018E-02  0.000000E+00  3.147090E-02  6.621041E-03  2.064239E-17 -6.467893E-01  0.000000E+00
  5.227560E-02  4.572595E-02  5.000000E-01  5.280336E-02  4.636116E-02  0.000000E+00  3.234561E-02  8.035056E-03  1.989713E-17 -6.055201E-01  0.000000E+00
  4.486350E-02  4.372798E-02  5.000000E-01  4.531643E-02  4.434301E-02  0.000000E+00  3.300255E-02  9.787795E-03  1.685940E-17 -5.448575E-01  0.000000E+00
  3.806240E-02  4.153044E-02  5.000000E-01  3.844668E-02  4.212329E-02  0.000000E+00  3.325655E-02  1.187682E-02  8.669605E-18 -4.609173E-01  0.000000E+00
  3.186880E-02  3.910878E-02  5.000000E-01  3.219056E-02  3.967718E-02  0.000000E+00  3.286347E-02  1.421009E-02 -1.727131E-18 -3.505007E-01  0.000000E+00
  2.627530E-02  3.645334E-02  5.000000E-01  2.654059E-02  3.699494E-02  0.000000E+00  3.156872E-02  1.656167E-02 -5.924574E-18 -2.128306E-01  0.000000E+00
  2.127350E-02  3.356651E-02  5.000000E-01  2.148830E-02  3.407897E-02  0.000000E+00  2.924635E-02  1.865627E-02 -6.793663E-18 -4.796446E-02  0.000000E+00
  1.685790E-02  3.045542E-02  5.000000E-01  1.702813E-02  3.093648E-02  0.000000E+00  2.594515E-02  2.013646E-02 -9.819050E-18  1.385305E-01  0.000000E+00
  1.301460E-02  2.715522E-02  5.000000E-01  1.314603E-02  2.760296E-02  0.000000E+00  2.192380E-02  2.071138E-02 -1.665889E-17  3.370439E-01  0.000000E+00
  9.730790E-03  2.371129E-02  5.000000E-01  9.829072E-03  2.412426E-02  0.000000E+00  1.758324E-02  2.031126E-02 -2.548811E-17  5.385003E-01  0.000000E+00
  6.996180E-03  2.017863E-02  5.000000E-01  7.066857E-03  2.055594E-02  0.000000E+00  1.333074E-02  1.891685E-02 -2.884048E-17  7.278731E-01  0.000000E+00
  4.781010E-03  1.664879E-02  5.000000E-01  4.829325E-03  1.699047E-02  0.000000E+00  9.480188E-03  1.662313E-02 -2.341362E-17  8.915632E-01  0.000000E+00
  3.054950E-03  1.321736E-02  5.000000E-01  3.085841E-03  1.352440E-02  0.000000E+00  6.190177E-03  1.364617E-02 -1.859855E-17  1.024996E+00  0.000000E+00
  1.789910E-03  9.979566E-03  5.000000E-01  1.808031E-03  1.025392E-02  0.000000E+00  3.549197E-03  1.011637E-02 -1.849827E-17  1.123570E+00  0.000000E+00
  9.331870E-04  7.044569E-03  5.000000E-01  9.426596E-04  7.289298E-03  0.000000E+00  1.618979E-03  6.115801E-03 -1.885623E-17  1.183581E+00  0.000000E+00
  4.085430E-04  4.520962E-03  5.000000E-01  4.127195E-04  4.740216E-03  0.000000E+00  3.806847E-04  1.733830E-03 -2.079725E-17  1.207883E+00  0.000000E+00
  1.354760E-04  2.496092E-03  5.000000E-01  1.368960E-04  2.694905E-03  0.000000E+00 -2.394175E-04 -2.992375E-03 -2.777823E-17  1.204191E+00  0.000000E+00
  2.683130E-05  1.022145E-03  5.000000E-01  2.715456E-05  1.206079E-03  0.000000E+00 -3.437038E-04 -8.056408E-03 -3.806255E-17  1.180853E+00  0.000000E+00
  1.320070E-06  1.277794E-04  5.000000E-01  1.385807E-06  3.026853E-04  0.000000E+00 -2.075085E-04 -1.297778E-02 -4.106323E-17  1.140517E+00  0.000000E+00
 -5.188750E-08 -1.718809E-04  5.000000E-01  0.000000E+00  0.000000E+00  0.000000E+00 -4.370203E-05 -1.610175E-02 -2.651025E-17  1.105569E+00  0.000000E+00
  2.733630E-06 -4.858430E-04  5.000000E-01  2.813636E-06 -3.171314E-04  0.000000E+00  4.680444E-04 -1.839415E-02  9.227794E-19  1.096975E+00  0.000000E+00
    1    2
    2    3
    3    4
    4    5
    5    6
    6    7
    7    8
    8    9
    9   10
   10   11
   11   12
   12   13
   13   14
   14   15
   15   16
   16   17
   17   18
   18   19
   19   20
   20   21
   21   22
   22   23
   23   24
   25   26
   26   27
   27   28
   28   29
   29   30
   30   31
   31   32
   32   33
   33   34
   34   35
   35   36
   36   37
   37   38
   38   39
   39   40
   40   41
   41   42
   42   43
   43   44
   44   45
   45   46
   46   47
   47   48
   49   50
   50   51
   51   52
   52   53
   53   54
   54   55
   55   56
   56   57
   57   58
   58   59
   59   60
   60   61
   61   62
   62   63
   63   64
   64   65
   65   66
   66   67
   67   68
   68   69
   69   70
   70   71
   71   72
   73   74
   74   75
   75   76
   76   77
   77   78
   78   79
   79   80
   80   81
   81   82
   82   83
   83   84
   84   85
   85   86
   86   87
   87   88
   88   89
   89   90
   90   91
   91   92
   92   93
   93   94
   94   95
   95   96
   97   98
   98   99
   99  100
  100  101
  101  102
  102  103
  103  104
  104  105
  105  106
  106  107
  107  108
  108  109
  109  110
  110  111
  111  112
  112  113
  113  114
  114  115
  115  116
  116  117
  117  118
  118  119
  119  120
  121  122
  122  123
  123  124
  124  125
  125  126
  126  127
  127  128
  128  129
  129  130
  130  131
  131  132
  132  133
  133  134
  134  135
  135  136
  136  137
  137  138
  138  139
  139  140
  140  141
  141  142
  142  143
  143  144
  145  146
  146  147
  147  148
  148  149
  149  150
  150  151
  151  152
  152  153
  153  154
  154  155
  155  156
  156  157
  157  158
  158  159
  159  160
  160  161
  161  162
  162  163
  163  164
  164  165
  165  166
  166  167
  167  168
  169  170
  170  171
  171  172
  172  173
  173  174
  174  175
  175  176
  176  177
  177  178
  178  179
  179  180
  180  181
  181  182
  182  183
  183  184
  184  185
  185  186
  186  187
  187  188
  188  189
  189  190
  190  191
  191  192
