 Title = "ADflow Slice Data"
Variables =  "CoordinateX"  "CoordinateY"  "CoordinateZ"  "XoC"  "YoC"  "ZoC" "VelocityX" "VelocityY" "VelocityZ" "CoefPressure" "Mach" 
Zone T= "Slice_0001 None Absolute Regular z = 0.50000000"
 Nodes =          192  Elements=          184  ZONETYPE=FELINESEG
 DATAPACKING=POINT
  5.560760E-01 -1.886445E-02  5.000000E-01  5.616897E-01 -1.887502E-02  0.000000E+00  2.045031E-02  1.455770E-03 -3.803843E-18 -5.994498E-01  0.000000E+00
  5.770550E-01 -1.731550E-02  5.000000E-01  5.828805E-01 -1.731044E-02  0.000000E+00  1.510952E-02  1.154275E-03 -3.551408E-18 -5.633863E-01  0.000000E+00
  5.977760E-01 -1.559322E-02  5.000000E-01  6.038107E-01 -1.557077E-02  0.000000E+00  8.950964E-03  7.659754E-04 -1.578676E-18 -4.602627E-01  0.000000E+00
  6.181820E-01 -1.360252E-02  5.000000E-01  6.244227E-01 -1.355997E-02  0.000000E+00  4.023796E-03  4.111408E-04 -5.028806E-20 -2.955228E-01  0.000000E+00
  6.382180E-01 -1.124779E-02  5.000000E-01  6.446609E-01 -1.118147E-02  0.000000E+00  1.134708E-03  1.531840E-04  8.344836E-19 -1.245197E-01  0.000000E+00
  6.578350E-01 -8.446705E-03  5.000000E-01  6.644760E-01 -8.352106E-03  0.000000E+00 -1.946066E-04 -2.131073E-05  3.335574E-19 -6.813777E-03  0.000000E+00
  6.769910E-01 -5.176372E-03  5.000000E-01  6.838253E-01 -5.048759E-03  0.000000E+00 -7.797295E-04 -1.434645E-04 -2.794211E-18  4.977336E-02  0.000000E+00
  6.956490E-01 -1.647562E-03  5.000000E-01  7.026717E-01 -1.484325E-03  0.000000E+00 -1.126776E-03 -2.227706E-04 -1.863126E-18  7.899011E-02  0.000000E+00
  7.137810E-01  1.856279E-03  5.000000E-01  7.209867E-01  2.054888E-03  0.000000E+00 -1.383436E-03 -2.625226E-04 -5.098679E-19  1.067845E-01  0.000000E+00
  7.313660E-01  5.086633E-03  5.000000E-01  7.387493E-01  5.317853E-03  0.000000E+00 -1.534511E-03 -2.639161E-04 -2.219729E-18  1.358908E-01  0.000000E+00
  7.483850E-01  7.856400E-03  5.000000E-01  7.559401E-01  8.115580E-03  0.000000E+00 -1.558270E-03 -2.301932E-04 -1.516743E-18  1.617941E-01  0.000000E+00
  7.648220E-01  1.004817E-02  5.000000E-01  7.725430E-01  1.032948E-02  0.000000E+00 -1.451939E-03 -1.701187E-04  2.946365E-19  1.844375E-01  0.000000E+00
  7.806630E-01  1.159918E-02  5.000000E-01  7.885439E-01  1.189615E-02  0.000000E+00 -1.204774E-03 -9.843765E-05  1.162758E-18  2.062796E-01  0.000000E+00
  7.958970E-01  1.249880E-02  5.000000E-01  8.039317E-01  1.280485E-02  0.000000E+00 -7.949248E-04 -3.697527E-05  3.261571E-18  2.274726E-01  0.000000E+00
  8.105170E-01  1.282730E-02  5.000000E-01  8.186993E-01  1.313666E-02  0.000000E+00 -2.085238E-04 -6.381709E-06  2.579565E-18  2.457393E-01  0.000000E+00
  8.245160E-01  1.271119E-02  5.000000E-01  8.328396E-01  1.301938E-02  0.000000E+00  5.505963E-04 -1.584264E-05  6.989895E-19  2.586386E-01  0.000000E+00
  8.378940E-01  1.227945E-02  5.000000E-01  8.463527E-01  1.258328E-02  0.000000E+00  1.465569E-03 -6.402356E-05  2.711926E-19  2.645687E-01  0.000000E+00
  8.506490E-01  1.164584E-02  5.000000E-01  8.592364E-01  1.194327E-02  0.000000E+00  2.512161E-03 -1.422832E-04 -3.448617E-19  2.630172E-01  0.000000E+00
  8.627850E-01  1.090229E-02  5.000000E-01  8.714949E-01  1.119222E-02  0.000000E+00  3.658420E-03 -2.381398E-04 -1.271681E-18  2.544062E-01  0.000000E+00
  8.743060E-01  1.011950E-02  5.000000E-01  8.831323E-01  1.040152E-02  0.000000E+00  4.861282E-03 -3.381605E-04 -1.627151E-18  2.399482E-01  0.000000E+00
  8.852170E-01  9.346801E-03  5.000000E-01  8.941534E-01  9.621028E-03  0.000000E+00  6.066861E-03 -4.303586E-04  1.274896E-18  2.214401E-01  0.000000E+00
  8.955250E-01  8.614854E-03  5.000000E-01  9.045655E-01  8.881691E-03  0.000000E+00  7.217726E-03 -5.060964E-04  2.360324E-18  2.006840E-01  0.000000E+00
  9.052400E-01  7.941265E-03  5.000000E-01  9.143785E-01  8.201302E-03  0.000000E+00  8.265706E-03 -5.611431E-04  2.855778E-18  1.792610E-01  0.000000E+00
  9.143710E-01  7.333469E-03  5.000000E-01  9.236017E-01  7.587370E-03  0.000000E+00  9.184752E-03 -5.987858E-04  3.752561E-18  1.585282E-01  0.000000E+00
  9.143710E-01  7.333469E-03  5.000000E-01  9.236017E-01  7.587370E-03  0.000000E+00  9.184752E-03 -5.987858E-04  3.752561E-18  1.585282E-01  0.000000E+00
  9.229270E-01  6.786862E-03  5.000000E-01  9.322441E-01  7.035245E-03  0.000000E+00  9.976062E-03 -6.283623E-04  3.627345E-18  1.393608E-01  0.000000E+00
  9.309180E-01  6.290486E-03  5.000000E-01  9.403158E-01  6.533858E-03  0.000000E+00  1.066240E-02 -6.594251E-04  3.283363E-18  1.218688E-01  0.000000E+00
  9.383550E-01  5.832476E-03  5.000000E-01  9.478278E-01  6.071225E-03  0.000000E+00  1.127906E-02 -7.000681E-04  2.642137E-18  1.056545E-01  0.000000E+00
  9.452490E-01  5.401445E-03  5.000000E-01  9.547914E-01  5.635843E-03  0.000000E+00  1.186817E-02 -7.584898E-04  3.733901E-18  9.018694E-02  0.000000E+00
  9.516100E-01  4.986580E-03  5.000000E-01  9.612166E-01  5.216789E-03  0.000000E+00  1.247462E-02 -8.426704E-04  3.124460E-18  7.482571E-02  0.000000E+00
  9.574470E-01  4.579319E-03  5.000000E-01  9.671126E-01  4.805418E-03  0.000000E+00  1.314131E-02 -9.587399E-04  1.801050E-18  5.871478E-02  0.000000E+00
  9.627730E-01  4.174624E-03  5.000000E-01  9.724923E-01  4.396636E-03  0.000000E+00  1.390727E-02 -1.111870E-03  1.275949E-18  4.096129E-02  0.000000E+00
  9.675950E-01  3.771039E-03  5.000000E-01  9.773630E-01  3.988978E-03  0.000000E+00  1.480927E-02 -1.306050E-03  9.913214E-19  2.072487E-02  0.000000E+00
  9.719240E-01  3.370945E-03  5.000000E-01  9.817357E-01  3.584845E-03  0.000000E+00  1.588716E-02 -1.544346E-03  5.141899E-19 -2.787878E-03  0.000000E+00
  9.757700E-01  2.979928E-03  5.000000E-01  9.856205E-01  3.189880E-03  0.000000E+00  1.719269E-02 -1.832393E-03 -1.721977E-18 -3.015898E-02  0.000000E+00
  9.791410E-01  2.605414E-03  5.000000E-01  9.890256E-01  2.811585E-03  0.000000E+00  1.878325E-02 -2.177103E-03 -5.045534E-18 -6.181529E-02  0.000000E+00
  9.820450E-01  2.255980E-03  5.000000E-01  9.919589E-01  2.458624E-03  0.000000E+00  2.066537E-02 -2.579780E-03 -9.177620E-18 -9.828047E-02  0.000000E+00
  9.844890E-01  1.940575E-03  5.000000E-01  9.944276E-01  2.140035E-03  0.000000E+00  2.268867E-02 -3.025683E-03 -1.267449E-17 -1.395382E-01  0.000000E+00
  9.864800E-01  1.668117E-03  5.000000E-01  9.964387E-01  1.864827E-03  0.000000E+00  2.449206E-02 -3.427717E-03 -1.629484E-17 -1.834776E-01  0.000000E+00
  9.880230E-01  1.446961E-03  5.000000E-01  9.979972E-01  1.641437E-03  0.000000E+00  2.523297E-02 -3.586594E-03 -2.284088E-17 -2.361654E-01  0.000000E+00
  9.891220E-01  1.283936E-03  5.000000E-01  9.991073E-01  1.476767E-03  0.000000E+00  2.438781E-02 -3.802072E-03 -5.893071E-17 -3.002130E-01  0.000000E+00
  9.897810E-01  1.184110E-03  5.000000E-01  9.997730E-01  1.375934E-03  0.000000E+00  3.634870E-02 -4.361523E-03 -1.862568E-16 -2.456623E-01  0.000000E+00
  9.900000E-01  1.150458E-03  5.000000E-01  9.999942E-01  1.341941E-03  0.000000E+00  2.593199E-02  1.760339E-03  7.724022E-17 -5.052508E-01  0.000000E+00
  9.900000E-01  1.559306E-03  5.000000E-01  9.999942E-01  1.754917E-03  0.000000E+00  1.032456E-03 -6.732855E-03  1.378043E-15 -7.251777E-01  0.000000E+00
  9.900000E-01  1.968154E-03  5.000000E-01  9.999942E-01  2.167892E-03  0.000000E+00 -3.821201E-04 -1.721752E-02  3.008345E-15 -5.690088E-01  0.000000E+00
  9.900000E-01  2.377002E-03  5.000000E-01  9.999942E-01  2.580867E-03  0.000000E+00 -1.070312E-04 -8.390312E-03  4.334421E-15 -5.612144E-01  0.000000E+00
  9.900000E-01  2.785835E-03  5.000000E-01  9.999942E-01  2.993828E-03  0.000000E+00  3.133245E-04 -5.153031E-03  5.619604E-15 -6.071089E-01  0.000000E+00
  9.900000E-01  3.194683E-03  5.000000E-01  9.999942E-01  3.406803E-03  0.000000E+00  4.933994E-03 -5.580437E-03  6.964892E-15 -5.668525E-01  0.000000E+00
  9.900000E-01  3.194683E-03  5.000000E-01  9.999942E-01  3.406803E-03  0.000000E+00  4.933994E-03 -5.580437E-03  6.964892E-15 -5.668525E-01  0.000000E+00
  9.897980E-01  3.273872E-03  5.000000E-01  9.997902E-01  3.486792E-03  0.000000E+00  6.629025E-03 -3.190362E-03  7.110620E-15 -5.096043E-01  0.000000E+00
  9.891900E-01  3.511315E-03  5.000000E-01  9.991760E-01  3.726632E-03  0.000000E+00  3.292019E-03 -1.205710E-03  5.602108E-15 -5.223113E-01  0.000000E+00
  9.881780E-01  3.906951E-03  5.000000E-01  9.981538E-01  4.126261E-03  0.000000E+00  1.902231E-03 -7.329210E-04  3.770106E-15 -5.229760E-01  0.000000E+00
  9.867570E-01  4.459539E-03  5.000000E-01  9.967185E-01  4.684428E-03  0.000000E+00  7.930835E-04 -3.196787E-04  2.262216E-15 -5.174026E-01  0.000000E+00
  9.849260E-01  5.166464E-03  5.000000E-01  9.948690E-01  5.398490E-03  0.000000E+00 -3.341549E-04  1.256046E-04  1.219862E-15 -5.162270E-01  0.000000E+00
  9.826810E-01  6.022250E-03  5.000000E-01  9.926013E-01  6.262915E-03  0.000000E+00 -1.304396E-03  4.916275E-04  5.654230E-16 -5.188086E-01  0.000000E+00
  9.800160E-01  7.018581E-03  5.000000E-01  9.899094E-01  7.269303E-03  0.000000E+00 -2.040840E-03  7.510450E-04  1.985017E-16 -5.236091E-01  0.000000E+00
  9.769240E-01  8.143603E-03  5.000000E-01  9.867862E-01  8.405682E-03  0.000000E+00 -2.539699E-03  9.053551E-04  2.747018E-17 -5.300698E-01  0.000000E+00
  9.733970E-01  9.379586E-03  5.000000E-01  9.832236E-01  9.654143E-03  0.000000E+00 -2.819658E-03  9.634839E-04 -2.765092E-17 -5.375196E-01  0.000000E+00
  9.694240E-01  1.070486E-02  5.000000E-01  9.792105E-01  1.099280E-02  0.000000E+00 -2.913464E-03  9.448580E-04 -2.775674E-17 -5.449310E-01  0.000000E+00
  9.649940E-01  1.209958E-02  5.000000E-01  9.747358E-01  1.240160E-02  0.000000E+00 -2.867861E-03  8.777113E-04 -1.489981E-17 -5.512540E-01  0.000000E+00
  9.600960E-01  1.355254E-02  5.000000E-01  9.697883E-01  1.386922E-02  0.000000E+00 -2.735436E-03  7.887557E-04 -5.560908E-18 -5.559513E-01  0.000000E+00
  9.547180E-01  1.505510E-02  5.000000E-01  9.643560E-01  1.538695E-02  0.000000E+00 -2.561087E-03  6.963416E-04 -9.499309E-19 -5.590504E-01  0.000000E+00
  9.488510E-01  1.660258E-02  5.000000E-01  9.584298E-01  1.695005E-02  0.000000E+00 -2.375038E-03  6.111946E-04 -3.954018E-19 -5.608284E-01  0.000000E+00
  9.424820E-01  1.819724E-02  5.000000E-01  9.519965E-01  1.856082E-02  0.000000E+00 -2.194148E-03  5.386176E-04  4.954829E-19 -5.616514E-01  0.000000E+00
  9.356020E-01  1.984966E-02  5.000000E-01  9.450470E-01  2.022991E-02  0.000000E+00 -2.026925E-03  4.803588E-04  7.508696E-19 -5.618849E-01  0.000000E+00
  9.282010E-01  2.157823E-02  5.000000E-01  9.375713E-01  2.197594E-02  0.000000E+00 -1.879330E-03  4.362025E-04 -6.896818E-19 -5.618575E-01  0.000000E+00
  9.202710E-01  2.340663E-02  5.000000E-01  9.295613E-01  2.382279E-02  0.000000E+00 -1.759772E-03  4.054375E-04 -4.414175E-19 -5.618482E-01  0.000000E+00
  9.118010E-01  2.535672E-02  5.000000E-01  9.210058E-01  2.579257E-02  0.000000E+00 -1.682025E-03  3.889617E-04 -5.290568E-19 -5.620844E-01  0.000000E+00
  9.027810E-01  2.745227E-02  5.000000E-01  9.118947E-01  2.790928E-02  0.000000E+00 -1.665287E-03  3.908912E-04 -7.117819E-19 -5.627471E-01  0.000000E+00
  8.932000E-01  2.972309E-02  5.000000E-01  9.022170E-01  3.020301E-02  0.000000E+00 -1.731115E-03  4.171052E-04  1.397240E-19 -5.639718E-01  0.000000E+00
  8.830490E-01  3.220216E-02  5.000000E-01  8.919635E-01  3.270711E-02  0.000000E+00 -1.895829E-03  4.718710E-04  2.366921E-19 -5.660296E-01  0.000000E+00
  8.723190E-01  3.492450E-02  5.000000E-01  8.811252E-01  3.545694E-02  0.000000E+00 -2.156611E-03  5.580887E-04  1.853191E-19 -5.698050E-01  0.000000E+00
  8.723190E-01  3.492450E-02  5.000000E-01  8.811252E-01  3.545694E-02  0.000000E+00 -2.156611E-03  5.580887E-04  1.853191E-19 -5.698050E-01  0.000000E+00
  8.610010E-01  3.792713E-02  5.000000E-01  8.696929E-01  3.848988E-02  0.000000E+00 -2.491834E-03  6.807459E-04 -1.134388E-19 -5.750866E-01  0.000000E+00
  8.490890E-01  4.124371E-02  5.000000E-01  8.576607E-01  4.183994E-02  0.000000E+00 -2.896619E-03  8.406785E-04 -5.323779E-19 -5.775464E-01  0.000000E+00
  8.365770E-01  4.489471E-02  5.000000E-01  8.450224E-01  4.552780E-02  0.000000E+00 -3.355748E-03  1.007802E-03 -2.738233E-20 -5.766965E-01  0.000000E+00
  8.234620E-01  4.887062E-02  5.000000E-01  8.317750E-01  4.954385E-02  0.000000E+00 -3.616837E-03  1.079969E-03  5.667695E-19 -5.962829E-01  0.000000E+00
  8.097400E-01  5.310024E-02  5.000000E-01  8.179145E-01  5.381617E-02  0.000000E+00 -2.839736E-03  8.208240E-04  2.629748E-18 -6.786207E-01  0.000000E+00
  7.954150E-01  5.739994E-02  5.000000E-01  8.034448E-01  5.815927E-02  0.000000E+00  5.082813E-04 -1.053311E-04  4.921870E-18 -8.239504E-01  0.000000E+00
  7.804870E-01  6.141086E-02  5.000000E-01  7.883661E-01  6.221068E-02  0.000000E+00  7.545139E-03 -1.600893E-03  1.010541E-17 -9.525563E-01  0.000000E+00
  7.649630E-01  6.463469E-02  5.000000E-01  7.726854E-01  6.546706E-02  0.000000E+00  1.660051E-02 -2.653736E-03  1.918619E-17 -9.792151E-01  0.000000E+00
  7.488530E-01  6.684953E-02  5.000000E-01  7.564128E-01  6.770425E-02  0.000000E+00  2.325233E-02 -2.315214E-03  2.674448E-17 -8.938949E-01  0.000000E+00
  7.321700E-01  6.799463E-02  5.000000E-01  7.395614E-01  6.886092E-02  0.000000E+00  2.481318E-02 -9.578936E-04  2.725459E-17 -7.436546E-01  0.000000E+00
  7.149290E-01  6.811326E-02  5.000000E-01  7.221463E-01  6.898074E-02  0.000000E+00  2.250756E-02  3.269825E-04  2.189532E-17 -5.844819E-01  0.000000E+00
  6.971500E-01  6.740085E-02  5.000000E-01  7.041878E-01  6.826113E-02  0.000000E+00  1.873512E-02  9.316958E-04  1.695705E-17 -4.641030E-01  0.000000E+00
  6.788570E-01  6.624494E-02  5.000000E-01  6.857102E-01  6.709355E-02  0.000000E+00  1.509677E-02  8.732487E-04  1.418479E-17 -4.201187E-01  0.000000E+00
  6.600760E-01  6.522809E-02  5.000000E-01  6.667396E-01  6.606645E-02  0.000000E+00  1.253486E-02  4.470548E-04  1.180097E-17 -4.646376E-01  0.000000E+00
  6.408370E-01  6.492772E-02  5.000000E-01  6.473064E-01  6.576304E-02  0.000000E+00  1.177588E-02 -3.351433E-05  9.559176E-18 -5.672039E-01  0.000000E+00
  6.211780E-01  6.536062E-02  5.000000E-01  6.274489E-01  6.620031E-02  0.000000E+00  1.310931E-02 -4.827798E-04  5.829500E-18 -6.808210E-01  0.000000E+00
  6.011430E-01  6.636879E-02  5.000000E-01  6.072116E-01  6.721866E-02  0.000000E+00  1.598270E-02 -9.565682E-04 -9.290934E-20 -7.740069E-01  0.000000E+00
  5.807790E-01  6.776173E-02  5.000000E-01  5.866421E-01  6.862566E-02  0.000000E+00  1.924721E-02 -1.386695E-03 -7.047369E-18 -8.315797E-01  0.000000E+00
  5.601410E-01  6.932669E-02  5.000000E-01  5.657957E-01  7.020642E-02  0.000000E+00  2.184512E-02 -1.610549E-03 -1.215726E-17 -8.520743E-01  0.000000E+00
  5.392850E-01  7.083072E-02  5.000000E-01  5.447292E-01  7.172563E-02  0.000000E+00  2.330477E-02 -1.572211E-03 -1.292548E-17 -8.454366E-01  0.000000E+00
  5.182680E-01  7.214924E-02  5.000000E-01  5.235000E-01  7.305746E-02  0.000000E+00  2.374906E-02 -1.384624E-03 -1.021590E-17 -8.267398E-01  0.000000E+00
  4.971500E-01  7.328001E-02  5.000000E-01  5.021688E-01  7.419965E-02  0.000000E+00  2.364706E-02 -1.163531E-03 -8.064263E-18 -8.058087E-01  0.000000E+00
  4.759900E-01  7.422597E-02  5.000000E-01  4.807952E-01  7.515516E-02  0.000000E+00  2.345061E-02 -9.487936E-04 -7.729506E-18 -7.856971E-01  0.000000E+00
  2.733630E-06 -5.100537E-04  5.000000E-01  2.813638E-06 -3.353333E-04  0.000000E+00  4.502629E-04 -1.872116E-02 -1.381249E-17  1.085441E+00  0.000000E+00
  4.455870E-05 -1.505438E-03  5.000000E-01  4.506094E-05 -1.340766E-03  0.000000E+00  2.161170E-03 -2.218157E-02 -1.065526E-18  1.053215E+00  0.000000E+00
  2.731490E-04 -3.125423E-03  5.000000E-01  2.759589E-04 -2.977105E-03  0.000000E+00  6.344541E-03 -2.521994E-02  5.486734E-19  9.294174E-01  0.000000E+00
  9.950900E-04 -5.187856E-03  5.000000E-01  1.005188E-03 -5.060358E-03  0.000000E+00  1.247948E-02 -2.587200E-02 -2.857932E-18  7.158563E-01  0.000000E+00
  2.349870E-03 -7.369229E-03  5.000000E-01  2.373645E-03 -7.263753E-03  0.000000E+00  1.837796E-02 -2.502713E-02  1.450677E-18  4.993521E-01  0.000000E+00
  4.254460E-03 -9.596232E-03  5.000000E-01  4.297462E-03 -9.513237E-03  0.000000E+00  2.337513E-02 -2.395859E-02 -1.872887E-18  3.167964E-01  0.000000E+00
  6.687140E-03 -1.180397E-02  5.000000E-01  6.754700E-03 -1.174326E-02  0.000000E+00  2.779270E-02 -2.253923E-02 -2.052384E-17  1.406346E-01  0.000000E+00
  9.634000E-03 -1.394997E-02  5.000000E-01  9.731309E-03 -1.391092E-02  0.000000E+00  3.141076E-02 -2.040642E-02 -3.703217E-17 -3.970054E-02  0.000000E+00
  1.310530E-02 -1.596017E-02  5.000000E-01  1.323765E-02 -1.594142E-02  0.000000E+00  3.385679E-02 -1.744651E-02 -3.953390E-17 -2.193749E-01  0.000000E+00
  1.710810E-02 -1.777787E-02  5.000000E-01  1.728086E-02 -1.777747E-02  0.000000E+00  3.517156E-02 -1.428896E-02 -2.050617E-17 -3.742108E-01  0.000000E+00
  2.163760E-02 -1.940193E-02  5.000000E-01  2.185609E-02 -1.941793E-02  0.000000E+00  3.578128E-02 -1.150215E-02  1.179730E-17 -4.934657E-01  0.000000E+00
  2.669190E-02 -2.084095E-02  5.000000E-01  2.696141E-02 -2.087147E-02  0.000000E+00  3.587026E-02 -9.040425E-03  3.715321E-17 -5.893550E-01  0.000000E+00
  3.228310E-02 -2.206832E-02  5.000000E-01  3.260905E-02 -2.211123E-02  0.000000E+00  3.542881E-02 -6.791174E-03  5.073655E-17 -6.717695E-01  0.000000E+00
  3.842170E-02 -2.307064E-02  5.000000E-01  3.880962E-02 -2.312367E-02  0.000000E+00  3.458796E-02 -4.845222E-03  5.742386E-17 -7.401432E-01  0.000000E+00
  4.511710E-02 -2.384833E-02  5.000000E-01  4.557261E-02 -2.390921E-02  0.000000E+00  3.351346E-02 -3.247069E-03  5.815704E-17 -7.939066E-01  0.000000E+00
  5.237940E-02 -2.440693E-02  5.000000E-01  5.290823E-02 -2.447345E-02  0.000000E+00  3.234502E-02 -1.989449E-03  5.484166E-17 -8.333000E-01  0.000000E+00
  6.021800E-02 -2.476304E-02  5.000000E-01  6.082596E-02 -2.483315E-02  0.000000E+00  3.120353E-02 -1.049687E-03  4.887304E-17 -8.587561E-01  0.000000E+00
  6.864140E-02 -2.494331E-02  5.000000E-01  6.933439E-02 -2.501524E-02  0.000000E+00  3.013154E-02 -3.714954E-04  4.051593E-17 -8.721395E-01  0.000000E+00
  7.765990E-02 -2.497035E-02  5.000000E-01  7.844394E-02 -2.504256E-02  0.000000E+00  2.911593E-02  1.029885E-04  3.242627E-17 -8.754030E-01  0.000000E+00
  8.728340E-02 -2.487134E-02  5.000000E-01  8.816459E-02 -2.494255E-02  0.000000E+00  2.814250E-02  4.044309E-04  2.696021E-17 -8.691389E-01  0.000000E+00
  9.752070E-02 -2.468114E-02  5.000000E-01  9.850523E-02 -2.475043E-02  0.000000E+00  2.715634E-02  5.595397E-04  2.333524E-17 -8.536460E-01  0.000000E+00
  1.083810E-01 -2.443503E-02  5.000000E-01  1.094752E-01 -2.450184E-02  0.000000E+00  2.606210E-02  5.922158E-04  1.998624E-17 -8.289205E-01  0.000000E+00
  1.198710E-01 -2.417333E-02  5.000000E-01  1.210812E-01 -2.423749E-02  0.000000E+00  2.478620E-02  5.196265E-04  1.630235E-17 -7.942264E-01  0.000000E+00
  1.319970E-01 -2.394207E-02  5.000000E-01  1.333296E-01 -2.400389E-02  0.000000E+00  2.334230E-02  3.654219E-04  1.293840E-17 -7.487966E-01  0.000000E+00
  1.319970E-01 -2.394207E-02  5.000000E-01  1.333296E-01 -2.400389E-02  0.000000E+00  2.334230E-02  3.654219E-04  1.293840E-17 -7.487966E-01  0.000000E+00
  1.447640E-01 -2.378743E-02  5.000000E-01  1.462255E-01 -2.384770E-02  0.000000E+00  2.189138E-02  1.589927E-04  9.099567E-18 -6.925270E-01  0.000000E+00
  1.581750E-01 -2.375646E-02  5.000000E-01  1.597718E-01 -2.381641E-02  0.000000E+00  2.070834E-02 -7.260116E-05  5.618680E-18 -6.274570E-01  0.000000E+00
  1.722290E-01 -2.388808E-02  5.000000E-01  1.739677E-01 -2.394936E-02  0.000000E+00  2.002659E-02 -3.030410E-04  4.705740E-18 -5.597931E-01  0.000000E+00
  1.869240E-01 -2.419581E-02  5.000000E-01  1.888111E-01 -2.426020E-02  0.000000E+00  1.986933E-02 -4.946885E-04  3.774025E-18 -4.998132E-01  0.000000E+00
  2.022540E-01 -2.464402E-02  5.000000E-01  2.042958E-01 -2.471293E-02  0.000000E+00  2.001419E-02 -5.825351E-04  2.429299E-18 -4.584881E-01  0.000000E+00
  2.182110E-01 -2.511549E-02  5.000000E-01  2.204139E-01 -2.518917E-02  0.000000E+00  2.019911E-02 -5.416500E-04  1.583571E-18 -4.383718E-01  0.000000E+00
  2.347810E-01 -2.551559E-02  5.000000E-01  2.371512E-01 -2.559330E-02  0.000000E+00  2.032285E-02 -4.417165E-04  1.001649E-20 -4.302835E-01  0.000000E+00
  2.519470E-01 -2.584347E-02  5.000000E-01  2.544905E-01 -2.592449E-02  0.000000E+00  2.036837E-02 -3.439396E-04 -1.005497E-18 -4.250778E-01  0.000000E+00
  2.696890E-01 -2.610216E-02  5.000000E-01  2.724116E-01 -2.618579E-02  0.000000E+00  2.032518E-02 -2.565141E-04 -1.160055E-18 -4.195702E-01  0.000000E+00
  2.879810E-01 -2.629613E-02  5.000000E-01  2.908882E-01 -2.638173E-02  0.000000E+00  2.022983E-02 -1.813533E-04 -1.499424E-18 -4.129704E-01  0.000000E+00
  3.067920E-01 -2.643286E-02  5.000000E-01  3.098891E-01 -2.651983E-02  0.000000E+00  2.016348E-02 -1.199336E-04 -1.309519E-18 -4.058326E-01  0.000000E+00
  3.260870E-01 -2.652099E-02  5.000000E-01  3.293789E-01 -2.660885E-02  0.000000E+00  2.021355E-02 -6.898410E-05 -1.644482E-18 -4.000233E-01  0.000000E+00
  3.458260E-01 -2.656586E-02  5.000000E-01  3.493172E-01 -2.665418E-02  0.000000E+00  2.041910E-02 -1.054095E-05 -1.490659E-18 -3.989276E-01  0.000000E+00
  3.659650E-01 -2.654324E-02  5.000000E-01  3.696595E-01 -2.663133E-02  0.000000E+00  2.075671E-02  7.866841E-05 -5.554421E-19 -4.058163E-01  0.000000E+00
  3.864540E-01 -2.641370E-02  5.000000E-01  3.903553E-01 -2.650048E-02  0.000000E+00  2.116659E-02  2.091020E-04 -8.639446E-19 -4.217360E-01  0.000000E+00
  4.072410E-01 -2.613703E-02  5.000000E-01  4.113522E-01 -2.622101E-02  0.000000E+00  2.157447E-02  3.821424E-04 -8.390881E-19 -4.457263E-01  0.000000E+00
  4.282690E-01 -2.567505E-02  5.000000E-01  4.325925E-01 -2.575437E-02  0.000000E+00  2.193062E-02  5.963244E-04 -1.057209E-18 -4.755927E-01  0.000000E+00
  4.494800E-01 -2.498998E-02  5.000000E-01  4.540176E-01 -2.506238E-02  0.000000E+00  2.228281E-02  8.372888E-04 -2.158681E-18 -5.075170E-01  0.000000E+00
  4.708130E-01 -2.407565E-02  5.000000E-01  4.755660E-01 -2.413883E-02  0.000000E+00  2.278345E-02  1.077919E-03 -2.896427E-18 -5.367423E-01  0.000000E+00
  4.922030E-01 -2.296818E-02  5.000000E-01  4.971719E-01 -2.302018E-02  0.000000E+00  2.348666E-02  1.302841E-03 -2.788559E-18 -5.609559E-01  0.000000E+00
  5.135860E-01 -2.170629E-02  5.000000E-01  5.187708E-01 -2.174555E-02  0.000000E+00  2.401309E-02  1.490732E-03 -2.827241E-18 -5.810999E-01  0.000000E+00
  5.348990E-01 -2.032603E-02  5.000000E-01  5.402989E-01 -2.035135E-02  0.000000E+00  2.337946E-02  1.569207E-03 -3.780751E-18 -5.970232E-01  0.000000E+00
  5.560760E-01 -1.886445E-02  5.000000E-01  5.616897E-01 -1.887502E-02  0.000000E+00  2.045031E-02  1.455770E-03 -3.803843E-18 -5.994498E-01  0.000000E+00
  4.759900E-01  7.422597E-02  5.000000E-01  4.807952E-01  7.515516E-02  0.000000E+00  2.345061E-02 -9.487936E-04 -7.729506E-18 -7.856971E-01  0.000000E+00
  4.548480E-01  7.498997E-02  5.000000E-01  4.594398E-01  7.592687E-02  0.000000E+00  2.337315E-02 -7.488834E-04 -6.808365E-18 -7.669804E-01  0.000000E+00
  4.337860E-01  7.557781E-02  5.000000E-01  4.381652E-01  7.652064E-02  0.000000E+00  2.344472E-02 -5.589207E-04 -6.023599E-18 -7.491575E-01  0.000000E+00
  4.128620E-01  7.599198E-02  5.000000E-01  4.170299E-01  7.693899E-02  0.000000E+00  2.362310E-02 -3.644438E-04 -6.226470E-18 -7.309777E-01  0.000000E+00
  3.921340E-01  7.622255E-02  5.000000E-01  3.960927E-01  7.717189E-02  0.000000E+00  2.384996E-02 -1.526760E-04 -6.933711E-18 -7.112412E-01  0.000000E+00
  3.716590E-01  7.625817E-02  5.000000E-01  3.754110E-01  7.720787E-02  0.000000E+00  2.407211E-02  8.096255E-05 -6.009118E-18 -6.893261E-01  0.000000E+00
  3.514890E-01  7.608843E-02  5.000000E-01  3.550374E-01  7.703642E-02  0.000000E+00  2.425300E-02  3.363135E-04 -5.110784E-18 -6.650246E-01  0.000000E+00
  3.316730E-01  7.570633E-02  5.000000E-01  3.350213E-01  7.665046E-02  0.000000E+00  2.436981E-02  6.104377E-04 -5.251267E-18 -6.383891E-01  0.000000E+00
  3.122580E-01  7.510845E-02  5.000000E-01  3.154103E-01  7.604654E-02  0.000000E+00  2.440623E-02  8.987551E-04 -5.065181E-18 -6.096069E-01  0.000000E+00
  2.932850E-01  7.429537E-02  5.000000E-01  2.962458E-01  7.522526E-02  0.000000E+00  2.434555E-02  1.194743E-03 -3.555558E-18 -5.790004E-01  0.000000E+00
  2.747930E-01  7.327241E-02  5.000000E-01  2.775671E-01  7.419197E-02  0.000000E+00  2.417129E-02  1.490249E-03 -1.642793E-18 -5.470432E-01  0.000000E+00
  2.568150E-01  7.204931E-02  5.000000E-01  2.594076E-01  7.295652E-02  0.000000E+00  2.387608E-02  1.777229E-03 -1.921491E-18 -5.144142E-01  0.000000E+00
  2.393810E-01  7.063930E-02  5.000000E-01  2.417976E-01  7.153228E-02  0.000000E+00  2.347332E-02  2.050435E-03 -2.880229E-18 -4.823073E-01  0.000000E+00
  2.225160E-01  6.905772E-02  5.000000E-01  2.247624E-01  6.993474E-02  0.000000E+00  2.299800E-02  2.305745E-03 -3.196665E-18 -4.534606E-01  0.000000E+00
  2.062420E-01  6.732006E-02  5.000000E-01  2.083241E-01  6.817954E-02  0.000000E+00  2.247675E-02  2.503917E-03 -2.119166E-18 -4.351357E-01  0.000000E+00
  1.905750E-01  6.549494E-02  5.000000E-01  1.924989E-01  6.633599E-02  0.000000E+00  2.196426E-02  2.577175E-03 -1.209583E-19 -4.376039E-01  0.000000E+00
  1.755290E-01  6.371007E-02  5.000000E-01  1.773010E-01  6.453310E-02  0.000000E+00  2.166220E-02  2.550390E-03  1.953296E-21 -4.629574E-01  0.000000E+00
  1.611160E-01  6.202505E-02  5.000000E-01  1.627425E-01  6.283107E-02  0.000000E+00  2.181631E-02  2.521865E-03 -7.821461E-19 -5.033049E-01  0.000000E+00
  1.473410E-01  6.045201E-02  5.000000E-01  1.488285E-01  6.124215E-02  0.000000E+00  2.250356E-02  2.549665E-03  1.037493E-19 -5.489922E-01  0.000000E+00
  1.342110E-01  5.897775E-02  5.000000E-01  1.355659E-01  5.975300E-02  0.000000E+00  2.360066E-02  2.649831E-03  2.772754E-18 -5.925383E-01  0.000000E+00
  1.217280E-01  5.757742E-02  5.000000E-01  1.229569E-01  5.833854E-02  0.000000E+00  2.488048E-02  2.819341E-03  3.592988E-18 -6.300068E-01  0.000000E+00
  1.098910E-01  5.622375E-02  5.000000E-01  1.110004E-01  5.697120E-02  0.000000E+00  2.615215E-02  3.061215E-03  3.122271E-18 -6.598641E-01  0.000000E+00
  9.869950E-02  5.488486E-02  5.000000E-01  9.969593E-02  5.561880E-02  0.000000E+00  2.732903E-02  3.391153E-03  4.781503E-18 -6.816118E-01  0.000000E+00
  8.814970E-02  5.353026E-02  5.000000E-01  8.903963E-02  5.425052E-02  0.000000E+00  2.841858E-02  3.838536E-03  6.966965E-18 -6.947658E-01  0.000000E+00
  8.814970E-02  5.353026E-02  5.000000E-01  8.903963E-02  5.425052E-02  0.000000E+00  2.841858E-02  3.838536E-03  6.966965E-18 -6.947658E-01  0.000000E+00
  7.823720E-02  5.212757E-02  5.000000E-01  7.902706E-02  5.283367E-02  0.000000E+00  2.947319E-02  4.451824E-03  1.089225E-17 -6.980096E-01  0.000000E+00
  6.895800E-02  5.064024E-02  5.000000E-01  6.965419E-02  5.133133E-02  0.000000E+00  3.051945E-02  5.280162E-03  1.477905E-17 -6.897639E-01  0.000000E+00
  6.030560E-02  4.903667E-02  5.000000E-01  6.091444E-02  4.971157E-02  0.000000E+00  3.155074E-02  6.386396E-03  1.436384E-17 -6.674093E-01  0.000000E+00
  5.227560E-02  4.727883E-02  5.000000E-01  5.280338E-02  4.793599E-02  0.000000E+00  3.250756E-02  7.840821E-03  1.130346E-17 -6.271812E-01  0.000000E+00
  4.486350E-02  4.533031E-02  5.000000E-01  4.531645E-02  4.596780E-02  0.000000E+00  3.323599E-02  9.671485E-03  7.220345E-18 -5.657231E-01  0.000000E+00
  3.806240E-02  4.316383E-02  5.000000E-01  3.844670E-02  4.377944E-02  0.000000E+00  3.352722E-02  1.187616E-02 -7.893437E-19 -4.787807E-01  0.000000E+00
  3.186880E-02  4.075003E-02  5.000000E-01  3.219057E-02  4.134128E-02  0.000000E+00  3.310550E-02  1.434784E-02 -9.137123E-18 -3.628850E-01  0.000000E+00
  2.627530E-02  3.807562E-02  5.000000E-01  2.654060E-02  3.863986E-02  0.000000E+00  3.169005E-02  1.682509E-02 -1.001298E-17 -2.173415E-01  0.000000E+00
  2.127350E-02  3.514058E-02  5.000000E-01  2.148831E-02  3.567520E-02  0.000000E+00  2.915798E-02  1.898617E-02 -9.224603E-18 -4.284903E-02  0.000000E+00
  1.685790E-02  3.195082E-02  5.000000E-01  1.702813E-02  3.245324E-02  0.000000E+00  2.559561E-02  2.042989E-02 -1.192904E-17  1.536098E-01  0.000000E+00
  1.301460E-02  2.854264E-02  5.000000E-01  1.314604E-02  2.901065E-02  0.000000E+00  2.132163E-02  2.084706E-02 -1.691785E-17  3.605379E-01  0.000000E+00
  9.730790E-03  2.496425E-02  5.000000E-01  9.829076E-03  2.539614E-02  0.000000E+00  1.679881E-02  2.019076E-02 -2.120013E-17  5.671755E-01  0.000000E+00
  6.996180E-03  2.127500E-02  5.000000E-01  7.066860E-03  2.166964E-02  0.000000E+00  1.247441E-02  1.849899E-02 -1.979707E-17  7.576565E-01  0.000000E+00
  4.781010E-03  1.757381E-02  5.000000E-01  4.829327E-03  1.793109E-02  0.000000E+00  8.664435E-03  1.592981E-02 -1.516235E-17  9.186712E-01  0.000000E+00
  3.054950E-03  1.396454E-02  5.000000E-01  3.085842E-03  1.428538E-02  0.000000E+00  5.501195E-03  1.274241E-02 -1.112045E-17  1.046528E+00  0.000000E+00
  1.789910E-03  1.055103E-02  5.000000E-01  1.808032E-03  1.083741E-02  0.000000E+00  3.035660E-03  9.094924E-03 -9.050403E-18  1.137913E+00  0.000000E+00
  9.331870E-04  7.451863E-03  5.000000E-01  9.426600E-04  7.706960E-03  0.000000E+00  1.286860E-03  5.079856E-03 -8.271867E-18  1.190644E+00  0.000000E+00
  4.085430E-04  4.784565E-03  5.000000E-01  4.127197E-04  5.012735E-03  0.000000E+00  2.028146E-04  7.764379E-04 -8.741759E-18  1.208546E+00  0.000000E+00
  1.354760E-04  2.643408E-03  5.000000E-01  1.368961E-04  2.849963E-03  0.000000E+00 -3.084133E-04 -3.794881E-03 -1.557240E-17  1.199707E+00  0.000000E+00
  2.683130E-05  1.084612E-03  5.000000E-01  2.715458E-05  1.275431E-03  0.000000E+00 -3.566632E-04 -8.650142E-03 -2.515825E-17  1.172795E+00  0.000000E+00
  1.320070E-06  1.388037E-04  5.000000E-01  1.385808E-06  3.200744E-04  0.000000E+00 -2.038496E-04 -1.337691E-02 -3.114019E-17  1.130959E+00  0.000000E+00
 -5.188750E-08 -1.780717E-04  5.000000E-01  0.000000E+00  0.000000E+00  0.000000E+00 -4.161237E-05 -1.643599E-02 -2.753226E-17  1.095526E+00  0.000000E+00
  2.733630E-06 -5.100537E-04  5.000000E-01  2.813638E-06 -3.353333E-04  0.000000E+00  4.502629E-04 -1.872116E-02 -1.381249E-17  1.085441E+00  0.000000E+00
    1    2
    2    3
    3    4
    4    5
    5    6
    6    7
    7    8
    8    9
    9   10
   10   11
   11   12
   12   13
   13   14
   14   15
   15   16
   16   17
   17   18
   18   19
   19   20
   20   21
   21   22
   22   23
   23   24
   25   26
   26   27
   27   28
   28   29
   29   30
   30   31
   31   32
   32   33
   33   34
   34   35
   35   36
   36   37
   37   38
   38   39
   39   40
   40   41
   41   42
   42   43
   43   44
   44   45
   45   46
   46   47
   47   48
   49   50
   50   51
   51   52
   52   53
   53   54
   54   55
   55   56
   56   57
   57   58
   58   59
   59   60
   60   61
   61   62
   62   63
   63   64
   64   65
   65   66
   66   67
   67   68
   68   69
   69   70
   70   71
   71   72
   73   74
   74   75
   75   76
   76   77
   77   78
   78   79
   79   80
   80   81
   81   82
   82   83
   83   84
   84   85
   85   86
   86   87
   87   88
   88   89
   89   90
   90   91
   91   92
   92   93
   93   94
   94   95
   95   96
   97   98
   98   99
   99  100
  100  101
  101  102
  102  103
  103  104
  104  105
  105  106
  106  107
  107  108
  108  109
  109  110
  110  111
  111  112
  112  113
  113  114
  114  115
  115  116
  116  117
  117  118
  118  119
  119  120
  121  122
  122  123
  123  124
  124  125
  125  126
  126  127
  127  128
  128  129
  129  130
  130  131
  131  132
  132  133
  133  134
  134  135
  135  136
  136  137
  137  138
  138  139
  139  140
  140  141
  141  142
  142  143
  143  144
  145  146
  146  147
  147  148
  148  149
  149  150
  150  151
  151  152
  152  153
  153  154
  154  155
  155  156
  156  157
  157  158
  158  159
  159  160
  160  161
  161  162
  162  163
  163  164
  164  165
  165  166
  166  167
  167  168
  169  170
  170  171
  171  172
  172  173
  173  174
  174  175
  175  176
  176  177
  177  178
  178  179
  179  180
  180  181
  181  182
  182  183
  183  184
  184  185
  185  186
  186  187
  187  188
  188  189
  189  190
  190  191
  191  192
