 Title = "ADflow Slice Data"
Variables =  "CoordinateX"  "CoordinateY"  "CoordinateZ"  "XoC"  "YoC"  "ZoC" "VelocityX" "VelocityY" "VelocityZ" "CoefPressure" "Mach" 
Zone T= "Slice_0001 None Absolute Regular z = 0.50000000"
 Nodes =          192  Elements=          184  ZONETYPE=FELINESEG
 DATAPACKING=POINT
  5.560760E-01 -2.400283E-02  5.000000E-01  5.616892E-01 -2.406511E-02  0.000000E+00  1.807091E-02  3.998815E-03  3.102067E-17 -1.109471E+00  0.000000E+00
  5.770550E-01 -1.994846E-02  5.000000E-01  5.828800E-01 -1.996981E-02  0.000000E+00  1.746826E-02  3.007771E-03  3.045583E-17 -1.005956E+00  0.000000E+00
  5.977760E-01 -1.685088E-02  5.000000E-01  6.038102E-01 -1.684096E-02  0.000000E+00  1.758892E-02  2.368670E-03  2.850193E-17 -9.147524E-01  0.000000E+00
  6.181820E-01 -1.441448E-02  5.000000E-01  6.244222E-01 -1.437998E-02  0.000000E+00  1.837784E-02  2.040288E-03  2.442203E-17 -8.506716E-01  0.000000E+00
  6.382180E-01 -1.236030E-02  5.000000E-01  6.446604E-01 -1.230506E-02  0.000000E+00  1.960184E-02  1.965543E-03  2.126619E-17 -8.178602E-01  0.000000E+00
  6.578350E-01 -1.044676E-02  5.000000E-01  6.644754E-01 -1.037220E-02  0.000000E+00  2.055206E-02  2.057637E-03  1.857563E-17 -8.120316E-01  0.000000E+00
  6.769910E-01 -8.492901E-03  5.000000E-01  6.838248E-01 -8.398619E-03  0.000000E+00  2.000203E-02  2.131567E-03  1.512627E-17 -8.187715E-01  0.000000E+00
  6.956490E-01 -6.415884E-03  5.000000E-01  7.026711E-01 -6.300636E-03  0.000000E+00  1.684602E-02  1.950598E-03  1.063520E-17 -8.127221E-01  0.000000E+00
  7.137810E-01 -4.182512E-03  5.000000E-01  7.209862E-01 -4.044720E-03  0.000000E+00  1.133889E-02  1.427683E-03  6.108722E-18 -7.637103E-01  0.000000E+00
  7.313660E-01 -1.785788E-03  5.000000E-01  7.387487E-01 -1.623803E-03  0.000000E+00  5.407376E-03  7.409994E-04  2.635159E-18 -6.575439E-01  0.000000E+00
  7.483850E-01  7.694853E-04  5.000000E-01  7.559395E-01  9.572641E-04  0.000000E+00  9.881171E-04  1.517753E-04  1.591229E-18 -5.187339E-01  0.000000E+00
  7.648220E-01  3.476595E-03  5.000000E-01  7.725424E-01  3.691700E-03  0.000000E+00 -1.434447E-03 -2.340360E-04  1.852708E-18 -3.985401E-01  0.000000E+00
  7.806630E-01  6.323996E-03  5.000000E-01  7.885433E-01  6.567844E-03  0.000000E+00 -2.440918E-03 -4.429115E-04  1.848123E-18 -3.302376E-01  0.000000E+00
  7.958970E-01  9.209809E-03  5.000000E-01  8.039311E-01  9.482787E-03  0.000000E+00 -2.781057E-03 -5.154576E-04  4.733327E-19 -3.062254E-01  0.000000E+00
  8.105170E-01  1.183001E-02  5.000000E-01  8.186986E-01  1.212943E-02  0.000000E+00 -2.941001E-03 -4.961021E-04 -5.301498E-19 -3.002829E-01  0.000000E+00
  8.245160E-01  1.399912E-02  5.000000E-01  8.328389E-01  1.432045E-02  0.000000E+00 -3.107781E-03 -4.346834E-04 -3.316755E-19 -2.953216E-01  0.000000E+00
  8.378940E-01  1.566331E-02  5.000000E-01  8.463520E-01  1.600143E-02  0.000000E+00 -3.308479E-03 -3.565597E-04 -3.163425E-19 -2.873617E-01  0.000000E+00
  8.506490E-01  1.684049E-02  5.000000E-01  8.592357E-01  1.719049E-02  0.000000E+00 -3.525372E-03 -2.683745E-04  3.492874E-20 -2.770271E-01  0.000000E+00
  8.627850E-01  1.758144E-02  5.000000E-01  8.714942E-01  1.793893E-02  0.000000E+00 -3.735025E-03 -1.720350E-04  3.731359E-19 -2.645396E-01  0.000000E+00
  8.743060E-01  1.794784E-02  5.000000E-01  8.831315E-01  1.830902E-02  0.000000E+00 -3.909618E-03 -7.048770E-05  4.438506E-19 -2.496342E-01  0.000000E+00
  8.852170E-01  1.799888E-02  5.000000E-01  8.941527E-01  1.836057E-02  0.000000E+00 -4.018372E-03  3.232384E-05 -1.508828E-19 -2.322360E-01  0.000000E+00
  8.955250E-01  1.778628E-02  5.000000E-01  9.045647E-01  1.814583E-02  0.000000E+00 -4.033999E-03  1.307540E-04 -3.215388E-19 -2.127127E-01  0.000000E+00
  9.052400E-01  1.735577E-02  5.000000E-01  9.143778E-01  1.771098E-02  0.000000E+00 -3.938866E-03  2.177587E-04  1.858588E-19 -1.918126E-01  0.000000E+00
  9.143710E-01  1.674690E-02  5.000000E-01  9.236010E-01  1.709596E-02  0.000000E+00 -3.726491E-03  2.879554E-04  2.102087E-19 -1.703657E-01  0.000000E+00
  9.143710E-01  1.674690E-02  5.000000E-01  9.236010E-01  1.709596E-02  0.000000E+00 -3.726491E-03  2.879554E-04  2.102087E-19 -1.703657E-01  0.000000E+00
  9.229270E-01  1.598851E-02  5.000000E-01  9.322433E-01  1.632991E-02  0.000000E+00 -3.397967E-03  3.365911E-04  3.108188E-19 -1.492111E-01  0.000000E+00
  9.309180E-01  1.510390E-02  5.000000E-01  9.403150E-01  1.543638E-02  0.000000E+00 -2.957320E-03  3.574288E-04  5.712870E-19 -1.291260E-01  0.000000E+00
  9.383550E-01  1.411572E-02  5.000000E-01  9.478271E-01  1.443822E-02  0.000000E+00 -2.407493E-03  3.433734E-04  4.988838E-19 -1.108235E-01  0.000000E+00
  9.452490E-01  1.304626E-02  5.000000E-01  9.547907E-01  1.335796E-02  0.000000E+00 -1.748427E-03  2.868898E-04  5.254837E-19 -9.502553E-02  0.000000E+00
  9.516100E-01  1.191669E-02  5.000000E-01  9.612159E-01  1.221699E-02  0.000000E+00 -9.766832E-04  1.798223E-04  6.969911E-19 -8.239705E-02  0.000000E+00
  9.574470E-01  1.074832E-02  5.000000E-01  9.671118E-01  1.103682E-02  0.000000E+00 -8.475727E-05  1.267379E-05  9.939818E-19 -7.358300E-02  0.000000E+00
  9.627730E-01  9.562741E-03  5.000000E-01  9.724915E-01  9.839282E-03  0.000000E+00  9.409440E-04 -2.258294E-04  1.273138E-18 -6.924052E-02  0.000000E+00
  9.675950E-01  8.382842E-03  5.000000E-01  9.773622E-01  8.647472E-03  0.000000E+00  2.125812E-03 -5.493973E-04  3.018005E-18 -6.992762E-02  0.000000E+00
  9.719240E-01  7.231535E-03  5.000000E-01  9.817349E-01  7.484544E-03  0.000000E+00  3.514308E-03 -9.771079E-04  7.569485E-18 -7.620789E-02  0.000000E+00
  9.757700E-01  6.131741E-03  5.000000E-01  9.856197E-01  6.373648E-03  0.000000E+00  5.172190E-03 -1.535096E-03  1.583980E-17 -8.860277E-02  0.000000E+00
  9.791410E-01  5.105341E-03  5.000000E-01  9.890248E-01  5.336888E-03  0.000000E+00  7.171312E-03 -2.252164E-03  3.495946E-17 -1.075153E-01  0.000000E+00
  9.820450E-01  4.172408E-03  5.000000E-01  9.919581E-01  4.394537E-03  0.000000E+00  9.536070E-03 -3.144077E-03  7.451825E-17 -1.332705E-01  0.000000E+00
  9.844890E-01  3.350914E-03  5.000000E-01  9.944268E-01  3.564751E-03  0.000000E+00  1.215674E-02 -4.175530E-03  1.392897E-16 -1.654400E-01  0.000000E+00
  9.864800E-01  2.656471E-03  5.000000E-01  9.964379E-01  2.863298E-03  0.000000E+00  1.466454E-02 -5.176363E-03  2.164420E-16 -2.042300E-01  0.000000E+00
  9.880230E-01  2.102531E-03  5.000000E-01  9.979964E-01  2.303766E-03  0.000000E+00  1.610366E-02 -5.789014E-03  2.649840E-16 -2.564823E-01  0.000000E+00
  9.891220E-01  1.699521E-03  5.000000E-01  9.991065E-01  1.896688E-03  0.000000E+00  1.584880E-02 -5.995824E-03  2.164193E-16 -3.085318E-01  0.000000E+00
  9.897810E-01  1.454641E-03  5.000000E-01  9.997722E-01  1.649336E-03  0.000000E+00  2.201266E-02 -7.130911E-03  2.876749E-17 -2.710451E-01  0.000000E+00
  9.900000E-01  1.372596E-03  5.000000E-01  9.999934E-01  1.566463E-03  0.000000E+00  1.531284E-02  5.717440E-05 -1.008053E-16 -5.086648E-01  0.000000E+00
  9.900000E-01  1.782666E-03  5.000000E-01  9.999934E-01  1.980672E-03  0.000000E+00  6.816848E-04 -4.023720E-03  1.978031E-16 -7.002853E-01  0.000000E+00
  9.900000E-01  2.192736E-03  5.000000E-01  9.999934E-01  2.394882E-03  0.000000E+00 -2.658014E-04 -1.280365E-02  6.854140E-16 -5.813115E-01  0.000000E+00
  9.900000E-01  2.602807E-03  5.000000E-01  9.999934E-01  2.809091E-03  0.000000E+00 -5.254280E-05 -6.114034E-03  1.045362E-15 -5.842763E-01  0.000000E+00
  9.900000E-01  3.012862E-03  5.000000E-01  9.999934E-01  3.223286E-03  0.000000E+00  2.409641E-04 -4.157999E-03  1.402961E-15 -6.213331E-01  0.000000E+00
  9.900000E-01  3.422932E-03  5.000000E-01  9.999934E-01  3.637496E-03  0.000000E+00  3.694562E-03 -5.297290E-03  1.761296E-15 -5.925299E-01  0.000000E+00
  9.900000E-01  3.422932E-03  5.000000E-01  9.999934E-01  3.637496E-03  0.000000E+00  3.694562E-03 -5.297290E-03  1.761296E-15 -5.925299E-01  0.000000E+00
  9.897980E-01  3.548172E-03  5.000000E-01  9.997893E-01  3.763999E-03  0.000000E+00  5.160241E-03 -3.671563E-03  1.800702E-15 -5.509558E-01  0.000000E+00
  9.891900E-01  3.924092E-03  5.000000E-01  9.991752E-01  4.143714E-03  0.000000E+00  2.895691E-03 -1.718322E-03  1.426616E-15 -5.601198E-01  0.000000E+00
  9.881780E-01  4.549793E-03  5.000000E-01  9.981530E-01  4.775731E-03  0.000000E+00  1.832555E-03 -1.125988E-03  9.578702E-16 -5.588037E-01  0.000000E+00
  9.867570E-01  5.424465E-03  5.000000E-01  9.967176E-01  5.659233E-03  0.000000E+00  9.598432E-04 -5.995186E-04  5.631115E-16 -5.533260E-01  0.000000E+00
  9.849260E-01  6.544614E-03  5.000000E-01  9.948682E-01  6.790689E-03  0.000000E+00  1.076598E-04 -6.777796E-05  2.885446E-16 -5.515577E-01  0.000000E+00
  9.826810E-01  7.903961E-03  5.000000E-01  9.926005E-01  8.163757E-03  0.000000E+00 -5.909029E-04  3.539909E-04  1.183647E-16 -5.528507E-01  0.000000E+00
  9.800160E-01  9.492933E-03  5.000000E-01  9.899086E-01  9.768769E-03  0.000000E+00 -1.071738E-03  6.308395E-04  2.609555E-17 -5.559368E-01  0.000000E+00
  9.769240E-01  1.129732E-02  5.000000E-01  9.867854E-01  1.159137E-02  0.000000E+00 -1.337160E-03  7.681917E-04 -1.154736E-17 -5.600103E-01  0.000000E+00
  9.733970E-01  1.329526E-02  5.000000E-01  9.832228E-01  1.360948E-02  0.000000E+00 -1.427943E-03  7.935733E-04 -1.770667E-17 -5.641468E-01  0.000000E+00
  9.694240E-01  1.545883E-02  5.000000E-01  9.792097E-01  1.579489E-02  0.000000E+00 -1.409911E-03  7.507694E-04 -1.155275E-17 -5.675157E-01  0.000000E+00
  9.649940E-01  1.775871E-02  5.000000E-01  9.747350E-01  1.811798E-02  0.000000E+00 -1.358165E-03  6.875544E-04 -4.526176E-18 -5.698096E-01  0.000000E+00
  9.600960E-01  2.017092E-02  5.000000E-01  9.697875E-01  2.055454E-02  0.000000E+00 -1.339136E-03  6.408154E-04 -9.762800E-19 -5.713646E-01  0.000000E+00
  9.547180E-01  2.267008E-02  5.000000E-01  9.643552E-01  2.307893E-02  0.000000E+00 -1.398910E-03  6.294746E-04  3.093900E-19 -5.727677E-01  0.000000E+00
  9.488510E-01  2.522965E-02  5.000000E-01  9.584290E-01  2.566433E-02  0.000000E+00 -1.560200E-03  6.560886E-04  1.232918E-18 -5.745771E-01  0.000000E+00
  9.424820E-01  2.782572E-02  5.000000E-01  9.519957E-01  2.828662E-02  0.000000E+00 -1.820840E-03  7.126915E-04  1.580309E-18 -5.774130E-01  0.000000E+00
  9.356020E-01  3.043708E-02  5.000000E-01  9.450463E-01  3.092433E-02  0.000000E+00 -2.161477E-03  7.904747E-04  1.098839E-18 -5.809664E-01  0.000000E+00
  9.282010E-01  3.304495E-02  5.000000E-01  9.375706E-01  3.355852E-02  0.000000E+00 -2.577303E-03  8.821881E-04  2.510102E-19 -5.824591E-01  0.000000E+00
  9.202710E-01  3.562919E-02  5.000000E-01  9.295605E-01  3.616886E-02  0.000000E+00 -3.054645E-03  9.591561E-04 -3.476735E-19 -5.821606E-01  0.000000E+00
  9.118010E-01  3.815936E-02  5.000000E-01  9.210050E-01  3.872457E-02  0.000000E+00 -3.368502E-03  9.410140E-04 -6.292837E-19 -5.972755E-01  0.000000E+00
  9.027810E-01  4.059739E-02  5.000000E-01  9.118940E-01  4.118720E-02  0.000000E+00 -2.786064E-03  6.848438E-04  4.752390E-19 -6.599830E-01  0.000000E+00
  8.932000E-01  4.290173E-02  5.000000E-01  9.022163E-01  4.351480E-02  0.000000E+00 -5.699126E-05  3.068880E-05  6.124727E-18 -7.793679E-01  0.000000E+00
  8.830490E-01  4.502394E-02  5.000000E-01  8.919628E-01  4.565843E-02  0.000000E+00  5.803578E-03 -1.021028E-03  2.268280E-17 -9.106090E-01  0.000000E+00
  8.723190E-01  4.690849E-02  5.000000E-01  8.811245E-01  4.756201E-02  0.000000E+00  1.389262E-02 -2.074992E-03  4.896665E-17 -9.884969E-01  0.000000E+00
  8.723190E-01  4.690849E-02  5.000000E-01  8.811245E-01  4.756201E-02  0.000000E+00  1.389262E-02 -2.074992E-03  4.896665E-17 -9.884969E-01  0.000000E+00
  8.610010E-01  4.849666E-02  5.000000E-01  8.696922E-01  4.916621E-02  0.000000E+00  2.090195E-02 -2.485293E-03  6.680724E-17 -9.868739E-01  0.000000E+00
  8.490890E-01  4.972980E-02  5.000000E-01  8.576600E-01  5.041180E-02  0.000000E+00  2.403813E-02 -2.036173E-03  6.381143E-17 -9.262775E-01  0.000000E+00
  8.365770E-01  5.055593E-02  5.000000E-01  8.450217E-01  5.124627E-02  0.000000E+00  2.348918E-02 -1.145040E-03  4.835644E-17 -8.386072E-01  0.000000E+00
  8.234620E-01  5.094558E-02  5.000000E-01  8.317743E-01  5.163986E-02  0.000000E+00  2.105657E-02 -3.103925E-04  3.418901E-17 -7.464675E-01  0.000000E+00
  8.097400E-01  5.091526E-02  5.000000E-01  8.179138E-01  5.160923E-02  0.000000E+00  1.819692E-02  2.216628E-04  2.642532E-17 -6.681531E-01  0.000000E+00
  7.954150E-01  5.056959E-02  5.000000E-01  8.034442E-01  5.126007E-02  0.000000E+00  1.559558E-02  3.907065E-04  2.293610E-17 -6.242286E-01  0.000000E+00
  7.804870E-01  5.015491E-02  5.000000E-01  7.883655E-01  5.084120E-02  0.000000E+00  1.360057E-02  2.409556E-04  2.098456E-17 -6.306146E-01  0.000000E+00
  7.649630E-01  5.003493E-02  5.000000E-01  7.726848E-01  5.072000E-02  0.000000E+00  1.258922E-02 -7.652271E-05  1.824327E-17 -6.823839E-01  0.000000E+00
  7.488530E-01  5.036391E-02  5.000000E-01  7.564122E-01  5.105231E-02  0.000000E+00  1.283127E-02 -4.570049E-04  1.251228E-17 -7.601625E-01  0.000000E+00
  7.321700E-01  5.119861E-02  5.000000E-01  7.395608E-01  5.189543E-02  0.000000E+00  1.422864E-02 -9.304416E-04  1.211156E-18 -8.463260E-01  0.000000E+00
  7.149290E-01  5.256153E-02  5.000000E-01  7.221457E-01  5.327212E-02  0.000000E+00  1.634525E-02 -1.512754E-03 -1.587874E-17 -9.256424E-01  0.000000E+00
  6.971500E-01  5.441964E-02  5.000000E-01  7.041873E-01  5.514898E-02  0.000000E+00  1.861256E-02 -2.119364E-03 -3.588002E-17 -9.860639E-01  0.000000E+00
  6.788570E-01  5.666253E-02  5.000000E-01  6.857096E-01  5.741451E-02  0.000000E+00  2.059740E-02 -2.587358E-03 -5.141636E-17 -1.020050E+00  0.000000E+00
  6.600760E-01  5.908472E-02  5.000000E-01  6.667390E-01  5.986115E-02  0.000000E+00  2.209025E-02 -2.771167E-03 -5.794297E-17 -1.025865E+00  0.000000E+00
  6.408370E-01  6.143741E-02  5.000000E-01  6.473058E-01  6.223758E-02  0.000000E+00  2.299091E-02 -2.665853E-03 -5.401862E-17 -1.009610E+00  0.000000E+00
  6.211780E-01  6.359039E-02  5.000000E-01  6.274484E-01  6.441230E-02  0.000000E+00  2.333705E-02 -2.362491E-03 -4.199426E-17 -9.792645E-01  0.000000E+00
  6.011430E-01  6.545070E-02  5.000000E-01  6.072112E-01  6.629139E-02  0.000000E+00  2.330892E-02 -1.929497E-03 -2.696841E-17 -9.383064E-01  0.000000E+00
  5.807790E-01  6.693095E-02  5.000000E-01  5.866416E-01  6.778659E-02  0.000000E+00  2.305444E-02 -1.408505E-03 -1.013361E-17 -8.879295E-01  0.000000E+00
  5.601410E-01  6.795636E-02  5.000000E-01  5.657953E-01  6.882235E-02  0.000000E+00  2.263633E-02 -8.364956E-04  5.021198E-18 -8.303892E-01  0.000000E+00
  5.392850E-01  6.846280E-02  5.000000E-01  5.447287E-01  6.933389E-02  0.000000E+00  2.201549E-02 -3.087987E-04  1.525289E-17 -7.745473E-01  0.000000E+00
  5.182680E-01  6.853031E-02  5.000000E-01  5.234996E-01  6.940208E-02  0.000000E+00  2.116428E-02  3.481824E-05  1.983087E-17 -7.352386E-01  0.000000E+00
  4.971500E-01  6.837929E-02  5.000000E-01  5.021684E-01  6.924954E-02  0.000000E+00  2.026319E-02  1.397862E-04  1.887790E-17 -7.230848E-01  0.000000E+00
  4.759900E-01  6.823105E-02  5.000000E-01  4.807948E-01  6.909981E-02  0.000000E+00  1.960823E-02  3.235112E-05  1.289294E-17 -7.410652E-01  0.000000E+00
  2.733630E-06 -5.102020E-04  5.000000E-01  2.813635E-06 -3.353407E-04  0.000000E+00  3.452428E-04 -1.444368E-02 -3.576349E-17  1.133740E+00  0.000000E+00
  4.455870E-05 -1.505620E-03  5.000000E-01  4.506090E-05 -1.340807E-03  0.000000E+00  1.744617E-03 -1.777173E-02 -8.001399E-18  1.113480E+00  0.000000E+00
  2.731490E-04 -3.125729E-03  5.000000E-01  2.759587E-04 -2.977269E-03  0.000000E+00  5.317757E-03 -2.097139E-02  1.096588E-17  1.017613E+00  0.000000E+00
  9.950900E-04 -5.188638E-03  5.000000E-01  1.005187E-03 -5.061002E-03  0.000000E+00  1.077763E-02 -2.224399E-02  1.653360E-17  8.379299E-01  0.000000E+00
  2.349870E-03 -7.371479E-03  5.000000E-01  2.373643E-03 -7.265877E-03  0.000000E+00  1.622836E-02 -2.208601E-02  1.520453E-17  6.442703E-01  0.000000E+00
  4.254460E-03 -9.601934E-03  5.000000E-01  4.297458E-03 -9.518848E-03  0.000000E+00  2.095468E-02 -2.151256E-02  3.762223E-18  4.732656E-01  0.000000E+00
  6.687140E-03 -1.181659E-02  5.000000E-01  6.754694E-03 -1.175586E-02  0.000000E+00  2.518312E-02 -2.050380E-02 -1.571153E-17  3.055130E-01  0.000000E+00
  9.634000E-03 -1.397496E-02  5.000000E-01  9.731301E-03 -1.393601E-02  0.000000E+00  2.875382E-02 -1.881514E-02 -2.423714E-17  1.344215E-01  0.000000E+00
  1.310530E-02 -1.600561E-02  5.000000E-01  1.323764E-02 -1.598717E-02  0.000000E+00  3.136664E-02 -1.636730E-02 -9.758845E-18 -3.398373E-02  0.000000E+00
  1.710810E-02 -1.785516E-02  5.000000E-01  1.728085E-02 -1.785538E-02  0.000000E+00  3.300125E-02 -1.369892E-02  2.788580E-17 -1.758371E-01  0.000000E+00
  2.163760E-02 -1.952639E-02  5.000000E-01  2.185607E-02 -1.954349E-02  0.000000E+00  3.384146E-02 -1.127452E-02  7.505355E-17 -2.799580E-01  0.000000E+00
  2.669190E-02 -2.103259E-02  5.000000E-01  2.696139E-02 -2.106489E-02  0.000000E+00  3.369949E-02 -9.002895E-03  1.094922E-16 -3.557958E-01  0.000000E+00
  3.228310E-02 -2.235276E-02  5.000000E-01  3.260903E-02 -2.239839E-02  0.000000E+00  3.220360E-02 -6.789442E-03  1.215585E-16 -4.060333E-01  0.000000E+00
  3.842170E-02 -2.347999E-02  5.000000E-01  3.880959E-02 -2.353699E-02  0.000000E+00  2.940550E-02 -4.813064E-03  1.156627E-16 -4.186007E-01  0.000000E+00
  4.511710E-02 -2.442212E-02  5.000000E-01  4.557258E-02 -2.448864E-02  0.000000E+00  2.591094E-02 -3.239942E-03  9.977648E-17 -3.832597E-01  0.000000E+00
  5.237940E-02 -2.519315E-02  5.000000E-01  5.290818E-02 -2.526744E-02  0.000000E+00  2.259306E-02 -2.126931E-03  7.873077E-17 -3.020741E-01  0.000000E+00
  6.021800E-02 -2.581915E-02  5.000000E-01  6.082591E-02 -2.589977E-02  0.000000E+00  2.006565E-02 -1.424765E-03  5.714117E-17 -1.935808E-01  0.000000E+00
  6.864140E-02 -2.633738E-02  5.000000E-01  6.933434E-02 -2.642322E-02  0.000000E+00  1.840651E-02 -1.016157E-03  3.946686E-17 -8.632088E-02  0.000000E+00
  7.765990E-02 -2.678205E-02  5.000000E-01  7.844387E-02 -2.687238E-02  0.000000E+00  1.734991E-02 -7.944002E-04  2.648906E-17 -1.456195E-03  0.000000E+00
  8.728340E-02 -2.719285E-02  5.000000E-01  8.816452E-02 -2.728733E-02  0.000000E+00  1.662892E-02 -6.995622E-04  1.677019E-17  5.758501E-02  0.000000E+00
  9.752070E-02 -2.761769E-02  5.000000E-01  9.850515E-02 -2.771645E-02  0.000000E+00  1.613792E-02 -6.980338E-04  9.665094E-18  9.830513E-02  0.000000E+00
  1.083810E-01 -2.810472E-02  5.000000E-01  1.094751E-01 -2.820841E-02  0.000000E+00  1.591757E-02 -7.745704E-04  5.522525E-18  1.281114E-01  0.000000E+00
  1.198710E-01 -2.870544E-02  5.000000E-01  1.210811E-01 -2.881519E-02  0.000000E+00  1.609336E-02 -9.318466E-04  2.853037E-18  1.490325E-01  0.000000E+00
  1.319970E-01 -2.947312E-02  5.000000E-01  1.333295E-01 -2.959062E-02  0.000000E+00  1.681746E-02 -1.180801E-03  1.126745E-18  1.581371E-01  0.000000E+00
  1.319970E-01 -2.947312E-02  5.000000E-01  1.333295E-01 -2.959062E-02  0.000000E+00  1.681746E-02 -1.180801E-03  1.126745E-18  1.581371E-01  0.000000E+00
  1.447640E-01 -3.045252E-02  5.000000E-01  1.462253E-01 -3.057990E-02  0.000000E+00  1.821293E-02 -1.533176E-03  2.066121E-19  1.507221E-01  0.000000E+00
  1.581750E-01 -3.167292E-02  5.000000E-01  1.597717E-01 -3.181262E-02  0.000000E+00  2.026775E-02 -1.975897E-03  4.742492E-20  1.222253E-01  0.000000E+00
  1.722290E-01 -3.312589E-02  5.000000E-01  1.739676E-01 -3.328026E-02  0.000000E+00  2.266023E-02 -2.406707E-03  1.237763E-19  6.902200E-02  0.000000E+00
  1.869240E-01 -3.472790E-02  5.000000E-01  1.888109E-01 -3.489844E-02  0.000000E+00  2.459201E-02 -2.564535E-03  1.088623E-19 -9.018333E-03  0.000000E+00
  2.022540E-01 -3.626983E-02  5.000000E-01  2.042957E-01 -3.645593E-02  0.000000E+00  2.482222E-02 -2.104656E-03 -1.137963E-19 -1.029129E-01  0.000000E+00
  2.182110E-01 -3.736923E-02  5.000000E-01  2.204137E-01 -3.756643E-02  0.000000E+00  2.245303E-02 -1.101289E-03 -8.204189E-19 -1.772197E-01  0.000000E+00
  2.347810E-01 -3.777045E-02  5.000000E-01  2.371510E-01 -3.797170E-02  0.000000E+00  1.795886E-02 -1.628125E-04 -8.654641E-19 -1.791820E-01  0.000000E+00
  2.519470E-01 -3.753179E-02  5.000000E-01  2.544903E-01 -3.773063E-02  0.000000E+00  1.295431E-02  3.084772E-04 -2.310911E-19 -9.184126E-02  0.000000E+00
  2.696890E-01 -3.682969E-02  5.000000E-01  2.724114E-01 -3.702145E-02  0.000000E+00  9.001978E-03  3.851502E-04  4.972248E-19  5.007594E-02  0.000000E+00
  2.879810E-01 -3.598367E-02  5.000000E-01  2.908880E-01 -3.616688E-02  0.000000E+00  6.924654E-03  2.648661E-04  6.197278E-19  1.934094E-01  0.000000E+00
  3.067920E-01 -3.547874E-02  5.000000E-01  3.098889E-01 -3.565686E-02  0.000000E+00  6.922648E-03 -4.670223E-06 -3.991828E-19  2.986252E-01  0.000000E+00
  3.260870E-01 -3.594919E-02  5.000000E-01  3.293787E-01 -3.613206E-02  0.000000E+00  8.932481E-03 -6.275370E-04 -1.582273E-18  3.495238E-01  0.000000E+00
  3.458260E-01 -3.798509E-02  5.000000E-01  3.493169E-01 -3.818851E-02  0.000000E+00  1.270284E-02 -1.747627E-03 -2.315751E-18  3.276521E-01  0.000000E+00
  3.659650E-01 -4.125977E-02  5.000000E-01  3.696592E-01 -4.149625E-02  0.000000E+00  1.774555E-02 -3.067490E-03 -2.704534E-18  2.145324E-01  0.000000E+00
  3.864540E-01 -4.496609E-02  5.000000E-01  3.903550E-01 -4.523998E-02  0.000000E+00  2.326551E-02 -3.875946E-03 -1.581043E-18  1.596715E-02  0.000000E+00
  4.072410E-01 -4.820430E-02  5.000000E-01  4.113519E-01 -4.851088E-02  0.000000E+00  2.794904E-02 -3.292689E-03  4.304145E-19 -2.509747E-01  0.000000E+00
  4.282690E-01 -5.000883E-02  5.000000E-01  4.325921E-01 -5.033362E-02  0.000000E+00  3.019683E-02 -8.454331E-04  3.149893E-18 -5.641666E-01  0.000000E+00
  4.494800E-01 -4.939988E-02  5.000000E-01  4.540172E-01 -4.971852E-02  0.000000E+00  2.963461E-02  2.557163E-03  6.829423E-18 -8.652778E-01  0.000000E+00
  4.708130E-01 -4.620147E-02  5.000000E-01  4.755656E-01 -4.648783E-02  0.000000E+00  2.756905E-02  5.212348E-03  1.279973E-17 -1.081957E+00  0.000000E+00
  4.922030E-01 -4.120026E-02  5.000000E-01  4.971715E-01 -4.143614E-02  0.000000E+00  2.500106E-02  6.357973E-03  2.183942E-17 -1.196476E+00  0.000000E+00
  5.135860E-01 -3.526181E-02  5.000000E-01  5.187703E-01 -3.543774E-02  0.000000E+00  2.215241E-02  6.185820E-03  2.949566E-17 -1.228896E+00  0.000000E+00
  5.348990E-01 -2.925035E-02  5.000000E-01  5.402985E-01 -2.936560E-02  0.000000E+00  1.962298E-02  5.200868E-03  3.216198E-17 -1.194329E+00  0.000000E+00
  5.560760E-01 -2.400283E-02  5.000000E-01  5.616892E-01 -2.406511E-02  0.000000E+00  1.807091E-02  3.998815E-03  3.102067E-17 -1.109471E+00  0.000000E+00
  4.759900E-01  6.823105E-02  5.000000E-01  4.807948E-01  6.909981E-02  0.000000E+00  1.960823E-02  3.235112E-05  1.289294E-17 -7.410652E-01  0.000000E+00
  4.548480E-01  6.829927E-02  5.000000E-01  4.594394E-01  6.916872E-02  0.000000E+00  1.943168E-02 -2.630744E-04  2.942926E-18 -7.860031E-01  0.000000E+00
  4.337860E-01  6.878918E-02  5.000000E-01  4.381648E-01  6.966357E-02  0.000000E+00  1.992176E-02 -6.826427E-04 -8.887316E-18 -8.441577E-01  0.000000E+00
  4.128620E-01  6.973461E-02  5.000000E-01  4.170296E-01  7.061854E-02  0.000000E+00  2.116723E-02 -1.062318E-03 -1.909383E-17 -8.922249E-01  0.000000E+00
  3.921340E-01  7.088551E-02  5.000000E-01  3.960924E-01  7.178106E-02  0.000000E+00  2.286848E-02 -1.240846E-03 -2.495445E-17 -9.132814E-01  0.000000E+00
  3.716590E-01  7.197913E-02  5.000000E-01  3.754107E-01  7.288572E-02  0.000000E+00  2.446258E-02 -1.126430E-03 -2.481471E-17 -9.026971E-01  0.000000E+00
  3.514890E-01  7.277336E-02  5.000000E-01  3.550371E-01  7.368797E-02  0.000000E+00  2.558046E-02 -6.714345E-04 -2.004433E-17 -8.608471E-01  0.000000E+00
  3.316730E-01  7.305150E-02  5.000000E-01  3.350211E-01  7.396892E-02  0.000000E+00  2.610026E-02  7.865795E-05 -1.416296E-17 -7.930425E-01  0.000000E+00
  3.122580E-01  7.266729E-02  5.000000E-01  3.154101E-01  7.358083E-02  0.000000E+00  2.592169E-02  8.861974E-04 -9.571481E-18 -7.157671E-01  0.000000E+00
  2.932850E-01  7.173155E-02  5.000000E-01  2.962456E-01  7.263564E-02  0.000000E+00  2.509328E-02  1.493689E-03 -6.302984E-18 -6.486749E-01  0.000000E+00
  2.747930E-01  7.042712E-02  5.000000E-01  2.775669E-01  7.131804E-02  0.000000E+00  2.394991E-02  1.851359E-03 -4.336387E-18 -6.013322E-01  0.000000E+00
  2.568150E-01  6.890625E-02  5.000000E-01  2.594074E-01  6.978182E-02  0.000000E+00  2.286166E-02  2.029189E-03 -3.628670E-18 -5.751828E-01  0.000000E+00
  2.393810E-01  6.728168E-02  5.000000E-01  2.417974E-01  6.814085E-02  0.000000E+00  2.207299E-02  2.110289E-03 -3.019473E-18 -5.677497E-01  0.000000E+00
  2.225160E-01  6.562835E-02  5.000000E-01  2.247622E-01  6.647083E-02  0.000000E+00  2.168054E-02  2.154368E-03 -2.032018E-18 -5.752010E-01  0.000000E+00
  2.062420E-01  6.399012E-02  5.000000E-01  2.083239E-01  6.481607E-02  0.000000E+00  2.164958E-02  2.173555E-03 -6.280972E-19 -5.953320E-01  0.000000E+00
  1.905750E-01  6.241857E-02  5.000000E-01  1.924988E-01  6.322865E-02  0.000000E+00  2.189603E-02  2.146966E-03  8.340846E-19 -6.273453E-01  0.000000E+00
  1.755290E-01  6.097486E-02  5.000000E-01  1.773009E-01  6.177037E-02  0.000000E+00  2.240335E-02  2.095263E-03  1.631604E-18 -6.669417E-01  0.000000E+00
  1.611160E-01  5.966239E-02  5.000000E-01  1.627424E-01  6.044465E-02  0.000000E+00  2.317175E-02  2.070331E-03  2.455565E-18 -7.072355E-01  0.000000E+00
  1.473410E-01  5.845605E-02  5.000000E-01  1.488284E-01  5.922613E-02  0.000000E+00  2.412266E-02  2.099831E-03  3.952283E-18 -7.433900E-01  0.000000E+00
  1.342110E-01  5.732084E-02  5.000000E-01  1.355658E-01  5.807946E-02  0.000000E+00  2.513504E-02  2.194033E-03  6.613209E-18 -7.732112E-01  0.000000E+00
  1.217280E-01  5.622140E-02  5.000000E-01  1.229568E-01  5.696893E-02  0.000000E+00  2.611203E-02  2.357545E-03  1.034699E-17 -7.964225E-01  0.000000E+00
  1.098910E-01  5.512725E-02  5.000000E-01  1.110003E-01  5.586373E-02  0.000000E+00  2.702691E-02  2.602554E-03  1.386794E-17 -8.132247E-01  0.000000E+00
  9.869950E-02  5.400743E-02  5.000000E-01  9.969585E-02  5.473261E-02  0.000000E+00  2.790722E-02  2.948919E-03  1.777055E-17 -8.236457E-01  0.000000E+00
  8.814970E-02  5.283479E-02  5.000000E-01  8.903956E-02  5.354813E-02  0.000000E+00  2.879930E-02  3.424829E-03  2.286805E-17 -8.272292E-01  0.000000E+00
  8.814970E-02  5.283479E-02  5.000000E-01  8.903956E-02  5.354813E-02  0.000000E+00  2.879930E-02  3.424829E-03  2.286805E-17 -8.272292E-01  0.000000E+00
  7.823720E-02  5.158131E-02  5.000000E-01  7.902700E-02  5.228200E-02  0.000000E+00  2.974545E-02  4.075266E-03  2.899702E-17 -8.225646E-01  0.000000E+00
  6.895800E-02  5.021496E-02  5.000000E-01  6.965413E-02  5.090186E-02  0.000000E+00  3.074858E-02  4.946747E-03  3.429825E-17 -8.079467E-01  0.000000E+00
  6.030560E-02  4.870869E-02  5.000000E-01  6.091439E-02  4.938038E-02  0.000000E+00  3.178866E-02  6.102886E-03  3.582865E-17 -7.806416E-01  0.000000E+00
  5.227560E-02  4.702846E-02  5.000000E-01  5.280334E-02  4.768318E-02  0.000000E+00  3.280601E-02  7.619465E-03  3.196023E-17 -7.367773E-01  0.000000E+00
  4.486350E-02  4.514139E-02  5.000000E-01  4.531642E-02  4.577707E-02  0.000000E+00  3.364996E-02  9.534900E-03  2.460389E-17 -6.728233E-01  0.000000E+00
  3.806240E-02  4.302327E-02  5.000000E-01  3.844666E-02  4.363757E-02  0.000000E+00  3.411326E-02  1.186209E-02  1.344045E-17 -5.843052E-01  0.000000E+00
  3.186880E-02  4.064724E-02  5.000000E-01  3.219054E-02  4.123756E-02  0.000000E+00  3.390939E-02  1.450981E-02  1.387848E-18 -4.673987E-01  0.000000E+00
  2.627530E-02  3.800204E-02  5.000000E-01  2.654058E-02  3.856566E-02  0.000000E+00  3.272748E-02  1.722527E-02 -3.841958E-18 -3.208608E-01  0.000000E+00
  2.127350E-02  3.508934E-02  5.000000E-01  2.148829E-02  3.562355E-02  0.000000E+00  3.040021E-02  1.967987E-02 -6.732214E-18 -1.447405E-01  0.000000E+00
  1.685790E-02  3.191632E-02  5.000000E-01  1.702812E-02  3.241850E-02  0.000000E+00  2.696029E-02  2.143633E-02 -1.395973E-17  5.469371E-02  0.000000E+00
  1.301460E-02  2.852037E-02  5.000000E-01  1.314603E-02  2.898828E-02  0.000000E+00  2.269505E-02  2.213591E-02 -2.176449E-17  2.665642E-01  0.000000E+00
  9.730790E-03  2.495062E-02  5.000000E-01  9.829068E-03  2.538249E-02  0.000000E+00  1.808263E-02  2.170474E-02 -2.845060E-17  4.805004E-01  0.000000E+00
  6.996180E-03  2.126716E-02  5.000000E-01  7.066854E-03  2.166185E-02  0.000000E+00  1.361210E-02  2.017739E-02 -3.106489E-17  6.805105E-01  0.000000E+00
  4.781010E-03  1.756963E-02  5.000000E-01  4.829323E-03  1.792699E-02  0.000000E+00  9.641484E-03  1.773694E-02 -2.461696E-17  8.529000E-01  0.000000E+00
  3.054950E-03  1.396250E-02  5.000000E-01  3.085840E-03  1.428345E-02  0.000000E+00  6.325799E-03  1.468874E-02 -1.880582E-17  9.940129E-01  0.000000E+00
  1.789910E-03  1.055012E-02  5.000000E-01  1.808030E-03  1.083662E-02  0.000000E+00  3.719831E-03  1.122167E-02 -2.069832E-17  1.100432E+00  0.000000E+00
  9.331870E-04  7.451466E-03  5.000000E-01  9.426593E-04  7.706695E-03  0.000000E+00  1.840231E-03  7.439851E-03 -2.431073E-17  1.169217E+00  0.000000E+00
  4.085430E-04  4.784374E-03  5.000000E-01  4.127194E-04  5.012680E-03  0.000000E+00  6.271000E-04  3.428350E-03 -3.109346E-17  1.203450E+00  0.000000E+00
  1.354760E-04  2.643279E-03  5.000000E-01  1.368959E-04  2.849972E-03  0.000000E+00 -1.780576E-05 -7.902919E-04 -4.491491E-17  1.210609E+00  0.000000E+00
  2.683130E-05  1.084488E-03  5.000000E-01  2.715455E-05  1.275447E-03  0.000000E+00 -1.956214E-04 -5.233184E-03 -6.084279E-17  1.198363E+00  0.000000E+00
  1.320070E-06  1.386689E-04  5.000000E-01  1.385806E-06  3.200801E-04  0.000000E+00 -1.424901E-04 -9.516171E-03 -6.893688E-17  1.167960E+00  0.000000E+00
 -5.188750E-08 -1.782125E-04  5.000000E-01  0.000000E+00  0.000000E+00  0.000000E+00 -4.058375E-05 -1.229384E-02 -5.973166E-17  1.139327E+00  0.000000E+00
  2.733630E-06 -5.102020E-04  5.000000E-01  2.813635E-06 -3.353407E-04  0.000000E+00  3.452428E-04 -1.444368E-02 -3.576349E-17  1.133740E+00  0.000000E+00
    1    2
    2    3
    3    4
    4    5
    5    6
    6    7
    7    8
    8    9
    9   10
   10   11
   11   12
   12   13
   13   14
   14   15
   15   16
   16   17
   17   18
   18   19
   19   20
   20   21
   21   22
   22   23
   23   24
   25   26
   26   27
   27   28
   28   29
   29   30
   30   31
   31   32
   32   33
   33   34
   34   35
   35   36
   36   37
   37   38
   38   39
   39   40
   40   41
   41   42
   42   43
   43   44
   44   45
   45   46
   46   47
   47   48
   49   50
   50   51
   51   52
   52   53
   53   54
   54   55
   55   56
   56   57
   57   58
   58   59
   59   60
   60   61
   61   62
   62   63
   63   64
   64   65
   65   66
   66   67
   67   68
   68   69
   69   70
   70   71
   71   72
   73   74
   74   75
   75   76
   76   77
   77   78
   78   79
   79   80
   80   81
   81   82
   82   83
   83   84
   84   85
   85   86
   86   87
   87   88
   88   89
   89   90
   90   91
   91   92
   92   93
   93   94
   94   95
   95   96
   97   98
   98   99
   99  100
  100  101
  101  102
  102  103
  103  104
  104  105
  105  106
  106  107
  107  108
  108  109
  109  110
  110  111
  111  112
  112  113
  113  114
  114  115
  115  116
  116  117
  117  118
  118  119
  119  120
  121  122
  122  123
  123  124
  124  125
  125  126
  126  127
  127  128
  128  129
  129  130
  130  131
  131  132
  132  133
  133  134
  134  135
  135  136
  136  137
  137  138
  138  139
  139  140
  140  141
  141  142
  142  143
  143  144
  145  146
  146  147
  147  148
  148  149
  149  150
  150  151
  151  152
  152  153
  153  154
  154  155
  155  156
  156  157
  157  158
  158  159
  159  160
  160  161
  161  162
  162  163
  163  164
  164  165
  165  166
  166  167
  167  168
  169  170
  170  171
  171  172
  172  173
  173  174
  174  175
  175  176
  176  177
  177  178
  178  179
  179  180
  180  181
  181  182
  182  183
  183  184
  184  185
  185  186
  186  187
  187  188
  188  189
  189  190
  190  191
  191  192
