 Title = "ADflow Slice Data"
Variables =  "CoordinateX"  "CoordinateY"  "CoordinateZ"  "XoC"  "YoC"  "ZoC" "VelocityX" "VelocityY" "VelocityZ" "CoefPressure" "Mach" 
Zone T= "Slice_0001 None Absolute Regular z = 0.50000000"
 Nodes =          192  Elements=          184  ZONETYPE=FELINESEG
 DATAPACKING=POINT
  5.560760E-01 -1.893740E-02  5.000000E-01  5.616895E-01 -1.895506E-02  0.000000E+00  1.506838E-02  1.097793E-03 -1.190500E-17 -1.687348E-01  0.000000E+00
  5.770550E-01 -1.737423E-02  5.000000E-01  5.828802E-01 -1.737610E-02  0.000000E+00  1.470266E-02  1.131668E-03  2.227873E-17 -1.386556E-01  0.000000E+00
  5.977760E-01 -1.573237E-02  5.000000E-01  6.038104E-01 -1.571767E-02  0.000000E+00  1.434448E-02  1.180825E-03  4.150844E-17 -1.170394E-01  0.000000E+00
  6.181820E-01 -1.398904E-02  5.000000E-01  6.244224E-01 -1.395674E-02  0.000000E+00  1.385982E-02  1.236315E-03  4.063842E-17 -9.832130E-02  0.000000E+00
  6.382180E-01 -1.212082E-02  5.000000E-01  6.446607E-01 -1.206966E-02  0.000000E+00  1.317282E-02  1.283627E-03  3.680206E-17 -7.593000E-02  0.000000E+00
  6.578350E-01 -1.011752E-02  5.000000E-01  6.644757E-01 -1.004614E-02  0.000000E+00  1.228076E-02  1.306151E-03  2.855403E-17 -4.561583E-02  0.000000E+00
  6.769910E-01 -7.989228E-03  5.000000E-01  6.838251E-01 -7.896363E-03  0.000000E+00  1.122986E-02  1.293468E-03  1.616345E-17 -7.222003E-03  0.000000E+00
  6.956490E-01 -5.755924E-03  5.000000E-01  7.026714E-01 -5.640515E-03  0.000000E+00  1.008195E-02  1.242169E-03  5.358338E-19  3.651137E-02  0.000000E+00
  7.137810E-01 -3.451364E-03  5.000000E-01  7.209864E-01 -3.312691E-03  0.000000E+00  8.894265E-03  1.153371E-03 -7.380213E-18  8.239517E-02  0.000000E+00
  7.313660E-01 -1.120508E-03  5.000000E-01  7.387490E-01 -9.583056E-04  0.000000E+00  7.709570E-03  1.035052E-03 -6.259682E-18  1.278374E-01  0.000000E+00
  7.483850E-01  1.196888E-03  5.000000E-01  7.559398E-01  1.382484E-03  0.000000E+00  6.563075E-03  9.013815E-04 -2.688462E-18  1.711208E-01  0.000000E+00
  7.648220E-01  3.475077E-03  5.000000E-01  7.725427E-01  3.683670E-03  0.000000E+00  5.499848E-03  7.667383E-04 -4.094897E-18  2.113348E-01  0.000000E+00
  7.806630E-01  5.696432E-03  5.000000E-01  7.885436E-01  5.927450E-03  0.000000E+00  4.589250E-03  6.367932E-04 -7.825542E-18  2.488139E-01  0.000000E+00
  7.958970E-01  7.793018E-03  5.000000E-01  8.039314E-01  8.045199E-03  0.000000E+00  3.923608E-03  5.111305E-04 -1.497553E-18  2.851134E-01  0.000000E+00
  8.105170E-01  9.581277E-03  5.000000E-01  8.186990E-01  9.851510E-03  0.000000E+00  3.565159E-03  3.974771E-04  7.261327E-18  3.175443E-01  0.000000E+00
  8.245160E-01  1.096953E-02  5.000000E-01  8.328393E-01  1.125377E-02  0.000000E+00  3.500895E-03  3.032695E-04  4.371169E-18  3.407529E-01  0.000000E+00
  8.378940E-01  1.195582E-02  5.000000E-01  8.463523E-01  1.225002E-02  0.000000E+00  3.669824E-03  2.236717E-04  3.695397E-19  3.542290E-01  0.000000E+00
  8.506490E-01  1.258264E-02  5.000000E-01  8.592361E-01  1.288317E-02  0.000000E+00  4.006059E-03  1.495399E-04  4.536261E-18  3.609352E-01  0.000000E+00
  8.627850E-01  1.290856E-02  5.000000E-01  8.714946E-01  1.321238E-02  0.000000E+00  4.455450E-03  7.365298E-05  6.371249E-18  3.634024E-01  0.000000E+00
  8.743060E-01  1.299330E-02  5.000000E-01  8.831319E-01  1.329798E-02  0.000000E+00  4.974337E-03 -7.904667E-06  3.607481E-18  3.627728E-01  0.000000E+00
  8.852170E-01  1.288860E-02  5.000000E-01  8.941530E-01  1.319222E-02  0.000000E+00  5.528403E-03 -9.653787E-05  2.900827E-19  3.596848E-01  0.000000E+00
  8.955250E-01  1.263549E-02  5.000000E-01  9.045651E-01  1.293655E-02  0.000000E+00  6.093556E-03 -1.922565E-04  7.317327E-19  3.546623E-01  0.000000E+00
  9.052400E-01  1.226697E-02  5.000000E-01  9.143782E-01  1.256432E-02  0.000000E+00  6.656476E-03 -2.950404E-04  7.198686E-18  3.481123E-01  0.000000E+00
  9.143710E-01  1.180874E-02  5.000000E-01  9.236013E-01  1.210146E-02  0.000000E+00  7.215941E-03 -4.076782E-04  8.585492E-18  3.404668E-01  0.000000E+00
  9.143710E-01  1.180874E-02  5.000000E-01  9.236013E-01  1.210146E-02  0.000000E+00  7.215941E-03 -4.076782E-04  8.585492E-18  3.404668E-01  0.000000E+00
  9.229270E-01  1.127572E-02  5.000000E-01  9.322437E-01  1.156306E-02  0.000000E+00  7.782259E-03 -5.357115E-04  1.004121E-17  3.319648E-01  0.000000E+00
  9.309180E-01  1.067720E-02  5.000000E-01  9.403154E-01  1.095849E-02  0.000000E+00  8.372793E-03 -6.844226E-04  1.380447E-17  3.223543E-01  0.000000E+00
  9.383550E-01  1.002183E-02  5.000000E-01  9.478274E-01  1.029651E-02  0.000000E+00  9.008253E-03 -8.587570E-04  5.683326E-18  3.111713E-01  0.000000E+00
  9.452490E-01  9.318427E-03  5.000000E-01  9.547910E-01  9.586007E-03  0.000000E+00  9.712229E-03 -1.065478E-03 -3.907825E-18  2.980321E-01  0.000000E+00
  9.516100E-01  8.575443E-03  5.000000E-01  9.612163E-01  8.835523E-03  0.000000E+00  1.051130E-02 -1.313227E-03  3.242114E-17  2.825380E-01  0.000000E+00
  9.574470E-01  7.802423E-03  5.000000E-01  9.671122E-01  8.054700E-03  0.000000E+00  1.143319E-02 -1.610906E-03  2.288546E-16  2.640890E-01  0.000000E+00
  9.627730E-01  7.010635E-03  5.000000E-01  9.724919E-01  7.254919E-03  0.000000E+00  1.250619E-02 -1.968058E-03  6.792019E-16  2.419990E-01  0.000000E+00
  9.675950E-01  6.213541E-03  5.000000E-01  9.773626E-01  6.449778E-03  0.000000E+00  1.376150E-02 -2.394268E-03  1.024406E-15  2.155485E-01  0.000000E+00
  9.719240E-01  5.426270E-03  5.000000E-01  9.817353E-01  5.654560E-03  0.000000E+00  1.523975E-02 -2.899844E-03 -2.632982E-16  1.839101E-01  0.000000E+00
  9.757700E-01  4.665260E-03  5.000000E-01  9.856201E-01  4.885868E-03  0.000000E+00  1.700465E-02 -3.501231E-03 -5.717132E-15  1.462530E-01  0.000000E+00
  9.791410E-01  3.947056E-03  5.000000E-01  9.890252E-01  4.160414E-03  0.000000E+00  1.915575E-02 -4.223991E-03 -1.525984E-14  1.016770E-01  0.000000E+00
  9.820450E-01  3.287581E-03  5.000000E-01  9.919585E-01  3.494282E-03  0.000000E+00  2.181152E-02 -5.099580E-03 -1.844843E-14  4.883842E-02  0.000000E+00
  9.844890E-01  2.701618E-03  5.000000E-01  9.944272E-01  2.902403E-03  0.000000E+00  2.503635E-02 -6.152379E-03  9.176023E-15 -1.396985E-02  0.000000E+00
  9.864800E-01  2.202491E-03  5.000000E-01  9.964383E-01  2.398238E-03  0.000000E+00  2.875895E-02 -7.337861E-03  8.457842E-14 -8.719536E-02  0.000000E+00
  9.880230E-01  1.801937E-03  5.000000E-01  9.979968E-01  1.993641E-03  0.000000E+00  3.246655E-02 -8.457777E-03  1.498651E-13 -1.778123E-01  0.000000E+00
  9.891220E-01  1.509207E-03  5.000000E-01  9.991069E-01  1.697956E-03  0.000000E+00  3.594000E-02 -9.743237E-03 -9.109252E-15 -2.866519E-01  0.000000E+00
  9.897810E-01  1.330852E-03  5.000000E-01  9.997726E-01  1.517800E-03  0.000000E+00  5.277834E-02 -1.246245E-02 -5.895498E-13 -3.054840E-01  0.000000E+00
  9.900000E-01  1.270979E-03  5.000000E-01  9.999938E-01  1.457322E-03  0.000000E+00  3.650493E-02 -2.271768E-03 -6.013715E-13 -6.802946E-01  0.000000E+00
  9.900000E-01  1.680481E-03  5.000000E-01  9.999938E-01  1.870959E-03  0.000000E+00  2.127870E-03 -7.784877E-03  6.087956E-14 -9.797292E-01  0.000000E+00
  9.900000E-01  2.089984E-03  5.000000E-01  9.999938E-01  2.284595E-03  0.000000E+00 -5.416387E-04 -2.193297E-02  3.614767E-13 -8.244997E-01  0.000000E+00
  9.900000E-01  2.499486E-03  5.000000E-01  9.999938E-01  2.698231E-03  0.000000E+00 -1.402051E-04 -1.348728E-02  3.404513E-13 -7.968328E-01  0.000000E+00
  9.900000E-01  2.908974E-03  5.000000E-01  9.999938E-01  3.111853E-03  0.000000E+00  3.202160E-04 -8.314655E-03  2.261800E-13 -8.268150E-01  0.000000E+00
  9.900000E-01  3.318477E-03  5.000000E-01  9.999938E-01  3.525489E-03  0.000000E+00  4.471688E-03 -6.759604E-03  1.408614E-13 -7.915274E-01  0.000000E+00
  9.900000E-01  3.318477E-03  5.000000E-01  9.999938E-01  3.525489E-03  0.000000E+00  4.471688E-03 -6.759604E-03  1.408614E-13 -7.915274E-01  0.000000E+00
  9.897980E-01  3.422616E-03  5.000000E-01  9.997897E-01  3.630680E-03  0.000000E+00  5.440452E-03 -3.343184E-03  1.008313E-13 -7.432840E-01  0.000000E+00
  9.891900E-01  3.735031E-03  5.000000E-01  9.991756E-01  3.946248E-03  0.000000E+00  1.129742E-03 -5.170614E-04  6.849195E-14 -7.513394E-01  0.000000E+00
  9.881780E-01  4.255034E-03  5.000000E-01  9.981534E-01  4.471501E-03  0.000000E+00 -1.264605E-03  6.523867E-04  3.710127E-14 -7.584283E-01  0.000000E+00
  9.867570E-01  4.981324E-03  5.000000E-01  9.967180E-01  5.205122E-03  0.000000E+00 -2.628918E-03  1.328591E-03  1.422015E-14 -7.652851E-01  0.000000E+00
  9.849260E-01  5.910383E-03  5.000000E-01  9.948686E-01  6.143560E-03  0.000000E+00 -3.237660E-03  1.632655E-03  2.092069E-15 -7.750962E-01  0.000000E+00
  9.826810E-01  7.035725E-03  5.000000E-01  9.926009E-01  7.280262E-03  0.000000E+00 -3.243805E-03  1.615530E-03 -2.064141E-15 -7.842876E-01  0.000000E+00
  9.800160E-01  8.347607E-03  5.000000E-01  9.899090E-01  8.605387E-03  0.000000E+00 -2.935680E-03  1.430706E-03 -2.259163E-15 -7.899048E-01  0.000000E+00
  9.769240E-01  9.831952E-03  5.000000E-01  9.867858E-01  1.010472E-02  0.000000E+00 -2.610724E-03  1.233248E-03 -1.329104E-15 -7.920854E-01  0.000000E+00
  9.733970E-01  1.146762E-02  5.000000E-01  9.832232E-01  1.175689E-02  0.000000E+00 -2.455813E-03  1.111468E-03 -5.412148E-16 -7.928331E-01  0.000000E+00
  9.694240E-01  1.322809E-02  5.000000E-01  9.792101E-01  1.353514E-02  0.000000E+00 -2.529829E-03  1.089207E-03 -1.431721E-16 -7.940717E-01  0.000000E+00
  9.649940E-01  1.508666E-02  5.000000E-01  9.747354E-01  1.541247E-02  0.000000E+00 -2.829645E-03  1.159295E-03  1.592224E-17 -7.954695E-01  0.000000E+00
  9.600960E-01  1.702312E-02  5.000000E-01  9.697879E-01  1.736847E-02  0.000000E+00 -3.346968E-03  1.292068E-03  7.658721E-17 -7.959456E-01  0.000000E+00
  9.547180E-01  1.901729E-02  5.000000E-01  9.643556E-01  1.938278E-02  0.000000E+00 -3.940518E-03  1.403028E-03  5.337276E-17 -8.035859E-01  0.000000E+00
  9.488510E-01  2.104979E-02  5.000000E-01  9.584294E-01  2.143579E-02  0.000000E+00 -4.028140E-03  1.313498E-03 -2.951262E-17 -8.419460E-01  0.000000E+00
  9.424820E-01  2.310536E-02  5.000000E-01  9.519961E-01  2.351211E-02  0.000000E+00 -2.449323E-03  7.493390E-04 -5.801390E-17 -9.294007E-01  0.000000E+00
  9.356020E-01  2.517350E-02  5.000000E-01  9.450467E-01  2.560113E-02  0.000000E+00  2.060516E-03 -5.493240E-04  1.961838E-17 -1.046627E+00  0.000000E+00
  9.282010E-01  2.724805E-02  5.000000E-01  9.375709E-01  2.769662E-02  0.000000E+00  9.430995E-03 -2.469196E-03  1.051024E-16 -1.143836E+00  0.000000E+00
  9.202710E-01  2.932387E-02  5.000000E-01  9.295609E-01  2.979340E-02  0.000000E+00  1.718483E-02 -4.285062E-03  1.675607E-16 -1.187477E+00  0.000000E+00
  9.118010E-01  3.138877E-02  5.000000E-01  9.210054E-01  3.187914E-02  0.000000E+00  2.230713E-02 -5.230368E-03  3.352227E-16 -1.183680E+00  0.000000E+00
  9.027810E-01  3.342666E-02  5.000000E-01  9.118943E-01  3.393761E-02  0.000000E+00  2.407567E-02 -5.237406E-03  5.382586E-16 -1.156472E+00  0.000000E+00
  8.932000E-01  3.542180E-02  5.000000E-01  9.022166E-01  3.595289E-02  0.000000E+00  2.386879E-02 -4.767065E-03  5.311302E-16 -1.122404E+00  0.000000E+00
  8.830490E-01  3.735587E-02  5.000000E-01  8.919631E-01  3.790648E-02  0.000000E+00  2.317429E-02 -4.211304E-03  3.207429E-16 -1.086975E+00  0.000000E+00
  8.723190E-01  3.920789E-02  5.000000E-01  8.811248E-01  3.977719E-02  0.000000E+00  2.263985E-02 -3.704813E-03  9.176376E-17 -1.050856E+00  0.000000E+00
  8.723190E-01  3.920789E-02  5.000000E-01  8.811248E-01  3.977719E-02  0.000000E+00  2.263985E-02 -3.704813E-03  9.176376E-17 -1.050856E+00  0.000000E+00
  8.610010E-01  4.095716E-02  5.000000E-01  8.696926E-01  4.154412E-02  0.000000E+00  2.229210E-02 -3.245779E-03 -2.264156E-17 -1.013817E+00  0.000000E+00
  8.490890E-01  4.258441E-02  5.000000E-01  8.576603E-01  4.318780E-02  0.000000E+00  2.197094E-02 -2.808742E-03 -2.852143E-17 -9.759373E-01  0.000000E+00
  8.365770E-01  4.407381E-02  5.000000E-01  8.450220E-01  4.469224E-02  0.000000E+00  2.155773E-02 -2.389269E-03 -3.934047E-18 -9.381717E-01  0.000000E+00
  8.234620E-01  4.541899E-02  5.000000E-01  8.317746E-01  4.605100E-02  0.000000E+00  2.102410E-02 -2.006632E-03  2.322589E-17 -9.027795E-01  0.000000E+00
  8.097400E-01  4.662940E-02  5.000000E-01  8.179141E-01  4.727362E-02  0.000000E+00  2.040444E-02 -1.695202E-03  4.601735E-17 -8.736209E-01  0.000000E+00
  7.954150E-01  4.774220E-02  5.000000E-01  8.034445E-01  4.839765E-02  0.000000E+00  1.976472E-02 -1.496444E-03  5.829785E-17 -8.556838E-01  0.000000E+00
  7.804870E-01  4.883592E-02  5.000000E-01  7.883658E-01  4.950242E-02  0.000000E+00  1.920884E-02 -1.437616E-03  5.711127E-17 -8.524238E-01  0.000000E+00
  7.649630E-01  5.001895E-02  5.000000E-01  7.726851E-01  5.069739E-02  0.000000E+00  1.889627E-02 -1.490531E-03  4.376860E-17 -8.614513E-01  0.000000E+00
  7.488530E-01  5.133478E-02  5.000000E-01  7.564125E-01  5.202650E-02  0.000000E+00  1.892349E-02 -1.603577E-03  2.403515E-17 -8.770807E-01  0.000000E+00
  7.321700E-01  5.280026E-02  5.000000E-01  7.395611E-01  5.350677E-02  0.000000E+00  1.923335E-02 -1.751725E-03  6.591809E-18 -8.953451E-01  0.000000E+00
  7.149290E-01  5.442513E-02  5.000000E-01  7.221460E-01  5.514805E-02  0.000000E+00  1.970437E-02 -1.916488E-03 -2.862197E-18 -9.134390E-01  0.000000E+00
  6.971500E-01  5.620632E-02  5.000000E-01  7.041876E-01  5.694721E-02  0.000000E+00  2.023593E-02 -2.072896E-03 -4.147415E-18 -9.287745E-01  0.000000E+00
  6.788570E-01  5.812106E-02  5.000000E-01  6.857099E-01  5.888129E-02  0.000000E+00  2.077581E-02 -2.189612E-03 -3.147144E-18 -9.387517E-01  0.000000E+00
  6.600760E-01  6.011629E-02  5.000000E-01  6.667393E-01  6.089666E-02  0.000000E+00  2.129317E-02 -2.239081E-03 -4.914718E-18 -9.415740E-01  0.000000E+00
  6.408370E-01  6.212049E-02  5.000000E-01  6.473061E-01  6.292109E-02  0.000000E+00  2.173963E-02 -2.218859E-03 -8.184159E-18 -9.377136E-01  0.000000E+00
  6.211780E-01  6.408567E-02  5.000000E-01  6.274486E-01  6.490611E-02  0.000000E+00  2.208403E-02 -2.143448E-03 -1.090012E-17 -9.288673E-01  0.000000E+00
  6.011430E-01  6.597246E-02  5.000000E-01  6.072114E-01  6.681194E-02  0.000000E+00  2.234356E-02 -2.024239E-03 -1.286793E-17 -9.162480E-01  0.000000E+00
  5.807790E-01  6.774485E-02  5.000000E-01  5.866418E-01  6.860223E-02  0.000000E+00  2.254816E-02 -1.872500E-03 -1.223384E-17 -9.008189E-01  0.000000E+00
  5.601410E-01  6.937687E-02  5.000000E-01  5.657955E-01  7.025072E-02  0.000000E+00  2.272373E-02 -1.697093E-03 -9.572317E-18 -8.832826E-01  0.000000E+00
  5.392850E-01  7.084380E-02  5.000000E-01  5.447290E-01  7.173246E-02  0.000000E+00  2.288462E-02 -1.504790E-03 -7.381441E-18 -8.642686E-01  0.000000E+00
  5.182680E-01  7.212978E-02  5.000000E-01  5.234998E-01  7.303142E-02  0.000000E+00  2.303012E-02 -1.306385E-03 -6.463873E-18 -8.447438E-01  0.000000E+00
  4.971500E-01  7.323336E-02  5.000000E-01  5.021686E-01  7.414614E-02  0.000000E+00  2.316703E-02 -1.108954E-03 -4.591488E-18 -8.253840E-01  0.000000E+00
  4.759900E-01  7.415367E-02  5.000000E-01  4.807950E-01  7.507574E-02  0.000000E+00  2.331137E-02 -9.125825E-04 -1.273536E-18 -8.063067E-01  0.000000E+00
  2.733630E-06 -4.855491E-04  5.000000E-01  2.813636E-06 -3.169370E-04  0.000000E+00  4.686375E-04 -1.840571E-02  4.815349E-15  1.096919E+00  0.000000E+00
  4.455870E-05 -1.426487E-03  5.000000E-01  4.506092E-05 -1.267374E-03  0.000000E+00  2.258773E-03 -2.190602E-02  4.859379E-15  1.067589E+00  0.000000E+00
  2.731490E-04 -2.958883E-03  5.000000E-01  2.759588E-04 -2.815238E-03  0.000000E+00  6.593031E-03 -2.486041E-02  3.878858E-15  9.467725E-01  0.000000E+00
  9.950900E-04 -4.913571E-03  5.000000E-01  1.005188E-03 -4.789658E-03  0.000000E+00  1.277740E-02 -2.521997E-02  4.162140E-15  7.369511E-01  0.000000E+00
  2.349870E-03 -6.988405E-03  5.000000E-01  2.373644E-03 -6.885437E-03  0.000000E+00  1.846851E-02 -2.401698E-02  5.158441E-15  5.277883E-01  0.000000E+00
  4.254460E-03 -9.116584E-03  5.000000E-01  4.297460E-03 -9.035099E-03  0.000000E+00  2.308448E-02 -2.270170E-02  5.464130E-15  3.564102E-01  0.000000E+00
  6.687140E-03 -1.123949E-02  5.000000E-01  6.754697E-03 -1.117944E-02  0.000000E+00  2.708527E-02 -2.121572E-02  4.896870E-15  1.937160E-01  0.000000E+00
  9.634000E-03 -1.331959E-02  5.000000E-01  9.731305E-03 -1.328054E-02  0.000000E+00  3.034948E-02 -1.921529E-02  3.982259E-15  2.840082E-02  0.000000E+00
  1.310530E-02 -1.528927E-02  5.000000E-01  1.323765E-02 -1.527010E-02  0.000000E+00  3.258113E-02 -1.656246E-02  3.285389E-15 -1.355042E-01  0.000000E+00
  1.710810E-02 -1.709682E-02  5.000000E-01  1.728085E-02 -1.709590E-02  0.000000E+00  3.384671E-02 -1.378874E-02  2.906537E-15 -2.755981E-01  0.000000E+00
  2.163760E-02 -1.874283E-02  5.000000E-01  2.185608E-02 -1.875852E-02  0.000000E+00  3.453639E-02 -1.137171E-02  2.707717E-15 -3.825159E-01  0.000000E+00
  2.669190E-02 -2.023698E-02  5.000000E-01  2.696140E-02 -2.026775E-02  0.000000E+00  3.479524E-02 -9.238413E-03  2.545702E-15 -4.687358E-01  0.000000E+00
  3.228310E-02 -2.155512E-02  5.000000E-01  3.260904E-02 -2.159919E-02  0.000000E+00  3.458166E-02 -7.265355E-03  2.335777E-15 -5.439446E-01  0.000000E+00
  3.842170E-02 -2.268518E-02  5.000000E-01  3.880961E-02 -2.274066E-02  0.000000E+00  3.397872E-02 -5.528928E-03  2.060969E-15 -6.071001E-01  0.000000E+00
  4.511710E-02 -2.362794E-02  5.000000E-01  4.557260E-02 -2.369294E-02  0.000000E+00  3.311470E-02 -4.075082E-03  1.758675E-15 -6.569402E-01  0.000000E+00
  5.237940E-02 -2.438871E-02  5.000000E-01  5.290821E-02 -2.446139E-02  0.000000E+00  3.211182E-02 -2.908594E-03  1.469069E-15 -6.930590E-01  0.000000E+00
  6.021800E-02 -2.498320E-02  5.000000E-01  6.082593E-02 -2.506188E-02  0.000000E+00  3.108848E-02 -2.021586E-03  1.199184E-15 -7.154069E-01  0.000000E+00
  6.864140E-02 -2.543665E-02  5.000000E-01  6.933437E-02 -2.551991E-02  0.000000E+00  3.009544E-02 -1.369713E-03  9.437995E-16 -7.255967E-01  0.000000E+00
  7.765990E-02 -2.577011E-02  5.000000E-01  7.844390E-02 -2.585674E-02  0.000000E+00  2.911808E-02 -9.020250E-04  7.069671E-16 -7.254360E-01  0.000000E+00
  8.728340E-02 -2.600872E-02  5.000000E-01  8.816455E-02 -2.609776E-02  0.000000E+00  2.810643E-02 -5.915724E-04  5.010372E-16 -7.152944E-01  0.000000E+00
  9.752070E-02 -2.618469E-02  5.000000E-01  9.850519E-02 -2.627550E-02  0.000000E+00  2.693644E-02 -4.120728E-04  3.352463E-16 -6.951218E-01  0.000000E+00
  1.083810E-01 -2.632998E-02  5.000000E-01  1.094751E-01 -2.642226E-02  0.000000E+00  2.544986E-02 -3.367534E-04  2.071701E-16 -6.642768E-01  0.000000E+00
  1.198710E-01 -2.648035E-02  5.000000E-01  1.210811E-01 -2.657415E-02  0.000000E+00  2.359415E-02 -3.440583E-04  1.094000E-16 -6.209733E-01  0.000000E+00
  1.319970E-01 -2.667572E-02  5.000000E-01  1.333295E-01 -2.677149E-02  0.000000E+00  2.155303E-02 -4.081569E-04  5.321611E-17 -5.634816E-01  0.000000E+00
  1.319970E-01 -2.667572E-02  5.000000E-01  1.333295E-01 -2.677149E-02  0.000000E+00  2.155303E-02 -4.081569E-04  5.321611E-17 -5.634816E-01  0.000000E+00
  1.447640E-01 -2.695353E-02  5.000000E-01  1.462254E-01 -2.705210E-02  0.000000E+00  1.976311E-02 -5.069868E-04  2.411405E-17 -4.923698E-01  0.000000E+00
  1.581750E-01 -2.734820E-02  5.000000E-01  1.597718E-01 -2.745076E-02  0.000000E+00  1.872097E-02 -6.310215E-04  8.590776E-18 -4.140192E-01  0.000000E+00
  1.722290E-01 -2.788024E-02  5.000000E-01  1.739676E-01 -2.798817E-02  0.000000E+00  1.867851E-02 -7.696377E-04  3.751288E-18 -3.427489E-01  0.000000E+00
  1.869240E-01 -2.853664E-02  5.000000E-01  1.888110E-01 -2.865119E-02  0.000000E+00  1.948712E-02 -8.785834E-04 -1.047040E-17 -2.969750E-01  0.000000E+00
  2.022540E-01 -2.924515E-02  5.000000E-01  2.042957E-01 -2.936685E-02  0.000000E+00  2.068605E-02 -8.552143E-04 -4.160063E-17 -2.903843E-01  0.000000E+00
  2.182110E-01 -2.984324E-02  5.000000E-01  2.204138E-01 -2.997098E-02  0.000000E+00  2.178709E-02 -6.415806E-04 -9.528116E-17 -3.195606E-01  0.000000E+00
  2.347810E-01 -3.020382E-02  5.000000E-01  2.371511E-01 -3.033520E-02  0.000000E+00  2.249657E-02 -3.207693E-04 -1.520837E-16 -3.633320E-01  0.000000E+00
  2.519470E-01 -3.031664E-02  5.000000E-01  2.544904E-01 -3.044916E-02  0.000000E+00  2.264847E-02  3.294382E-06 -1.826423E-16 -4.011101E-01  0.000000E+00
  2.696890E-01 -3.019009E-02  5.000000E-01  2.724115E-01 -3.032134E-02  0.000000E+00  2.218995E-02  2.779064E-04 -1.820921E-16 -4.220078E-01  0.000000E+00
  2.879810E-01 -2.985498E-02  5.000000E-01  2.908881E-01 -2.998284E-02  0.000000E+00  2.128878E-02  4.636423E-04 -1.570441E-16 -4.213347E-01  0.000000E+00
  3.067920E-01 -2.937208E-02  5.000000E-01  3.098890E-01 -2.949507E-02  0.000000E+00  2.029391E-02  5.411876E-04 -1.130780E-16 -3.999823E-01  0.000000E+00
  3.260870E-01 -2.883203E-02  5.000000E-01  3.293788E-01 -2.894957E-02  0.000000E+00  1.956107E-02  5.213756E-04 -6.514977E-17 -3.650459E-01  0.000000E+00
  3.458260E-01 -2.833357E-02  5.000000E-01  3.493171E-01 -2.844607E-02  0.000000E+00  1.924004E-02  4.650341E-04 -3.015986E-17 -3.302368E-01  0.000000E+00
  3.659650E-01 -2.787649E-02  5.000000E-01  3.696594E-01 -2.798438E-02  0.000000E+00  1.925786E-02  4.407572E-04 -1.522814E-17 -3.083487E-01  0.000000E+00
  3.864540E-01 -2.741016E-02  5.000000E-01  3.903552E-01 -2.751335E-02  0.000000E+00  1.944981E-02  4.709153E-04 -3.078760E-17 -3.026245E-01  0.000000E+00
  4.072410E-01 -2.687987E-02  5.000000E-01  4.113520E-01 -2.697770E-02  0.000000E+00  1.961150E-02  5.538302E-04 -8.432165E-17 -3.085171E-01  0.000000E+00
  4.282690E-01 -2.623021E-02  5.000000E-01  4.325923E-01 -2.632148E-02  0.000000E+00  1.952893E-02  6.812230E-04 -1.612545E-16 -3.182421E-01  0.000000E+00
  4.494800E-01 -2.540406E-02  5.000000E-01  4.540174E-01 -2.548699E-02  0.000000E+00  1.907071E-02  8.248943E-04 -2.274054E-16 -3.226608E-01  0.000000E+00
  4.708130E-01 -2.438154E-02  5.000000E-01  4.755658E-01 -2.445415E-02  0.000000E+00  1.827006E-02  9.414000E-04 -2.426501E-16 -3.134954E-01  0.000000E+00
  4.922030E-01 -2.319238E-02  5.000000E-01  4.971717E-01 -2.325299E-02  0.000000E+00  1.729274E-02  1.012983E-03 -2.022589E-16 -2.880159E-01  0.000000E+00
  5.135860E-01 -2.186886E-02  5.000000E-01  5.187705E-01 -2.191611E-02  0.000000E+00  1.634498E-02  1.052363E-03 -1.311328E-16 -2.502209E-01  0.000000E+00
  5.348990E-01 -2.044033E-02  5.000000E-01  5.402987E-01 -2.047315E-02  0.000000E+00  1.558824E-02  1.075914E-03 -5.819441E-17 -2.077404E-01  0.000000E+00
  5.560760E-01 -1.893740E-02  5.000000E-01  5.616895E-01 -1.895506E-02  0.000000E+00  1.506838E-02  1.097793E-03 -1.190500E-17 -1.687348E-01  0.000000E+00
  4.759900E-01  7.415367E-02  5.000000E-01  4.807950E-01  7.507574E-02  0.000000E+00  2.331137E-02 -9.125825E-04 -1.273536E-18 -8.063067E-01  0.000000E+00
  4.548480E-01  7.488961E-02  5.000000E-01  4.594396E-01  7.581911E-02  0.000000E+00  2.347056E-02 -7.169436E-04  3.201640E-18 -7.874731E-01  0.000000E+00
  4.337860E-01  7.544307E-02  5.000000E-01  4.381650E-01  7.637816E-02  0.000000E+00  2.364615E-02 -5.188112E-04  9.303703E-18 -7.684720E-01  0.000000E+00
  4.128620E-01  7.581202E-02  5.000000E-01  4.170298E-01  7.675083E-02  0.000000E+00  2.383964E-02 -3.067031E-04  1.295970E-17 -7.481784E-01  0.000000E+00
  3.921340E-01  7.598115E-02  5.000000E-01  3.960925E-01  7.692167E-02  0.000000E+00  2.403736E-02 -6.970675E-05  1.366570E-17 -7.254228E-01  0.000000E+00
  3.716590E-01  7.593408E-02  5.000000E-01  3.754108E-01  7.687412E-02  0.000000E+00  2.420857E-02  1.955801E-04  1.203505E-17 -6.995773E-01  0.000000E+00
  3.514890E-01  7.565584E-02  5.000000E-01  3.550372E-01  7.659307E-02  0.000000E+00  2.432270E-02  4.879643E-04  8.109888E-18 -6.705110E-01  0.000000E+00
  3.316730E-01  7.513545E-02  5.000000E-01  3.350212E-01  7.606743E-02  0.000000E+00  2.435439E-02  7.999060E-04  3.336681E-18 -6.388504E-01  0.000000E+00
  3.122580E-01  7.437005E-02  5.000000E-01  3.154102E-01  7.529431E-02  0.000000E+00  2.427920E-02  1.109895E-03 -2.730591E-18 -6.064902E-01  0.000000E+00
  2.932850E-01  7.338183E-02  5.000000E-01  2.962457E-01  7.429611E-02  0.000000E+00  2.409287E-02  1.395897E-03 -7.845612E-18 -5.756177E-01  0.000000E+00
  2.747930E-01  7.220047E-02  5.000000E-01  2.775670E-01  7.310283E-02  0.000000E+00  2.382380E-02  1.652997E-03 -1.108685E-17 -5.473410E-01  0.000000E+00
  2.568150E-01  7.085282E-02  5.000000E-01  2.594075E-01  7.174157E-02  0.000000E+00  2.351002E-02  1.886205E-03 -1.222906E-17 -5.219600E-01  0.000000E+00
  2.393810E-01  6.936157E-02  5.000000E-01  2.417975E-01  7.023527E-02  0.000000E+00  2.318571E-02  2.103417E-03 -9.033296E-18 -4.996960E-01  0.000000E+00
  2.225160E-01  6.774527E-02  5.000000E-01  2.247623E-01  6.860265E-02  0.000000E+00  2.287834E-02  2.310448E-03 -3.699809E-18 -4.817776E-01  0.000000E+00
  2.062420E-01  6.601825E-02  5.000000E-01  2.083240E-01  6.685820E-02  0.000000E+00  2.259081E-02  2.478946E-03  2.440589E-18 -4.730550E-01  0.000000E+00
  1.905750E-01  6.423717E-02  5.000000E-01  1.924988E-01  6.505913E-02  0.000000E+00  2.234394E-02  2.552071E-03  8.245370E-18 -4.808121E-01  0.000000E+00
  1.755290E-01  6.250556E-02  5.000000E-01  1.773010E-01  6.331005E-02  0.000000E+00  2.228483E-02  2.549510E-03  1.143612E-17 -5.056804E-01  0.000000E+00
  1.611160E-01  6.086607E-02  5.000000E-01  1.627425E-01  6.165401E-02  0.000000E+00  2.259533E-02  2.552804E-03  1.615740E-17 -5.406603E-01  0.000000E+00
  1.473410E-01  5.932156E-02  5.000000E-01  1.488284E-01  6.009391E-02  0.000000E+00  2.331296E-02  2.610507E-03  2.667818E-17 -5.780814E-01  0.000000E+00
  1.342110E-01  5.785478E-02  5.000000E-01  1.355659E-01  5.861232E-02  0.000000E+00  2.432305E-02  2.737855E-03  4.471468E-17 -6.124235E-01  0.000000E+00
  1.217280E-01  5.644032E-02  5.000000E-01  1.229569E-01  5.718358E-02  0.000000E+00  2.544826E-02  2.934861E-03  6.677588E-17 -6.410179E-01  0.000000E+00
  1.098910E-01  5.505260E-02  5.000000E-01  1.110004E-01  5.578185E-02  0.000000E+00  2.655545E-02  3.207120E-03  9.310531E-17 -6.628635E-01  0.000000E+00
  9.869950E-02  5.366287E-02  5.000000E-01  9.969589E-02  5.437809E-02  0.000000E+00  2.759419E-02  3.569976E-03  1.326219E-16 -6.775962E-01  0.000000E+00
  8.814970E-02  5.224471E-02  5.000000E-01  8.903960E-02  5.294561E-02  0.000000E+00  2.857847E-02  4.049403E-03  1.782123E-16 -6.847543E-01  0.000000E+00
  8.814970E-02  5.224471E-02  5.000000E-01  8.903960E-02  5.294561E-02  0.000000E+00  2.857847E-02  4.049403E-03  1.782123E-16 -6.847543E-01  0.000000E+00
  7.823720E-02  5.077045E-02  5.000000E-01  7.902703E-02  5.145647E-02  0.000000E+00  2.954886E-02  4.688315E-03  2.249376E-16 -6.830486E-01  0.000000E+00
  6.895800E-02  4.920867E-02  5.000000E-01  6.965416E-02  4.987893E-02  0.000000E+00  3.051716E-02  5.528690E-03  2.742183E-16 -6.709748E-01  0.000000E+00
  6.030560E-02  4.753314E-02  5.000000E-01  6.091442E-02  4.818649E-02  0.000000E+00  3.146765E-02  6.624917E-03  3.257831E-16 -6.460660E-01  0.000000E+00
  5.227560E-02  4.571138E-02  5.000000E-01  5.280336E-02  4.634633E-02  0.000000E+00  3.234127E-02  8.038186E-03  3.884832E-16 -6.048086E-01  0.000000E+00
  4.486350E-02  4.371250E-02  5.000000E-01  4.531644E-02  4.432728E-02  0.000000E+00  3.299706E-02  9.789691E-03  4.678606E-16 -5.441725E-01  0.000000E+00
  3.806240E-02  4.151433E-02  5.000000E-01  3.844668E-02  4.210691E-02  0.000000E+00  3.325007E-02  1.187694E-02  5.555978E-16 -4.602784E-01  0.000000E+00
  3.186880E-02  3.909233E-02  5.000000E-01  3.219056E-02  3.966047E-02  0.000000E+00  3.285654E-02  1.420799E-02  6.426381E-16 -3.499320E-01  0.000000E+00
  2.627530E-02  3.643689E-02  5.000000E-01  2.654059E-02  3.697822E-02  0.000000E+00  3.156229E-02  1.655727E-02  7.226165E-16 -2.123574E-01  0.000000E+00
  2.127350E-02  3.355040E-02  5.000000E-01  2.148830E-02  3.406259E-02  0.000000E+00  2.924151E-02  1.864998E-02  7.631850E-16 -4.760832E-02  0.000000E+00
  1.685790E-02  3.044001E-02  5.000000E-01  1.702813E-02  3.092081E-02  0.000000E+00  2.594281E-02  2.012930E-02  7.199467E-16  1.387598E-01  0.000000E+00
  1.301460E-02  2.714084E-02  5.000000E-01  1.314603E-02  2.758833E-02  0.000000E+00  2.192436E-02  2.070479E-02  5.715846E-16  3.371544E-01  0.000000E+00
  9.730790E-03  2.369825E-02  5.000000E-01  9.829072E-03  2.411099E-02  0.000000E+00  1.758635E-02  2.030654E-02  3.453971E-16  5.385169E-01  0.000000E+00
  6.996180E-03  2.016718E-02  5.000000E-01  7.066857E-03  2.054428E-02  0.000000E+00  1.333546E-02  1.891478E-02  1.136583E-16  7.278319E-01  0.000000E+00
  4.781010E-03  1.663911E-02  5.000000E-01  4.829325E-03  1.698059E-02  0.000000E+00  9.485319E-03  1.662371E-02 -6.810908E-17  8.915005E-01  0.000000E+00
  3.054950E-03  1.320952E-02  5.000000E-01  3.085841E-03  1.351638E-02  0.000000E+00  6.194683E-03  1.364874E-02 -1.944430E-16  1.024940E+00  0.000000E+00
  1.789910E-03  9.973561E-03  5.000000E-01  1.808031E-03  1.024775E-02  0.000000E+00  3.552406E-03  1.011981E-02 -2.992715E-16  1.123535E+00  0.000000E+00
  9.331870E-04  7.040289E-03  5.000000E-01  9.426596E-04  7.284872E-03  0.000000E+00  1.620703E-03  6.118759E-03 -4.454338E-16  1.183567E+00  0.000000E+00
  4.085430E-04  4.518198E-03  5.000000E-01  4.127195E-04  4.737321E-03  0.000000E+00  3.811620E-04  1.735018E-03 -6.649978E-16  1.207881E+00  0.000000E+00
  1.354760E-04  2.494560E-03  5.000000E-01  1.368960E-04  2.693255E-03  0.000000E+00 -2.396878E-04 -2.994088E-03 -7.612629E-16  1.204190E+00  0.000000E+00
  2.683130E-05  1.021514E-03  5.000000E-01  2.715456E-05  1.205340E-03  0.000000E+00 -3.441448E-04 -8.061908E-03 -1.109758E-16  1.180839E+00  0.000000E+00
  1.320070E-06  1.276971E-04  5.000000E-01  1.385807E-06  3.024998E-04  0.000000E+00 -2.077764E-04 -1.298707E-02  1.571109E-15  1.140479E+00  0.000000E+00
 -5.188750E-08 -1.717795E-04  5.000000E-01  0.000000E+00  0.000000E+00  0.000000E+00 -4.372900E-05 -1.611277E-02  3.368745E-15  1.105512E+00  0.000000E+00
  2.733630E-06 -4.855491E-04  5.000000E-01  2.813636E-06 -3.169370E-04  0.000000E+00  4.686375E-04 -1.840571E-02  4.815349E-15  1.096919E+00  0.000000E+00
    1    2
    2    3
    3    4
    4    5
    5    6
    6    7
    7    8
    8    9
    9   10
   10   11
   11   12
   12   13
   13   14
   14   15
   15   16
   16   17
   17   18
   18   19
   19   20
   20   21
   21   22
   22   23
   23   24
   25   26
   26   27
   27   28
   28   29
   29   30
   30   31
   31   32
   32   33
   33   34
   34   35
   35   36
   36   37
   37   38
   38   39
   39   40
   40   41
   41   42
   42   43
   43   44
   44   45
   45   46
   46   47
   47   48
   49   50
   50   51
   51   52
   52   53
   53   54
   54   55
   55   56
   56   57
   57   58
   58   59
   59   60
   60   61
   61   62
   62   63
   63   64
   64   65
   65   66
   66   67
   67   68
   68   69
   69   70
   70   71
   71   72
   73   74
   74   75
   75   76
   76   77
   77   78
   78   79
   79   80
   80   81
   81   82
   82   83
   83   84
   84   85
   85   86
   86   87
   87   88
   88   89
   89   90
   90   91
   91   92
   92   93
   93   94
   94   95
   95   96
   97   98
   98   99
   99  100
  100  101
  101  102
  102  103
  103  104
  104  105
  105  106
  106  107
  107  108
  108  109
  109  110
  110  111
  111  112
  112  113
  113  114
  114  115
  115  116
  116  117
  117  118
  118  119
  119  120
  121  122
  122  123
  123  124
  124  125
  125  126
  126  127
  127  128
  128  129
  129  130
  130  131
  131  132
  132  133
  133  134
  134  135
  135  136
  136  137
  137  138
  138  139
  139  140
  140  141
  141  142
  142  143
  143  144
  145  146
  146  147
  147  148
  148  149
  149  150
  150  151
  151  152
  152  153
  153  154
  154  155
  155  156
  156  157
  157  158
  158  159
  159  160
  160  161
  161  162
  162  163
  163  164
  164  165
  165  166
  166  167
  167  168
  169  170
  170  171
  171  172
  172  173
  173  174
  174  175
  175  176
  176  177
  177  178
  178  179
  179  180
  180  181
  181  182
  182  183
  183  184
  184  185
  185  186
  186  187
  187  188
  188  189
  189  190
  190  191
  191  192
