 Title = "ADflow Slice Data"
Variables =  "CoordinateX"  "CoordinateY"  "CoordinateZ"  "XoC"  "YoC"  "ZoC" "VelocityX" "VelocityY" "VelocityZ" "CoefPressure" "Mach" 
Zone T= "Slice_0001 None Absolute Regular z = 0.50000000"
 Nodes =          192  Elements=          184  ZONETYPE=FELINESEG
 DATAPACKING=POINT
  5.560760E-01 -1.902372E-02  5.000000E-01  5.616894E-01 -1.904158E-02  0.000000E+00  1.944676E-02  1.461315E-03  8.921991E-20 -6.032690E-01  0.000000E+00
  5.770550E-01 -1.741859E-02  5.000000E-01  5.828802E-01 -1.742024E-02  0.000000E+00  1.473542E-02  1.137015E-03 -4.297175E-19 -5.579672E-01  0.000000E+00
  5.977760E-01 -1.575447E-02  5.000000E-01  6.038104E-01 -1.573932E-02  0.000000E+00  9.472829E-03  7.632823E-04 -4.834095E-19 -4.552598E-01  0.000000E+00
  6.181820E-01 -1.400436E-02  5.000000E-01  6.244224E-01 -1.397154E-02  0.000000E+00  5.347896E-03  4.688751E-04  7.852617E-19 -3.005812E-01  0.000000E+00
  6.382180E-01 -1.214091E-02  5.000000E-01  6.446606E-01 -1.208929E-02  0.000000E+00  3.058077E-03  3.069934E-04  2.060644E-18 -1.385799E-01  0.000000E+00
  6.578350E-01 -1.015049E-02  5.000000E-01  6.644757E-01 -1.007877E-02  0.000000E+00  2.213852E-03  2.481261E-04  1.943474E-18 -2.167239E-02  0.000000E+00
  6.769910E-01 -8.039636E-03  5.000000E-01  6.838250E-01 -7.946612E-03  0.000000E+00  2.063447E-03  2.390511E-04  1.983266E-18  3.500637E-02  0.000000E+00
  6.956490E-01 -5.821954E-03  5.000000E-01  7.026714E-01 -5.706544E-03  0.000000E+00  2.055119E-03  2.456634E-04  3.259512E-19  5.832267E-02  0.000000E+00
  7.137810E-01 -3.524509E-03  5.000000E-01  7.209864E-01 -3.385907E-03  0.000000E+00  1.951699E-03  2.476197E-04 -1.323662E-18  8.081285E-02  0.000000E+00
  7.313660E-01 -1.187066E-03  5.000000E-01  7.387489E-01 -1.024868E-03  0.000000E+00  1.733482E-03  2.338359E-04  6.346333E-19  1.132376E-01  0.000000E+00
  7.483850E-01  1.154115E-03  5.000000E-01  7.559397E-01  1.339947E-03  0.000000E+00  1.454257E-03  2.045568E-04  5.482554E-19  1.492049E-01  0.000000E+00
  7.648220E-01  3.475190E-03  5.000000E-01  7.725427E-01  3.684451E-03  0.000000E+00  1.161128E-03  1.668061E-04 -1.025913E-18  1.811683E-01  0.000000E+00
  7.806630E-01  5.759141E-03  5.000000E-01  7.885436E-01  5.991458E-03  0.000000E+00  8.920567E-04  1.271334E-04 -2.199604E-19  2.081364E-01  0.000000E+00
  7.958970E-01  7.934636E-03  5.000000E-01  8.039313E-01  8.188915E-03  0.000000E+00  6.964116E-04  9.386997E-05 -7.979188E-19  2.333168E-01  0.000000E+00
  8.105170E-01  9.806077E-03  5.000000E-01  8.186989E-01  1.007925E-02  0.000000E+00  6.233747E-04  7.329735E-05 -1.688458E-18  2.568730E-01  0.000000E+00
  8.245160E-01  1.127240E-02  5.000000E-01  8.328392E-01  1.156037E-02  0.000000E+00  6.904382E-04  6.310270E-05 -1.322762E-18  2.758749E-01  0.000000E+00
  8.378940E-01  1.232647E-02  5.000000E-01  8.463523E-01  1.262508E-02  0.000000E+00  8.837088E-04  5.671118E-05 -8.324695E-19  2.896891E-01  0.000000E+00
  8.506490E-01  1.300832E-02  5.000000E-01  8.592360E-01  1.331382E-02  0.000000E+00  1.182458E-03  4.726246E-05  6.248256E-19  2.996380E-01  0.000000E+00
  8.627850E-01  1.337574E-02  5.000000E-01  8.714946E-01  1.368495E-02  0.000000E+00  1.570339E-03  2.927588E-05  8.384180E-19  3.066168E-01  0.000000E+00
  8.743060E-01  1.348865E-02  5.000000E-01  8.831319E-01  1.379899E-02  0.000000E+00  2.032688E-03 -5.303632E-07 -3.874051E-21  3.107814E-01  0.000000E+00
  8.852170E-01  1.339952E-02  5.000000E-01  8.941530E-01  1.370896E-02  0.000000E+00  2.554427E-03 -4.347668E-05 -2.944812E-19  3.122757E-01  0.000000E+00
  8.955250E-01  1.315046E-02  5.000000E-01  9.045651E-01  1.345739E-02  0.000000E+00  3.121195E-03 -9.996317E-05 -4.814129E-19  3.113324E-01  0.000000E+00
  9.052400E-01  1.277575E-02  5.000000E-01  9.143781E-01  1.307889E-02  0.000000E+00  3.721185E-03 -1.702489E-04 -8.432315E-19  3.081685E-01  0.000000E+00
  9.143710E-01  1.230246E-02  5.000000E-01  9.236013E-01  1.260083E-02  0.000000E+00  4.348135E-03 -2.560485E-04 -1.986753E-18  3.030984E-01  0.000000E+00
  9.143710E-01  1.230246E-02  5.000000E-01  9.236013E-01  1.260083E-02  0.000000E+00  4.348135E-03 -2.560485E-04 -1.986753E-18  3.030984E-01  0.000000E+00
  9.229270E-01  1.174691E-02  5.000000E-01  9.322437E-01  1.203967E-02  0.000000E+00  5.003549E-03 -3.610921E-04 -2.197143E-18  2.963748E-01  0.000000E+00
  9.309180E-01  1.111978E-02  5.000000E-01  9.403153E-01  1.140621E-02  0.000000E+00  5.695586E-03 -4.896671E-04 -7.824286E-19  2.879244E-01  0.000000E+00
  9.383550E-01  1.043114E-02  5.000000E-01  9.478274E-01  1.071062E-02  0.000000E+00  6.437002E-03 -6.463182E-04 -1.950322E-19  2.775017E-01  0.000000E+00
  9.452490E-01  9.691136E-03  5.000000E-01  9.547910E-01  9.963146E-03  0.000000E+00  7.244567E-03 -8.372396E-04  2.711592E-19  2.648826E-01  0.000000E+00
  9.516100E-01  8.909502E-03  5.000000E-01  9.612162E-01  9.173621E-03  0.000000E+00  8.138859E-03 -1.070377E-03  3.373401E-19  2.498011E-01  0.000000E+00
  9.574470E-01  8.096955E-03  5.000000E-01  9.671121E-01  8.352872E-03  0.000000E+00  9.142690E-03 -1.354192E-03  2.586900E-19  2.318092E-01  0.000000E+00
  9.627730E-01  7.265796E-03  5.000000E-01  9.724919E-01  7.513323E-03  0.000000E+00  1.028061E-02 -1.697868E-03  8.969036E-19  2.103696E-01  0.000000E+00
  9.675950E-01  6.430429E-03  5.000000E-01  9.773626E-01  6.669523E-03  0.000000E+00  1.158165E-02 -2.110832E-03  2.043696E-18  1.849107E-01  0.000000E+00
  9.719240E-01  5.606762E-03  5.000000E-01  9.817353E-01  5.837541E-03  0.000000E+00  1.308556E-02 -2.603654E-03  2.684342E-18  1.547626E-01  0.000000E+00
  9.757700E-01  4.811880E-03  5.000000E-01  9.856201E-01  5.034635E-03  0.000000E+00  1.485332E-02 -3.192564E-03  2.895250E-18  1.192781E-01  0.000000E+00
  9.791410E-01  4.062862E-03  5.000000E-01  9.890251E-01  4.278056E-03  0.000000E+00  1.696973E-02 -3.900040E-03  2.127711E-18  7.781988E-02  0.000000E+00
  9.820450E-01  3.376047E-03  5.000000E-01  9.919584E-01  3.584307E-03  0.000000E+00  1.950512E-02 -4.746410E-03 -7.393669E-18  2.945809E-02  0.000000E+00
  9.844890E-01  2.766535E-03  5.000000E-01  9.944271E-01  2.968643E-03  0.000000E+00  2.241825E-02 -5.728346E-03 -3.487707E-17 -2.656975E-02  0.000000E+00
  9.864800E-01  2.247880E-03  5.000000E-01  9.964382E-01  2.444753E-03  0.000000E+00  2.545800E-02 -6.745205E-03 -7.195126E-17 -8.931633E-02  0.000000E+00
  9.880230E-01  1.831990E-03  5.000000E-01  9.979968E-01  2.024665E-03  0.000000E+00  2.780409E-02 -7.503124E-03 -3.507531E-17 -1.656361E-01  0.000000E+00
  9.891220E-01  1.528235E-03  5.000000E-01  9.991069E-01  1.717842E-03  0.000000E+00  2.867465E-02 -8.110039E-03  2.880829E-16 -2.561767E-01  0.000000E+00
  9.897810E-01  1.343228E-03  5.000000E-01  9.997725E-01  1.530968E-03  0.000000E+00  4.076279E-02 -9.990041E-03  1.107883E-15 -2.403107E-01  0.000000E+00
  9.900000E-01  1.281138E-03  5.000000E-01  9.999937E-01  1.468252E-03  0.000000E+00  2.820936E-02 -1.354320E-03  3.125662E-15 -5.620702E-01  0.000000E+00
  9.900000E-01  1.690697E-03  5.000000E-01  9.999937E-01  1.881945E-03  0.000000E+00  1.417918E-03 -7.155675E-03  9.200613E-15 -8.247552E-01  0.000000E+00
  9.900000E-01  2.100257E-03  5.000000E-01  9.999937E-01  2.295639E-03  0.000000E+00 -4.362216E-04 -1.901067E-02  1.732638E-14 -6.706071E-01  0.000000E+00
  9.900000E-01  2.509816E-03  5.000000E-01  9.999937E-01  2.709333E-03  0.000000E+00 -1.107679E-04 -1.037960E-02  2.360691E-14 -6.560414E-01  0.000000E+00
  9.900000E-01  2.919361E-03  5.000000E-01  9.999937E-01  3.123012E-03  0.000000E+00  3.068871E-04 -6.494495E-03  2.839376E-14 -6.949106E-01  0.000000E+00
  9.900000E-01  3.328920E-03  5.000000E-01  9.999937E-01  3.536705E-03  0.000000E+00  4.711833E-03 -6.461689E-03  3.238049E-14 -6.586593E-01  0.000000E+00
  9.900000E-01  3.328920E-03  5.000000E-01  9.999937E-01  3.536705E-03  0.000000E+00  4.711833E-03 -6.461689E-03  3.238049E-14 -6.586593E-01  0.000000E+00
  9.897980E-01  3.435170E-03  5.000000E-01  9.997897E-01  3.644027E-03  0.000000E+00  6.257843E-03 -3.841721E-03  3.120489E-14 -6.067303E-01  0.000000E+00
  9.891900E-01  3.753934E-03  5.000000E-01  9.991756E-01  3.966009E-03  0.000000E+00  2.644464E-03 -1.312099E-03  2.311610E-14 -6.154965E-01  0.000000E+00
  9.881780E-01  4.284504E-03  5.000000E-01  9.981534E-01  4.501936E-03  0.000000E+00  7.116183E-04 -3.668199E-04  1.383243E-14 -6.169445E-01  0.000000E+00
  9.867570E-01  5.025630E-03  5.000000E-01  9.967180E-01  5.250543E-03  0.000000E+00 -6.659548E-04  3.338869E-04  6.702053E-15 -6.159637E-01  0.000000E+00
  9.849260E-01  5.973794E-03  5.000000E-01  9.948685E-01  6.208279E-03  0.000000E+00 -1.675533E-03  8.595732E-04  2.472659E-15 -6.199987E-01  0.000000E+00
  9.826810E-01  7.122533E-03  5.000000E-01  9.926009E-01  7.368613E-03  0.000000E+00 -2.225870E-03  1.129399E-03  4.774753E-16 -6.270342E-01  0.000000E+00
  9.800160E-01  8.462119E-03  5.000000E-01  9.899090E-01  8.721722E-03  0.000000E+00 -2.366230E-03  1.176216E-03 -2.031124E-16 -6.339858E-01  0.000000E+00
  9.769240E-01  9.978462E-03  5.000000E-01  9.867857E-01  1.025337E-02  0.000000E+00 -2.246583E-03  1.085054E-03 -2.756202E-16 -6.391918E-01  0.000000E+00
  9.733970E-01  1.165035E-02  5.000000E-01  9.832231E-01  1.194213E-02  0.000000E+00 -2.032870E-03  9.440894E-04 -1.637923E-16 -6.422849E-01  0.000000E+00
  9.694240E-01  1.345113E-02  5.000000E-01  9.792100E-01  1.376109E-02  0.000000E+00 -1.857179E-03  8.206714E-04 -5.847375E-17 -6.437911E-01  0.000000E+00
  9.649940E-01  1.535382E-02  5.000000E-01  9.747353E-01  1.568299E-02  0.000000E+00 -1.800380E-03  7.511104E-04 -6.686876E-18 -6.446328E-01  0.000000E+00
  9.600960E-01  1.733784E-02  5.000000E-01  9.697879E-01  1.768704E-02  0.000000E+00 -1.892555E-03  7.409242E-04  6.757659E-18 -6.458791E-01  0.000000E+00
  9.547180E-01  1.938250E-02  5.000000E-01  9.643556E-01  1.975234E-02  0.000000E+00 -2.120268E-03  7.764411E-04  4.832660E-18 -6.484759E-01  0.000000E+00
  9.488510E-01  2.146770E-02  5.000000E-01  9.584294E-01  2.185859E-02  0.000000E+00 -2.451194E-03  8.427104E-04  8.624283E-19 -6.520111E-01  0.000000E+00
  9.424820E-01  2.357731E-02  5.000000E-01  9.519961E-01  2.398949E-02  0.000000E+00 -2.874003E-03  9.282492E-04 -1.198309E-18 -6.541270E-01  0.000000E+00
  9.356020E-01  2.569976E-02  5.000000E-01  9.450466E-01  2.613337E-02  0.000000E+00 -3.352325E-03  1.001953E-03 -2.529808E-18 -6.570294E-01  0.000000E+00
  9.282010E-01  2.782763E-02  5.000000E-01  9.375709E-01  2.828272E-02  0.000000E+00 -3.600243E-03  9.805197E-04 -2.864219E-18 -6.788499E-01  0.000000E+00
  9.202710E-01  2.995429E-02  5.000000E-01  9.295609E-01  3.043085E-02  0.000000E+00 -2.827495E-03  7.052212E-04 -1.383733E-18 -7.470989E-01  0.000000E+00
  9.118010E-01  3.206570E-02  5.000000E-01  9.210054E-01  3.256357E-02  0.000000E+00  1.640692E-04 -2.694138E-05  1.711804E-18 -8.642135E-01  0.000000E+00
  9.027810E-01  3.414360E-02  5.000000E-01  9.118943E-01  3.466245E-02  0.000000E+00  6.115777E-03 -1.282975E-03  9.064671E-18 -9.883095E-01  0.000000E+00
  8.932000E-01  3.616965E-02  5.000000E-01  9.022166E-01  3.670895E-02  0.000000E+00  1.390566E-02 -2.731469E-03  1.984698E-17 -1.067441E+00  0.000000E+00
  8.830490E-01  3.812253E-02  5.000000E-01  8.919631E-01  3.868154E-02  0.000000E+00  2.053302E-02 -3.716685E-03  2.643730E-17 -1.085438E+00  0.000000E+00
  8.723190E-01  3.997780E-02  5.000000E-01  8.811248E-01  4.055555E-02  0.000000E+00  2.382553E-02 -3.886638E-03  2.597246E-17 -1.061804E+00  0.000000E+00
  8.723190E-01  3.997780E-02  5.000000E-01  8.811248E-01  4.055555E-02  0.000000E+00  2.382553E-02 -3.886638E-03  2.597246E-17 -1.061804E+00  0.000000E+00
  8.610010E-01  4.171096E-02  5.000000E-01  8.696925E-01  4.230620E-02  0.000000E+00  2.418788E-02 -3.474774E-03  2.139861E-17 -1.020967E+00  0.000000E+00
  8.490890E-01  4.329881E-02  5.000000E-01  8.576603E-01  4.391008E-02  0.000000E+00  2.320667E-02 -2.873589E-03  1.598594E-17 -9.758046E-01  0.000000E+00
  8.365770E-01  4.472190E-02  5.000000E-01  8.450220E-01  4.534753E-02  0.000000E+00  2.202202E-02 -2.305267E-03  1.253054E-17 -9.310216E-01  0.000000E+00
  8.234620E-01  4.597154E-02  5.000000E-01  8.317746E-01  4.660979E-02  0.000000E+00  2.101164E-02 -1.835032E-03  1.234535E-17 -8.896362E-01  0.000000E+00
  8.097400E-01  4.705789E-02  5.000000E-01  8.179141E-01  4.770710E-02  0.000000E+00  2.016361E-02 -1.482102E-03  1.308055E-17 -8.560466E-01  0.000000E+00
  7.954150E-01  4.802487E-02  5.000000E-01  8.034445E-01  4.868384E-02  0.000000E+00  1.940818E-02 -1.273656E-03  1.300551E-17 -8.362066E-01  0.000000E+00
  7.804870E-01  4.896777E-02  5.000000E-01  7.883658E-01  4.963627E-02  0.000000E+00  1.877513E-02 -1.231907E-03  1.180135E-17 -8.344097E-01  0.000000E+00
  7.649630E-01  5.002052E-02  5.000000E-01  7.726851E-01  5.069964E-02  0.000000E+00  1.842511E-02 -1.319355E-03  9.098081E-18 -8.477509E-01  0.000000E+00
  7.488530E-01  5.123768E-02  5.000000E-01  7.564125E-01  5.192909E-02  0.000000E+00  1.847681E-02 -1.474290E-03  4.940547E-18 -8.691135E-01  0.000000E+00
  7.321700E-01  5.264009E-02  5.000000E-01  7.395610E-01  5.334566E-02  0.000000E+00  1.886972E-02 -1.669013E-03 -9.408564E-19 -8.933870E-01  0.000000E+00
  7.149290E-01  5.423877E-02  5.000000E-01  7.221460E-01  5.496047E-02  0.000000E+00  1.945693E-02 -1.882247E-03 -7.357975E-18 -9.168813E-01  0.000000E+00
  6.971500E-01  5.602764E-02  5.000000E-01  7.041875E-01  5.676740E-02  0.000000E+00  2.010934E-02 -2.082357E-03 -1.336379E-17 -9.362766E-01  0.000000E+00
  6.788570E-01  5.797518E-02  5.000000E-01  6.857099E-01  5.873460E-02  0.000000E+00  2.075588E-02 -2.229271E-03 -1.793309E-17 -9.484582E-01  0.000000E+00
  6.600760E-01  6.001309E-02  5.000000E-01  6.667393E-01  6.079308E-02  0.000000E+00  2.135463E-02 -2.289382E-03 -2.079522E-17 -9.515583E-01  0.000000E+00
  6.408370E-01  6.205301E-02  5.000000E-01  6.473061E-01  6.285359E-02  0.000000E+00  2.184554E-02 -2.264021E-03 -2.147264E-17 -9.467199E-01  0.000000E+00
  6.211780E-01  6.404314E-02  5.000000E-01  6.274486E-01  6.486381E-02  0.000000E+00  2.219758E-02 -2.176579E-03 -2.034602E-17 -9.364937E-01  0.000000E+00
  6.011430E-01  6.594414E-02  5.000000E-01  6.072114E-01  6.678400E-02  0.000000E+00  2.244553E-02 -2.043655E-03 -1.917829E-17 -9.224955E-01  0.000000E+00
  5.807790E-01  6.772041E-02  5.000000E-01  5.866418E-01  6.857820E-02  0.000000E+00  2.263609E-02 -1.878935E-03 -1.706477E-17 -9.058112E-01  0.000000E+00
  5.601410E-01  6.934675E-02  5.000000E-01  5.657955E-01  7.022096E-02  0.000000E+00  2.280232E-02 -1.692103E-03 -1.445680E-17 -8.871369E-01  0.000000E+00
  5.392850E-01  7.079946E-02  5.000000E-01  5.447289E-01  7.168833E-02  0.000000E+00  2.295909E-02 -1.488779E-03 -1.250003E-17 -8.669609E-01  0.000000E+00
  5.182680E-01  7.206158E-02  5.000000E-01  5.234998E-01  7.296320E-02  0.000000E+00  2.310265E-02 -1.277294E-03 -1.169620E-17 -8.460188E-01  0.000000E+00
  4.971500E-01  7.312856E-02  5.000000E-01  5.021686E-01  7.404095E-02  0.000000E+00  2.323351E-02 -1.063137E-03 -1.097801E-17 -8.248201E-01  0.000000E+00
  4.759900E-01  7.399642E-02  5.000000E-01  4.807950E-01  7.491756E-02  0.000000E+00  2.336116E-02 -8.460529E-04 -9.401596E-18 -8.034250E-01  0.000000E+00
  2.733630E-06 -4.880315E-04  5.000000E-01  2.813636E-06 -3.187771E-04  0.000000E+00  4.550403E-04 -1.798662E-02 -2.723237E-18  1.101038E+00  0.000000E+00
  4.455870E-05 -1.434418E-03  5.000000E-01  4.506092E-05 -1.274717E-03  0.000000E+00  2.202525E-03 -2.147022E-02  2.479031E-17  1.072669E+00  0.000000E+00
  2.731490E-04 -2.975592E-03  5.000000E-01  2.759588E-04 -2.831449E-03  0.000000E+00  6.455139E-03 -2.445437E-02  3.856343E-17  9.544589E-01  0.000000E+00
  9.950900E-04 -4.941142E-03  5.000000E-01  1.005187E-03 -4.816840E-03  0.000000E+00  1.256439E-02 -2.491510E-02  3.836160E-17  7.477112E-01  0.000000E+00
  2.349870E-03 -7.026907E-03  5.000000E-01  2.373644E-03 -6.923661E-03  0.000000E+00  1.823281E-02 -2.382397E-02  3.627763E-17  5.400593E-01  0.000000E+00
  4.254460E-03 -9.165623E-03  5.000000E-01  4.297460E-03 -9.083966E-03  0.000000E+00  2.286046E-02 -2.258553E-02  2.472422E-17  3.686781E-01  0.000000E+00
  6.687140E-03 -1.129833E-02  5.000000E-01  6.754697E-03 -1.123820E-02  0.000000E+00  2.688123E-02 -2.114796E-02  4.296461E-18  2.055204E-01  0.000000E+00
  9.634000E-03 -1.338736E-02  5.000000E-01  9.731304E-03 -1.334832E-02  0.000000E+00  3.016898E-02 -1.917927E-02 -8.501361E-18  3.980108E-02  0.000000E+00
  1.310530E-02 -1.536498E-02  5.000000E-01  1.323765E-02 -1.534590E-02  0.000000E+00  3.242534E-02 -1.654783E-02 -3.021294E-18 -1.242321E-01  0.000000E+00
  1.710810E-02 -1.717960E-02  5.000000E-01  1.728085E-02 -1.717884E-02  0.000000E+00  3.370480E-02 -1.378573E-02  2.248168E-17 -2.640750E-01  0.000000E+00
  2.163760E-02 -1.883239E-02  5.000000E-01  2.185608E-02 -1.884832E-02  0.000000E+00  3.437768E-02 -1.137059E-02  5.584151E-17 -3.703370E-01  0.000000E+00
  2.669190E-02 -2.033386E-02  5.000000E-01  2.696140E-02 -2.036494E-02  0.000000E+00  3.457536E-02 -9.233032E-03  7.916318E-17 -4.555493E-01  0.000000E+00
  3.228310E-02 -2.166070E-02  5.000000E-01  3.260904E-02 -2.170517E-02  0.000000E+00  3.428419E-02 -7.261849E-03  8.873200E-17 -5.293544E-01  0.000000E+00
  3.842170E-02 -2.280200E-02  5.000000E-01  3.880961E-02 -2.285799E-02  0.000000E+00  3.370947E-02 -5.553542E-03  9.025489E-17 -5.904956E-01  0.000000E+00
  4.511710E-02 -2.376000E-02  5.000000E-01  4.557259E-02 -2.382567E-02  0.000000E+00  3.319597E-02 -4.166869E-03  8.552510E-17 -6.375520E-01  0.000000E+00
  5.237940E-02 -2.454179E-02  5.000000E-01  5.290820E-02 -2.461535E-02  0.000000E+00  3.298418E-02 -3.088652E-03  7.756415E-17 -6.705587E-01  0.000000E+00
  6.021800E-02 -2.516514E-02  5.000000E-01  6.082593E-02 -2.524500E-02  0.000000E+00  3.277506E-02 -2.257930E-03  6.939825E-17 -6.912012E-01  0.000000E+00
  6.864140E-02 -2.565775E-02  5.000000E-01  6.933436E-02 -2.574257E-02  0.000000E+00  3.133567E-02 -1.582728E-03  5.863349E-17 -7.025387E-01  0.000000E+00
  7.765990E-02 -2.604342E-02  5.000000E-01  7.844390E-02 -2.613214E-02  0.000000E+00  2.710463E-02 -1.023595E-03  4.346275E-17 -6.991819E-01  0.000000E+00
  8.728340E-02 -2.635044E-02  5.000000E-01  8.816455E-02 -2.644226E-02  0.000000E+00  1.994919E-02 -6.094837E-04  2.694301E-17 -6.557067E-01  0.000000E+00
  9.752070E-02 -2.661460E-02  5.000000E-01  9.850519E-02 -2.670909E-02  0.000000E+00  1.225375E-02 -3.425524E-04  1.356698E-17 -5.368496E-01  0.000000E+00
  1.083810E-01 -2.687183E-02  5.000000E-01  1.094751E-01 -2.696891E-02  0.000000E+00  7.139611E-03 -1.910811E-04  6.813512E-18 -3.373206E-01  0.000000E+00
  1.198710E-01 -2.716217E-02  5.000000E-01  1.210811E-01 -2.726218E-02  0.000000E+00  5.712611E-03 -1.429236E-04  3.387167E-18 -1.151102E-01  0.000000E+00
  1.319970E-01 -2.752997E-02  5.000000E-01  1.333295E-01 -2.763369E-02  0.000000E+00  6.959215E-03 -2.147375E-04  2.097379E-18  4.079859E-02  0.000000E+00
  1.319970E-01 -2.752997E-02  5.000000E-01  1.333295E-01 -2.763369E-02  0.000000E+00  6.959215E-03 -2.147375E-04  2.097379E-18  4.079859E-02  0.000000E+00
  1.447640E-01 -2.801685E-02  5.000000E-01  1.462254E-01 -2.812549E-02  0.000000E+00  9.494730E-03 -4.063636E-04  3.264722E-18  8.867329E-02  0.000000E+00
  1.581750E-01 -2.866029E-02  5.000000E-01  1.597718E-01 -2.877543E-02  0.000000E+00  1.255983E-02 -6.843155E-04  2.896307E-18  5.775247E-02  0.000000E+00
  1.722290E-01 -2.948106E-02  5.000000E-01  1.739676E-01 -2.960448E-02  0.000000E+00  1.584252E-02 -1.006785E-03  1.692891E-18 -2.754852E-03  0.000000E+00
  1.869240E-01 -3.046076E-02  5.000000E-01  1.888110E-01 -3.059407E-02  0.000000E+00  1.905503E-02 -1.289481E-03  8.787925E-19 -6.938110E-02  0.000000E+00
  2.022540E-01 -3.151163E-02  5.000000E-01  2.042957E-01 -3.165555E-02  0.000000E+00  2.182170E-02 -1.371797E-03  1.583238E-19 -1.450994E-01  0.000000E+00
  2.182110E-01 -3.244113E-02  5.000000E-01  2.204138E-01 -3.259443E-02  0.000000E+00  2.387229E-02 -1.158041E-03  1.752922E-20 -2.328281E-01  0.000000E+00
  2.347810E-01 -3.309422E-02  5.000000E-01  2.371511E-01 -3.325411E-02  0.000000E+00  2.519423E-02 -7.521658E-04  8.866408E-19 -3.212175E-01  0.000000E+00
  2.519470E-01 -3.344490E-02  5.000000E-01  2.544904E-01 -3.360833E-02  0.000000E+00  2.586902E-02 -2.923559E-04  8.131048E-19 -3.988402E-01  0.000000E+00
  2.696890E-01 -3.348467E-02  5.000000E-01  2.724115E-01 -3.364850E-02  0.000000E+00  2.595212E-02  1.527013E-04  5.318154E-19 -4.617020E-01  0.000000E+00
  2.879810E-01 -3.322676E-02  5.000000E-01  2.908881E-01 -3.338799E-02  0.000000E+00  2.556374E-02  5.243942E-04  1.526283E-18 -5.079024E-01  0.000000E+00
  3.067920E-01 -3.271578E-02  5.000000E-01  3.098890E-01 -3.287185E-02  0.000000E+00  2.491740E-02  7.769897E-04  1.705684E-18 -5.364637E-01  0.000000E+00
  3.260870E-01 -3.203048E-02  5.000000E-01  3.293788E-01 -3.217963E-02  0.000000E+00  2.425696E-02  8.983620E-04  1.188738E-18 -5.488005E-01  0.000000E+00
  3.458260E-01 -3.126735E-02  5.000000E-01  3.493170E-01 -3.140881E-02  0.000000E+00  2.370345E-02  9.420361E-04  5.407900E-19 -5.514661E-01  0.000000E+00
  3.659650E-01 -3.044798E-02  5.000000E-01  3.696593E-01 -3.058116E-02  0.000000E+00  2.324794E-02  9.800940E-04  5.839170E-19 -5.525819E-01  0.000000E+00
  3.864540E-01 -2.955620E-02  5.000000E-01  3.903552E-01 -2.968038E-02  0.000000E+00  2.287126E-02  1.036947E-03  2.340678E-19 -5.560489E-01  0.000000E+00
  4.072410E-01 -2.857648E-02  5.000000E-01  4.113520E-01 -2.869077E-02  0.000000E+00  2.256872E-02  1.111616E-03 -5.567645E-19 -5.624981E-01  0.000000E+00
  4.282690E-01 -2.749628E-02  5.000000E-01  4.325923E-01 -2.759966E-02  0.000000E+00  2.235512E-02  1.203178E-03 -4.730687E-19 -5.714835E-01  0.000000E+00
  4.494800E-01 -2.630283E-02  5.000000E-01  4.540174E-01 -2.639417E-02  0.000000E+00  2.229596E-02  1.309773E-03 -1.015947E-19 -5.818654E-01  0.000000E+00
  4.708130E-01 -2.499614E-02  5.000000E-01  4.755657E-01 -2.507429E-02  0.000000E+00  2.248727E-02  1.424454E-03  1.493818E-19 -5.919923E-01  0.000000E+00
  4.922030E-01 -2.359629E-02  5.000000E-01  4.971717E-01 -2.366031E-02  0.000000E+00  2.289237E-02  1.539045E-03  3.437157E-19 -6.009912E-01  0.000000E+00
  5.135860E-01 -2.212322E-02  5.000000E-01  5.187705E-01 -2.217237E-02  0.000000E+00  2.309879E-02  1.628442E-03  4.544085E-19 -6.087838E-01  0.000000E+00
  5.348990E-01 -2.059324E-02  5.000000E-01  5.402987E-01 -2.062694E-02  0.000000E+00  2.224288E-02  1.626646E-03  2.634210E-19 -6.129886E-01  0.000000E+00
  5.560760E-01 -1.902372E-02  5.000000E-01  5.616894E-01 -1.904158E-02  0.000000E+00  1.944676E-02  1.461315E-03  8.921991E-20 -6.032690E-01  0.000000E+00
  4.759900E-01  7.399642E-02  5.000000E-01  4.807950E-01  7.491756E-02  0.000000E+00  2.336116E-02 -8.460529E-04 -9.401596E-18 -8.034250E-01  0.000000E+00
  4.548480E-01  7.466110E-02  5.000000E-01  4.594396E-01  7.558896E-02  0.000000E+00  2.348902E-02 -6.260364E-04 -7.658299E-18 -7.818526E-01  0.000000E+00
  4.337860E-01  7.512178E-02  5.000000E-01  4.381650E-01  7.605428E-02  0.000000E+00  2.361444E-02 -4.032091E-04 -7.156037E-18 -7.600585E-01  0.000000E+00
  4.128620E-01  7.537896E-02  5.000000E-01  4.170297E-01  7.631407E-02  0.000000E+00  2.373546E-02 -1.738161E-04 -7.581299E-18 -7.376548E-01  0.000000E+00
  3.921340E-01  7.542839E-02  5.000000E-01  3.960925E-01  7.636399E-02  0.000000E+00  2.384620E-02  6.723271E-05 -7.645599E-18 -7.140935E-01  0.000000E+00
  3.716590E-01  7.526480E-02  5.000000E-01  3.754108E-01  7.619875E-02  0.000000E+00  2.393324E-02  3.223529E-04 -7.443152E-18 -6.890051E-01  0.000000E+00
  3.514890E-01  7.488339E-02  5.000000E-01  3.550372E-01  7.581349E-02  0.000000E+00  2.398080E-02  5.909555E-04 -6.714862E-18 -6.623545E-01  0.000000E+00
  3.316730E-01  7.428232E-02  5.000000E-01  3.350212E-01  7.520635E-02  0.000000E+00  2.397325E-02  8.674828E-04 -5.687790E-18 -6.347144E-01  0.000000E+00
  3.122580E-01  7.346600E-02  5.000000E-01  3.154102E-01  7.438179E-02  0.000000E+00  2.389351E-02  1.136042E-03 -4.419313E-18 -6.076326E-01  0.000000E+00
  2.932850E-01  7.245817E-02  5.000000E-01  2.962457E-01  7.336379E-02  0.000000E+00  2.374046E-02  1.381778E-03 -3.432245E-18 -5.827581E-01  0.000000E+00
  2.747930E-01  7.128650E-02  5.000000E-01  2.775670E-01  7.218029E-02  0.000000E+00  2.353871E-02  1.604308E-03 -4.235647E-18 -5.607238E-01  0.000000E+00
  2.568150E-01  6.997408E-02  5.000000E-01  2.594075E-01  7.085462E-02  0.000000E+00  2.331814E-02  1.810694E-03 -4.454998E-18 -5.414537E-01  0.000000E+00
  2.393810E-01  6.853906E-02  5.000000E-01  2.417975E-01  6.940512E-02  0.000000E+00  2.310304E-02  2.009200E-03 -3.580855E-18 -5.248584E-01  0.000000E+00
  2.225160E-01  6.699543E-02  5.000000E-01  2.247623E-01  6.784591E-02  0.000000E+00  2.291025E-02  2.204779E-03 -2.992740E-18 -5.118510E-01  0.000000E+00
  2.062420E-01  6.535342E-02  5.000000E-01  2.083240E-01  6.618732E-02  0.000000E+00  2.273231E-02  2.368115E-03 -1.576844E-18 -5.068312E-01  0.000000E+00
  1.905750E-01  6.366514E-02  5.000000E-01  1.924988E-01  6.448199E-02  0.000000E+00  2.258030E-02  2.441674E-03 -7.056270E-19 -5.165158E-01  0.000000E+00
  1.755290E-01  6.202790E-02  5.000000E-01  1.773010E-01  6.282823E-02  0.000000E+00  2.259147E-02  2.442788E-03 -9.695570E-19 -5.412948E-01  0.000000E+00
  1.611160E-01  6.047915E-02  5.000000E-01  1.627425E-01  6.126385E-02  0.000000E+00  2.293717E-02  2.449391E-03 -1.638854E-18 -5.745341E-01  0.000000E+00
  1.473410E-01  5.901853E-02  5.000000E-01  1.488284E-01  5.978848E-02  0.000000E+00  2.364848E-02  2.508046E-03 -1.304074E-18 -6.092878E-01  0.000000E+00
  1.342110E-01  5.762722E-02  5.000000E-01  1.355659E-01  5.838312E-02  0.000000E+00  2.461649E-02  2.634325E-03  7.664224E-19 -6.407502E-01  0.000000E+00
  1.217280E-01  5.627944E-02  5.000000E-01  1.229569E-01  5.702174E-02  0.000000E+00  2.568121E-02  2.829898E-03  2.749281E-18 -6.667038E-01  0.000000E+00
  1.098910E-01  5.494997E-02  5.000000E-01  1.110004E-01  5.567885E-02  0.000000E+00  2.672908E-02  3.102030E-03  4.912688E-18 -6.863141E-01  0.000000E+00
  9.869950E-02  5.361070E-02  5.000000E-01  9.969589E-02  5.432606E-02  0.000000E+00  2.772237E-02  3.466928E-03  7.888671E-18 -6.992142E-01  0.000000E+00
  8.814970E-02  5.223600E-02  5.000000E-01  8.903959E-02  5.293749E-02  0.000000E+00  2.867828E-02  3.950648E-03  1.144193E-17 -7.048809E-01  0.000000E+00
  8.814970E-02  5.223600E-02  5.000000E-01  8.903959E-02  5.293749E-02  0.000000E+00  2.867828E-02  3.950648E-03  1.144193E-17 -7.048809E-01  0.000000E+00
  7.823720E-02  5.079895E-02  5.000000E-01  7.902703E-02  5.148593E-02  0.000000E+00  2.963473E-02  4.595948E-03  1.599509E-17 -7.019559E-01  0.000000E+00
  6.895800E-02  4.926875E-02  5.000000E-01  6.965416E-02  4.994028E-02  0.000000E+00  3.059949E-02  5.444890E-03  2.030796E-17 -6.888681E-01  0.000000E+00
  6.030560E-02  4.761965E-02  5.000000E-01  6.091442E-02  4.827454E-02  0.000000E+00  3.155422E-02  6.552580E-03  2.238800E-17 -6.630870E-01  0.000000E+00
  5.227560E-02  4.581952E-02  5.000000E-01  5.280336E-02  4.645623E-02  0.000000E+00  3.243862E-02  7.981618E-03  2.071171E-17 -6.210357E-01  0.000000E+00
  4.486350E-02  4.383768E-02  5.000000E-01  4.531643E-02  4.445438E-02  0.000000E+00  3.311006E-02  9.754860E-03  1.535466E-17 -5.596138E-01  0.000000E+00
  3.806240E-02  4.165207E-02  5.000000E-01  3.844668E-02  4.224671E-02  0.000000E+00  3.338102E-02  1.187130E-02  6.720549E-18 -4.748642E-01  0.000000E+00
  3.186880E-02  3.923821E-02  5.000000E-01  3.219056E-02  3.980848E-02  0.000000E+00  3.300312E-02  1.423892E-02 -2.031914E-18 -3.635140E-01  0.000000E+00
  2.627530E-02  3.658651E-02  5.000000E-01  2.654059E-02  3.713002E-02  0.000000E+00  3.171619E-02  1.662915E-02 -5.393938E-18 -2.247283E-01  0.000000E+00
  2.127350E-02  3.369947E-02  5.000000E-01  2.148830E-02  3.421383E-02  0.000000E+00  2.939022E-02  1.876162E-02 -6.938827E-18 -5.855018E-02  0.000000E+00
  1.685790E-02  3.058436E-02  5.000000E-01  1.702813E-02  3.106728E-02  0.000000E+00  2.607226E-02  2.027129E-02 -1.097605E-17  1.293981E-01  0.000000E+00
  1.301460E-02  2.727665E-02  5.000000E-01  1.314603E-02  2.772618E-02  0.000000E+00  2.202357E-02  2.086070E-02 -1.828957E-17  3.293942E-01  0.000000E+00
  9.730790E-03  2.382214E-02  5.000000E-01  9.829071E-03  2.423680E-02  0.000000E+00  1.765261E-02  2.045961E-02 -2.707287E-17  5.322435E-01  0.000000E+00
  6.996180E-03  2.027638E-02  5.000000E-01  7.066856E-03  2.065524E-02  0.000000E+00  1.337483E-02  1.905367E-02 -2.797011E-17  7.228219E-01  0.000000E+00
  4.781010E-03  1.673171E-02  5.000000E-01  4.829325E-03  1.707479E-02  0.000000E+00  9.508814E-03  1.674630E-02 -2.172292E-17  8.875131E-01  0.000000E+00
  3.054950E-03  1.328457E-02  5.000000E-01  3.085841E-03  1.359286E-02  0.000000E+00  6.213166E-03  1.376262E-02 -1.926795E-17  1.021831E+00  0.000000E+00
  1.789910E-03  1.003109E-02  5.000000E-01  1.808031E-03  1.030653E-02  0.000000E+00  3.573205E-03  1.023915E-02 -2.107502E-17  1.121292E+00  0.000000E+00
  9.331870E-04  7.081339E-03  5.000000E-01  9.426596E-04  7.327004E-03  0.000000E+00  1.646154E-03  6.260407E-03 -2.101544E-17  1.182265E+00  0.000000E+00
  4.085430E-04  4.544777E-03  5.000000E-01  4.127195E-04  4.764836E-03  0.000000E+00  4.088847E-04  1.915458E-03 -2.279485E-17  1.207633E+00  0.000000E+00
  1.354760E-04  2.509406E-03  5.000000E-01  1.368960E-04  2.708919E-03  0.000000E+00 -2.149632E-04 -2.759889E-03 -3.121293E-17  1.205090E+00  0.000000E+00
  2.683130E-05  1.027792E-03  5.000000E-01  2.715456E-05  1.212348E-03  0.000000E+00 -3.276729E-04 -7.761456E-03 -4.114021E-17  1.182914E+00  0.000000E+00
  1.320070E-06  1.287765E-04  5.000000E-01  1.385807E-06  3.042574E-04  0.000000E+00 -2.005553E-04 -1.261833E-02 -4.310220E-17  1.143607E+00  0.000000E+00
 -5.188750E-08 -1.724402E-04  5.000000E-01  0.000000E+00  0.000000E+00  0.000000E+00 -4.340652E-05 -1.570768E-02 -2.908000E-17  1.109311E+00  0.000000E+00
  2.733630E-06 -4.880315E-04  5.000000E-01  2.813636E-06 -3.187771E-04  0.000000E+00  4.550403E-04 -1.798662E-02 -2.723237E-18  1.101038E+00  0.000000E+00
    1    2
    2    3
    3    4
    4    5
    5    6
    6    7
    7    8
    8    9
    9   10
   10   11
   11   12
   12   13
   13   14
   14   15
   15   16
   16   17
   17   18
   18   19
   19   20
   20   21
   21   22
   22   23
   23   24
   25   26
   26   27
   27   28
   28   29
   29   30
   30   31
   31   32
   32   33
   33   34
   34   35
   35   36
   36   37
   37   38
   38   39
   39   40
   40   41
   41   42
   42   43
   43   44
   44   45
   45   46
   46   47
   47   48
   49   50
   50   51
   51   52
   52   53
   53   54
   54   55
   55   56
   56   57
   57   58
   58   59
   59   60
   60   61
   61   62
   62   63
   63   64
   64   65
   65   66
   66   67
   67   68
   68   69
   69   70
   70   71
   71   72
   73   74
   74   75
   75   76
   76   77
   77   78
   78   79
   79   80
   80   81
   81   82
   82   83
   83   84
   84   85
   85   86
   86   87
   87   88
   88   89
   89   90
   90   91
   91   92
   92   93
   93   94
   94   95
   95   96
   97   98
   98   99
   99  100
  100  101
  101  102
  102  103
  103  104
  104  105
  105  106
  106  107
  107  108
  108  109
  109  110
  110  111
  111  112
  112  113
  113  114
  114  115
  115  116
  116  117
  117  118
  118  119
  119  120
  121  122
  122  123
  123  124
  124  125
  125  126
  126  127
  127  128
  128  129
  129  130
  130  131
  131  132
  132  133
  133  134
  134  135
  135  136
  136  137
  137  138
  138  139
  139  140
  140  141
  141  142
  142  143
  143  144
  145  146
  146  147
  147  148
  148  149
  149  150
  150  151
  151  152
  152  153
  153  154
  154  155
  155  156
  156  157
  157  158
  158  159
  159  160
  160  161
  161  162
  162  163
  163  164
  164  165
  165  166
  166  167
  167  168
  169  170
  170  171
  171  172
  172  173
  173  174
  174  175
  175  176
  176  177
  177  178
  178  179
  179  180
  180  181
  181  182
  182  183
  183  184
  184  185
  185  186
  186  187
  187  188
  188  189
  189  190
  190  191
  191  192
