 Title = "ADflow Slice Data"
Variables =  "CoordinateX"  "CoordinateY"  "CoordinateZ"  "XoC"  "YoC"  "ZoC" "VelocityX" "VelocityY" "VelocityZ" "CoefPressure" "Mach" 
Zone T= "Slice_0001 None Absolute Regular z = 0.50000000"
 Nodes =          192  Elements=          184  ZONETYPE=FELINESEG
 DATAPACKING=POINT
  5.560760E-01 -1.893053E-02  5.000000E-01  5.616895E-01 -1.894755E-02  0.000000E+00  1.533836E-02  1.116024E-03  2.448001E-18 -1.943558E-01  0.000000E+00
  5.770550E-01 -1.736858E-02  5.000000E-01  5.828803E-01 -1.736983E-02  0.000000E+00  1.479549E-02  1.142946E-03  1.970294E-18 -1.511140E-01  0.000000E+00
  5.977760E-01 -1.571857E-02  5.000000E-01  6.038104E-01 -1.570316E-02  0.000000E+00  1.434192E-02  1.193317E-03  7.087072E-19 -1.212414E-01  0.000000E+00
  6.181820E-01 -1.395061E-02  5.000000E-01  6.244224E-01 -1.391735E-02  0.000000E+00  1.377718E-02  1.253651E-03 -4.417806E-19 -1.000946E-01  0.000000E+00
  6.382180E-01 -1.203417E-02  5.000000E-01  6.446607E-01 -1.198157E-02  0.000000E+00  1.297119E-02  1.304275E-03 -8.919212E-19 -7.791407E-02  0.000000E+00
  6.578350E-01 -9.951995E-03  5.000000E-01  6.644757E-01 -9.878372E-03  0.000000E+00  1.190895E-02  1.323595E-03 -1.548068E-18 -4.670679E-02  0.000000E+00
  6.769910E-01 -7.710936E-03  5.000000E-01  6.838251E-01 -7.614690E-03  0.000000E+00  1.067126E-02  1.295632E-03 -9.891525E-20 -4.383005E-03  0.000000E+00
  6.956490E-01 -5.349948E-03  5.000000E-01  7.026714E-01 -5.229869E-03  0.000000E+00  9.375420E-03  1.217634E-03  2.754285E-18  4.547966E-02  0.000000E+00
  7.137810E-01 -2.927579E-03  5.000000E-01  7.209865E-01 -2.783047E-03  0.000000E+00  8.118932E-03  1.100313E-03  1.961305E-18  9.698659E-02  0.000000E+00
  7.313660E-01 -5.089868E-04  5.000000E-01  7.387490E-01 -3.400394E-04  0.000000E+00  6.956928E-03  9.611764E-04  1.206314E-18  1.454777E-01  0.000000E+00
  7.483850E-01  1.851468E-03  5.000000E-01  7.559398E-01  2.044244E-03  0.000000E+00  5.913593E-03  8.185934E-04  4.378367E-19  1.888949E-01  0.000000E+00
  7.648220E-01  4.118966E-03  5.000000E-01  7.725427E-01  4.334631E-03  0.000000E+00  5.009763E-03  6.865937E-04 -1.841869E-19  2.271009E-01  0.000000E+00
  7.806630E-01  6.271433E-03  5.000000E-01  7.885436E-01  6.508827E-03  0.000000E+00  4.283967E-03  5.685692E-04  7.086850E-20  2.612688E-01  0.000000E+00
  7.958970E-01  8.246718E-03  5.000000E-01  8.039314E-01  8.504052E-03  0.000000E+00  3.796942E-03  4.600455E-04 -9.403777E-19  2.933474E-01  0.000000E+00
  8.105170E-01  9.887724E-03  5.000000E-01  8.186990E-01  1.016162E-02  0.000000E+00  3.590317E-03  3.617397E-04 -1.468296E-18  3.213813E-01  0.000000E+00
  8.245160E-01  1.112462E-02  5.000000E-01  8.328393E-01  1.141100E-02  0.000000E+00  3.647933E-03  2.760041E-04 -1.302313E-18  3.409585E-01  0.000000E+00
  8.378940E-01  1.196854E-02  5.000000E-01  8.463524E-01  1.226344E-02  0.000000E+00  3.915068E-03  1.980816E-04  1.583858E-19  3.516780E-01  0.000000E+00
  8.506490E-01  1.246908E-02  5.000000E-01  8.592361E-01  1.276904E-02  0.000000E+00  4.332343E-03  1.212207E-04  1.197943E-18  3.560792E-01  0.000000E+00
  8.627850E-01  1.268812E-02  5.000000E-01  8.714946E-01  1.299029E-02  0.000000E+00  4.848980E-03  4.076898E-05  7.641143E-19  3.563779E-01  0.000000E+00
  8.743060E-01  1.268645E-02  5.000000E-01  8.831319E-01  1.298860E-02  0.000000E+00  5.422389E-03 -4.519583E-05  8.625266E-19  3.536741E-01  0.000000E+00
  8.852170E-01  1.251552E-02  5.000000E-01  8.941531E-01  1.281594E-02  0.000000E+00  6.018419E-03 -1.368414E-04  1.109204E-18  3.486826E-01  0.000000E+00
  8.955250E-01  1.221529E-02  5.000000E-01  9.045651E-01  1.251269E-02  0.000000E+00  6.612910E-03 -2.335134E-04  1.014093E-18  3.419930E-01  0.000000E+00
  9.052400E-01  1.181722E-02  5.000000E-01  9.143782E-01  1.211059E-02  0.000000E+00  7.192637E-03 -3.348947E-04  2.344339E-19  3.340488E-01  0.000000E+00
  9.143710E-01  1.134511E-02  5.000000E-01  9.236014E-01  1.163372E-02  0.000000E+00  7.757056E-03 -4.438846E-04 -4.327831E-19  3.253029E-01  0.000000E+00
  9.143710E-01  1.134511E-02  5.000000E-01  9.236014E-01  1.163372E-02  0.000000E+00  7.757056E-03 -4.438846E-04 -4.327831E-19  3.253029E-01  0.000000E+00
  9.229270E-01  1.081191E-02  5.000000E-01  9.322437E-01  1.109514E-02  0.000000E+00  8.317813E-03 -5.663343E-04  4.220185E-19  3.159993E-01  0.000000E+00
  9.309180E-01  1.022486E-02  5.000000E-01  9.403154E-01  1.050216E-02  0.000000E+00  8.894005E-03 -7.076793E-04  1.092768E-18  3.058661E-01  0.000000E+00
  9.383550E-01  9.590528E-03  5.000000E-01  9.478275E-01  9.861427E-03  0.000000E+00  9.508182E-03 -8.728560E-04  1.117611E-18  2.944028E-01  0.000000E+00
  9.452490E-01  8.915675E-03  5.000000E-01  9.547911E-01  9.179762E-03  0.000000E+00  1.018575E-02 -1.068555E-03  9.951645E-19  2.811899E-01  0.000000E+00
  9.516100E-01  8.206810E-03  5.000000E-01  9.612163E-01  8.463741E-03  0.000000E+00  1.095494E-02 -1.303261E-03  6.423049E-19  2.657970E-01  0.000000E+00
  9.574470E-01  7.471640E-03  5.000000E-01  9.671122E-01  7.721150E-03  0.000000E+00  1.184482E-02 -1.585576E-03 -2.126179E-19  2.475933E-01  0.000000E+00
  9.627730E-01  6.719784E-03  5.000000E-01  9.724920E-01  6.961704E-03  0.000000E+00  1.288459E-02 -1.924650E-03 -6.627097E-19  2.258681E-01  0.000000E+00
  9.675950E-01  5.963194E-03  5.000000E-01  9.773627E-01  6.197476E-03  0.000000E+00  1.410599E-02 -2.329589E-03 -6.108255E-19  1.998837E-01  0.000000E+00
  9.719240E-01  5.215710E-03  5.000000E-01  9.817354E-01  5.442447E-03  0.000000E+00  1.554970E-02 -2.810057E-03  8.858501E-19  1.688058E-01  0.000000E+00
  9.757700E-01  4.492675E-03  5.000000E-01  9.856202E-01  4.712113E-03  0.000000E+00  1.727902E-02 -3.381563E-03  5.042715E-18  1.318110E-01  0.000000E+00
  9.791410E-01  3.809713E-03  5.000000E-01  9.890252E-01  4.022257E-03  0.000000E+00  1.939189E-02 -4.068087E-03  3.570578E-18  8.801628E-02  0.000000E+00
  9.820450E-01  3.182007E-03  5.000000E-01  9.919585E-01  3.388214E-03  0.000000E+00  2.200198E-02 -4.898492E-03 -2.461778E-17  3.610963E-02  0.000000E+00
  9.844890E-01  2.623750E-03  5.000000E-01  9.944272E-01  2.824322E-03  0.000000E+00  2.516324E-02 -5.893817E-03 -1.079877E-16 -2.554726E-02  0.000000E+00
  9.864800E-01  2.147826E-03  5.000000E-01  9.964383E-01  2.343593E-03  0.000000E+00  2.878902E-02 -7.006309E-03 -2.185378E-16 -9.725128E-02  0.000000E+00
  9.880230E-01  1.765629E-03  5.000000E-01  9.979969E-01  1.957538E-03  0.000000E+00  3.235029E-02 -8.038381E-03 -6.933094E-17 -1.858055E-01  0.000000E+00
  9.891220E-01  1.486168E-03  5.000000E-01  9.991070E-01  1.675256E-03  0.000000E+00  3.562853E-02 -9.230870E-03  1.144492E-15 -2.921814E-01  0.000000E+00
  9.897810E-01  1.315845E-03  5.000000E-01  9.997726E-01  1.503213E-03  0.000000E+00  5.245075E-02 -1.176885E-02  4.307000E-15 -3.070264E-01  0.000000E+00
  9.900000E-01  1.258653E-03  5.000000E-01  9.999938E-01  1.445445E-03  0.000000E+00  3.632494E-02 -1.891158E-03  1.133067E-14 -6.756367E-01  0.000000E+00
  9.900000E-01  1.668089E-03  5.000000E-01  9.999938E-01  1.859013E-03  0.000000E+00  2.067676E-03 -7.804633E-03  3.329255E-14 -9.705482E-01  0.000000E+00
  9.900000E-01  2.077525E-03  5.000000E-01  9.999938E-01  2.272582E-03  0.000000E+00 -5.367617E-04 -2.188959E-02  6.480606E-14 -8.146604E-01  0.000000E+00
  9.900000E-01  2.486960E-03  5.000000E-01  9.999938E-01  2.686151E-03  0.000000E+00 -1.348709E-04 -1.346191E-02  8.967187E-14 -7.873749E-01  0.000000E+00
  9.900000E-01  2.896381E-03  5.000000E-01  9.999938E-01  3.099704E-03  0.000000E+00  3.160204E-04 -8.277026E-03  1.070529E-13 -8.169691E-01  0.000000E+00
  9.900000E-01  3.305816E-03  5.000000E-01  9.999938E-01  3.513273E-03  0.000000E+00  4.361060E-03 -6.606025E-03  1.192751E-13 -7.816190E-01  0.000000E+00
  9.900000E-01  3.305816E-03  5.000000E-01  9.999938E-01  3.513273E-03  0.000000E+00  4.361060E-03 -6.606025E-03  1.192751E-13 -7.816190E-01  0.000000E+00
  9.897980E-01  3.407404E-03  5.000000E-01  9.997898E-01  3.615886E-03  0.000000E+00  5.237074E-03 -3.166066E-03  1.114270E-13 -7.338437E-01  0.000000E+00
  9.891900E-01  3.712150E-03  5.000000E-01  9.991757E-01  3.923709E-03  0.000000E+00  9.506416E-04 -4.142302E-04  7.875144E-14 -7.423452E-01  0.000000E+00
  9.881780E-01  4.219430E-03  5.000000E-01  9.981534E-01  4.436110E-03  0.000000E+00 -1.396420E-03  7.029098E-04  4.290571E-14 -7.499576E-01  0.000000E+00
  9.867570E-01  4.927946E-03  5.000000E-01  9.967181E-01  5.151778E-03  0.000000E+00 -2.706385E-03  1.334722E-03  1.714005E-14 -7.570608E-01  0.000000E+00
  9.849260E-01  5.834269E-03  5.000000E-01  9.948686E-01  6.067250E-03  0.000000E+00 -3.270078E-03  1.608715E-03  3.818422E-15 -7.668255E-01  0.000000E+00
  9.826810E-01  6.932011E-03  5.000000E-01  9.926009E-01  7.176073E-03  0.000000E+00 -3.248180E-03  1.577991E-03 -8.544880E-16 -7.758088E-01  0.000000E+00
  9.800160E-01  8.211566E-03  5.000000E-01  9.899090E-01  8.468545E-03  0.000000E+00 -2.928464E-03  1.391852E-03 -1.426749E-15 -7.812054E-01  0.000000E+00
  9.769240E-01  9.659077E-03  5.000000E-01  9.867858E-01  9.930668E-03  0.000000E+00 -2.601809E-03  1.198357E-03 -8.325436E-16 -7.832535E-01  0.000000E+00
  9.733970E-01  1.125374E-02  5.000000E-01  9.832232E-01  1.154143E-02  0.000000E+00 -2.447178E-03  1.079685E-03 -2.907351E-16 -7.839575E-01  0.000000E+00
  9.694240E-01  1.296952E-02  5.000000E-01  9.792101E-01  1.327453E-02  0.000000E+00 -2.517410E-03  1.056130E-03 -3.613566E-17 -7.852104E-01  0.000000E+00
  9.649940E-01  1.478040E-02  5.000000E-01  9.747354E-01  1.510369E-02  0.000000E+00 -2.804305E-03  1.119149E-03  2.938622E-17 -7.867444E-01  0.000000E+00
  9.600960E-01  1.666706E-02  5.000000E-01  9.697880E-01  1.700939E-02  0.000000E+00 -3.296561E-03  1.240434E-03  2.400598E-17 -7.874553E-01  0.000000E+00
  9.547180E-01  1.861049E-02  5.000000E-01  9.643557E-01  1.897245E-02  0.000000E+00 -3.862607E-03  1.342015E-03  9.557761E-18 -7.948277E-01  0.000000E+00
  9.488510E-01  2.059278E-02  5.000000E-01  9.584294E-01  2.097475E-02  0.000000E+00 -3.953910E-03  1.258791E-03  2.976430E-18 -8.315322E-01  0.000000E+00
  9.424820E-01  2.260044E-02  5.000000E-01  9.519961E-01  2.300267E-02  0.000000E+00 -2.460092E-03  7.340506E-04  3.607503E-18 -9.164419E-01  0.000000E+00
  9.356020E-01  2.462508E-02  5.000000E-01  9.450467E-01  2.504775E-02  0.000000E+00  1.856644E-03 -4.863381E-04  8.424670E-18 -1.032664E+00  0.000000E+00
  9.282010E-01  2.666301E-02  5.000000E-01  9.375710E-01  2.710625E-02  0.000000E+00  8.989693E-03 -2.318951E-03  1.648782E-17 -1.132171E+00  0.000000E+00
  9.202710E-01  2.871200E-02  5.000000E-01  9.295609E-01  2.917592E-02  0.000000E+00  1.661947E-02 -4.102873E-03  2.480285E-17 -1.180410E+00  0.000000E+00
  9.118010E-01  3.076326E-02  5.000000E-01  9.210054E-01  3.124789E-02  0.000000E+00  2.178150E-02 -5.093365E-03  2.661591E-17 -1.181471E+00  0.000000E+00
  9.027810E-01  3.280476E-02  5.000000E-01  9.118944E-01  3.331000E-02  0.000000E+00  2.363699E-02 -5.177923E-03  2.240931E-17 -1.158694E+00  0.000000E+00
  8.932000E-01  3.482531E-02  5.000000E-01  9.022167E-01  3.535095E-02  0.000000E+00  2.347505E-02 -4.780185E-03  1.595724E-17 -1.129143E+00  0.000000E+00
  8.830490E-01  3.681180E-02  5.000000E-01  8.919632E-01  3.735749E-02  0.000000E+00  2.279407E-02 -4.291208E-03  9.488140E-18 -1.098885E+00  0.000000E+00
  8.723190E-01  3.874890E-02  5.000000E-01  8.811249E-01  3.931414E-02  0.000000E+00  2.229362E-02 -3.857967E-03  5.542641E-18 -1.068855E+00  0.000000E+00
  8.723190E-01  3.874890E-02  5.000000E-01  8.811249E-01  3.931414E-02  0.000000E+00  2.229362E-02 -3.857967E-03  5.542641E-18 -1.068855E+00  0.000000E+00
  8.610010E-01  4.062176E-02  5.000000E-01  8.696926E-01  4.120591E-02  0.000000E+00  2.203727E-02 -3.483564E-03  2.921843E-18 -1.038856E+00  0.000000E+00
  8.490890E-01  4.241650E-02  5.000000E-01  8.576604E-01  4.301877E-02  0.000000E+00  2.187759E-02 -3.138266E-03  3.772966E-19 -1.008787E+00  0.000000E+00
  8.365770E-01  4.412103E-02  5.000000E-01  8.450221E-01  4.474051E-02  0.000000E+00  2.169050E-02 -2.807111E-03 -8.663164E-19 -9.790617E-01  0.000000E+00
  8.234620E-01  4.572879E-02  5.000000E-01  8.317747E-01  4.636449E-02  0.000000E+00  2.142973E-02 -2.495089E-03 -1.269186E-18 -9.507589E-01  0.000000E+00
  8.097400E-01  4.724129E-02  5.000000E-01  8.179142E-01  4.789226E-02  0.000000E+00  2.110289E-02 -2.219557E-03 -8.897414E-19 -9.256787E-01  0.000000E+00
  7.954150E-01  4.867373E-02  5.000000E-01  8.034445E-01  4.933917E-02  0.000000E+00  2.074112E-02 -2.003230E-03 -4.620185E-19 -9.060782E-01  0.000000E+00
  7.804870E-01  5.006095E-02  5.000000E-01  7.883659E-01  5.074039E-02  0.000000E+00  2.039558E-02 -1.861702E-03 -2.006334E-19 -8.934782E-01  0.000000E+00
  7.649630E-01  5.145061E-02  5.000000E-01  7.726851E-01  5.214407E-02  0.000000E+00  2.014536E-02 -1.781997E-03  1.429491E-18 -8.868355E-01  0.000000E+00
  7.488530E-01  5.285962E-02  5.000000E-01  7.564125E-01  5.356731E-02  0.000000E+00  2.003908E-02 -1.739170E-03  1.706088E-18 -8.839678E-01  0.000000E+00
  7.321700E-01  5.429704E-02  5.000000E-01  7.395611E-01  5.501924E-02  0.000000E+00  2.005583E-02 -1.724145E-03 -3.790039E-19 -8.839463E-01  0.000000E+00
  7.149290E-01  5.577582E-02  5.000000E-01  7.221461E-01  5.651295E-02  0.000000E+00  2.015522E-02 -1.735865E-03 -2.127514E-18 -8.866385E-01  0.000000E+00
  6.971500E-01  5.731246E-02  5.000000E-01  7.041876E-01  5.806510E-02  0.000000E+00  2.031354E-02 -1.773897E-03 -4.473215E-18 -8.919568E-01  0.000000E+00
  6.788570E-01  5.892484E-02  5.000000E-01  6.857099E-01  5.969375E-02  0.000000E+00  2.053036E-02 -1.833722E-03 -8.534965E-18 -8.991952E-01  0.000000E+00
  6.600760E-01  6.062289E-02  5.000000E-01  6.667393E-01  6.140894E-02  0.000000E+00  2.081703E-02 -1.902160E-03 -1.191566E-17 -9.066215E-01  0.000000E+00
  6.408370E-01  6.239950E-02  5.000000E-01  6.473061E-01  6.320349E-02  0.000000E+00  2.118100E-02 -1.954108E-03 -1.345182E-17 -9.115714E-01  0.000000E+00
  6.211780E-01  6.421317E-02  5.000000E-01  6.274487E-01  6.503547E-02  0.000000E+00  2.159666E-02 -1.965377E-03 -1.602965E-17 -9.118589E-01  0.000000E+00
  6.011430E-01  6.601288E-02  5.000000E-01  6.072114E-01  6.685335E-02  0.000000E+00  2.200740E-02 -1.925074E-03 -1.631534E-17 -9.067804E-01  0.000000E+00
  5.807790E-01  6.774742E-02  5.000000E-01  5.866419E-01  6.860540E-02  0.000000E+00  2.236702E-02 -1.832310E-03 -1.572142E-17 -8.965976E-01  0.000000E+00
  5.601410E-01  6.937244E-02  5.000000E-01  5.657955E-01  7.024682E-02  0.000000E+00  2.266226E-02 -1.690036E-03 -1.508650E-17 -8.818984E-01  0.000000E+00
  5.392850E-01  7.084273E-02  5.000000E-01  5.447290E-01  7.173195E-02  0.000000E+00  2.289407E-02 -1.508993E-03 -1.236239E-17 -8.638527E-01  0.000000E+00
  5.182680E-01  7.213173E-02  5.000000E-01  5.234998E-01  7.303396E-02  0.000000E+00  2.306212E-02 -1.311546E-03 -1.054330E-17 -8.444200E-01  0.000000E+00
  4.971500E-01  7.323789E-02  5.000000E-01  5.021686E-01  7.415130E-02  0.000000E+00  2.319007E-02 -1.112985E-03 -9.420503E-18 -8.249637E-01  0.000000E+00
  4.759900E-01  7.416071E-02  5.000000E-01  4.807950E-01  7.508343E-02  0.000000E+00  2.331604E-02 -9.157654E-04 -8.563428E-18 -8.058241E-01  0.000000E+00
  2.733630E-06 -4.877549E-04  5.000000E-01  2.813637E-06 -3.185932E-04  0.000000E+00  4.660397E-04 -1.840107E-02 -6.619700E-19  1.096329E+00  0.000000E+00
  4.455870E-05 -1.433595E-03  5.000000E-01  4.506092E-05 -1.273981E-03  0.000000E+00  2.246274E-03 -2.189783E-02  2.377294E-17  1.066826E+00  0.000000E+00
  2.731490E-04 -2.973875E-03  5.000000E-01  2.759588E-04 -2.829810E-03  0.000000E+00  6.562233E-03 -2.486323E-02  3.452039E-17  9.459451E-01  0.000000E+00
  9.950900E-04 -4.938262E-03  5.000000E-01  1.005188E-03 -4.814026E-03  0.000000E+00  1.273891E-02 -2.525681E-02  3.336176E-17  7.359999E-01  0.000000E+00
  2.349870E-03 -7.022683E-03  5.000000E-01  2.373644E-03 -6.919490E-03  0.000000E+00  1.844919E-02 -2.409335E-02  3.177866E-17  5.262568E-01  0.000000E+00
  4.254460E-03 -9.159750E-03  5.000000E-01  4.297460E-03 -9.078129E-03  0.000000E+00  2.310164E-02 -2.280472E-02  2.084187E-17  3.538434E-01  0.000000E+00
  6.687140E-03 -1.129028E-02  5.000000E-01  6.754697E-03 -1.123016E-02  0.000000E+00  2.714215E-02 -2.132759E-02  8.876835E-21  1.898749E-01  0.000000E+00
  9.634000E-03 -1.337627E-02  5.000000E-01  9.731305E-03 -1.333722E-02  0.000000E+00  3.044068E-02 -1.931781E-02 -1.229498E-17  2.314315E-02  0.000000E+00
  1.310530E-02 -1.534955E-02  5.000000E-01  1.323765E-02 -1.533041E-02  0.000000E+00  3.269489E-02 -1.664002E-02 -8.279164E-18 -1.422447E-01  0.000000E+00
  1.710810E-02 -1.715792E-02  5.000000E-01  1.728085E-02 -1.715704E-02  0.000000E+00  3.396896E-02 -1.383413E-02  1.555311E-17 -2.837286E-01  0.000000E+00
  2.163760E-02 -1.880182E-02  5.000000E-01  2.185608E-02 -1.881753E-02  0.000000E+00  3.465593E-02 -1.138547E-02  4.823179E-17 -3.918201E-01  0.000000E+00
  2.669190E-02 -2.029082E-02  5.000000E-01  2.696140E-02 -2.032156E-02  0.000000E+00  3.490407E-02 -9.223428E-03  7.041658E-17 -4.789798E-01  0.000000E+00
  3.228310E-02 -2.160053E-02  5.000000E-01  3.260904E-02 -2.164449E-02  0.000000E+00  3.467447E-02 -7.225528E-03  8.052079E-17 -5.549166E-01  0.000000E+00
  3.842170E-02 -2.271874E-02  5.000000E-01  3.880961E-02 -2.277399E-02  0.000000E+00  3.405413E-02 -5.469612E-03  8.292003E-17 -6.186285E-01  0.000000E+00
  4.511710E-02 -2.364618E-02  5.000000E-01  4.557260E-02 -2.371079E-02  0.000000E+00  3.317425E-02 -4.001712E-03  7.907828E-17 -6.689130E-01  0.000000E+00
  5.237940E-02 -2.438815E-02  5.000000E-01  5.290821E-02 -2.446026E-02  0.000000E+00  3.215804E-02 -2.825733E-03  7.129967E-17 -7.054188E-01  0.000000E+00
  6.021800E-02 -2.496042E-02  5.000000E-01  6.082594E-02 -2.503831E-02  0.000000E+00  3.112354E-02 -1.932667E-03  6.245188E-17 -7.281364E-01  0.000000E+00
  6.864140E-02 -2.538833E-02  5.000000E-01  6.933437E-02 -2.547053E-02  0.000000E+00  3.012093E-02 -1.277240E-03  5.168294E-17 -7.387028E-01  0.000000E+00
  7.765990E-02 -2.569303E-02  5.000000E-01  7.844391E-02 -2.577831E-02  0.000000E+00  2.913815E-02 -8.080309E-04  4.104786E-17 -7.389478E-01  0.000000E+00
  8.728340E-02 -2.589980E-02  5.000000E-01  8.816455E-02 -2.598717E-02  0.000000E+00  2.813436E-02 -4.979501E-04  3.346096E-17 -7.292785E-01  0.000000E+00
  9.752070E-02 -2.604105E-02  5.000000E-01  9.850520E-02 -2.612985E-02  0.000000E+00  2.699939E-02 -3.208769E-04  2.766754E-17 -7.097093E-01  0.000000E+00
  1.083810E-01 -2.614901E-02  5.000000E-01  1.094751E-01 -2.623889E-02  0.000000E+00  2.558278E-02 -2.504671E-04  2.298523E-17 -6.797278E-01  0.000000E+00
  1.198710E-01 -2.625981E-02  5.000000E-01  1.210811E-01 -2.635081E-02  0.000000E+00  2.381717E-02 -2.655626E-04  1.831300E-17 -6.377681E-01  0.000000E+00
  1.319970E-01 -2.641388E-02  5.000000E-01  1.333295E-01 -2.650644E-02  0.000000E+00  2.184231E-02 -3.399164E-04  1.322882E-17 -5.822849E-01  0.000000E+00
  1.319970E-01 -2.641388E-02  5.000000E-01  1.333295E-01 -2.650644E-02  0.000000E+00  2.184231E-02 -3.399164E-04  1.322882E-17 -5.822849E-01  0.000000E+00
  1.447640E-01 -2.664944E-02  5.000000E-01  1.462254E-01 -2.674438E-02  0.000000E+00  2.004448E-02 -4.491842E-04  9.206195E-18 -5.136101E-01  0.000000E+00
  1.581750E-01 -2.700209E-02  5.000000E-01  1.597718E-01 -2.710058E-02  0.000000E+00  1.890513E-02 -5.806216E-04  6.186969E-18 -4.370909E-01  0.000000E+00
  1.722290E-01 -2.749408E-02  5.000000E-01  1.739677E-01 -2.759754E-02  0.000000E+00  1.871873E-02 -7.226645E-04  3.718869E-18 -3.655092E-01  0.000000E+00
  1.869240E-01 -2.811502E-02  5.000000E-01  1.888110E-01 -2.822475E-02  0.000000E+00  1.941528E-02 -8.356265E-04  2.970880E-18 -3.164261E-01  0.000000E+00
  2.022540E-01 -2.879639E-02  5.000000E-01  2.042958E-01 -2.891300E-02  0.000000E+00  2.060982E-02 -8.249794E-04  2.674280E-18 -3.045108E-01  0.000000E+00
  2.182110E-01 -2.938043E-02  5.000000E-01  2.204138E-01 -2.950293E-02  0.000000E+00  2.185512E-02 -6.343266E-04  1.507784E-18 -3.292093E-01  0.000000E+00
  2.347810E-01 -2.974347E-02  5.000000E-01  2.371511E-01 -2.986964E-02  0.000000E+00  2.282654E-02 -3.380691E-04  7.884474E-19 -3.726362E-01  0.000000E+00
  2.519470E-01 -2.987627E-02  5.000000E-01  2.544904E-01 -3.000378E-02  0.000000E+00  2.321839E-02 -3.191034E-05  2.941711E-19 -4.157320E-01  0.000000E+00
  2.696890E-01 -2.978671E-02  5.000000E-01  2.724115E-01 -2.991331E-02  0.000000E+00  2.275817E-02  2.299553E-04  1.354450E-19 -4.457105E-01  0.000000E+00
  2.879810E-01 -2.950303E-02  5.000000E-01  2.908881E-01 -2.962677E-02  0.000000E+00  2.145439E-02  4.001890E-04  4.071206E-19 -4.520799E-01  0.000000E+00
  3.067920E-01 -2.908078E-02  5.000000E-01  3.098890E-01 -2.920026E-02  0.000000E+00  1.971612E-02  4.585098E-04  2.808020E-19 -4.279304E-01  0.000000E+00
  3.260870E-01 -2.860249E-02  5.000000E-01  3.293788E-01 -2.871713E-02  0.000000E+00  1.817887E-02  4.278846E-04  3.749700E-19 -3.754134E-01  0.000000E+00
  3.458260E-01 -2.815763E-02  5.000000E-01  3.493171E-01 -2.826779E-02  0.000000E+00  1.730978E-02  3.759129E-04  7.664775E-19 -3.108784E-01  0.000000E+00
  3.659650E-01 -2.774361E-02  5.000000E-01  3.696594E-01 -2.784959E-02  0.000000E+00  1.720977E-02  3.636395E-04  3.565778E-19 -2.577125E-01  0.000000E+00
  3.864540E-01 -2.731083E-02  5.000000E-01  3.903552E-01 -2.741244E-02  0.000000E+00  1.771218E-02  4.070493E-04 -1.607206E-18 -2.319283E-01  0.000000E+00
  4.072410E-01 -2.680595E-02  5.000000E-01  4.113520E-01 -2.690246E-02  0.000000E+00  1.850851E-02  5.062601E-04 -2.878142E-18 -2.363223E-01  0.000000E+00
  4.282690E-01 -2.617520E-02  5.000000E-01  4.325923E-01 -2.626534E-02  0.000000E+00  1.922757E-02  6.581943E-04 -3.403144E-19 -2.623844E-01  0.000000E+00
  4.494800E-01 -2.536330E-02  5.000000E-01  4.540174E-01 -2.544525E-02  0.000000E+00  1.952816E-02  8.348543E-04 -9.603521E-19 -2.946319E-01  0.000000E+00
  4.708130E-01 -2.435168E-02  5.000000E-01  4.755658E-01 -2.442342E-02  0.000000E+00  1.922516E-02  9.820130E-04 -2.938108E-18 -3.161395E-01  0.000000E+00
  4.922030E-01 -2.317071E-02  5.000000E-01  4.971717E-01 -2.323053E-02  0.000000E+00  1.836846E-02  1.067869E-03 -9.385492E-19 -3.154011E-01  0.000000E+00
  5.135860E-01 -2.185331E-02  5.000000E-01  5.187706E-01 -2.189983E-02  0.000000E+00  1.722631E-02  1.101996E-03 -9.978588E-19 -2.897487E-01  0.000000E+00
  5.348990E-01 -2.042950E-02  5.000000E-01  5.402987E-01 -2.046164E-02  0.000000E+00  1.614403E-02  1.109373E-03  1.663164E-19 -2.451325E-01  0.000000E+00
  5.560760E-01 -1.893053E-02  5.000000E-01  5.616895E-01 -1.894755E-02  0.000000E+00  1.533836E-02  1.116024E-03  2.448001E-18 -1.943558E-01  0.000000E+00
  4.759900E-01  7.416071E-02  5.000000E-01  4.807950E-01  7.508343E-02  0.000000E+00  2.331604E-02 -9.157654E-04 -8.563428E-18 -8.058241E-01  0.000000E+00
  4.548480E-01  7.489947E-02  5.000000E-01  4.594396E-01  7.582964E-02  0.000000E+00  2.346041E-02 -7.201532E-04 -8.425276E-18 -7.870176E-01  0.000000E+00
  4.337860E-01  7.545640E-02  5.000000E-01  4.381650E-01  7.639220E-02  0.000000E+00  2.362835E-02 -5.229555E-04 -8.148424E-18 -7.681342E-01  0.000000E+00
  4.128620E-01  7.582992E-02  5.000000E-01  4.170298E-01  7.676949E-02  0.000000E+00  2.382007E-02 -3.125971E-04 -7.594749E-18 -7.480469E-01  0.000000E+00
  3.921340E-01  7.600522E-02  5.000000E-01  3.960925E-01  7.694656E-02  0.000000E+00  2.401980E-02 -7.807262E-05 -7.601549E-18 -7.255907E-01  0.000000E+00
  3.716590E-01  7.596640E-02  5.000000E-01  3.754108E-01  7.690734E-02  0.000000E+00  2.419564E-02  1.841266E-04 -7.290237E-18 -7.001426E-01  0.000000E+00
  3.514890E-01  7.569892E-02  5.000000E-01  3.550372E-01  7.663717E-02  0.000000E+00  2.431662E-02  4.729320E-04 -7.085676E-18 -6.715663E-01  0.000000E+00
  3.316730E-01  7.519220E-02  5.000000E-01  3.350212E-01  7.612533E-02  0.000000E+00  2.435750E-02  7.812926E-04 -5.470938E-18 -6.404317E-01  0.000000E+00
  3.122580E-01  7.444329E-02  5.000000E-01  3.154102E-01  7.536886E-02  0.000000E+00  2.429450E-02  1.089390E-03 -3.537231E-18 -6.084633E-01  0.000000E+00
  2.932850E-01  7.347224E-02  5.000000E-01  2.962457E-01  7.438800E-02  0.000000E+00  2.412213E-02  1.376693E-03 -3.668098E-18 -5.776624E-01  0.000000E+00
  2.747930E-01  7.230633E-02  5.000000E-01  2.775670E-01  7.321032E-02  0.000000E+00  2.386440E-02  1.637909E-03 -3.455176E-18 -5.490742E-01  0.000000E+00
  2.568150E-01  7.097069E-02  5.000000E-01  2.594075E-01  7.186121E-02  0.000000E+00  2.355489E-02  1.876741E-03 -2.539668E-18 -5.230373E-01  0.000000E+00
  2.393810E-01  6.948713E-02  5.000000E-01  2.417975E-01  7.036267E-02  0.000000E+00  2.322571E-02  2.099830E-03 -2.277060E-18 -4.998677E-01  0.000000E+00
  2.225160E-01  6.787386E-02  5.000000E-01  2.247623E-01  6.873312E-02  0.000000E+00  2.290487E-02  2.312082E-03 -1.261046E-18 -4.809330E-01  0.000000E+00
  2.062420E-01  6.614534E-02  5.000000E-01  2.083240E-01  6.698715E-02  0.000000E+00  2.259729E-02  2.484089E-03  1.243484E-19 -4.712954E-01  0.000000E+00
  1.905750E-01  6.435939E-02  5.000000E-01  1.924989E-01  6.518317E-02  0.000000E+00  2.232665E-02  2.557819E-03 -7.837317E-20 -4.784995E-01  0.000000E+00
  1.755290E-01  6.262190E-02  5.000000E-01  1.773010E-01  6.342814E-02  0.000000E+00  2.224492E-02  2.553296E-03 -3.053867E-19 -5.033054E-01  0.000000E+00
  1.611160E-01  6.097718E-02  5.000000E-01  1.627425E-01  6.176682E-02  0.000000E+00  2.253978E-02  2.553612E-03 -1.035328E-19 -5.386428E-01  0.000000E+00
  1.473410E-01  5.942902E-02  5.000000E-01  1.488284E-01  6.020302E-02  0.000000E+00  2.325224E-02  2.608269E-03  2.552173E-19 -5.766842E-01  0.000000E+00
  1.342110E-01  5.796057E-02  5.000000E-01  1.355659E-01  5.871975E-02  0.000000E+00  2.426701E-02  2.732682E-03  1.383861E-18 -6.117543E-01  0.000000E+00
  1.217280E-01  5.654652E-02  5.000000E-01  1.229569E-01  5.729142E-02  0.000000E+00  2.540282E-02  2.926703E-03  2.205070E-18 -6.410789E-01  0.000000E+00
  1.098910E-01  5.516112E-02  5.000000E-01  1.110004E-01  5.589204E-02  0.000000E+00  2.652207E-02  3.195787E-03  3.359561E-18 -6.636057E-01  0.000000E+00
  9.869950E-02  5.377534E-02  5.000000E-01  9.969590E-02  5.449227E-02  0.000000E+00  2.757150E-02  3.555357E-03  5.776422E-18 -6.789500E-01  0.000000E+00
  8.814970E-02  5.236238E-02  5.000000E-01  8.903960E-02  5.306505E-02  0.000000E+00  2.856452E-02  4.031700E-03  9.872872E-18 -6.866403E-01  0.000000E+00
  8.814970E-02  5.236238E-02  5.000000E-01  8.903960E-02  5.306505E-02  0.000000E+00  2.856452E-02  4.031700E-03  9.872872E-18 -6.866403E-01  0.000000E+00
  7.823720E-02  5.089414E-02  5.000000E-01  7.902704E-02  5.158199E-02  0.000000E+00  2.954247E-02  4.668215E-03  1.537792E-17 -6.853797E-01  0.000000E+00
  6.895800E-02  4.933873E-02  5.000000E-01  6.965416E-02  5.001088E-02  0.000000E+00  3.051820E-02  5.507512E-03  1.907855E-17 -6.736545E-01  0.000000E+00
  6.030560E-02  4.766941E-02  5.000000E-01  6.091442E-02  4.832470E-02  0.000000E+00  3.147667E-02  6.604747E-03  1.972072E-17 -6.489827E-01  0.000000E+00
  5.227560E-02  4.585318E-02  5.000000E-01  5.280336E-02  4.649014E-02  0.000000E+00  3.235878E-02  8.021967E-03  1.790483E-17 -6.078278E-01  0.000000E+00
  4.486350E-02  4.385867E-02  5.000000E-01  4.531644E-02  4.447549E-02  0.000000E+00  3.302251E-02  9.781052E-03  1.352232E-17 -5.471303E-01  0.000000E+00
  3.806240E-02  4.166321E-02  5.000000E-01  3.844668E-02  4.225787E-02  0.000000E+00  3.328087E-02  1.187967E-02  5.885887E-18 -4.629763E-01  0.000000E+00
  3.186880E-02  3.924185E-02  5.000000E-01  3.219056E-02  3.981207E-02  0.000000E+00  3.288720E-02  1.422471E-02 -2.736458E-18 -3.521444E-01  0.000000E+00
  2.627530E-02  3.658462E-02  5.000000E-01  2.654059E-02  3.712802E-02  0.000000E+00  3.158466E-02  1.658755E-02 -6.552901E-18 -2.138603E-01  0.000000E+00
  2.127350E-02  3.369370E-02  5.000000E-01  2.148830E-02  3.420791E-02  0.000000E+00  2.924709E-02  1.868919E-02 -8.673496E-18 -4.822589E-02  0.000000E+00
  1.685790E-02  3.057612E-02  5.000000E-01  1.702813E-02  3.105886E-02  0.000000E+00  2.592574E-02  2.016847E-02 -1.296148E-17  1.390871E-01  0.000000E+00
  1.301460E-02  2.726710E-02  5.000000E-01  1.314603E-02  2.771644E-02  0.000000E+00  2.188379E-02  2.073261E-02 -1.840511E-17  3.383238E-01  0.000000E+00
  9.730790E-03  2.381226E-02  5.000000E-01  9.829072E-03  2.422672E-02  0.000000E+00  1.752726E-02  2.031320E-02 -2.483577E-17  5.402731E-01  0.000000E+00
  6.996180E-03  2.026693E-02  5.000000E-01  7.066857E-03  2.064561E-02  0.000000E+00  1.326714E-02  1.889532E-02 -2.475162E-17  7.298306E-01  0.000000E+00
  4.781010E-03  1.672327E-02  5.000000E-01  4.829325E-03  1.706617E-02  0.000000E+00  9.418094E-03  1.657913E-02 -1.795538E-17  8.934065E-01  0.000000E+00
  3.054950E-03  1.327749E-02  5.000000E-01  3.085841E-03  1.358561E-02  0.000000E+00  6.137016E-03  1.358465E-02 -1.449195E-17  1.026489E+00  0.000000E+00
  1.789910E-03  1.002555E-02  5.000000E-01  1.808031E-03  1.030084E-02  0.000000E+00  3.509486E-03  1.004506E-02 -1.614011E-17  1.124579E+00  0.000000E+00
  9.331870E-04  7.077342E-03  5.000000E-01  9.426597E-04  7.322872E-03  0.000000E+00  1.593650E-03  6.043645E-03 -1.756848E-17  1.184091E+00  0.000000E+00
  4.085430E-04  4.542178E-03  5.000000E-01  4.127195E-04  4.762116E-03  0.000000E+00  3.676963E-04  1.669099E-03 -1.982389E-17  1.207961E+00  0.000000E+00
  1.354760E-04  2.507960E-03  5.000000E-01  1.368960E-04  2.707363E-03  0.000000E+00 -2.438289E-04 -3.042802E-03 -2.634676E-17  1.203934E+00  0.000000E+00
  2.683130E-05  1.027195E-03  5.000000E-01  2.715457E-05  1.211650E-03  0.000000E+00 -3.439877E-04 -8.087653E-03 -3.574877E-17  1.180381E+00  0.000000E+00
  1.320070E-06  1.286972E-04  5.000000E-01  1.385807E-06  3.040819E-04  0.000000E+00 -2.068818E-04 -1.299103E-02 -3.956780E-17  1.139980E+00  0.000000E+00
 -5.188750E-08 -1.723457E-04  5.000000E-01  0.000000E+00  0.000000E+00  0.000000E+00 -4.352261E-05 -1.610896E-02 -2.627351E-17  1.105024E+00  0.000000E+00
  2.733630E-06 -4.877549E-04  5.000000E-01  2.813637E-06 -3.185932E-04  0.000000E+00  4.660397E-04 -1.840107E-02 -6.619700E-19  1.096329E+00  0.000000E+00
    1    2
    2    3
    3    4
    4    5
    5    6
    6    7
    7    8
    8    9
    9   10
   10   11
   11   12
   12   13
   13   14
   14   15
   15   16
   16   17
   17   18
   18   19
   19   20
   20   21
   21   22
   22   23
   23   24
   25   26
   26   27
   27   28
   28   29
   29   30
   30   31
   31   32
   32   33
   33   34
   34   35
   35   36
   36   37
   37   38
   38   39
   39   40
   40   41
   41   42
   42   43
   43   44
   44   45
   45   46
   46   47
   47   48
   49   50
   50   51
   51   52
   52   53
   53   54
   54   55
   55   56
   56   57
   57   58
   58   59
   59   60
   60   61
   61   62
   62   63
   63   64
   64   65
   65   66
   66   67
   67   68
   68   69
   69   70
   70   71
   71   72
   73   74
   74   75
   75   76
   76   77
   77   78
   78   79
   79   80
   80   81
   81   82
   82   83
   83   84
   84   85
   85   86
   86   87
   87   88
   88   89
   89   90
   90   91
   91   92
   92   93
   93   94
   94   95
   95   96
   97   98
   98   99
   99  100
  100  101
  101  102
  102  103
  103  104
  104  105
  105  106
  106  107
  107  108
  108  109
  109  110
  110  111
  111  112
  112  113
  113  114
  114  115
  115  116
  116  117
  117  118
  118  119
  119  120
  121  122
  122  123
  123  124
  124  125
  125  126
  126  127
  127  128
  128  129
  129  130
  130  131
  131  132
  132  133
  133  134
  134  135
  135  136
  136  137
  137  138
  138  139
  139  140
  140  141
  141  142
  142  143
  143  144
  145  146
  146  147
  147  148
  148  149
  149  150
  150  151
  151  152
  152  153
  153  154
  154  155
  155  156
  156  157
  157  158
  158  159
  159  160
  160  161
  161  162
  162  163
  163  164
  164  165
  165  166
  166  167
  167  168
  169  170
  170  171
  171  172
  172  173
  173  174
  174  175
  175  176
  176  177
  177  178
  178  179
  179  180
  180  181
  181  182
  182  183
  183  184
  184  185
  185  186
  186  187
  187  188
  188  189
  189  190
  190  191
  191  192
