 Title = "ADflow Slice Data"
Variables =  "CoordinateX"  "CoordinateY"  "CoordinateZ"  "XoC"  "YoC"  "ZoC" "VelocityX" "VelocityY" "VelocityZ" "CoefPressure" "Mach" 
Zone T= "Slice_0001 None Absolute Regular z = 0.50000000"
 Nodes =          192  Elements=          184  ZONETYPE=FELINESEG
 DATAPACKING=POINT
  5.560760E-01 -1.893714E-02  5.000000E-01  5.616895E-01 -1.895480E-02  0.000000E+00  1.513662E-02  1.102684E-03 -1.652703E-18 -1.722866E-01  0.000000E+00
  5.770550E-01 -1.737389E-02  5.000000E-01  5.828802E-01 -1.737577E-02  0.000000E+00  1.474234E-02  1.135259E-03 -3.820857E-18 -1.406454E-01  0.000000E+00
  5.977760E-01 -1.573110E-02  5.000000E-01  6.038104E-01 -1.571639E-02  0.000000E+00  1.436542E-02  1.183874E-03 -3.222800E-18 -1.178003E-01  0.000000E+00
  6.181820E-01 -1.398541E-02  5.000000E-01  6.244224E-01 -1.395309E-02  0.000000E+00  1.386685E-02  1.239286E-03 -3.119919E-18 -9.854298E-02  0.000000E+00
  6.382180E-01 -1.211281E-02  5.000000E-01  6.446607E-01 -1.206158E-02  0.000000E+00  1.316535E-02  1.286566E-03 -1.661235E-18 -7.606713E-02  0.000000E+00
  6.578350E-01 -1.010252E-02  5.000000E-01  6.644757E-01 -1.003100E-02  0.000000E+00  1.225598E-02  1.308655E-03  4.510046E-19 -4.569389E-02  0.000000E+00
  6.769910E-01 -7.964392E-03  5.000000E-01  6.838251E-01 -7.871283E-03  0.000000E+00  1.118725E-02  1.294561E-03  9.422460E-19 -6.981723E-03  0.000000E+00
  6.956490E-01 -5.720186E-03  5.000000E-01  7.026714E-01 -5.604423E-03  0.000000E+00  1.002565E-02  1.240830E-03  4.516386E-19  3.730522E-02  0.000000E+00
  7.137810E-01 -3.405965E-03  5.000000E-01  7.209864E-01 -3.266840E-03  0.000000E+00  8.832061E-03  1.149396E-03 -6.567421E-19  8.372313E-02  0.000000E+00
  7.313660E-01 -1.068549E-03  5.000000E-01  7.387490E-01 -9.058284E-04  0.000000E+00  7.650410E-03  1.029127E-03 -3.063633E-18  1.294599E-01  0.000000E+00
  7.483850E-01  1.250975E-03  5.000000E-01  7.559398E-01  1.437110E-03  0.000000E+00  6.514750E-03  8.946322E-04 -3.231979E-18  1.727479E-01  0.000000E+00
  7.648220E-01  3.526046E-03  5.000000E-01  7.725427E-01  3.735147E-03  0.000000E+00  5.467657E-03  7.603064E-04  3.117592E-19  2.127502E-01  0.000000E+00
  7.806630E-01  5.738658E-03  5.000000E-01  7.885436E-01  5.970095E-03  0.000000E+00  4.575404E-03  6.316117E-04  1.654127E-18  2.498910E-01  0.000000E+00
  7.958970E-01  7.821510E-03  5.000000E-01  8.039314E-01  8.073972E-03  0.000000E+00  3.927284E-03  5.076554E-04  1.301278E-18  2.857718E-01  0.000000E+00
  8.105170E-01  9.593766E-03  5.000000E-01  8.186990E-01  9.864119E-03  0.000000E+00  3.583669E-03  3.954112E-04  5.918565E-19  3.177751E-01  0.000000E+00
  8.245160E-01  1.096596E-02  5.000000E-01  8.328393E-01  1.125016E-02  0.000000E+00  3.531362E-03  3.018429E-04 -1.086545E-19  3.406309E-01  0.000000E+00
  8.378940E-01  1.193744E-02  5.000000E-01  8.463523E-01  1.223146E-02  0.000000E+00  3.710028E-03  2.221750E-04  4.356913E-19  3.538326E-01  0.000000E+00
  8.506490E-01  1.255140E-02  5.000000E-01  8.592361E-01  1.285161E-02  0.000000E+00  4.054386E-03  1.475383E-04  1.238380E-18  3.603007E-01  0.000000E+00
  8.627850E-01  1.286670E-02  5.000000E-01  8.714946E-01  1.317010E-02  0.000000E+00  4.510541E-03  7.098853E-05  8.918963E-19  3.625391E-01  0.000000E+00
  8.743060E-01  1.294314E-02  5.000000E-01  8.831319E-01  1.324731E-02  0.000000E+00  5.034857E-03 -1.118110E-05  7.487250E-19  3.616901E-01  0.000000E+00
  8.852170E-01  1.283239E-02  5.000000E-01  8.941530E-01  1.313543E-02  0.000000E+00  5.592973E-03 -1.002481E-04  4.257502E-20  3.584014E-01  0.000000E+00
  8.955250E-01  1.257534E-02  5.000000E-01  9.045651E-01  1.287579E-02  0.000000E+00  6.160760E-03 -1.961530E-04 -5.052461E-19  3.532045E-01  0.000000E+00
  9.052400E-01  1.220481E-02  5.000000E-01  9.143782E-01  1.250152E-02  0.000000E+00  6.724900E-03 -2.988440E-04 -2.638697E-19  3.465108E-01  0.000000E+00
  9.143710E-01  1.174627E-02  5.000000E-01  9.236013E-01  1.203836E-02  0.000000E+00  7.284261E-03 -4.111237E-04  3.487880E-19  3.387546E-01  0.000000E+00
  9.143710E-01  1.174627E-02  5.000000E-01  9.236013E-01  1.203836E-02  0.000000E+00  7.284261E-03 -4.111237E-04  3.487880E-19  3.387546E-01  0.000000E+00
  9.229270E-01  1.121442E-02  5.000000E-01  9.322437E-01  1.150113E-02  0.000000E+00  7.849323E-03 -5.385694E-04  9.497588E-19  3.301755E-01  0.000000E+00
  9.309180E-01  1.061829E-02  5.000000E-01  9.403154E-01  1.089899E-02  0.000000E+00  8.437666E-03 -6.864789E-04  1.479039E-19  3.205190E-01  0.000000E+00
  9.383550E-01  9.966333E-03  5.000000E-01  9.478275E-01  1.024045E-02  0.000000E+00  9.070219E-03 -8.597937E-04 -4.863182E-19  3.093161E-01  0.000000E+00
  9.452490E-01  9.267098E-03  5.000000E-01  9.547910E-01  9.534154E-03  0.000000E+00  9.770788E-03 -1.065267E-03 -7.821080E-20  2.961788E-01  0.000000E+00
  9.516100E-01  8.528833E-03  5.000000E-01  9.612163E-01  8.788436E-03  0.000000E+00  1.056614E-02 -1.311522E-03  4.080235E-19  2.807049E-01  0.000000E+00
  9.574470E-01  7.760872E-03  5.000000E-01  9.671122E-01  8.012723E-03  0.000000E+00  1.148417E-02 -1.607428E-03 -1.717957E-19  2.622907E-01  0.000000E+00
  9.627730E-01  6.974300E-03  5.000000E-01  9.724919E-01  7.218210E-03  0.000000E+00  1.255326E-02 -1.962483E-03 -1.284101E-18  2.402472E-01  0.000000E+00
  9.675950E-01  6.182409E-03  5.000000E-01  9.773626E-01  6.418326E-03  0.000000E+00  1.380468E-02 -2.386220E-03 -4.478676E-19  2.138525E-01  0.000000E+00
  9.719240E-01  5.400187E-03  5.000000E-01  9.817353E-01  5.628207E-03  0.000000E+00  1.527907E-02 -2.888872E-03  1.664876E-18  1.822783E-01  0.000000E+00
  9.757700E-01  4.643950E-03  5.000000E-01  9.856201E-01  4.864336E-03  0.000000E+00  1.704007E-02 -3.486775E-03  3.659241E-18  1.446940E-01  0.000000E+00
  9.791410E-01  3.930143E-03  5.000000E-01  9.890252E-01  4.143324E-03  0.000000E+00  1.918711E-02 -4.205312E-03  1.249306E-18  1.002007E-01  0.000000E+00
  9.820450E-01  3.274609E-03  5.000000E-01  9.919585E-01  3.481172E-03  0.000000E+00  2.183828E-02 -5.075669E-03 -2.671675E-17  4.745668E-02  0.000000E+00
  9.844890E-01  2.692068E-03  5.000000E-01  9.944272E-01  2.892750E-03  0.000000E+00  2.505721E-02 -6.121941E-03 -1.124966E-16 -1.524058E-02  0.000000E+00
  9.864800E-01  2.195796E-03  5.000000E-01  9.964383E-01  2.391469E-03  0.000000E+00  2.877170E-02 -7.299462E-03 -2.255319E-16 -8.832675E-02  0.000000E+00
  9.880230E-01  1.797495E-03  5.000000E-01  9.979968E-01  1.989148E-03  0.000000E+00  3.246863E-02 -8.410505E-03 -6.350250E-17 -1.787586E-01  0.000000E+00
  9.891220E-01  1.506391E-03  5.000000E-01  9.991069E-01  1.695104E-03  0.000000E+00  3.593151E-02 -9.687872E-03  1.217264E-15 -2.873865E-01  0.000000E+00
  9.897810E-01  1.329018E-03  5.000000E-01  9.997726E-01  1.515941E-03  0.000000E+00  5.278940E-02 -1.238929E-02  4.533427E-15 -3.058926E-01  0.000000E+00
  9.900000E-01  1.269473E-03  5.000000E-01  9.999938E-01  1.455795E-03  0.000000E+00  3.651864E-02 -2.228684E-03  1.199170E-14 -6.801844E-01  0.000000E+00
  9.900000E-01  1.678967E-03  5.000000E-01  9.999938E-01  1.869423E-03  0.000000E+00  2.123989E-03 -7.787150E-03  3.548326E-14 -9.792471E-01  0.000000E+00
  9.900000E-01  2.088462E-03  5.000000E-01  9.999938E-01  2.283051E-03  0.000000E+00 -5.414520E-04 -2.193964E-02  6.918611E-14 -8.239595E-01  0.000000E+00
  9.900000E-01  2.497956E-03  5.000000E-01  9.999938E-01  2.696679E-03  0.000000E+00 -1.395663E-04 -1.350099E-02  9.564649E-14 -7.962814E-01  0.000000E+00
  9.900000E-01  2.907435E-03  5.000000E-01  9.999938E-01  3.110292E-03  0.000000E+00  3.196061E-04 -8.320293E-03  1.140628E-13 -8.261458E-01  0.000000E+00
  9.900000E-01  3.316930E-03  5.000000E-01  9.999938E-01  3.523920E-03  0.000000E+00  4.453094E-03 -6.739798E-03  1.272797E-13 -7.908626E-01  0.000000E+00
  9.900000E-01  3.316930E-03  5.000000E-01  9.999938E-01  3.523920E-03  0.000000E+00  4.453094E-03 -6.739798E-03  1.272797E-13 -7.908626E-01  0.000000E+00
  9.897980E-01  3.420757E-03  5.000000E-01  9.997898E-01  3.628796E-03  0.000000E+00  5.404690E-03 -3.315309E-03  1.192182E-13 -7.427195E-01  0.000000E+00
  9.891900E-01  3.732234E-03  5.000000E-01  9.991756E-01  3.943416E-03  0.000000E+00  1.094293E-03 -4.974235E-04  8.452865E-14 -7.508343E-01  0.000000E+00
  9.881780E-01  4.250678E-03  5.000000E-01  9.981534E-01  4.467094E-03  0.000000E+00 -1.295223E-03  6.661419E-04  4.635052E-14 -7.580362E-01  0.000000E+00
  9.867570E-01  4.974787E-03  5.000000E-01  9.967181E-01  5.198513E-03  0.000000E+00 -2.650558E-03  1.335638E-03  1.878542E-14 -7.649784E-01  0.000000E+00
  9.849260E-01  5.901050E-03  5.000000E-01  9.948686E-01  6.134126E-03  0.000000E+00 -3.249482E-03  1.633714E-03  4.395104E-15 -7.748113E-01  0.000000E+00
  9.826810E-01  7.022987E-03  5.000000E-01  9.926009E-01  7.267389E-03  0.000000E+00 -3.248145E-03  1.612801E-03 -7.708885E-16 -7.839721E-01  0.000000E+00
  9.800160E-01  8.330865E-03  5.000000E-01  9.899090E-01  8.588469E-03  0.000000E+00 -2.936476E-03  1.426701E-03 -1.494731E-15 -7.895360E-01  0.000000E+00
  9.769240E-01  9.810625E-03  5.000000E-01  9.867858E-01  1.008317E-02  0.000000E+00 -2.611633E-03  1.229790E-03 -9.011892E-16 -7.916738E-01  0.000000E+00
  9.733970E-01  1.144115E-02  5.000000E-01  9.832232E-01  1.173015E-02  0.000000E+00 -2.458880E-03  1.109278E-03 -3.251098E-16 -7.924114E-01  0.000000E+00
  9.694240E-01  1.319599E-02  5.000000E-01  9.792101E-01  1.350271E-02  0.000000E+00 -2.535483E-03  1.088211E-03 -4.709968E-17 -7.936566E-01  0.000000E+00
  9.649940E-01  1.504848E-02  5.000000E-01  9.747354E-01  1.537390E-02  0.000000E+00 -2.837932E-03  1.159048E-03  2.864955E-17 -7.950342E-01  0.000000E+00
  9.600960E-01  1.697851E-02  5.000000E-01  9.697879E-01  1.732341E-02  0.000000E+00 -3.356965E-03  1.291463E-03  2.607173E-17 -7.955349E-01  0.000000E+00
  9.547180E-01  1.896603E-02  5.000000E-01  9.643556E-01  1.933100E-02  0.000000E+00 -3.945518E-03  1.399628E-03  1.097576E-17 -8.035239E-01  0.000000E+00
  9.488510E-01  2.099180E-02  5.000000E-01  9.584294E-01  2.137722E-02  0.000000E+00 -4.010943E-03  1.303338E-03  4.406450E-18 -8.426903E-01  0.000000E+00
  9.424820E-01  2.304076E-02  5.000000E-01  9.519961E-01  2.344686E-02  0.000000E+00 -2.386875E-03  7.284006E-04  5.358133E-18 -9.309102E-01  0.000000E+00
  9.356020E-01  2.510263E-02  5.000000E-01  9.450467E-01  2.552954E-02  0.000000E+00  2.176423E-03 -5.802723E-04  1.170095E-17 -1.048122E+00  0.000000E+00
  9.282010E-01  2.717149E-02  5.000000E-01  9.375709E-01  2.761928E-02  0.000000E+00  9.568529E-03 -2.500386E-03  2.213697E-17 -1.144537E+00  0.000000E+00
  9.202710E-01  2.924253E-02  5.000000E-01  9.295609E-01  2.971124E-02  0.000000E+00  1.728096E-02 -4.302016E-03  3.287294E-17 -1.187349E+00  0.000000E+00
  9.118010E-01  3.130392E-02  5.000000E-01  9.210054E-01  3.179343E-02  0.000000E+00  2.232714E-02 -5.229009E-03  3.622281E-17 -1.183245E+00  0.000000E+00
  9.027810E-01  3.334001E-02  5.000000E-01  9.118943E-01  3.385007E-02  0.000000E+00  2.403903E-02 -5.227592E-03  3.074036E-17 -1.156218E+00  0.000000E+00
  8.932000E-01  3.533553E-02  5.000000E-01  9.022166E-01  3.586574E-02  0.000000E+00  2.381105E-02 -4.759618E-03  2.278291E-17 -1.122586E+00  0.000000E+00
  8.830490E-01  3.727276E-02  5.000000E-01  8.919632E-01  3.782252E-02  0.000000E+00  2.311788E-02 -4.211615E-03  1.574750E-17 -1.087723E+00  0.000000E+00
  8.723190E-01  3.913134E-02  5.000000E-01  8.811248E-01  3.969987E-02  0.000000E+00  2.259353E-02 -3.714656E-03  1.218582E-17 -1.052275E+00  0.000000E+00
  8.723190E-01  3.913134E-02  5.000000E-01  8.811248E-01  3.969987E-02  0.000000E+00  2.259353E-02 -3.714656E-03  1.218582E-17 -1.052275E+00  0.000000E+00
  8.610010E-01  4.089122E-02  5.000000E-01  8.696926E-01  4.147751E-02  0.000000E+00  2.225973E-02 -3.265743E-03  1.097165E-17 -1.016011E+00  0.000000E+00
  8.490890E-01  4.253378E-02  5.000000E-01  8.576603E-01  4.313665E-02  0.000000E+00  2.195675E-02 -2.838944E-03  9.383325E-18 -9.789996E-01  0.000000E+00
  8.365770E-01  4.404366E-02  5.000000E-01  8.450220E-01  4.466178E-02  0.000000E+00  2.156707E-02 -2.429073E-03  8.131521E-18 -9.421480E-01  0.000000E+00
  8.234620E-01  4.541461E-02  5.000000E-01  8.317746E-01  4.604656E-02  0.000000E+00  2.106184E-02 -2.054153E-03  8.033035E-18 -9.075977E-01  0.000000E+00
  8.097400E-01  4.665539E-02  5.000000E-01  8.179141E-01  4.729987E-02  0.000000E+00  2.047319E-02 -1.746949E-03  8.972198E-18 -8.789924E-01  0.000000E+00
  7.954150E-01  4.780111E-02  5.000000E-01  8.034445E-01  4.845716E-02  0.000000E+00  1.986334E-02 -1.547202E-03  9.360897E-18 -8.610264E-01  0.000000E+00
  7.804870E-01  4.892596E-02  5.000000E-01  7.883658E-01  4.959336E-02  0.000000E+00  1.933050E-02 -1.481243E-03  8.499001E-18 -8.569430E-01  0.000000E+00
  7.649630E-01  5.013220E-02  5.000000E-01  7.726851E-01  5.081178E-02  0.000000E+00  1.902584E-02 -1.522471E-03  6.498670E-18 -8.644861E-01  0.000000E+00
  7.488530E-01  5.146063E-02  5.000000E-01  7.564125E-01  5.215362E-02  0.000000E+00  1.904090E-02 -1.621612E-03  3.395233E-18 -8.783312E-01  0.000000E+00
  7.321700E-01  5.292728E-02  5.000000E-01  7.395611E-01  5.363507E-02  0.000000E+00  1.932215E-02 -1.754735E-03 -1.290325E-18 -8.948221E-01  0.000000E+00
  7.149290E-01  5.454208E-02  5.000000E-01  7.221460E-01  5.526617E-02  0.000000E+00  1.975665E-02 -1.904799E-03 -7.560590E-18 -9.114150E-01  0.000000E+00
  6.971500E-01  5.630362E-02  5.000000E-01  7.041876E-01  5.704550E-02  0.000000E+00  2.025192E-02 -2.049247E-03 -1.268097E-17 -9.257514E-01  0.000000E+00
  6.788570E-01  5.819283E-02  5.000000E-01  6.857099E-01  5.895377E-02  0.000000E+00  2.076079E-02 -2.159531E-03 -1.558065E-17 -9.353947E-01  0.000000E+00
  6.600760E-01  6.016236E-02  5.000000E-01  6.667393E-01  6.094319E-02  0.000000E+00  2.125601E-02 -2.209748E-03 -1.821204E-17 -9.385498E-01  0.000000E+00
  6.408370E-01  6.214667E-02  5.000000E-01  6.473061E-01  6.294753E-02  0.000000E+00  2.169386E-02 -2.195485E-03 -2.044233E-17 -9.354087E-01  0.000000E+00
  6.211780E-01  6.409843E-02  5.000000E-01  6.274486E-01  6.491899E-02  0.000000E+00  2.204344E-02 -2.127555E-03 -1.999024E-17 -9.273238E-01  0.000000E+00
  6.011430E-01  6.597729E-02  5.000000E-01  6.072114E-01  6.681682E-02  0.000000E+00  2.231525E-02 -2.015193E-03 -1.791162E-17 -9.153401E-01  0.000000E+00
  5.807790E-01  6.774599E-02  5.000000E-01  5.866418E-01  6.860337E-02  0.000000E+00  2.253262E-02 -1.868572E-03 -1.662083E-17 -9.003596E-01  0.000000E+00
  5.601410E-01  6.937701E-02  5.000000E-01  5.657955E-01  7.025086E-02  0.000000E+00  2.271813E-02 -1.696082E-03 -1.461068E-17 -8.830735E-01  0.000000E+00
  5.392850E-01  7.084393E-02  5.000000E-01  5.447290E-01  7.173259E-02  0.000000E+00  2.288500E-02 -1.504851E-03 -1.159504E-17 -8.641544E-01  0.000000E+00
  5.182680E-01  7.212997E-02  5.000000E-01  5.234998E-01  7.303161E-02  0.000000E+00  2.303252E-02 -1.306649E-03 -1.010042E-17 -8.446506E-01  0.000000E+00
  4.971500E-01  7.323368E-02  5.000000E-01  5.021686E-01  7.414646E-02  0.000000E+00  2.316889E-02 -1.109231E-03 -1.010762E-17 -8.252945E-01  0.000000E+00
  4.759900E-01  7.415419E-02  5.000000E-01  4.807950E-01  7.507626E-02  0.000000E+00  2.331190E-02 -9.128748E-04 -9.898853E-18 -8.062218E-01  0.000000E+00
  2.733630E-06 -4.855250E-04  5.000000E-01  2.813636E-06 -3.169192E-04  0.000000E+00  4.688101E-04 -1.841131E-02  1.300972E-18  1.096860E+00  0.000000E+00
  4.455870E-05 -1.426410E-03  5.000000E-01  4.506092E-05 -1.267302E-03  0.000000E+00  2.259475E-03 -2.191180E-02  2.868726E-17  1.067517E+00  0.000000E+00
  2.731490E-04 -2.958721E-03  5.000000E-01  2.759588E-04 -2.815081E-03  0.000000E+00  6.594743E-03 -2.486580E-02  4.119185E-17  9.466657E-01  0.000000E+00
  9.950900E-04 -4.913302E-03  5.000000E-01  1.005188E-03 -4.789393E-03  0.000000E+00  1.278006E-02 -2.522410E-02  4.057975E-17  7.368038E-01  0.000000E+00
  2.349870E-03 -6.988029E-03  5.000000E-01  2.373644E-03 -6.885063E-03  0.000000E+00  1.847153E-02 -2.401977E-02  3.872328E-17  5.276199E-01  0.000000E+00
  4.254460E-03 -9.116101E-03  5.000000E-01  4.297460E-03 -9.034618E-03  0.000000E+00  2.308748E-02 -2.270358E-02  2.740661E-17  3.562389E-01  0.000000E+00
  6.687140E-03 -1.123891E-02  5.000000E-01  6.754697E-03 -1.117885E-02  0.000000E+00  2.708821E-02 -2.121701E-02  5.987025E-18  1.935465E-01  0.000000E+00
  9.634000E-03 -1.331891E-02  5.000000E-01  9.731305E-03 -1.327985E-02  0.000000E+00  3.035231E-02 -1.921613E-02 -7.602780E-18  2.823144E-02  0.000000E+00
  1.310530E-02 -1.528848E-02  5.000000E-01  1.323765E-02 -1.526931E-02  0.000000E+00  3.258381E-02 -1.656292E-02 -2.957032E-18 -1.356779E-01  0.000000E+00
  1.710810E-02 -1.709593E-02  5.000000E-01  1.728085E-02 -1.709500E-02  0.000000E+00  3.384921E-02 -1.378885E-02  2.224836E-17 -2.757810E-01  0.000000E+00
  2.163760E-02 -1.874181E-02  5.000000E-01  2.185608E-02 -1.875749E-02  0.000000E+00  3.453875E-02 -1.137150E-02  5.543918E-17 -3.827125E-01  0.000000E+00
  2.669190E-02 -2.023580E-02  5.000000E-01  2.696140E-02 -2.026657E-02  0.000000E+00  3.479750E-02 -9.237880E-03  7.868603E-17 -4.689496E-01  0.000000E+00
  3.228310E-02 -2.155375E-02  5.000000E-01  3.260904E-02 -2.159782E-02  0.000000E+00  3.458389E-02 -7.264483E-03  8.785425E-17 -5.441790E-01  0.000000E+00
  3.842170E-02 -2.268355E-02  5.000000E-01  3.880961E-02 -2.273903E-02  0.000000E+00  3.398099E-02 -5.527699E-03  8.818857E-17 -6.073594E-01  0.000000E+00
  4.511710E-02 -2.362596E-02  5.000000E-01  4.557260E-02 -2.369095E-02  0.000000E+00  3.311709E-02 -4.073476E-03  8.418416E-17 -6.572302E-01  0.000000E+00
  5.237940E-02 -2.438628E-02  5.000000E-01  5.290821E-02 -2.445894E-02  0.000000E+00  3.211436E-02 -2.906576E-03  7.717843E-17 -6.933866E-01  0.000000E+00
  6.021800E-02 -2.498016E-02  5.000000E-01  6.082593E-02 -2.505882E-02  0.000000E+00  3.109103E-02 -2.019118E-03  6.706067E-17 -7.157801E-01  0.000000E+00
  6.864140E-02 -2.543283E-02  5.000000E-01  6.933437E-02 -2.551606E-02  0.000000E+00  3.009777E-02 -1.366761E-03  5.540929E-17 -7.260243E-01  0.000000E+00
  7.765990E-02 -2.576530E-02  5.000000E-01  7.844390E-02 -2.585188E-02  0.000000E+00  2.912024E-02 -8.985784E-04  4.401295E-17 -7.259288E-01  0.000000E+00
  8.728340E-02 -2.600265E-02  5.000000E-01  8.816455E-02 -2.609163E-02  0.000000E+00  2.810942E-02 -5.876511E-04  3.497614E-17 -7.158664E-01  0.000000E+00
  9.752070E-02 -2.617705E-02  5.000000E-01  9.850519E-02 -2.626779E-02  0.000000E+00  2.694294E-02 -4.077355E-04  2.876042E-17 -6.957934E-01  0.000000E+00
  1.083810E-01 -2.632041E-02  5.000000E-01  1.094751E-01 -2.641260E-02  0.000000E+00  2.546376E-02 -3.321182E-04  2.429425E-17 -6.650842E-01  0.000000E+00
  1.198710E-01 -2.646846E-02  5.000000E-01  1.210811E-01 -2.656215E-02  0.000000E+00  2.361832E-02 -3.393273E-04  1.948546E-17 -6.219819E-01  0.000000E+00
  1.319970E-01 -2.666106E-02  5.000000E-01  1.333295E-01 -2.675669E-02  0.000000E+00  2.158624E-02 -4.035778E-04  1.395176E-17 -5.647857E-01  0.000000E+00
  1.319970E-01 -2.666106E-02  5.000000E-01  1.333295E-01 -2.675669E-02  0.000000E+00  2.158624E-02 -4.035778E-04  1.395176E-17 -5.647857E-01  0.000000E+00
  1.447640E-01 -2.693564E-02  5.000000E-01  1.462254E-01 -2.703404E-02  0.000000E+00  1.979929E-02 -5.026840E-04  8.861091E-18 -4.940498E-01  0.000000E+00
  1.581750E-01 -2.732665E-02  5.000000E-01  1.597718E-01 -2.742900E-02  0.000000E+00  1.875268E-02 -6.268651E-04  5.442229E-18 -4.160557E-01  0.000000E+00
  1.722290E-01 -2.785468E-02  5.000000E-01  1.739676E-01 -2.796236E-02  0.000000E+00  1.870250E-02 -7.653968E-04  3.025847E-18 -3.449704E-01  0.000000E+00
  1.869240E-01 -2.850694E-02  5.000000E-01  1.888110E-01 -2.862120E-02  0.000000E+00  1.950715E-02 -8.743950E-04  2.354458E-18 -2.991320E-01  0.000000E+00
  2.022540E-01 -2.921163E-02  5.000000E-01  2.042957E-01 -2.933301E-02  0.000000E+00  2.071145E-02 -8.518659E-04  2.938546E-18 -2.923353E-01  0.000000E+00
  2.182110E-01 -2.980693E-02  5.000000E-01  2.204138E-01 -2.993431E-02  0.000000E+00  2.182823E-02 -6.399113E-04  1.856079E-18 -3.214401E-01  0.000000E+00
  2.347810E-01 -3.016626E-02  5.000000E-01  2.371511E-01 -3.029727E-02  0.000000E+00  2.255814E-02 -3.208953E-04  1.268127E-18 -3.655351E-01  0.000000E+00
  2.519470E-01 -3.027955E-02  5.000000E-01  2.544904E-01 -3.041171E-02  0.000000E+00  2.272199E-02  1.741986E-06  9.483003E-19 -4.040346E-01  0.000000E+00
  2.696890E-01 -3.015516E-02  5.000000E-01  2.724115E-01 -3.028606E-02  0.000000E+00  2.225147E-02  2.750124E-04 -5.008877E-20 -4.257050E-01  0.000000E+00
  2.879810E-01 -2.982372E-02  5.000000E-01  2.908881E-01 -2.995128E-02  0.000000E+00  2.130644E-02  4.589421E-04  5.685992E-19 -4.252820E-01  0.000000E+00
  3.067920E-01 -2.934557E-02  5.000000E-01  3.098890E-01 -2.946830E-02  0.000000E+00  2.024203E-02  5.343166E-04  1.210083E-18 -4.031314E-01  0.000000E+00
  3.260870E-01 -2.881063E-02  5.000000E-01  3.293788E-01 -2.892796E-02  0.000000E+00  1.943114E-02  5.129545E-04  9.794440E-19 -3.661783E-01  0.000000E+00
  3.458260E-01 -2.831681E-02  5.000000E-01  3.493171E-01 -2.842915E-02  0.000000E+00  1.904421E-02  4.562169E-04  2.382845E-19 -3.284396E-01  0.000000E+00
  3.659650E-01 -2.786364E-02  5.000000E-01  3.696594E-01 -2.797141E-02  0.000000E+00  1.902612E-02  4.321765E-04 -2.101977E-18 -3.033873E-01  0.000000E+00
  3.864540E-01 -2.740054E-02  5.000000E-01  3.903552E-01 -2.750363E-02  0.000000E+00  1.922411E-02  4.628696E-04  4.669465E-19 -2.950777E-01  0.000000E+00
  4.072410E-01 -2.687284E-02  5.000000E-01  4.113520E-01 -2.697061E-02  0.000000E+00  1.943820E-02  5.470423E-04  2.828187E-18 -2.996713E-01  0.000000E+00
  4.282690E-01 -2.622521E-02  5.000000E-01  4.325923E-01 -2.631644E-02  0.000000E+00  1.944606E-02  6.771127E-04 -1.842100E-19 -3.098462E-01  0.000000E+00
  4.494800E-01 -2.540063E-02  5.000000E-01  4.540174E-01 -2.548353E-02  0.000000E+00  1.909160E-02  8.250427E-04 -9.903446E-19 -3.165332E-01  0.000000E+00
  4.708130E-01 -2.437929E-02  5.000000E-01  4.755658E-01 -2.445188E-02  0.000000E+00  1.837447E-02  9.461252E-04 -1.272328E-18 -3.109311E-01  0.000000E+00
  4.922030E-01 -2.319097E-02  5.000000E-01  4.971717E-01 -2.325157E-02  0.000000E+00  1.743641E-02  1.020645E-03 -5.666120E-19 -2.891831E-01  0.000000E+00
  5.135860E-01 -2.186802E-02  5.000000E-01  5.187705E-01 -2.191526E-02  0.000000E+00  1.648288E-02  1.060495E-03  1.130421E-18 -2.539872E-01  0.000000E+00
  5.348990E-01 -2.043985E-02  5.000000E-01  5.402987E-01 -2.047267E-02  0.000000E+00  1.569357E-02  1.082672E-03  8.157975E-19 -2.122180E-01  0.000000E+00
  5.560760E-01 -1.893714E-02  5.000000E-01  5.616895E-01 -1.895480E-02  0.000000E+00  1.513662E-02  1.102684E-03 -1.652703E-18 -1.722866E-01  0.000000E+00
  4.759900E-01  7.415419E-02  5.000000E-01  4.807950E-01  7.507626E-02  0.000000E+00  2.331190E-02 -9.128748E-04 -9.898853E-18 -8.062218E-01  0.000000E+00
  4.548480E-01  7.489042E-02  5.000000E-01  4.594396E-01  7.581992E-02  0.000000E+00  2.347005E-02 -7.173022E-04 -8.843175E-18 -7.873981E-01  0.000000E+00
  4.337860E-01  7.544426E-02  5.000000E-01  4.381650E-01  7.637935E-02  0.000000E+00  2.364522E-02 -5.192894E-04 -8.324469E-18 -7.684121E-01  0.000000E+00
  4.128620E-01  7.581371E-02  5.000000E-01  4.170298E-01  7.675254E-02  0.000000E+00  2.383878E-02 -3.073463E-04 -8.356846E-18 -7.481384E-01  0.000000E+00
  3.921340E-01  7.598349E-02  5.000000E-01  3.960925E-01  7.692402E-02  0.000000E+00  2.403690E-02 -7.055173E-05 -7.924060E-18 -7.254078E-01  0.000000E+00
  3.716590E-01  7.593722E-02  5.000000E-01  3.754108E-01  7.687729E-02  0.000000E+00  2.420873E-02  1.945060E-04 -7.239328E-18 -6.995926E-01  0.000000E+00
  3.514890E-01  7.565997E-02  5.000000E-01  3.550372E-01  7.659724E-02  0.000000E+00  2.432366E-02  4.866447E-04 -6.665191E-18 -6.705609E-01  0.000000E+00
  3.316730E-01  7.514079E-02  5.000000E-01  3.350212E-01  7.607282E-02  0.000000E+00  2.435634E-02  7.983660E-04 -6.068121E-18 -6.389342E-01  0.000000E+00
  3.122580E-01  7.437678E-02  5.000000E-01  3.154102E-01  7.530109E-02  0.000000E+00  2.428235E-02  1.108303E-03 -5.406888E-18 -6.065919E-01  0.000000E+00
  2.932850E-01  7.338992E-02  5.000000E-01  2.962457E-01  7.430428E-02  0.000000E+00  2.409732E-02  1.394544E-03 -4.667117E-18 -5.757050E-01  0.000000E+00
  2.747930E-01  7.220972E-02  5.000000E-01  2.775670E-01  7.311216E-02  0.000000E+00  2.382924E-02  1.652127E-03 -4.607373E-18 -5.473769E-01  0.000000E+00
  2.568150E-01  7.086283E-02  5.000000E-01  2.594075E-01  7.175168E-02  0.000000E+00  2.351575E-02  1.885938E-03 -4.281489E-18 -5.219115E-01  0.000000E+00
  2.393810E-01  6.937192E-02  5.000000E-01  2.417975E-01  7.024571E-02  0.000000E+00  2.319086E-02  2.103760E-03 -3.518417E-18 -4.995391E-01  0.000000E+00
  2.225160E-01  6.775548E-02  5.000000E-01  2.247623E-01  6.861295E-02  0.000000E+00  2.288210E-02  2.311329E-03 -3.121271E-18 -4.815012E-01  0.000000E+00
  2.062420E-01  6.602787E-02  5.000000E-01  2.083240E-01  6.686791E-02  0.000000E+00  2.259259E-02  2.480223E-03 -1.890933E-18 -4.726664E-01  0.000000E+00
  1.905750E-01  6.424584E-02  5.000000E-01  1.924988E-01  6.506789E-02  0.000000E+00  2.234343E-02  2.553531E-03 -4.728961E-20 -4.803408E-01  0.000000E+00
  1.755290E-01  6.251309E-02  5.000000E-01  1.773010E-01  6.331764E-02  0.000000E+00  2.228213E-02  2.550975E-03  3.633536E-19 -5.051693E-01  0.000000E+00
  1.611160E-01  6.087240E-02  5.000000E-01  1.627425E-01  6.166039E-02  0.000000E+00  2.259100E-02  2.554217E-03  5.758309E-19 -5.401494E-01  0.000000E+00
  1.473410E-01  5.932672E-02  5.000000E-01  1.488284E-01  6.009911E-02  0.000000E+00  2.330790E-02  2.611892E-03  1.326256E-18 -5.775975E-01  0.000000E+00
  1.342110E-01  5.785885E-02  5.000000E-01  1.355659E-01  5.861643E-02  0.000000E+00  2.431817E-02  2.739254E-03  2.225373E-18 -6.119788E-01  0.000000E+00
  1.217280E-01  5.644342E-02  5.000000E-01  1.229569E-01  5.718671E-02  0.000000E+00  2.544415E-02  2.936292E-03  3.531758E-18 -6.406137E-01  0.000000E+00
  1.098910E-01  5.505485E-02  5.000000E-01  1.110004E-01  5.578412E-02  0.000000E+00  2.655230E-02  3.208567E-03  3.711471E-18 -6.624962E-01  0.000000E+00
  9.869950E-02  5.366438E-02  5.000000E-01  9.969589E-02  5.437962E-02  0.000000E+00  2.759184E-02  3.571401E-03  4.901589E-18 -6.772607E-01  0.000000E+00
  8.814970E-02  5.224559E-02  5.000000E-01  8.903960E-02  5.294650E-02  0.000000E+00  2.857667E-02  4.050765E-03  9.044356E-18 -6.844457E-01  0.000000E+00
  8.814970E-02  5.224559E-02  5.000000E-01  8.903960E-02  5.294650E-02  0.000000E+00  2.857667E-02  4.050765E-03  9.044356E-18 -6.844457E-01  0.000000E+00
  7.823720E-02  5.077080E-02  5.000000E-01  7.902703E-02  5.145682E-02  0.000000E+00  2.954735E-02  4.689579E-03  1.419174E-17 -6.827625E-01  0.000000E+00
  6.895800E-02  4.920858E-02  5.000000E-01  6.965416E-02  4.987883E-02  0.000000E+00  3.051576E-02  5.529822E-03  1.837019E-17 -6.707077E-01  0.000000E+00
  6.030560E-02  4.753268E-02  5.000000E-01  6.091442E-02  4.818602E-02  0.000000E+00  3.146624E-02  6.625880E-03  2.086649E-17 -6.458150E-01  0.000000E+00
  5.227560E-02  4.571062E-02  5.000000E-01  5.280336E-02  4.634556E-02  0.000000E+00  3.233976E-02  8.038929E-03  2.005526E-17 -6.045718E-01  0.000000E+00
  4.486350E-02  4.371150E-02  5.000000E-01  4.531644E-02  4.432626E-02  0.000000E+00  3.299536E-02  9.790143E-03  1.540340E-17 -5.439488E-01  0.000000E+00
  3.806240E-02  4.151315E-02  5.000000E-01  3.844668E-02  4.210572E-02  0.000000E+00  3.324814E-02  1.187701E-02  7.400127E-18 -4.600678E-01  0.000000E+00
  3.186880E-02  3.909103E-02  5.000000E-01  3.219056E-02  3.965915E-02  0.000000E+00  3.285438E-02  1.420759E-02  2.490470E-19 -3.497353E-01  0.000000E+00
  2.627530E-02  3.643552E-02  5.000000E-01  2.654059E-02  3.697683E-02  0.000000E+00  3.155999E-02  1.655633E-02 -2.729748E-18 -2.121765E-01  0.000000E+00
  2.127350E-02  3.354901E-02  5.000000E-01  2.148830E-02  3.406118E-02  0.000000E+00  2.923922E-02  1.864849E-02 -5.039085E-18 -4.744546E-02  0.000000E+00
  1.685790E-02  3.043865E-02  5.000000E-01  1.702813E-02  3.091942E-02  0.000000E+00  2.594070E-02  2.012736E-02 -1.031276E-17  1.389028E-01  0.000000E+00
  1.301460E-02  2.713955E-02  5.000000E-01  1.314603E-02  2.758702E-02  0.000000E+00  2.192259E-02  2.070259E-02 -1.706542E-17  3.372766E-01  0.000000E+00
  9.730790E-03  2.369706E-02  5.000000E-01  9.829072E-03  2.410978E-02  0.000000E+00  1.758500E-02  2.030428E-02 -2.345159E-17  5.386188E-01  0.000000E+00
  6.996180E-03  2.016613E-02  5.000000E-01  7.066857E-03  2.054321E-02  0.000000E+00  1.333448E-02  1.891260E-02 -2.446145E-17  7.279152E-01  0.000000E+00
  4.781010E-03  1.663821E-02  5.000000E-01  4.829325E-03  1.697968E-02  0.000000E+00  9.484602E-03  1.662167E-02 -1.997742E-17  8.915674E-01  0.000000E+00
  3.054950E-03  1.320879E-02  5.000000E-01  3.085841E-03  1.351563E-02  0.000000E+00  6.194110E-03  1.364677E-02 -1.848572E-17  1.024991E+00  0.000000E+00
  1.789910E-03  9.973003E-03  5.000000E-01  1.808031E-03  1.024718E-02  0.000000E+00  3.551892E-03  1.011774E-02 -1.824264E-17  1.123571E+00  0.000000E+00
  9.331870E-04  7.039890E-03  5.000000E-01  9.426596E-04  7.284463E-03  0.000000E+00  1.620214E-03  6.116418E-03 -1.733042E-17  1.183587E+00  0.000000E+00
  4.085430E-04  4.517940E-03  5.000000E-01  4.127195E-04  4.737054E-03  0.000000E+00  3.807134E-04  1.732219E-03 -2.025773E-17  1.207885E+00  0.000000E+00
  1.354760E-04  2.494416E-03  5.000000E-01  1.368960E-04  2.693103E-03  0.000000E+00 -2.400477E-04 -2.997514E-03 -2.769159E-17  1.204176E+00  0.000000E+00
  2.683130E-05  1.021453E-03  5.000000E-01  2.715456E-05  1.205272E-03  0.000000E+00 -3.443699E-04 -8.066108E-03 -3.737666E-17  1.180809E+00  0.000000E+00
  1.320070E-06  1.276866E-04  5.000000E-01  1.385807E-06  3.024827E-04  0.000000E+00 -2.078709E-04 -1.299207E-02 -4.121739E-17  1.140434E+00  0.000000E+00
 -5.188750E-08 -1.717731E-04  5.000000E-01  0.000000E+00  0.000000E+00  0.000000E+00 -4.373223E-05 -1.611821E-02 -2.718088E-17  1.105459E+00  0.000000E+00
  2.733630E-06 -4.855250E-04  5.000000E-01  2.813636E-06 -3.169192E-04  0.000000E+00  4.688101E-04 -1.841131E-02  1.300972E-18  1.096860E+00  0.000000E+00
    1    2
    2    3
    3    4
    4    5
    5    6
    6    7
    7    8
    8    9
    9   10
   10   11
   11   12
   12   13
   13   14
   14   15
   15   16
   16   17
   17   18
   18   19
   19   20
   20   21
   21   22
   22   23
   23   24
   25   26
   26   27
   27   28
   28   29
   29   30
   30   31
   31   32
   32   33
   33   34
   34   35
   35   36
   36   37
   37   38
   38   39
   39   40
   40   41
   41   42
   42   43
   43   44
   44   45
   45   46
   46   47
   47   48
   49   50
   50   51
   51   52
   52   53
   53   54
   54   55
   55   56
   56   57
   57   58
   58   59
   59   60
   60   61
   61   62
   62   63
   63   64
   64   65
   65   66
   66   67
   67   68
   68   69
   69   70
   70   71
   71   72
   73   74
   74   75
   75   76
   76   77
   77   78
   78   79
   79   80
   80   81
   81   82
   82   83
   83   84
   84   85
   85   86
   86   87
   87   88
   88   89
   89   90
   90   91
   91   92
   92   93
   93   94
   94   95
   95   96
   97   98
   98   99
   99  100
  100  101
  101  102
  102  103
  103  104
  104  105
  105  106
  106  107
  107  108
  108  109
  109  110
  110  111
  111  112
  112  113
  113  114
  114  115
  115  116
  116  117
  117  118
  118  119
  119  120
  121  122
  122  123
  123  124
  124  125
  125  126
  126  127
  127  128
  128  129
  129  130
  130  131
  131  132
  132  133
  133  134
  134  135
  135  136
  136  137
  137  138
  138  139
  139  140
  140  141
  141  142
  142  143
  143  144
  145  146
  146  147
  147  148
  148  149
  149  150
  150  151
  151  152
  152  153
  153  154
  154  155
  155  156
  156  157
  157  158
  158  159
  159  160
  160  161
  161  162
  162  163
  163  164
  164  165
  165  166
  166  167
  167  168
  169  170
  170  171
  171  172
  172  173
  173  174
  174  175
  175  176
  176  177
  177  178
  178  179
  179  180
  180  181
  181  182
  182  183
  183  184
  184  185
  185  186
  186  187
  187  188
  188  189
  189  190
  190  191
  191  192
