 Title = "ADflow Slice Data"
Variables =  "CoordinateX"  "CoordinateY"  "CoordinateZ"  "XoC"  "YoC"  "ZoC" "VelocityX" "VelocityY" "VelocityZ" "CoefPressure" "Mach" 
Zone T= "Slice_0001 None Absolute Regular z = 0.50000000"
 Nodes =          192  Elements=          184  ZONETYPE=FELINESEG
 DATAPACKING=POINT
  5.560760E-01 -1.893743E-02  5.000000E-01  5.616895E-01 -1.895508E-02  0.000000E+00  1.506034E-02  1.097233E-03 -1.580819E-18 -1.683661E-01  0.000000E+00
  5.770550E-01 -1.737424E-02  5.000000E-01  5.828802E-01 -1.737612E-02  0.000000E+00  1.469807E-02  1.131308E-03 -3.239106E-19 -1.384396E-01  0.000000E+00
  5.977760E-01 -1.573238E-02  5.000000E-01  6.038104E-01 -1.571768E-02  0.000000E+00  1.434213E-02  1.180613E-03  6.828691E-19 -1.169666E-01  0.000000E+00
  6.181820E-01 -1.398905E-02  5.000000E-01  6.244224E-01 -1.395675E-02  0.000000E+00  1.385862E-02  1.236195E-03  1.485012E-18 -9.832139E-02  0.000000E+00
  6.382180E-01 -1.212084E-02  5.000000E-01  6.446607E-01 -1.206968E-02  0.000000E+00  1.317209E-02  1.283552E-03 -4.304122E-20 -7.593659E-02  0.000000E+00
  6.578350E-01 -1.011755E-02  5.000000E-01  6.644757E-01 -1.004617E-02  0.000000E+00  1.228018E-02  1.306088E-03 -2.101344E-18 -4.560132E-02  0.000000E+00
  6.769910E-01 -7.989276E-03  5.000000E-01  6.838251E-01 -7.896411E-03  0.000000E+00  1.122937E-02  1.293408E-03 -1.231036E-19 -7.193061E-03  0.000000E+00
  6.956490E-01 -5.755987E-03  5.000000E-01  7.026714E-01 -5.640577E-03  0.000000E+00  1.008154E-02  1.242113E-03  3.413866E-19  3.653761E-02  0.000000E+00
  7.137810E-01 -3.451433E-03  5.000000E-01  7.209864E-01 -3.312760E-03  0.000000E+00  8.893940E-03  1.153326E-03 -4.549624E-19  8.240981E-02  0.000000E+00
  7.313660E-01 -1.120571E-03  5.000000E-01  7.387490E-01 -9.583687E-04  0.000000E+00  7.709294E-03  1.035019E-03  1.143847E-18  1.278429E-01  0.000000E+00
  7.483850E-01  1.196848E-03  5.000000E-01  7.559398E-01  1.382444E-03  0.000000E+00  6.562814E-03  9.013582E-04  1.607641E-18  1.711238E-01  0.000000E+00
  7.648220E-01  3.475077E-03  5.000000E-01  7.725427E-01  3.683671E-03  0.000000E+00  5.499581E-03  7.667189E-04  4.135997E-19  2.113390E-01  0.000000E+00
  7.806630E-01  5.696492E-03  5.000000E-01  7.885436E-01  5.927510E-03  0.000000E+00  4.588964E-03  6.367737E-04 -2.519886E-18  2.488195E-01  0.000000E+00
  7.958970E-01  7.793151E-03  5.000000E-01  8.039314E-01  8.045335E-03  0.000000E+00  3.923296E-03  5.111100E-04 -3.230821E-18  2.851193E-01  0.000000E+00
  8.105170E-01  9.581489E-03  5.000000E-01  8.186990E-01  9.851726E-03  0.000000E+00  3.564813E-03  3.974577E-04  8.692127E-19  3.175502E-01  0.000000E+00
  8.245160E-01  1.096981E-02  5.000000E-01  8.328393E-01  1.125406E-02  0.000000E+00  3.500512E-03  3.032541E-04  2.334073E-18  3.407591E-01  0.000000E+00
  8.378940E-01  1.195617E-02  5.000000E-01  8.463523E-01  1.225037E-02  0.000000E+00  3.669406E-03  2.236625E-04  1.000514E-18  3.542359E-01  0.000000E+00
  8.506490E-01  1.258304E-02  5.000000E-01  8.592361E-01  1.288358E-02  0.000000E+00  4.005609E-03  1.495376E-04 -2.990494E-19  3.609432E-01  0.000000E+00
  8.627850E-01  1.290900E-02  5.000000E-01  8.714946E-01  1.321283E-02  0.000000E+00  4.454973E-03  7.365730E-05 -1.516251E-18  3.634114E-01  0.000000E+00
  8.743060E-01  1.299377E-02  5.000000E-01  8.831319E-01  1.329846E-02  0.000000E+00  4.973838E-03 -7.894945E-06 -6.482968E-19  3.627830E-01  0.000000E+00
  8.852170E-01  1.288908E-02  5.000000E-01  8.941530E-01  1.319271E-02  0.000000E+00  5.527892E-03 -9.652442E-05  9.168186E-19  3.596960E-01  0.000000E+00
  8.955250E-01  1.263597E-02  5.000000E-01  9.045651E-01  1.293704E-02  0.000000E+00  6.093041E-03 -1.922412E-04  1.526335E-18  3.546743E-01  0.000000E+00
  9.052400E-01  1.226745E-02  5.000000E-01  9.143782E-01  1.256480E-02  0.000000E+00  6.655965E-03 -2.950252E-04  1.037258E-18  3.481250E-01  0.000000E+00
  9.143710E-01  1.180921E-02  5.000000E-01  9.236013E-01  1.210194E-02  0.000000E+00  7.215443E-03 -4.076650E-04 -5.246135E-19  3.404798E-01  0.000000E+00
  9.143710E-01  1.180921E-02  5.000000E-01  9.236013E-01  1.210194E-02  0.000000E+00  7.215443E-03 -4.076650E-04 -5.246135E-19  3.404798E-01  0.000000E+00
  9.229270E-01  1.127617E-02  5.000000E-01  9.322437E-01  1.156351E-02  0.000000E+00  7.781780E-03 -5.357017E-04 -2.560644E-19  3.319780E-01  0.000000E+00
  9.309180E-01  1.067761E-02  5.000000E-01  9.403154E-01  1.095892E-02  0.000000E+00  8.372338E-03 -6.844176E-04  1.013324E-18  3.223676E-01  0.000000E+00
  9.383550E-01  1.002222E-02  5.000000E-01  9.478274E-01  1.029691E-02  0.000000E+00  9.007825E-03 -8.587583E-04  6.034131E-19  3.111845E-01  0.000000E+00
  9.452490E-01  9.318780E-03  5.000000E-01  9.547910E-01  9.586364E-03  0.000000E+00  9.711829E-03 -1.065486E-03  4.798151E-19  2.980450E-01  0.000000E+00
  9.516100E-01  8.575759E-03  5.000000E-01  9.612163E-01  8.835843E-03  0.000000E+00  1.051093E-02 -1.313245E-03  1.644885E-19  2.825506E-01  0.000000E+00
  9.574470E-01  7.802702E-03  5.000000E-01  9.671122E-01  8.054982E-03  0.000000E+00  1.143285E-02 -1.610935E-03 -4.433297E-19  2.641012E-01  0.000000E+00
  9.627730E-01  7.010876E-03  5.000000E-01  9.724919E-01  7.255163E-03  0.000000E+00  1.250587E-02 -1.968099E-03 -9.159252E-19  2.420109E-01  0.000000E+00
  9.675950E-01  6.213746E-03  5.000000E-01  9.773626E-01  6.449986E-03  0.000000E+00  1.376121E-02 -2.394324E-03 -4.264319E-20  2.155600E-01  0.000000E+00
  9.719240E-01  5.426441E-03  5.000000E-01  9.817353E-01  5.654733E-03  0.000000E+00  1.523949E-02 -2.899917E-03  3.505432E-18  1.839211E-01  0.000000E+00
  9.757700E-01  4.665399E-03  5.000000E-01  9.856201E-01  4.886008E-03  0.000000E+00  1.700440E-02 -3.501325E-03  6.139292E-18  1.462636E-01  0.000000E+00
  9.791410E-01  3.947165E-03  5.000000E-01  9.890252E-01  4.160525E-03  0.000000E+00  1.915553E-02 -4.224109E-03  2.669030E-18  1.016872E-01  0.000000E+00
  9.820450E-01  3.287665E-03  5.000000E-01  9.919585E-01  3.494367E-03  0.000000E+00  2.181131E-02 -5.099727E-03 -2.613053E-17  4.884825E-02  0.000000E+00
  9.844890E-01  2.701679E-03  5.000000E-01  9.944272E-01  2.902466E-03  0.000000E+00  2.503614E-02 -6.152559E-03 -1.141954E-16 -1.396030E-02  0.000000E+00
  9.864800E-01  2.202534E-03  5.000000E-01  9.964383E-01  2.398282E-03  0.000000E+00  2.875873E-02 -7.338074E-03 -2.350543E-16 -8.718596E-02  0.000000E+00
  9.880230E-01  1.801965E-03  5.000000E-01  9.979968E-01  1.993670E-03  0.000000E+00  3.246627E-02 -8.458009E-03 -8.267232E-17 -1.778029E-01  0.000000E+00
  9.891220E-01  1.509225E-03  5.000000E-01  9.991069E-01  1.697974E-03  0.000000E+00  3.593953E-02 -9.743454E-03  1.228196E-15 -2.866424E-01  0.000000E+00
  9.897810E-01  1.330863E-03  5.000000E-01  9.997726E-01  1.517812E-03  0.000000E+00  5.277734E-02 -1.246270E-02  4.701936E-15 -3.054733E-01  0.000000E+00
  9.900000E-01  1.270988E-03  5.000000E-01  9.999938E-01  1.457333E-03  0.000000E+00  3.650418E-02 -2.271982E-03  1.217520E-14 -6.802833E-01  0.000000E+00
  9.900000E-01  1.680491E-03  5.000000E-01  9.999938E-01  1.870969E-03  0.000000E+00  2.127824E-03 -7.784877E-03  3.565112E-14 -9.797174E-01  0.000000E+00
  9.900000E-01  2.089993E-03  5.000000E-01  9.999938E-01  2.284605E-03  0.000000E+00 -5.416327E-04 -2.193267E-02  6.950943E-14 -8.244871E-01  0.000000E+00
  9.900000E-01  2.499496E-03  5.000000E-01  9.999938E-01  2.698242E-03  0.000000E+00 -1.402118E-04 -1.348677E-02  9.606204E-14 -7.968215E-01  0.000000E+00
  9.900000E-01  2.908984E-03  5.000000E-01  9.999938E-01  3.111863E-03  0.000000E+00  3.202253E-04 -8.314359E-03  1.145392E-13 -8.268067E-01  0.000000E+00
  9.900000E-01  3.318486E-03  5.000000E-01  9.999938E-01  3.525500E-03  0.000000E+00  4.472000E-03 -6.759803E-03  1.278642E-13 -7.915186E-01  0.000000E+00
  9.900000E-01  3.318486E-03  5.000000E-01  9.999938E-01  3.525500E-03  0.000000E+00  4.472000E-03 -6.759803E-03  1.278642E-13 -7.915186E-01  0.000000E+00
  9.897980E-01  3.422628E-03  5.000000E-01  9.997897E-01  3.630693E-03  0.000000E+00  5.441065E-03 -3.343574E-03  1.198432E-13 -7.432730E-01  0.000000E+00
  9.891900E-01  3.735049E-03  5.000000E-01  9.991756E-01  3.946267E-03  0.000000E+00  1.130402E-03 -5.174061E-04  8.503970E-14 -7.513278E-01  0.000000E+00
  9.881780E-01  4.255062E-03  5.000000E-01  9.981534E-01  4.471529E-03  0.000000E+00 -1.263967E-03  6.520716E-04  4.670606E-14 -7.584145E-01  0.000000E+00
  9.867570E-01  4.981365E-03  5.000000E-01  9.967180E-01  5.205165E-03  0.000000E+00 -2.628418E-03  1.328361E-03  1.899779E-14 -7.652691E-01  0.000000E+00
  9.849260E-01  5.910443E-03  5.000000E-01  9.948686E-01  6.143621E-03  0.000000E+00 -3.237356E-03  1.632532E-03  4.496426E-15 -7.750793E-01  0.000000E+00
  9.826810E-01  7.035807E-03  5.000000E-01  9.926009E-01  7.280346E-03  0.000000E+00 -3.243669E-03  1.615493E-03 -7.392311E-16 -7.842711E-01  0.000000E+00
  9.800160E-01  8.347716E-03  5.000000E-01  9.899090E-01  8.605497E-03  0.000000E+00 -2.935630E-03  1.430710E-03 -1.494728E-15 -7.898894E-01  0.000000E+00
  9.769240E-01  9.832091E-03  5.000000E-01  9.867858E-01  1.010486E-02  0.000000E+00 -2.610665E-03  1.233247E-03 -9.096708E-16 -7.920710E-01  0.000000E+00
  9.733970E-01  1.146779E-02  5.000000E-01  9.832232E-01  1.175707E-02  0.000000E+00 -2.455685E-03  1.111436E-03 -3.313767E-16 -7.928190E-01  0.000000E+00
  9.694240E-01  1.322830E-02  5.000000E-01  9.792101E-01  1.353535E-02  0.000000E+00 -2.529604E-03  1.089131E-03 -4.887298E-17 -7.940574E-01  0.000000E+00
  9.649940E-01  1.508691E-02  5.000000E-01  9.747354E-01  1.541273E-02  0.000000E+00 -2.829294E-03  1.159170E-03  2.844340E-17 -7.954562E-01  0.000000E+00
  9.600960E-01  1.702341E-02  5.000000E-01  9.697879E-01  1.736877E-02  0.000000E+00 -3.346483E-03  1.291917E-03  2.577459E-17 -7.959323E-01  0.000000E+00
  9.547180E-01  1.901764E-02  5.000000E-01  9.643556E-01  1.938313E-02  0.000000E+00 -3.940115E-03  1.402940E-03  1.151612E-17 -8.035599E-01  0.000000E+00
  9.488510E-01  2.105018E-02  5.000000E-01  9.584294E-01  2.143619E-02  0.000000E+00 -4.028497E-03  1.313658E-03  4.219750E-18 -8.418874E-01  0.000000E+00
  9.424820E-01  2.310580E-02  5.000000E-01  9.519961E-01  2.351256E-02  0.000000E+00 -2.451481E-03  7.499954E-04  3.767439E-18 -9.293079E-01  0.000000E+00
  9.356020E-01  2.517400E-02  5.000000E-01  9.450467E-01  2.560164E-02  0.000000E+00  2.055935E-03 -5.480597E-04  1.083778E-17 -1.046532E+00  0.000000E+00
  9.282010E-01  2.724860E-02  5.000000E-01  9.375709E-01  2.769718E-02  0.000000E+00  9.424927E-03 -2.467618E-03  2.349688E-17 -1.143776E+00  0.000000E+00
  9.202710E-01  2.932447E-02  5.000000E-01  9.295609E-01  2.979401E-02  0.000000E+00  1.717975E-02 -4.283835E-03  3.547347E-17 -1.187459E+00  0.000000E+00
  9.118010E-01  3.138941E-02  5.000000E-01  9.210054E-01  3.187979E-02  0.000000E+00  2.230475E-02 -5.229883E-03  3.849697E-17 -1.183687E+00  0.000000E+00
  9.027810E-01  3.342734E-02  5.000000E-01  9.118943E-01  3.393829E-02  0.000000E+00  2.407547E-02 -5.237446E-03  3.281342E-17 -1.156488E+00  0.000000E+00
  8.932000E-01  3.542251E-02  5.000000E-01  9.022166E-01  3.595360E-02  0.000000E+00  2.386944E-02 -4.767257E-03  2.473564E-17 -1.122419E+00  0.000000E+00
  8.830490E-01  3.735659E-02  5.000000E-01  8.919631E-01  3.790721E-02  0.000000E+00  2.317493E-02 -4.211448E-03  1.799853E-17 -1.086987E+00  0.000000E+00
  8.723190E-01  3.920862E-02  5.000000E-01  8.811248E-01  3.977793E-02  0.000000E+00  2.264026E-02 -3.704869E-03  1.337160E-17 -1.050864E+00  0.000000E+00
  8.723190E-01  3.920862E-02  5.000000E-01  8.811248E-01  3.977793E-02  0.000000E+00  2.264026E-02 -3.704869E-03  1.337160E-17 -1.050864E+00  0.000000E+00
  8.610010E-01  4.095787E-02  5.000000E-01  8.696926E-01  4.154484E-02  0.000000E+00  2.229232E-02 -3.245762E-03  1.182570E-17 -1.013822E+00  0.000000E+00
  8.490890E-01  4.258509E-02  5.000000E-01  8.576603E-01  4.318849E-02  0.000000E+00  2.197105E-02 -2.808668E-03  1.094589E-17 -9.759381E-01  0.000000E+00
  8.365770E-01  4.407443E-02  5.000000E-01  8.450220E-01  4.469286E-02  0.000000E+00  2.155777E-02 -2.389145E-03  9.947727E-18 -9.381680E-01  0.000000E+00
  8.234620E-01  4.541952E-02  5.000000E-01  8.317746E-01  4.605153E-02  0.000000E+00  2.102405E-02 -2.006466E-03  1.045331E-17 -9.027714E-01  0.000000E+00
  8.097400E-01  4.662980E-02  5.000000E-01  8.179141E-01  4.727403E-02  0.000000E+00  2.040429E-02 -1.695005E-03  1.047765E-17 -8.736092E-01  0.000000E+00
  7.954150E-01  4.774246E-02  5.000000E-01  8.034445E-01  4.839792E-02  0.000000E+00  1.976446E-02 -1.496236E-03  9.657004E-18 -8.556705E-01  0.000000E+00
  7.804870E-01  4.883604E-02  5.000000E-01  7.883658E-01  4.950254E-02  0.000000E+00  1.920847E-02 -1.437421E-03  8.031872E-18 -8.524118E-01  0.000000E+00
  7.649630E-01  5.001895E-02  5.000000E-01  7.726851E-01  5.069739E-02  0.000000E+00  1.889585E-02 -1.490368E-03  6.746851E-18 -8.614433E-01  0.000000E+00
  7.488530E-01  5.133469E-02  5.000000E-01  7.564125E-01  5.202641E-02  0.000000E+00  1.892309E-02 -1.603455E-03  4.374203E-18 -8.770779E-01  0.000000E+00
  7.321700E-01  5.280011E-02  5.000000E-01  7.395611E-01  5.350662E-02  0.000000E+00  1.923303E-02 -1.751648E-03 -3.894493E-19 -8.953478E-01  0.000000E+00
  7.149290E-01  5.442496E-02  5.000000E-01  7.221460E-01  5.514787E-02  0.000000E+00  1.970415E-02 -1.916458E-03 -6.115888E-18 -9.134465E-01  0.000000E+00
  6.971500E-01  5.620615E-02  5.000000E-01  7.041876E-01  5.694704E-02  0.000000E+00  2.023582E-02 -2.072906E-03 -1.134912E-17 -9.287857E-01  0.000000E+00
  6.788570E-01  5.812092E-02  5.000000E-01  6.857099E-01  5.888115E-02  0.000000E+00  2.077579E-02 -2.189649E-03 -1.587222E-17 -9.387648E-01  0.000000E+00
  6.600760E-01  6.011619E-02  5.000000E-01  6.667393E-01  6.089656E-02  0.000000E+00  2.129320E-02 -2.239126E-03 -1.930814E-17 -9.415873E-01  0.000000E+00
  6.408370E-01  6.212042E-02  5.000000E-01  6.473061E-01  6.292102E-02  0.000000E+00  2.173969E-02 -2.218899E-03 -2.097109E-17 -9.377258E-01  0.000000E+00
  6.211780E-01  6.408563E-02  5.000000E-01  6.274486E-01  6.490607E-02  0.000000E+00  2.208410E-02 -2.143476E-03 -2.032268E-17 -9.288783E-01  0.000000E+00
  6.011430E-01  6.597244E-02  5.000000E-01  6.072114E-01  6.681192E-02  0.000000E+00  2.234362E-02 -2.024257E-03 -1.799343E-17 -9.162578E-01  0.000000E+00
  5.807790E-01  6.774484E-02  5.000000E-01  5.866418E-01  6.860221E-02  0.000000E+00  2.254821E-02 -1.872510E-03 -1.588018E-17 -9.008277E-01  0.000000E+00
  5.601410E-01  6.937685E-02  5.000000E-01  5.657955E-01  7.025070E-02  0.000000E+00  2.272379E-02 -1.697097E-03 -1.411273E-17 -8.832907E-01  0.000000E+00
  5.392850E-01  7.084378E-02  5.000000E-01  5.447290E-01  7.173244E-02  0.000000E+00  2.288469E-02 -1.504787E-03 -1.236829E-17 -8.642759E-01  0.000000E+00
  5.182680E-01  7.212975E-02  5.000000E-01  5.234998E-01  7.303139E-02  0.000000E+00  2.303020E-02 -1.306373E-03 -1.064341E-17 -8.447499E-01  0.000000E+00
  4.971500E-01  7.323331E-02  5.000000E-01  5.021686E-01  7.414609E-02  0.000000E+00  2.316712E-02 -1.108924E-03 -8.797879E-18 -8.253882E-01  0.000000E+00
  4.759900E-01  7.415358E-02  5.000000E-01  4.807950E-01  7.507565E-02  0.000000E+00  2.331145E-02 -9.125288E-04 -8.110856E-18 -8.063081E-01  0.000000E+00
  2.733630E-06 -4.855515E-04  5.000000E-01  2.813636E-06 -3.169388E-04  0.000000E+00  4.686253E-04 -1.840534E-02  1.622951E-18  1.096922E+00  0.000000E+00
  4.455870E-05 -1.426495E-03  5.000000E-01  4.506092E-05 -1.267381E-03  0.000000E+00  2.258722E-03 -2.190564E-02  3.005909E-17  1.067593E+00  0.000000E+00
  2.731490E-04 -2.958899E-03  5.000000E-01  2.759588E-04 -2.815254E-03  0.000000E+00  6.592909E-03 -2.486006E-02  4.340320E-17  9.467793E-01  0.000000E+00
  9.950900E-04 -4.913597E-03  5.000000E-01  1.005188E-03 -4.789684E-03  0.000000E+00  1.277721E-02 -2.521971E-02  4.249060E-17  7.369605E-01  0.000000E+00
  2.349870E-03 -6.988441E-03  5.000000E-01  2.373644E-03 -6.885473E-03  0.000000E+00  1.846831E-02 -2.401683E-02  3.948391E-17  5.277988E-01  0.000000E+00
  4.254460E-03 -9.116630E-03  5.000000E-01  4.297460E-03 -9.035146E-03  0.000000E+00  2.308429E-02 -2.270162E-02  2.723075E-17  3.564205E-01  0.000000E+00
  6.687140E-03 -1.123955E-02  5.000000E-01  6.754697E-03 -1.117949E-02  0.000000E+00  2.708511E-02 -2.121568E-02  6.334757E-18  1.937256E-01  0.000000E+00
  9.634000E-03 -1.331966E-02  5.000000E-01  9.731305E-03 -1.328060E-02  0.000000E+00  3.034933E-02 -1.921527E-02 -6.257767E-18  2.840995E-02  0.000000E+00
  1.310530E-02 -1.528935E-02  5.000000E-01  1.323765E-02 -1.527017E-02  0.000000E+00  3.258100E-02 -1.656246E-02 -1.071742E-18 -1.354954E-01  0.000000E+00
  1.710810E-02 -1.709690E-02  5.000000E-01  1.728085E-02 -1.709597E-02  0.000000E+00  3.384660E-02 -1.378874E-02  2.407312E-17 -2.755893E-01  0.000000E+00
  2.163760E-02 -1.874291E-02  5.000000E-01  2.185608E-02 -1.875860E-02  0.000000E+00  3.453628E-02 -1.137173E-02  5.673118E-17 -3.825067E-01  0.000000E+00
  2.669190E-02 -2.023707E-02  5.000000E-01  2.696140E-02 -2.026784E-02  0.000000E+00  3.479514E-02 -9.238439E-03  7.939377E-17 -4.687259E-01  0.000000E+00
  3.228310E-02 -2.155522E-02  5.000000E-01  3.260904E-02 -2.159930E-02  0.000000E+00  3.458156E-02 -7.265393E-03  8.787970E-17 -5.439338E-01  0.000000E+00
  3.842170E-02 -2.268529E-02  5.000000E-01  3.880961E-02 -2.274078E-02  0.000000E+00  3.397862E-02 -5.528982E-03  8.906383E-17 -6.070879E-01  0.000000E+00
  4.511710E-02 -2.362806E-02  5.000000E-01  4.557260E-02 -2.369307E-02  0.000000E+00  3.311459E-02 -4.075155E-03  8.496699E-17 -6.569263E-01  0.000000E+00
  5.237940E-02 -2.438886E-02  5.000000E-01  5.290821E-02 -2.446154E-02  0.000000E+00  3.211170E-02 -2.908687E-03  7.677586E-17 -6.930428E-01  0.000000E+00
  6.021800E-02 -2.498337E-02  5.000000E-01  6.082593E-02 -2.506206E-02  0.000000E+00  3.108835E-02 -2.021704E-03  6.736123E-17 -7.153879E-01  0.000000E+00
  6.864140E-02 -2.543687E-02  5.000000E-01  6.933437E-02 -2.552013E-02  0.000000E+00  3.009528E-02 -1.369860E-03  5.555638E-17 -7.255742E-01  0.000000E+00
  7.765990E-02 -2.577038E-02  5.000000E-01  7.844390E-02 -2.585701E-02  0.000000E+00  2.911793E-02 -9.022039E-04  4.459830E-17 -7.254094E-01  0.000000E+00
  8.728340E-02 -2.600906E-02  5.000000E-01  8.816455E-02 -2.609810E-02  0.000000E+00  2.810623E-02 -5.917837E-04  3.755872E-17 -7.152629E-01  0.000000E+00
  9.752070E-02 -2.618511E-02  5.000000E-01  9.850519E-02 -2.627593E-02  0.000000E+00  2.693604E-02 -4.123147E-04  3.111841E-17 -6.950842E-01  0.000000E+00
  1.083810E-01 -2.633051E-02  5.000000E-01  1.094751E-01 -2.642279E-02  0.000000E+00  2.544903E-02 -3.370207E-04  2.455225E-17 -6.642308E-01  0.000000E+00
  1.198710E-01 -2.648102E-02  5.000000E-01  1.210811E-01 -2.657482E-02  0.000000E+00  2.359268E-02 -3.443403E-04  1.884962E-17 -6.209143E-01  0.000000E+00
  1.319970E-01 -2.667655E-02  5.000000E-01  1.333295E-01 -2.677233E-02  0.000000E+00  2.155090E-02 -4.084388E-04  1.344563E-17 -5.634014E-01  0.000000E+00
  1.319970E-01 -2.667655E-02  5.000000E-01  1.333295E-01 -2.677233E-02  0.000000E+00  2.155090E-02 -4.084388E-04  1.344563E-17 -5.634014E-01  0.000000E+00
  1.447640E-01 -2.695456E-02  5.000000E-01  1.462254E-01 -2.705315E-02  0.000000E+00  1.976056E-02 -5.072585E-04  8.764130E-18 -4.922594E-01  0.000000E+00
  1.581750E-01 -2.734948E-02  5.000000E-01  1.597718E-01 -2.745205E-02  0.000000E+00  1.871828E-02 -6.312855E-04  5.144297E-18 -4.138746E-01  0.000000E+00
  1.722290E-01 -2.788180E-02  5.000000E-01  1.739676E-01 -2.798975E-02  0.000000E+00  1.867567E-02 -7.699028E-04  3.335023E-18 -3.425753E-01  0.000000E+00
  1.869240E-01 -2.853852E-02  5.000000E-01  1.888110E-01 -2.865309E-02  0.000000E+00  1.948366E-02 -8.788450E-04  2.223201E-18 -2.967822E-01  0.000000E+00
  2.022540E-01 -2.924736E-02  5.000000E-01  2.042957E-01 -2.936909E-02  0.000000E+00  2.068122E-02 -8.554560E-04  1.684408E-18 -2.901744E-01  0.000000E+00
  2.182110E-01 -2.984578E-02  5.000000E-01  2.204138E-01 -2.997355E-02  0.000000E+00  2.178025E-02 -6.418081E-04  1.857091E-18 -3.193174E-01  0.000000E+00
  2.347810E-01 -3.020664E-02  5.000000E-01  2.371511E-01 -3.033806E-02  0.000000E+00  2.248778E-02 -3.210141E-04  1.916146E-18 -3.630248E-01  0.000000E+00
  2.519470E-01 -3.031971E-02  5.000000E-01  2.544904E-01 -3.045226E-02  0.000000E+00  2.263908E-02  3.024380E-06  5.525847E-19 -4.007154E-01  0.000000E+00
  2.696890E-01 -3.019332E-02  5.000000E-01  2.724115E-01 -3.032460E-02  0.000000E+00  2.218267E-02  2.776809E-04 -4.905878E-19 -4.215378E-01  0.000000E+00
  2.879810E-01 -2.985828E-02  5.000000E-01  2.908881E-01 -2.998617E-02  0.000000E+00  2.128676E-02  4.636065E-04  2.967679E-19 -4.208546E-01  0.000000E+00
  3.067920E-01 -2.937535E-02  5.000000E-01  3.098890E-01 -2.949837E-02  0.000000E+00  2.029949E-02  5.414698E-04  1.002561E-18 -3.996028E-01  0.000000E+00
  3.260870E-01 -2.883513E-02  5.000000E-01  3.293788E-01 -2.895269E-02  0.000000E+00  1.957491E-02  5.219843E-04  1.391608E-18 -3.648888E-01  0.000000E+00
  3.458260E-01 -2.833637E-02  5.000000E-01  3.493171E-01 -2.844890E-02  0.000000E+00  1.926098E-02  4.658770E-04  1.064150E-18 -3.303908E-01  0.000000E+00
  3.659650E-01 -2.787888E-02  5.000000E-01  3.696594E-01 -2.798679E-02  0.000000E+00  1.928313E-02  4.417458E-04  1.991443E-19 -3.088392E-01  0.000000E+00
  3.864540E-01 -2.741208E-02  5.000000E-01  3.903552E-01 -2.751529E-02  0.000000E+00  1.947536E-02  4.719776E-04 -2.963340E-19 -3.034060E-01  0.000000E+00
  4.072410E-01 -2.688131E-02  5.000000E-01  4.113520E-01 -2.697915E-02  0.000000E+00  1.963246E-02  5.548416E-04 -5.348274E-19 -3.094783E-01  0.000000E+00
  4.282690E-01 -2.623119E-02  5.000000E-01  4.325923E-01 -2.632247E-02  0.000000E+00  1.954087E-02  6.819721E-04 -1.692985E-18 -3.192165E-01  0.000000E+00
  4.494800E-01 -2.540468E-02  5.000000E-01  4.540174E-01 -2.548762E-02  0.000000E+00  1.907145E-02  8.251486E-04 -2.192528E-18 -3.234547E-01  0.000000E+00
  4.708130E-01 -2.438190E-02  5.000000E-01  4.755658E-01 -2.445452E-02  0.000000E+00  1.826097E-02  9.410791E-04 -1.027026E-18 -3.139450E-01  0.000000E+00
  4.922030E-01 -2.319258E-02  5.000000E-01  4.971717E-01 -2.325319E-02  0.000000E+00  1.727817E-02  1.012245E-03  1.730839E-19 -2.880600E-01  0.000000E+00
  5.135860E-01 -2.186896E-02  5.000000E-01  5.187705E-01 -2.191621E-02  0.000000E+00  1.632991E-02  1.051487E-03  4.539572E-19 -2.499399E-01  0.000000E+00
  5.348990E-01 -2.044038E-02  5.000000E-01  5.402987E-01 -2.047320E-02  0.000000E+00  1.557613E-02  1.075143E-03 -7.224510E-19 -2.073203E-01  0.000000E+00
  5.560760E-01 -1.893743E-02  5.000000E-01  5.616895E-01 -1.895508E-02  0.000000E+00  1.506034E-02  1.097233E-03 -1.580819E-18 -1.683661E-01  0.000000E+00
  4.759900E-01  7.415358E-02  5.000000E-01  4.807950E-01  7.507565E-02  0.000000E+00  2.331145E-02 -9.125288E-04 -8.110856E-18 -8.063081E-01  0.000000E+00
  4.548480E-01  7.488946E-02  5.000000E-01  4.594396E-01  7.581896E-02  0.000000E+00  2.347060E-02 -7.168592E-04 -8.385838E-18 -7.874710E-01  0.000000E+00
  4.337860E-01  7.544283E-02  5.000000E-01  4.381650E-01  7.637791E-02  0.000000E+00  2.364614E-02 -5.186939E-04 -8.887011E-18 -7.684663E-01  0.000000E+00
  4.128620E-01  7.581166E-02  5.000000E-01  4.170298E-01  7.675047E-02  0.000000E+00  2.383955E-02 -3.065611E-04 -8.511624E-18 -7.481696E-01  0.000000E+00
  3.921340E-01  7.598066E-02  5.000000E-01  3.960925E-01  7.692118E-02  0.000000E+00  2.403717E-02 -6.955569E-05 -7.693443E-18 -7.254126E-01  0.000000E+00
  3.716590E-01  7.593346E-02  5.000000E-01  3.754108E-01  7.687350E-02  0.000000E+00  2.420829E-02  1.957229E-04 -7.052080E-18 -6.995675E-01  0.000000E+00
  3.514890E-01  7.565510E-02  5.000000E-01  3.550372E-01  7.659233E-02  0.000000E+00  2.432235E-02  4.880822E-04 -5.965465E-18 -6.705036E-01  0.000000E+00
  3.316730E-01  7.513462E-02  5.000000E-01  3.350212E-01  7.606660E-02  0.000000E+00  2.435400E-02  7.999848E-04 -5.113973E-18 -6.388473E-01  0.000000E+00
  3.122580E-01  7.436917E-02  5.000000E-01  3.154102E-01  7.529342E-02  0.000000E+00  2.427881E-02  1.109928E-03 -4.530617E-18 -6.064929E-01  0.000000E+00
  2.932850E-01  7.338092E-02  5.000000E-01  2.962457E-01  7.429519E-02  0.000000E+00  2.409252E-02  1.395887E-03 -4.586661E-18 -5.756268E-01  0.000000E+00
  2.747930E-01  7.219958E-02  5.000000E-01  2.775670E-01  7.310192E-02  0.000000E+00  2.382353E-02  1.652951E-03 -4.290154E-18 -5.473568E-01  0.000000E+00
  2.568150E-01  7.085195E-02  5.000000E-01  2.594075E-01  7.174070E-02  0.000000E+00  2.350985E-02  1.886132E-03 -4.212616E-18 -5.219822E-01  0.000000E+00
  2.393810E-01  6.936076E-02  5.000000E-01  2.417975E-01  7.023445E-02  0.000000E+00  2.318566E-02  2.103326E-03 -4.209657E-18 -4.997239E-01  0.000000E+00
  2.225160E-01  6.774454E-02  5.000000E-01  2.247623E-01  6.860191E-02  0.000000E+00  2.287840E-02  2.310347E-03 -2.783412E-18 -4.818105E-01  0.000000E+00
  2.062420E-01  6.601760E-02  5.000000E-01  2.083240E-01  6.685754E-02  0.000000E+00  2.259098E-02  2.478842E-03 -9.663737E-19 -4.730915E-01  0.000000E+00
  1.905750E-01  6.423661E-02  5.000000E-01  1.924988E-01  6.505857E-02  0.000000E+00  2.234422E-02  2.551969E-03 -9.105580E-19 -4.808503E-01  0.000000E+00
  1.755290E-01  6.250509E-02  5.000000E-01  1.773010E-01  6.330958E-02  0.000000E+00  2.228518E-02  2.549413E-03 -1.106167E-18 -5.057182E-01  0.000000E+00
  1.611160E-01  6.086569E-02  5.000000E-01  1.627425E-01  6.165363E-02  0.000000E+00  2.259571E-02  2.552711E-03 -7.455886E-20 -5.406960E-01  0.000000E+00
  1.473410E-01  5.932127E-02  5.000000E-01  1.488284E-01  6.009361E-02  0.000000E+00  2.331334E-02  2.610415E-03  6.984198E-19 -5.781140E-01  0.000000E+00
  1.342110E-01  5.785456E-02  5.000000E-01  1.355659E-01  5.861210E-02  0.000000E+00  2.432338E-02  2.737761E-03  1.754650E-18 -6.124530E-01  0.000000E+00
  1.217280E-01  5.644016E-02  5.000000E-01  1.229569E-01  5.718342E-02  0.000000E+00  2.544851E-02  2.934765E-03  3.806404E-18 -6.410445E-01  0.000000E+00
  1.098910E-01  5.505250E-02  5.000000E-01  1.110004E-01  5.578175E-02  0.000000E+00  2.655565E-02  3.207022E-03  5.502184E-18 -6.628877E-01  0.000000E+00
  9.869950E-02  5.366281E-02  5.000000E-01  9.969589E-02  5.437804E-02  0.000000E+00  2.759433E-02  3.569879E-03  6.814205E-18 -6.776184E-01  0.000000E+00
  8.814970E-02  5.224469E-02  5.000000E-01  8.903960E-02  5.294560E-02  0.000000E+00  2.857858E-02  4.049309E-03  9.749550E-18 -6.847749E-01  0.000000E+00
  8.814970E-02  5.224469E-02  5.000000E-01  8.903960E-02  5.294560E-02  0.000000E+00  2.857858E-02  4.049309E-03  9.749550E-18 -6.847749E-01  0.000000E+00
  7.823720E-02  5.077047E-02  5.000000E-01  7.902703E-02  5.145650E-02  0.000000E+00  2.954895E-02  4.688228E-03  1.484427E-17 -6.830678E-01  0.000000E+00
  6.895800E-02  4.920873E-02  5.000000E-01  6.965416E-02  4.987899E-02  0.000000E+00  3.051725E-02  5.528611E-03  1.940541E-17 -6.709930E-01  0.000000E+00
  6.030560E-02  4.753322E-02  5.000000E-01  6.091442E-02  4.818657E-02  0.000000E+00  3.146774E-02  6.624849E-03  2.081231E-17 -6.460832E-01  0.000000E+00
  5.227560E-02  4.571148E-02  5.000000E-01  5.280336E-02  4.634644E-02  0.000000E+00  3.234138E-02  8.038134E-03  1.869541E-17 -6.048249E-01  0.000000E+00
  4.486350E-02  4.371262E-02  5.000000E-01  4.531644E-02  4.432740E-02  0.000000E+00  3.299717E-02  9.789660E-03  1.328033E-17 -5.441880E-01  0.000000E+00
  3.806240E-02  4.151446E-02  5.000000E-01  3.844668E-02  4.210704E-02  0.000000E+00  3.325020E-02  1.187694E-02  4.564941E-18 -4.602930E-01  0.000000E+00
  3.186880E-02  3.909247E-02  5.000000E-01  3.219056E-02  3.966061E-02  0.000000E+00  3.285669E-02  1.420803E-02 -3.633405E-18 -3.499455E-01  0.000000E+00
  2.627530E-02  3.643703E-02  5.000000E-01  2.654059E-02  3.697837E-02  0.000000E+00  3.156244E-02  1.655735E-02 -5.373161E-18 -2.123697E-01  0.000000E+00
  2.127350E-02  3.355054E-02  5.000000E-01  2.148830E-02  3.406274E-02  0.000000E+00  2.924166E-02  1.865009E-02 -6.416987E-18 -4.761915E-02  0.000000E+00
  1.685790E-02  3.044015E-02  5.000000E-01  1.702813E-02  3.092095E-02  0.000000E+00  2.594294E-02  2.012944E-02 -1.098374E-17  1.387506E-01  0.000000E+00
  1.301460E-02  2.714097E-02  5.000000E-01  1.314603E-02  2.758846E-02  0.000000E+00  2.192446E-02  2.070494E-02 -1.754857E-17  3.371468E-01  0.000000E+00
  9.730790E-03  2.369837E-02  5.000000E-01  9.829072E-03  2.411111E-02  0.000000E+00  1.758642E-02  2.030669E-02 -2.536276E-17  5.385108E-01  0.000000E+00
  6.996180E-03  2.016728E-02  5.000000E-01  7.066857E-03  2.054438E-02  0.000000E+00  1.333550E-02  1.891491E-02 -2.680175E-17  7.278271E-01  0.000000E+00
  4.781010E-03  1.663920E-02  5.000000E-01  4.829325E-03  1.698068E-02  0.000000E+00  9.485344E-03  1.662383E-02 -1.992961E-17  8.914968E-01  0.000000E+00
  3.054950E-03  1.320959E-02  5.000000E-01  3.085841E-03  1.351645E-02  0.000000E+00  6.194701E-03  1.364885E-02 -1.725543E-17  1.024937E+00  0.000000E+00
  1.789910E-03  9.973616E-03  5.000000E-01  1.808031E-03  1.024781E-02  0.000000E+00  3.552425E-03  1.011992E-02 -1.898663E-17  1.123533E+00  0.000000E+00
  9.331870E-04  7.040328E-03  5.000000E-01  9.426596E-04  7.284912E-03  0.000000E+00  1.620726E-03  6.118890E-03 -1.716943E-17  1.183565E+00  0.000000E+00
  4.085430E-04  4.518223E-03  5.000000E-01  4.127195E-04  4.737348E-03  0.000000E+00  3.811872E-04  1.735182E-03 -1.858421E-17  1.207881E+00  0.000000E+00
  1.354760E-04  2.494574E-03  5.000000E-01  1.368960E-04  2.693270E-03  0.000000E+00 -2.396655E-04 -2.993878E-03 -2.727021E-17  1.204190E+00  0.000000E+00
  2.683130E-05  1.021520E-03  5.000000E-01  2.715456E-05  1.205346E-03  0.000000E+00 -3.441299E-04 -8.061641E-03 -3.830937E-17  1.180841E+00  0.000000E+00
  1.320070E-06  1.276981E-04  5.000000E-01  1.385807E-06  3.025014E-04  0.000000E+00 -2.077699E-04 -1.298674E-02 -4.191104E-17  1.140482E+00  0.000000E+00
 -5.188750E-08 -1.717801E-04  5.000000E-01  0.000000E+00  0.000000E+00  0.000000E+00 -4.372872E-05 -1.611241E-02 -2.741456E-17  1.105516E+00  0.000000E+00
  2.733630E-06 -4.855515E-04  5.000000E-01  2.813636E-06 -3.169388E-04  0.000000E+00  4.686253E-04 -1.840534E-02  1.622951E-18  1.096922E+00  0.000000E+00
    1    2
    2    3
    3    4
    4    5
    5    6
    6    7
    7    8
    8    9
    9   10
   10   11
   11   12
   12   13
   13   14
   14   15
   15   16
   16   17
   17   18
   18   19
   19   20
   20   21
   21   22
   22   23
   23   24
   25   26
   26   27
   27   28
   28   29
   29   30
   30   31
   31   32
   32   33
   33   34
   34   35
   35   36
   36   37
   37   38
   38   39
   39   40
   40   41
   41   42
   42   43
   43   44
   44   45
   45   46
   46   47
   47   48
   49   50
   50   51
   51   52
   52   53
   53   54
   54   55
   55   56
   56   57
   57   58
   58   59
   59   60
   60   61
   61   62
   62   63
   63   64
   64   65
   65   66
   66   67
   67   68
   68   69
   69   70
   70   71
   71   72
   73   74
   74   75
   75   76
   76   77
   77   78
   78   79
   79   80
   80   81
   81   82
   82   83
   83   84
   84   85
   85   86
   86   87
   87   88
   88   89
   89   90
   90   91
   91   92
   92   93
   93   94
   94   95
   95   96
   97   98
   98   99
   99  100
  100  101
  101  102
  102  103
  103  104
  104  105
  105  106
  106  107
  107  108
  108  109
  109  110
  110  111
  111  112
  112  113
  113  114
  114  115
  115  116
  116  117
  117  118
  118  119
  119  120
  121  122
  122  123
  123  124
  124  125
  125  126
  126  127
  127  128
  128  129
  129  130
  130  131
  131  132
  132  133
  133  134
  134  135
  135  136
  136  137
  137  138
  138  139
  139  140
  140  141
  141  142
  142  143
  143  144
  145  146
  146  147
  147  148
  148  149
  149  150
  150  151
  151  152
  152  153
  153  154
  154  155
  155  156
  156  157
  157  158
  158  159
  159  160
  160  161
  161  162
  162  163
  163  164
  164  165
  165  166
  166  167
  167  168
  169  170
  170  171
  171  172
  172  173
  173  174
  174  175
  175  176
  176  177
  177  178
  178  179
  179  180
  180  181
  181  182
  182  183
  183  184
  184  185
  185  186
  186  187
  187  188
  188  189
  189  190
  190  191
  191  192
