 Title = "ADflow Slice Data"
Variables =  "CoordinateX"  "CoordinateY"  "CoordinateZ"  "XoC"  "YoC"  "ZoC" "VelocityX" "VelocityY" "VelocityZ" "CoefPressure" "Mach" 
Zone T= "Slice_0001 None Absolute Regular z = 0.50000000"
 Nodes =          192  Elements=          184  ZONETYPE=FELINESEG
 DATAPACKING=POINT
  5.560760E-01 -1.893740E-02  5.000000E-01  5.616895E-01 -1.895506E-02  0.000000E+00  1.506850E-02  1.097799E-03 -2.708174E-18 -1.687411E-01  0.000000E+00
  5.770550E-01 -1.737423E-02  5.000000E-01  5.828802E-01 -1.737610E-02  0.000000E+00  1.470291E-02  1.131686E-03 -8.486731E-19 -1.386740E-01  0.000000E+00
  5.977760E-01 -1.573237E-02  5.000000E-01  6.038104E-01 -1.571767E-02  0.000000E+00  1.434480E-02  1.180851E-03 -1.124018E-18 -1.170621E-01  0.000000E+00
  6.181820E-01 -1.398904E-02  5.000000E-01  6.244224E-01 -1.395674E-02  0.000000E+00  1.386010E-02  1.236343E-03 -2.625738E-18 -9.833719E-02  0.000000E+00
  6.382180E-01 -1.212082E-02  5.000000E-01  6.446607E-01 -1.206966E-02  0.000000E+00  1.317301E-02  1.283649E-03 -2.427649E-18 -7.593187E-02  0.000000E+00
  6.578350E-01 -1.011752E-02  5.000000E-01  6.644757E-01 -1.004614E-02  0.000000E+00  1.228083E-02  1.306161E-03 -1.481779E-18 -4.560551E-02  0.000000E+00
  6.769910E-01 -7.989228E-03  5.000000E-01  6.838251E-01 -7.896363E-03  0.000000E+00  1.122984E-02  1.293466E-03 -4.644193E-19 -7.208348E-03  0.000000E+00
  6.956490E-01 -5.755924E-03  5.000000E-01  7.026714E-01 -5.640515E-03  0.000000E+00  1.008190E-02  1.242160E-03  6.089283E-19  3.651947E-02  0.000000E+00
  7.137810E-01 -3.451364E-03  5.000000E-01  7.209864E-01 -3.312691E-03  0.000000E+00  8.894223E-03  1.153362E-03 -8.057508E-19  8.239480E-02  0.000000E+00
  7.313660E-01 -1.120508E-03  5.000000E-01  7.387490E-01 -9.583056E-04  0.000000E+00  7.709546E-03  1.035047E-03 -1.455678E-18  1.278320E-01  0.000000E+00
  7.483850E-01  1.196888E-03  5.000000E-01  7.559398E-01  1.382484E-03  0.000000E+00  6.563064E-03  9.013810E-04 -3.502019E-19  1.711156E-01  0.000000E+00
  7.648220E-01  3.475077E-03  5.000000E-01  7.725427E-01  3.683670E-03  0.000000E+00  5.499845E-03  7.667396E-04 -1.188543E-19  2.113325E-01  0.000000E+00
  7.806630E-01  5.696432E-03  5.000000E-01  7.885436E-01  5.927450E-03  0.000000E+00  4.589251E-03  6.367945E-04  6.558672E-19  2.488141E-01  0.000000E+00
  7.958970E-01  7.793018E-03  5.000000E-01  8.039314E-01  8.045199E-03  0.000000E+00  3.923613E-03  5.111312E-04  1.775273E-18  2.851142E-01  0.000000E+00
  8.105170E-01  9.581277E-03  5.000000E-01  8.186990E-01  9.851510E-03  0.000000E+00  3.565164E-03  3.974771E-04  1.446743E-18  3.175445E-01  0.000000E+00
  8.245160E-01  1.096953E-02  5.000000E-01  8.328393E-01  1.125377E-02  0.000000E+00  3.500898E-03  3.032694E-04  5.879741E-19  3.407525E-01  0.000000E+00
  8.378940E-01  1.195582E-02  5.000000E-01  8.463523E-01  1.225002E-02  0.000000E+00  3.669826E-03  2.236718E-04 -5.250270E-20  3.542283E-01  0.000000E+00
  8.506490E-01  1.258264E-02  5.000000E-01  8.592361E-01  1.288317E-02  0.000000E+00  4.006062E-03  1.495401E-04  5.242282E-20  3.609346E-01  0.000000E+00
  8.627850E-01  1.290856E-02  5.000000E-01  8.714946E-01  1.321238E-02  0.000000E+00  4.455453E-03  7.365320E-05 -4.975438E-19  3.634020E-01  0.000000E+00
  8.743060E-01  1.299330E-02  5.000000E-01  8.831319E-01  1.329798E-02  0.000000E+00  4.974340E-03 -7.904570E-06 -1.307294E-18  3.627725E-01  0.000000E+00
  8.852170E-01  1.288860E-02  5.000000E-01  8.941530E-01  1.319222E-02  0.000000E+00  5.528406E-03 -9.653792E-05 -5.230047E-19  3.596845E-01  0.000000E+00
  8.955250E-01  1.263549E-02  5.000000E-01  9.045651E-01  1.293655E-02  0.000000E+00  6.093559E-03 -1.922566E-04  6.380586E-19  3.546619E-01  0.000000E+00
  9.052400E-01  1.226697E-02  5.000000E-01  9.143782E-01  1.256432E-02  0.000000E+00  6.656478E-03 -2.950405E-04  1.810171E-18  3.481120E-01  0.000000E+00
  9.143710E-01  1.180874E-02  5.000000E-01  9.236013E-01  1.210146E-02  0.000000E+00  7.215943E-03 -4.076783E-04  2.098369E-18  3.404665E-01  0.000000E+00
  9.143710E-01  1.180874E-02  5.000000E-01  9.236013E-01  1.210146E-02  0.000000E+00  7.215943E-03 -4.076783E-04  2.098369E-18  3.404665E-01  0.000000E+00
  9.229270E-01  1.127572E-02  5.000000E-01  9.322437E-01  1.156306E-02  0.000000E+00  7.782260E-03 -5.357115E-04  1.797455E-18  3.319645E-01  0.000000E+00
  9.309180E-01  1.067720E-02  5.000000E-01  9.403154E-01  1.095849E-02  0.000000E+00  8.372795E-03 -6.844227E-04  4.605024E-19  3.223540E-01  0.000000E+00
  9.383550E-01  1.002183E-02  5.000000E-01  9.478274E-01  1.029651E-02  0.000000E+00  9.008254E-03 -8.587572E-04 -2.061772E-18  3.111710E-01  0.000000E+00
  9.452490E-01  9.318427E-03  5.000000E-01  9.547910E-01  9.586007E-03  0.000000E+00  9.712229E-03 -1.065478E-03  2.779125E-18  2.980318E-01  0.000000E+00
  9.516100E-01  8.575443E-03  5.000000E-01  9.612163E-01  8.835523E-03  0.000000E+00  1.051130E-02 -1.313227E-03  1.796274E-17  2.825377E-01  0.000000E+00
  9.574470E-01  7.802423E-03  5.000000E-01  9.671122E-01  8.054700E-03  0.000000E+00  1.143319E-02 -1.610906E-03  1.400826E-17  2.640886E-01  0.000000E+00
  9.627730E-01  7.010635E-03  5.000000E-01  9.724919E-01  7.254919E-03  0.000000E+00  1.250619E-02 -1.968058E-03 -7.310009E-17  2.419987E-01  0.000000E+00
  9.675950E-01  6.213541E-03  5.000000E-01  9.773626E-01  6.449778E-03  0.000000E+00  1.376150E-02 -2.394268E-03 -2.301426E-16  2.155482E-01  0.000000E+00
  9.719240E-01  5.426270E-03  5.000000E-01  9.817353E-01  5.654560E-03  0.000000E+00  1.523976E-02 -2.899844E-03 -1.491676E-16  1.839097E-01  0.000000E+00
  9.757700E-01  4.665260E-03  5.000000E-01  9.856201E-01  4.885868E-03  0.000000E+00  1.700465E-02 -3.501231E-03  7.581576E-16  1.462526E-01  0.000000E+00
  9.791410E-01  3.947056E-03  5.000000E-01  9.890252E-01  4.160414E-03  0.000000E+00  1.915575E-02 -4.223991E-03  2.439690E-15  1.016766E-01  0.000000E+00
  9.820450E-01  3.287581E-03  5.000000E-01  9.919585E-01  3.494282E-03  0.000000E+00  2.181152E-02 -5.099580E-03  2.209952E-15  4.883804E-02  0.000000E+00
  9.844890E-01  2.701618E-03  5.000000E-01  9.944272E-01  2.902403E-03  0.000000E+00  2.503635E-02 -6.152380E-03 -6.009342E-15 -1.397026E-02  0.000000E+00
  9.864800E-01  2.202491E-03  5.000000E-01  9.964383E-01  2.398238E-03  0.000000E+00  2.875896E-02 -7.337864E-03 -2.490154E-14 -8.719582E-02  0.000000E+00
  9.880230E-01  1.801937E-03  5.000000E-01  9.979968E-01  1.993641E-03  0.000000E+00  3.246658E-02 -8.457783E-03 -3.287857E-14 -1.778128E-01  0.000000E+00
  9.891220E-01  1.509207E-03  5.000000E-01  9.991069E-01  1.697956E-03  0.000000E+00  3.594005E-02 -9.743250E-03  4.009132E-14 -2.866525E-01  0.000000E+00
  9.897810E-01  1.330852E-03  5.000000E-01  9.997726E-01  1.517800E-03  0.000000E+00  5.277842E-02 -1.246247E-02  2.540166E-13 -3.054849E-01  0.000000E+00
  9.900000E-01  1.270979E-03  5.000000E-01  9.999938E-01  1.457322E-03  0.000000E+00  3.650498E-02 -2.271774E-03  2.497756E-13 -6.802957E-01  0.000000E+00
  9.900000E-01  1.680481E-03  5.000000E-01  9.999938E-01  1.870959E-03  0.000000E+00  2.127875E-03 -7.784880E-03  8.609432E-14 -9.797306E-01  0.000000E+00
  9.900000E-01  2.089984E-03  5.000000E-01  9.999938E-01  2.284595E-03  0.000000E+00 -5.416398E-04 -2.193299E-02  7.263749E-14 -8.245012E-01  0.000000E+00
  9.900000E-01  2.499486E-03  5.000000E-01  9.999938E-01  2.698231E-03  0.000000E+00 -1.402049E-04 -1.348732E-02  8.470429E-14 -7.968342E-01  0.000000E+00
  9.900000E-01  2.908974E-03  5.000000E-01  9.999938E-01  3.111853E-03  0.000000E+00  3.202160E-04 -8.314680E-03  1.084249E-13 -8.268162E-01  0.000000E+00
  9.900000E-01  3.318477E-03  5.000000E-01  9.999938E-01  3.525489E-03  0.000000E+00  4.471673E-03 -6.759601E-03  1.305416E-13 -7.915286E-01  0.000000E+00
  9.900000E-01  3.318477E-03  5.000000E-01  9.999938E-01  3.525489E-03  0.000000E+00  4.471673E-03 -6.759601E-03  1.305416E-13 -7.915286E-01  0.000000E+00
  9.897980E-01  3.422616E-03  5.000000E-01  9.997897E-01  3.630680E-03  0.000000E+00  5.440423E-03 -3.343169E-03  1.247297E-13 -7.432854E-01  0.000000E+00
  9.891900E-01  3.735031E-03  5.000000E-01  9.991756E-01  3.946248E-03  0.000000E+00  1.129707E-03 -5.170441E-04  8.727577E-14 -7.513408E-01  0.000000E+00
  9.881780E-01  4.255034E-03  5.000000E-01  9.981534E-01  4.471501E-03  0.000000E+00 -1.264645E-03  6.524069E-04  4.681743E-14 -7.584298E-01  0.000000E+00
  9.867570E-01  4.981324E-03  5.000000E-01  9.967180E-01  5.205122E-03  0.000000E+00 -2.628956E-03  1.328611E-03  1.848706E-14 -7.652867E-01  0.000000E+00
  9.849260E-01  5.910383E-03  5.000000E-01  9.948686E-01  6.143560E-03  0.000000E+00 -3.237694E-03  1.632672E-03  4.203131E-15 -7.750979E-01  0.000000E+00
  9.826810E-01  7.035725E-03  5.000000E-01  9.926009E-01  7.280262E-03  0.000000E+00 -3.243833E-03  1.615544E-03 -7.440192E-16 -7.842894E-01  0.000000E+00
  9.800160E-01  8.347607E-03  5.000000E-01  9.899090E-01  8.605387E-03  0.000000E+00 -2.935703E-03  1.430717E-03 -1.410378E-15 -7.899066E-01  0.000000E+00
  9.769240E-01  9.831952E-03  5.000000E-01  9.867858E-01  1.010472E-02  0.000000E+00 -2.610743E-03  1.233257E-03 -8.634850E-16 -7.920871E-01  0.000000E+00
  9.733970E-01  1.146762E-02  5.000000E-01  9.832232E-01  1.175689E-02  0.000000E+00 -2.455831E-03  1.111476E-03 -3.321968E-16 -7.928348E-01  0.000000E+00
  9.694240E-01  1.322809E-02  5.000000E-01  9.792101E-01  1.353514E-02  0.000000E+00 -2.529848E-03  1.089216E-03 -6.565923E-17 -7.940732E-01  0.000000E+00
  9.649940E-01  1.508666E-02  5.000000E-01  9.747354E-01  1.541247E-02  0.000000E+00 -2.829669E-03  1.159305E-03  1.543092E-17 -7.954708E-01  0.000000E+00
  9.600960E-01  1.702312E-02  5.000000E-01  9.697879E-01  1.736847E-02  0.000000E+00 -3.346997E-03  1.292078E-03  2.111060E-17 -7.959471E-01  0.000000E+00
  9.547180E-01  1.901729E-02  5.000000E-01  9.643556E-01  1.938278E-02  0.000000E+00 -3.940538E-03  1.403034E-03  1.142639E-17 -8.035884E-01  0.000000E+00
  9.488510E-01  2.104979E-02  5.000000E-01  9.584294E-01  2.143579E-02  0.000000E+00 -4.028119E-03  1.313491E-03  5.752008E-18 -8.419502E-01  0.000000E+00
  9.424820E-01  2.310536E-02  5.000000E-01  9.519961E-01  2.351211E-02  0.000000E+00 -2.449225E-03  7.493104E-04  5.508088E-18 -9.294059E-01  0.000000E+00
  9.356020E-01  2.517350E-02  5.000000E-01  9.450467E-01  2.560113E-02  0.000000E+00  2.060710E-03 -5.493775E-04  1.074972E-17 -1.046632E+00  0.000000E+00
  9.282010E-01  2.724805E-02  5.000000E-01  9.375709E-01  2.769662E-02  0.000000E+00  9.431255E-03 -2.469266E-03  2.243408E-17 -1.143840E+00  0.000000E+00
  9.202710E-01  2.932387E-02  5.000000E-01  9.295609E-01  2.979340E-02  0.000000E+00  1.718507E-02 -4.285124E-03  3.401553E-17 -1.187479E+00  0.000000E+00
  9.118010E-01  3.138877E-02  5.000000E-01  9.210054E-01  3.187914E-02  0.000000E+00  2.230728E-02 -5.230403E-03  3.691873E-17 -1.183680E+00  0.000000E+00
  9.027810E-01  3.342666E-02  5.000000E-01  9.118943E-01  3.393761E-02  0.000000E+00  2.407571E-02 -5.237415E-03  3.157027E-17 -1.156472E+00  0.000000E+00
  8.932000E-01  3.542180E-02  5.000000E-01  9.022166E-01  3.595289E-02  0.000000E+00  2.386877E-02 -4.767061E-03  2.454440E-17 -1.122404E+00  0.000000E+00
  8.830490E-01  3.735587E-02  5.000000E-01  8.919631E-01  3.790648E-02  0.000000E+00  2.317425E-02 -4.211297E-03  1.929953E-17 -1.086974E+00  0.000000E+00
  8.723190E-01  3.920789E-02  5.000000E-01  8.811248E-01  3.977719E-02  0.000000E+00  2.263982E-02 -3.704808E-03  1.514658E-17 -1.050855E+00  0.000000E+00
  8.723190E-01  3.920789E-02  5.000000E-01  8.811248E-01  3.977719E-02  0.000000E+00  2.263982E-02 -3.704808E-03  1.514658E-17 -1.050855E+00  0.000000E+00
  8.610010E-01  4.095716E-02  5.000000E-01  8.696926E-01  4.154412E-02  0.000000E+00  2.229208E-02 -3.245776E-03  1.218579E-17 -1.013817E+00  0.000000E+00
  8.490890E-01  4.258441E-02  5.000000E-01  8.576603E-01  4.318780E-02  0.000000E+00  2.197093E-02 -2.808741E-03  1.036514E-17 -9.759370E-01  0.000000E+00
  8.365770E-01  4.407381E-02  5.000000E-01  8.450220E-01  4.469224E-02  0.000000E+00  2.155773E-02 -2.389268E-03  8.799994E-18 -9.381714E-01  0.000000E+00
  8.234620E-01  4.541899E-02  5.000000E-01  8.317746E-01  4.605100E-02  0.000000E+00  2.102408E-02 -2.006631E-03  8.867256E-18 -9.027792E-01  0.000000E+00
  8.097400E-01  4.662940E-02  5.000000E-01  8.179141E-01  4.727362E-02  0.000000E+00  2.040443E-02 -1.695201E-03  9.951940E-18 -8.736205E-01  0.000000E+00
  7.954150E-01  4.774220E-02  5.000000E-01  8.034445E-01  4.839765E-02  0.000000E+00  1.976471E-02 -1.496443E-03  9.356371E-18 -8.556834E-01  0.000000E+00
  7.804870E-01  4.883592E-02  5.000000E-01  7.883658E-01  4.950242E-02  0.000000E+00  1.920883E-02 -1.437615E-03  7.537154E-18 -8.524234E-01  0.000000E+00
  7.649630E-01  5.001895E-02  5.000000E-01  7.726851E-01  5.069739E-02  0.000000E+00  1.889627E-02 -1.490531E-03  5.583056E-18 -8.614509E-01  0.000000E+00
  7.488530E-01  5.133478E-02  5.000000E-01  7.564125E-01  5.202650E-02  0.000000E+00  1.892350E-02 -1.603578E-03  2.439019E-18 -8.770804E-01  0.000000E+00
  7.321700E-01  5.280026E-02  5.000000E-01  7.395611E-01  5.350677E-02  0.000000E+00  1.923336E-02 -1.751726E-03 -1.952775E-18 -8.953448E-01  0.000000E+00
  7.149290E-01  5.442513E-02  5.000000E-01  7.221460E-01  5.514805E-02  0.000000E+00  1.970438E-02 -1.916489E-03 -7.411714E-18 -9.134387E-01  0.000000E+00
  6.971500E-01  5.620632E-02  5.000000E-01  7.041876E-01  5.694721E-02  0.000000E+00  2.023593E-02 -2.072897E-03 -1.261402E-17 -9.287742E-01  0.000000E+00
  6.788570E-01  5.812106E-02  5.000000E-01  6.857099E-01  5.888129E-02  0.000000E+00  2.077581E-02 -2.189611E-03 -1.564637E-17 -9.387514E-01  0.000000E+00
  6.600760E-01  6.011629E-02  5.000000E-01  6.667393E-01  6.089666E-02  0.000000E+00  2.129315E-02 -2.239079E-03 -1.796530E-17 -9.415737E-01  0.000000E+00
  6.408370E-01  6.212049E-02  5.000000E-01  6.473061E-01  6.292109E-02  0.000000E+00  2.173960E-02 -2.218856E-03 -2.020700E-17 -9.377133E-01  0.000000E+00
  6.211780E-01  6.408567E-02  5.000000E-01  6.274486E-01  6.490611E-02  0.000000E+00  2.208400E-02 -2.143444E-03 -2.001559E-17 -9.288670E-01  0.000000E+00
  6.011430E-01  6.597246E-02  5.000000E-01  6.072114E-01  6.681194E-02  0.000000E+00  2.234352E-02 -2.024236E-03 -1.843192E-17 -9.162477E-01  0.000000E+00
  5.807790E-01  6.774485E-02  5.000000E-01  5.866418E-01  6.860223E-02  0.000000E+00  2.254813E-02 -1.872498E-03 -1.582804E-17 -9.008186E-01  0.000000E+00
  5.601410E-01  6.937687E-02  5.000000E-01  5.657955E-01  7.025072E-02  0.000000E+00  2.272371E-02 -1.697091E-03 -1.361258E-17 -8.832824E-01  0.000000E+00
  5.392850E-01  7.084380E-02  5.000000E-01  5.447290E-01  7.173246E-02  0.000000E+00  2.288461E-02 -1.504789E-03 -1.218103E-17 -8.642685E-01  0.000000E+00
  5.182680E-01  7.212978E-02  5.000000E-01  5.234998E-01  7.303142E-02  0.000000E+00  2.303011E-02 -1.306385E-03 -1.042442E-17 -8.447437E-01  0.000000E+00
  4.971500E-01  7.323336E-02  5.000000E-01  5.021686E-01  7.414614E-02  0.000000E+00  2.316702E-02 -1.108953E-03 -1.009508E-17 -8.253840E-01  0.000000E+00
  4.759900E-01  7.415367E-02  5.000000E-01  4.807950E-01  7.507574E-02  0.000000E+00  2.331135E-02 -9.125820E-04 -9.931002E-18 -8.063067E-01  0.000000E+00
  2.733630E-06 -4.855491E-04  5.000000E-01  2.813636E-06 -3.169370E-04  0.000000E+00  4.686375E-04 -1.840571E-02 -3.214387E-17  1.096919E+00  0.000000E+00
  4.455870E-05 -1.426487E-03  5.000000E-01  4.506092E-05 -1.267374E-03  0.000000E+00  2.258773E-03 -2.190602E-02 -1.487335E-17  1.067589E+00  0.000000E+00
  2.731490E-04 -2.958883E-03  5.000000E-01  2.759588E-04 -2.815238E-03  0.000000E+00  6.593032E-03 -2.486041E-02 -3.532618E-19  9.467725E-01  0.000000E+00
  9.950900E-04 -4.913571E-03  5.000000E-01  1.005188E-03 -4.789658E-03  0.000000E+00  1.277740E-02 -2.521997E-02  1.481986E-17  7.369512E-01  0.000000E+00
  2.349870E-03 -6.988405E-03  5.000000E-01  2.373644E-03 -6.885437E-03  0.000000E+00  1.846851E-02 -2.401698E-02  3.371489E-17  5.277883E-01  0.000000E+00
  4.254460E-03 -9.116584E-03  5.000000E-01  4.297460E-03 -9.035099E-03  0.000000E+00  2.308448E-02 -2.270171E-02  3.863353E-17  3.564102E-01  0.000000E+00
  6.687140E-03 -1.123949E-02  5.000000E-01  6.754697E-03 -1.117944E-02  0.000000E+00  2.708528E-02 -2.121573E-02  2.167521E-17  1.937160E-01  0.000000E+00
  9.634000E-03 -1.331959E-02  5.000000E-01  9.731305E-03 -1.328054E-02  0.000000E+00  3.034948E-02 -1.921529E-02  2.987937E-18  2.840087E-02  0.000000E+00
  1.310530E-02 -1.528927E-02  5.000000E-01  1.323765E-02 -1.527010E-02  0.000000E+00  3.258113E-02 -1.656246E-02  2.380552E-18 -1.355042E-01  0.000000E+00
  1.710810E-02 -1.709682E-02  5.000000E-01  1.728085E-02 -1.709590E-02  0.000000E+00  3.384671E-02 -1.378874E-02  2.467349E-17 -2.755981E-01  0.000000E+00
  2.163760E-02 -1.874283E-02  5.000000E-01  2.185608E-02 -1.875852E-02  0.000000E+00  3.453638E-02 -1.137171E-02  5.575670E-17 -3.825159E-01  0.000000E+00
  2.669190E-02 -2.023698E-02  5.000000E-01  2.696140E-02 -2.026775E-02  0.000000E+00  3.479523E-02 -9.238412E-03  7.612120E-17 -4.687357E-01  0.000000E+00
  3.228310E-02 -2.155512E-02  5.000000E-01  3.260904E-02 -2.159919E-02  0.000000E+00  3.458166E-02 -7.265354E-03  8.407991E-17 -5.439446E-01  0.000000E+00
  3.842170E-02 -2.268518E-02  5.000000E-01  3.880961E-02 -2.274066E-02  0.000000E+00  3.397872E-02 -5.528927E-03  8.603219E-17 -6.071001E-01  0.000000E+00
  4.511710E-02 -2.362794E-02  5.000000E-01  4.557260E-02 -2.369294E-02  0.000000E+00  3.311470E-02 -4.075083E-03  8.307356E-17 -6.569401E-01  0.000000E+00
  5.237940E-02 -2.438871E-02  5.000000E-01  5.290821E-02 -2.446139E-02  0.000000E+00  3.211183E-02 -2.908594E-03  7.562910E-17 -6.930589E-01  0.000000E+00
  6.021800E-02 -2.498320E-02  5.000000E-01  6.082593E-02 -2.506188E-02  0.000000E+00  3.108849E-02 -2.021587E-03  6.574842E-17 -7.154068E-01  0.000000E+00
  6.864140E-02 -2.543665E-02  5.000000E-01  6.933437E-02 -2.551991E-02  0.000000E+00  3.009545E-02 -1.369714E-03  5.514520E-17 -7.255964E-01  0.000000E+00
  7.765990E-02 -2.577011E-02  5.000000E-01  7.844390E-02 -2.585674E-02  0.000000E+00  2.911810E-02 -9.020258E-04  4.523650E-17 -7.254356E-01  0.000000E+00
  8.728340E-02 -2.600872E-02  5.000000E-01  8.816455E-02 -2.609776E-02  0.000000E+00  2.810645E-02 -5.915729E-04  3.658154E-17 -7.152940E-01  0.000000E+00
  9.752070E-02 -2.618469E-02  5.000000E-01  9.850519E-02 -2.627550E-02  0.000000E+00  2.693645E-02 -4.120727E-04  2.941993E-17 -6.951214E-01  0.000000E+00
  1.083810E-01 -2.632998E-02  5.000000E-01  1.094751E-01 -2.642226E-02  0.000000E+00  2.544983E-02 -3.367527E-04  2.378904E-17 -6.642768E-01  0.000000E+00
  1.198710E-01 -2.648035E-02  5.000000E-01  1.210811E-01 -2.657415E-02  0.000000E+00  2.359409E-02 -3.440569E-04  1.881212E-17 -6.209739E-01  0.000000E+00
  1.319970E-01 -2.667572E-02  5.000000E-01  1.333295E-01 -2.677149E-02  0.000000E+00  2.155294E-02 -4.081551E-04  1.337377E-17 -5.634826E-01  0.000000E+00
  1.319970E-01 -2.667572E-02  5.000000E-01  1.333295E-01 -2.677149E-02  0.000000E+00  2.155294E-02 -4.081551E-04  1.337377E-17 -5.634826E-01  0.000000E+00
  1.447640E-01 -2.695353E-02  5.000000E-01  1.462254E-01 -2.705210E-02  0.000000E+00  1.976303E-02 -5.069852E-04  9.069595E-18 -4.923707E-01  0.000000E+00
  1.581750E-01 -2.734820E-02  5.000000E-01  1.597718E-01 -2.745076E-02  0.000000E+00  1.872096E-02 -6.310218E-04  6.303108E-18 -4.140193E-01  0.000000E+00
  1.722290E-01 -2.788024E-02  5.000000E-01  1.739676E-01 -2.798817E-02  0.000000E+00  1.867859E-02 -7.696417E-04  4.382744E-18 -3.427483E-01  0.000000E+00
  1.869240E-01 -2.853664E-02  5.000000E-01  1.888110E-01 -2.865119E-02  0.000000E+00  1.948729E-02 -8.785910E-04  2.888928E-18 -2.969742E-01  0.000000E+00
  2.022540E-01 -2.924515E-02  5.000000E-01  2.042957E-01 -2.936685E-02  0.000000E+00  2.068626E-02 -8.552224E-04  1.065757E-18 -2.903842E-01  0.000000E+00
  2.182110E-01 -2.984324E-02  5.000000E-01  2.204138E-01 -2.997098E-02  0.000000E+00  2.178725E-02 -6.415854E-04  1.100085E-18 -3.195616E-01  0.000000E+00
  2.347810E-01 -3.020382E-02  5.000000E-01  2.371511E-01 -3.033520E-02  0.000000E+00  2.249664E-02 -3.207706E-04  1.773248E-18 -3.633340E-01  0.000000E+00
  2.519470E-01 -3.031664E-02  5.000000E-01  2.544904E-01 -3.044916E-02  0.000000E+00  2.264843E-02  3.293910E-06  1.474017E-18 -4.011125E-01  0.000000E+00
  2.696890E-01 -3.019009E-02  5.000000E-01  2.724115E-01 -3.032134E-02  0.000000E+00  2.218986E-02  2.779050E-04  1.439756E-18 -4.220101E-01  0.000000E+00
  2.879810E-01 -2.985498E-02  5.000000E-01  2.908881E-01 -2.998284E-02  0.000000E+00  2.128870E-02  4.636406E-04  6.586084E-19 -4.213370E-01  0.000000E+00
  3.067920E-01 -2.937208E-02  5.000000E-01  3.098890E-01 -2.949507E-02  0.000000E+00  2.029388E-02  5.411868E-04  6.474912E-19 -3.999849E-01  0.000000E+00
  3.260870E-01 -2.883203E-02  5.000000E-01  3.293788E-01 -2.894957E-02  0.000000E+00  1.956108E-02  5.213758E-04  1.373793E-18 -3.650488E-01  0.000000E+00
  3.458260E-01 -2.833357E-02  5.000000E-01  3.493171E-01 -2.844607E-02  0.000000E+00  1.924005E-02  4.650342E-04  1.351109E-18 -3.302390E-01  0.000000E+00
  3.659650E-01 -2.787649E-02  5.000000E-01  3.696594E-01 -2.798438E-02  0.000000E+00  1.925783E-02  4.407565E-04  1.122977E-18 -3.083485E-01  0.000000E+00
  3.864540E-01 -2.741016E-02  5.000000E-01  3.903552E-01 -2.751335E-02  0.000000E+00  1.944973E-02  4.709133E-04  1.510811E-18 -3.026209E-01  0.000000E+00
  4.072410E-01 -2.687987E-02  5.000000E-01  4.113520E-01 -2.697770E-02  0.000000E+00  1.961136E-02  5.538266E-04  9.706099E-19 -3.085102E-01  0.000000E+00
  4.282690E-01 -2.623021E-02  5.000000E-01  4.325923E-01 -2.632148E-02  0.000000E+00  1.952875E-02  6.812170E-04 -2.905007E-19 -3.182328E-01  0.000000E+00
  4.494800E-01 -2.540406E-02  5.000000E-01  4.540174E-01 -2.548699E-02  0.000000E+00  1.907050E-02  8.248853E-04 -2.107528E-19 -3.226501E-01  0.000000E+00
  4.708130E-01 -2.438154E-02  5.000000E-01  4.755658E-01 -2.445415E-02  0.000000E+00  1.826982E-02  9.413882E-04  2.546411E-19 -3.134832E-01  0.000000E+00
  4.922030E-01 -2.319238E-02  5.000000E-01  4.971717E-01 -2.325299E-02  0.000000E+00  1.729251E-02  1.012970E-03  9.076849E-19 -2.880025E-01  0.000000E+00
  5.135860E-01 -2.186886E-02  5.000000E-01  5.187705E-01 -2.191611E-02  0.000000E+00  1.634481E-02  1.052352E-03 -1.639586E-19 -2.502086E-01  0.000000E+00
  5.348990E-01 -2.044033E-02  5.000000E-01  5.402987E-01 -2.047315E-02  0.000000E+00  1.558819E-02  1.075910E-03 -2.991569E-18 -2.077349E-01  0.000000E+00
  5.560760E-01 -1.893740E-02  5.000000E-01  5.616895E-01 -1.895506E-02  0.000000E+00  1.506850E-02  1.097799E-03 -2.708174E-18 -1.687411E-01  0.000000E+00
  4.759900E-01  7.415367E-02  5.000000E-01  4.807950E-01  7.507574E-02  0.000000E+00  2.331135E-02 -9.125820E-04 -9.931002E-18 -8.063067E-01  0.000000E+00
  4.548480E-01  7.488961E-02  5.000000E-01  4.594396E-01  7.581911E-02  0.000000E+00  2.347054E-02 -7.169431E-04 -9.186628E-18 -7.874732E-01  0.000000E+00
  4.337860E-01  7.544307E-02  5.000000E-01  4.381650E-01  7.637816E-02  0.000000E+00  2.364613E-02 -5.188107E-04 -8.456534E-18 -7.684722E-01  0.000000E+00
  4.128620E-01  7.581202E-02  5.000000E-01  4.170298E-01  7.675083E-02  0.000000E+00  2.383962E-02 -3.067028E-04 -8.294960E-18 -7.481786E-01  0.000000E+00
  3.921340E-01  7.598115E-02  5.000000E-01  3.960925E-01  7.692167E-02  0.000000E+00  2.403734E-02 -6.970664E-05 -8.218726E-18 -7.254230E-01  0.000000E+00
  3.716590E-01  7.593408E-02  5.000000E-01  3.754108E-01  7.687412E-02  0.000000E+00  2.420856E-02  1.955800E-04 -8.075939E-18 -6.995775E-01  0.000000E+00
  3.514890E-01  7.565584E-02  5.000000E-01  3.550372E-01  7.659307E-02  0.000000E+00  2.432269E-02  4.879643E-04 -7.447627E-18 -6.705112E-01  0.000000E+00
  3.316730E-01  7.513545E-02  5.000000E-01  3.350212E-01  7.606743E-02  0.000000E+00  2.435439E-02  7.999062E-04 -5.462125E-18 -6.388507E-01  0.000000E+00
  3.122580E-01  7.437005E-02  5.000000E-01  3.154102E-01  7.529431E-02  0.000000E+00  2.427921E-02  1.109895E-03 -4.397728E-18 -6.064905E-01  0.000000E+00
  2.932850E-01  7.338183E-02  5.000000E-01  2.962457E-01  7.429611E-02  0.000000E+00  2.409289E-02  1.395898E-03 -4.044228E-18 -5.756180E-01  0.000000E+00
  2.747930E-01  7.220047E-02  5.000000E-01  2.775670E-01  7.310283E-02  0.000000E+00  2.382382E-02  1.652998E-03 -3.656383E-18 -5.473414E-01  0.000000E+00
  2.568150E-01  7.085282E-02  5.000000E-01  2.594075E-01  7.174157E-02  0.000000E+00  2.351003E-02  1.886206E-03 -3.583554E-18 -5.219603E-01  0.000000E+00
  2.393810E-01  6.936157E-02  5.000000E-01  2.417975E-01  7.023527E-02  0.000000E+00  2.318573E-02  2.103418E-03 -3.212128E-18 -4.996962E-01  0.000000E+00
  2.225160E-01  6.774527E-02  5.000000E-01  2.247623E-01  6.860265E-02  0.000000E+00  2.287834E-02  2.310449E-03 -2.285851E-18 -4.817777E-01  0.000000E+00
  2.062420E-01  6.601825E-02  5.000000E-01  2.083240E-01  6.685820E-02  0.000000E+00  2.259081E-02  2.478946E-03 -1.884371E-18 -4.730550E-01  0.000000E+00
  1.905750E-01  6.423717E-02  5.000000E-01  1.924988E-01  6.505913E-02  0.000000E+00  2.234394E-02  2.552070E-03 -2.197688E-18 -4.808121E-01  0.000000E+00
  1.755290E-01  6.250556E-02  5.000000E-01  1.773010E-01  6.331005E-02  0.000000E+00  2.228482E-02  2.549509E-03 -1.642160E-18 -5.056803E-01  0.000000E+00
  1.611160E-01  6.086607E-02  5.000000E-01  1.627425E-01  6.165401E-02  0.000000E+00  2.259532E-02  2.552803E-03 -1.332090E-18 -5.406602E-01  0.000000E+00
  1.473410E-01  5.932156E-02  5.000000E-01  1.488284E-01  6.009391E-02  0.000000E+00  2.331295E-02  2.610506E-03 -3.472598E-19 -5.780813E-01  0.000000E+00
  1.342110E-01  5.785478E-02  5.000000E-01  1.355659E-01  5.861232E-02  0.000000E+00  2.432304E-02  2.737854E-03  6.966779E-19 -6.124235E-01  0.000000E+00
  1.217280E-01  5.644032E-02  5.000000E-01  1.229569E-01  5.718358E-02  0.000000E+00  2.544825E-02  2.934861E-03  1.810454E-18 -6.410179E-01  0.000000E+00
  1.098910E-01  5.505260E-02  5.000000E-01  1.110004E-01  5.578185E-02  0.000000E+00  2.655545E-02  3.207120E-03  3.778587E-18 -6.628635E-01  0.000000E+00
  9.869950E-02  5.366287E-02  5.000000E-01  9.969589E-02  5.437809E-02  0.000000E+00  2.759419E-02  3.569976E-03  6.538326E-18 -6.775962E-01  0.000000E+00
  8.814970E-02  5.224471E-02  5.000000E-01  8.903960E-02  5.294561E-02  0.000000E+00  2.857847E-02  4.049402E-03  1.084570E-17 -6.847543E-01  0.000000E+00
  8.814970E-02  5.224471E-02  5.000000E-01  8.903960E-02  5.294561E-02  0.000000E+00  2.857847E-02  4.049402E-03  1.084570E-17 -6.847543E-01  0.000000E+00
  7.823720E-02  5.077045E-02  5.000000E-01  7.902703E-02  5.145647E-02  0.000000E+00  2.954886E-02  4.688315E-03  1.567098E-17 -6.830486E-01  0.000000E+00
  6.895800E-02  4.920867E-02  5.000000E-01  6.965416E-02  4.987893E-02  0.000000E+00  3.051716E-02  5.528690E-03  1.947809E-17 -6.709749E-01  0.000000E+00
  6.030560E-02  4.753314E-02  5.000000E-01  6.091442E-02  4.818649E-02  0.000000E+00  3.146765E-02  6.624917E-03  2.030514E-17 -6.460661E-01  0.000000E+00
  5.227560E-02  4.571138E-02  5.000000E-01  5.280336E-02  4.634633E-02  0.000000E+00  3.234127E-02  8.038187E-03  1.881156E-17 -6.048086E-01  0.000000E+00
  4.486350E-02  4.371250E-02  5.000000E-01  4.531644E-02  4.432728E-02  0.000000E+00  3.299706E-02  9.789692E-03  1.523518E-17 -5.441725E-01  0.000000E+00
  3.806240E-02  4.151433E-02  5.000000E-01  3.844668E-02  4.210691E-02  0.000000E+00  3.325007E-02  1.187694E-02  8.170694E-18 -4.602785E-01  0.000000E+00
  3.186880E-02  3.909233E-02  5.000000E-01  3.219056E-02  3.966047E-02  0.000000E+00  3.285654E-02  1.420799E-02  2.748241E-19 -3.499320E-01  0.000000E+00
  2.627530E-02  3.643689E-02  5.000000E-01  2.654059E-02  3.697822E-02  0.000000E+00  3.156229E-02  1.655727E-02 -3.410301E-18 -2.123575E-01  0.000000E+00
  2.127350E-02  3.355040E-02  5.000000E-01  2.148830E-02  3.406259E-02  0.000000E+00  2.924151E-02  1.864998E-02 -6.229068E-18 -4.760837E-02  0.000000E+00
  1.685790E-02  3.044001E-02  5.000000E-01  1.702813E-02  3.092081E-02  0.000000E+00  2.594281E-02  2.012930E-02 -1.135279E-17  1.387598E-01  0.000000E+00
  1.301460E-02  2.714084E-02  5.000000E-01  1.314603E-02  2.758833E-02  0.000000E+00  2.192436E-02  2.070479E-02 -1.796256E-17  3.371543E-01  0.000000E+00
  9.730790E-03  2.369825E-02  5.000000E-01  9.829072E-03  2.411099E-02  0.000000E+00  1.758635E-02  2.030654E-02 -2.565092E-17  5.385168E-01  0.000000E+00
  6.996180E-03  2.016718E-02  5.000000E-01  7.066857E-03  2.054428E-02  0.000000E+00  1.333546E-02  1.891478E-02 -2.616685E-17  7.278318E-01  0.000000E+00
  4.781010E-03  1.663911E-02  5.000000E-01  4.829325E-03  1.698059E-02  0.000000E+00  9.485320E-03  1.662371E-02 -1.653114E-17  8.915005E-01  0.000000E+00
  3.054950E-03  1.320952E-02  5.000000E-01  3.085841E-03  1.351638E-02  0.000000E+00  6.194683E-03  1.364874E-02 -1.274155E-17  1.024939E+00  0.000000E+00
  1.789910E-03  9.973561E-03  5.000000E-01  1.808031E-03  1.024775E-02  0.000000E+00  3.552406E-03  1.011981E-02 -1.938566E-17  1.123535E+00  0.000000E+00
  9.331870E-04  7.040289E-03  5.000000E-01  9.426596E-04  7.284872E-03  0.000000E+00  1.620703E-03  6.118761E-03 -2.278454E-17  1.183567E+00  0.000000E+00
  4.085430E-04  4.518198E-03  5.000000E-01  4.127195E-04  4.737321E-03  0.000000E+00  3.811623E-04  1.735021E-03 -2.246317E-17  1.207881E+00  0.000000E+00
  1.354760E-04  2.494560E-03  5.000000E-01  1.368960E-04  2.693255E-03  0.000000E+00 -2.396877E-04 -2.994086E-03 -2.614731E-17  1.204190E+00  0.000000E+00
  2.683130E-05  1.021514E-03  5.000000E-01  2.715456E-05  1.205340E-03  0.000000E+00 -3.441448E-04 -8.061908E-03 -3.643066E-17  1.180839E+00  0.000000E+00
  1.320070E-06  1.276971E-04  5.000000E-01  1.385807E-06  3.024998E-04  0.000000E+00 -2.077764E-04 -1.298707E-02 -4.792737E-17  1.140479E+00  0.000000E+00
 -5.188750E-08 -1.717795E-04  5.000000E-01  0.000000E+00  0.000000E+00  0.000000E+00 -4.372900E-05 -1.611277E-02 -4.663952E-17  1.105512E+00  0.000000E+00
  2.733630E-06 -4.855491E-04  5.000000E-01  2.813636E-06 -3.169370E-04  0.000000E+00  4.686375E-04 -1.840571E-02 -3.214387E-17  1.096919E+00  0.000000E+00
    1    2
    2    3
    3    4
    4    5
    5    6
    6    7
    7    8
    8    9
    9   10
   10   11
   11   12
   12   13
   13   14
   14   15
   15   16
   16   17
   17   18
   18   19
   19   20
   20   21
   21   22
   22   23
   23   24
   25   26
   26   27
   27   28
   28   29
   29   30
   30   31
   31   32
   32   33
   33   34
   34   35
   35   36
   36   37
   37   38
   38   39
   39   40
   40   41
   41   42
   42   43
   43   44
   44   45
   45   46
   46   47
   47   48
   49   50
   50   51
   51   52
   52   53
   53   54
   54   55
   55   56
   56   57
   57   58
   58   59
   59   60
   60   61
   61   62
   62   63
   63   64
   64   65
   65   66
   66   67
   67   68
   68   69
   69   70
   70   71
   71   72
   73   74
   74   75
   75   76
   76   77
   77   78
   78   79
   79   80
   80   81
   81   82
   82   83
   83   84
   84   85
   85   86
   86   87
   87   88
   88   89
   89   90
   90   91
   91   92
   92   93
   93   94
   94   95
   95   96
   97   98
   98   99
   99  100
  100  101
  101  102
  102  103
  103  104
  104  105
  105  106
  106  107
  107  108
  108  109
  109  110
  110  111
  111  112
  112  113
  113  114
  114  115
  115  116
  116  117
  117  118
  118  119
  119  120
  121  122
  122  123
  123  124
  124  125
  125  126
  126  127
  127  128
  128  129
  129  130
  130  131
  131  132
  132  133
  133  134
  134  135
  135  136
  136  137
  137  138
  138  139
  139  140
  140  141
  141  142
  142  143
  143  144
  145  146
  146  147
  147  148
  148  149
  149  150
  150  151
  151  152
  152  153
  153  154
  154  155
  155  156
  156  157
  157  158
  158  159
  159  160
  160  161
  161  162
  162  163
  163  164
  164  165
  165  166
  166  167
  167  168
  169  170
  170  171
  171  172
  172  173
  173  174
  174  175
  175  176
  176  177
  177  178
  178  179
  179  180
  180  181
  181  182
  182  183
  183  184
  184  185
  185  186
  186  187
  187  188
  188  189
  189  190
  190  191
  191  192
