 Title = "ADflow Slice Data"
Variables =  "CoordinateX"  "CoordinateY"  "CoordinateZ"  "XoC"  "YoC"  "ZoC" "VelocityX" "VelocityY" "VelocityZ" "CoefPressure" "Mach" 
Zone T= "Slice_0001 None Absolute Regular z = 0.50000000"
 Nodes =          192  Elements=          184  ZONETYPE=FELINESEG
 DATAPACKING=POINT
  5.560760E-01 -1.909474E-02  5.000000E-01  5.616892E-01 -1.910426E-02  0.000000E+00  1.220636E-02  9.530436E-04  9.742840E-19 -1.306749E-01  0.000000E+00
  5.770550E-01 -1.746152E-02  5.000000E-01  5.828800E-01 -1.745456E-02  0.000000E+00  1.216677E-02  9.647094E-04  2.867701E-18 -8.618628E-02  0.000000E+00
  5.977760E-01 -1.580490E-02  5.000000E-01  6.038102E-01 -1.578122E-02  0.000000E+00  1.233417E-02  1.008057E-03  1.686721E-20 -7.247262E-02  0.000000E+00
  6.181820E-01 -1.409875E-02  5.000000E-01  6.244221E-01 -1.405784E-02  0.000000E+00  1.247163E-02  1.072818E-03 -1.355169E-18 -7.038321E-02  0.000000E+00
  6.382180E-01 -1.231707E-02  5.000000E-01  6.446604E-01 -1.225819E-02  0.000000E+00  1.244330E-02  1.142958E-03 -2.606465E-20 -6.379194E-02  0.000000E+00
  6.578350E-01 -1.044821E-02  5.000000E-01  6.644754E-01 -1.037046E-02  0.000000E+00  1.218164E-02  1.200747E-03  1.874948E-18 -4.624608E-02  0.000000E+00
  6.769910E-01 -8.493301E-03  5.000000E-01  6.838248E-01 -8.395814E-03  0.000000E+00  1.163178E-02  1.240879E-03  1.198581E-18 -1.976999E-02  0.000000E+00
  6.956490E-01 -6.415194E-03  5.000000E-01  7.026711E-01 -6.296730E-03  0.000000E+00  1.074154E-02  1.257183E-03 -1.142768E-18  1.213070E-02  0.000000E+00
  7.137810E-01 -4.180973E-03  5.000000E-01  7.209861E-01 -4.039956E-03  0.000000E+00  9.501290E-03  1.227720E-03  1.518307E-19  4.949205E-02  0.000000E+00
  7.313660E-01 -1.783809E-03  5.000000E-01  7.387487E-01 -1.618595E-03  0.000000E+00  7.967666E-03  1.134746E-03  2.959107E-19  9.335428E-02  0.000000E+00
  7.483850E-01  7.713813E-04  5.000000E-01  7.559394E-01  9.623885E-04  0.000000E+00  6.267904E-03  9.803760E-04 -1.582674E-19  1.426814E-01  0.000000E+00
  7.648220E-01  3.477818E-03  5.000000E-01  7.725424E-01  3.696145E-03  0.000000E+00  4.577613E-03  7.826871E-04 -1.560631E-18  1.940260E-01  0.000000E+00
  7.806630E-01  6.323933E-03  5.000000E-01  7.885433E-01  6.570989E-03  0.000000E+00  3.082048E-03  5.641051E-04 -2.619449E-18  2.443131E-01  0.000000E+00
  7.958970E-01  9.207935E-03  5.000000E-01  8.039310E-01  9.484103E-03  0.000000E+00  1.937102E-03  3.587868E-04 -4.515958E-19  2.928374E-01  0.000000E+00
  8.105170E-01  1.182613E-02  5.000000E-01  8.186986E-01  1.212873E-02  0.000000E+00  1.208390E-03  2.071879E-04 -5.513300E-19  3.349682E-01  0.000000E+00
  8.245160E-01  1.399331E-02  5.000000E-01  8.328389E-01  1.431778E-02  0.000000E+00  8.466309E-04  1.207386E-04 -1.289343E-18  3.647577E-01  0.000000E+00
  8.378940E-01  1.565579E-02  5.000000E-01  8.463520E-01  1.599704E-02  0.000000E+00  7.495723E-04  8.041385E-05 -7.797023E-19  3.836896E-01  0.000000E+00
  8.506490E-01  1.683155E-02  5.000000E-01  8.592357E-01  1.718467E-02  0.000000E+00  8.306600E-04  6.169437E-05 -1.283903E-18  3.966942E-01  0.000000E+00
  8.627850E-01  1.757140E-02  5.000000E-01  8.714942E-01  1.793199E-02  0.000000E+00  1.037612E-03  4.602477E-05 -1.379683E-18  4.066307E-01  0.000000E+00
  8.743060E-01  1.793701E-02  5.000000E-01  8.831315E-01  1.830130E-02  0.000000E+00  1.339714E-03  2.206454E-05 -1.703097E-18  4.140444E-01  0.000000E+00
  8.852170E-01  1.798758E-02  5.000000E-01  8.941527E-01  1.835237E-02  0.000000E+00  1.717245E-03 -1.634165E-05 -1.869689E-18  4.189325E-01  0.000000E+00
  8.955250E-01  1.777478E-02  5.000000E-01  9.045647E-01  1.813742E-02  0.000000E+00  2.158212E-03 -7.283150E-05 -3.407409E-19  4.213618E-01  0.000000E+00
  9.052400E-01  1.734434E-02  5.000000E-01  9.143778E-01  1.770263E-02  0.000000E+00  2.656573E-03 -1.503257E-04  5.981873E-19  4.213770E-01  0.000000E+00
  9.143710E-01  1.673573E-02  5.000000E-01  9.236010E-01  1.708789E-02  0.000000E+00  3.211516E-03 -2.525469E-04  1.294876E-18  4.191077E-01  0.000000E+00
  9.143710E-01  1.673573E-02  5.000000E-01  9.236010E-01  1.708789E-02  0.000000E+00  3.211516E-03 -2.525469E-04  1.294876E-18  4.191077E-01  0.000000E+00
  9.229270E-01  1.597780E-02  5.000000E-01  9.322433E-01  1.632230E-02  0.000000E+00  3.827434E-03 -3.848109E-04 -1.351541E-18  4.146405E-01  0.000000E+00
  9.309180E-01  1.509380E-02  5.000000E-01  9.403150E-01  1.542939E-02  0.000000E+00  4.512504E-03 -5.531269E-04 -4.434421E-18  4.077926E-01  0.000000E+00
  9.383550E-01  1.410635E-02  5.000000E-01  9.478271E-01  1.443196E-02  0.000000E+00  5.277473E-03 -7.638673E-04 -6.604028E-19  3.982760E-01  0.000000E+00
  9.452490E-01  1.303770E-02  5.000000E-01  9.547906E-01  1.335252E-02  0.000000E+00  6.135990E-03 -1.025086E-03  1.403197E-18  3.858413E-01  0.000000E+00
  9.516100E-01  1.190900E-02  5.000000E-01  9.612159E-01  1.221243E-02  0.000000E+00  7.105232E-03 -1.346746E-03 -7.377066E-19  3.702022E-01  0.000000E+00
  9.574470E-01  1.074152E-02  5.000000E-01  9.671118E-01  1.103317E-02  0.000000E+00  8.205138E-03 -1.739633E-03 -6.021377E-19  3.508982E-01  0.000000E+00
  9.627730E-01  9.556840E-03  5.000000E-01  9.724915E-01  9.836529E-03  0.000000E+00  9.458208E-03 -2.215579E-03  1.007609E-18  3.273637E-01  0.000000E+00
  9.675950E-01  8.377815E-03  5.000000E-01  9.773622E-01  8.645604E-03  0.000000E+00  1.089243E-02 -2.787102E-03  2.636279E-18  2.989820E-01  0.000000E+00
  9.719240E-01  7.227344E-03  5.000000E-01  9.817349E-01  7.483519E-03  0.000000E+00  1.254804E-02 -3.469017E-03  2.147526E-18  2.649826E-01  0.000000E+00
  9.757700E-01  6.128330E-03  5.000000E-01  9.856197E-01  6.373411E-03  0.000000E+00  1.449054E-02 -4.284708E-03  2.670191E-18  2.245302E-01  0.000000E+00
  9.791410E-01  5.102641E-03  5.000000E-01  9.890248E-01  5.337369E-03  0.000000E+00  1.682381E-02 -5.270730E-03  2.731175E-18  1.767136E-01  0.000000E+00
  9.820450E-01  4.170340E-03  5.000000E-01  9.919581E-01  4.395657E-03  0.000000E+00  1.967477E-02 -6.473402E-03 -2.029290E-17  1.201614E-01  0.000000E+00
  9.844890E-01  3.349392E-03  5.000000E-01  9.944267E-01  3.566422E-03  0.000000E+00  2.312159E-02 -7.928204E-03 -9.293005E-17  5.314099E-02  0.000000E+00
  9.864800E-01  2.655402E-03  5.000000E-01  9.964378E-01  2.865427E-03  0.000000E+00  2.709124E-02 -9.581657E-03 -1.876123E-16 -2.517019E-02  0.000000E+00
  9.880230E-01  2.101818E-03  5.000000E-01  9.979964E-01  2.306255E-03  0.000000E+00  3.099593E-02 -1.116427E-02 -4.770325E-17 -1.226461E-01  0.000000E+00
  9.891220E-01  1.699065E-03  5.000000E-01  9.991065E-01  1.899437E-03  0.000000E+00  3.427431E-02 -1.272814E-02  1.044755E-15 -2.387464E-01  0.000000E+00
  9.897810E-01  1.454340E-03  5.000000E-01  9.997722E-01  1.652241E-03  0.000000E+00  4.829992E-02 -1.605969E-02  3.871895E-15 -2.687003E-01  0.000000E+00
  9.900000E-01  1.372346E-03  5.000000E-01  9.999934E-01  1.569419E-03  0.000000E+00  3.298279E-02 -4.479176E-03  1.025871E-14 -6.604272E-01  0.000000E+00
  9.900000E-01  1.782419E-03  5.000000E-01  9.999934E-01  1.983632E-03  0.000000E+00  2.132081E-03 -7.558319E-03  3.032214E-14 -9.708986E-01  0.000000E+00
  9.900000E-01  2.192493E-03  5.000000E-01  9.999934E-01  2.397845E-03  0.000000E+00 -5.243477E-04 -2.081115E-02  5.778086E-14 -8.192640E-01  0.000000E+00
  9.900000E-01  2.602566E-03  5.000000E-01  9.999934E-01  2.812058E-03  0.000000E+00 -1.645219E-04 -1.185742E-02  7.731648E-14 -7.957469E-01  0.000000E+00
  9.900000E-01  3.012625E-03  5.000000E-01  9.999934E-01  3.226256E-03  0.000000E+00  3.481313E-04 -7.455973E-03  9.024805E-14 -8.345047E-01  0.000000E+00
  9.900000E-01  3.422698E-03  5.000000E-01  9.999934E-01  3.640468E-03  0.000000E+00  5.394759E-03 -7.813256E-03  1.022237E-13 -7.999301E-01  0.000000E+00
  9.900000E-01  3.422698E-03  5.000000E-01  9.999934E-01  3.640468E-03  0.000000E+00  5.394759E-03 -7.813256E-03  1.022237E-13 -7.999301E-01  0.000000E+00
  9.897980E-01  3.547889E-03  5.000000E-01  9.997893E-01  3.766923E-03  0.000000E+00  7.420248E-03 -5.194771E-03  9.931374E-14 -7.468390E-01  0.000000E+00
  9.891900E-01  3.923663E-03  5.000000E-01  9.991752E-01  4.146490E-03  0.000000E+00  3.497701E-03 -2.079982E-03  7.460111E-14 -7.521751E-01  0.000000E+00
  9.881780E-01  4.549122E-03  5.000000E-01  9.981530E-01  4.778263E-03  0.000000E+00  1.168304E-03 -7.179236E-04  4.622930E-14 -7.511503E-01  0.000000E+00
  9.867570E-01  5.423455E-03  5.000000E-01  9.967176E-01  5.661421E-03  0.000000E+00 -5.361022E-04  3.151089E-04  2.401511E-14 -7.497114E-01  0.000000E+00
  9.849260E-01  6.543167E-03  5.000000E-01  9.948682E-01  6.792437E-03  0.000000E+00 -1.749699E-03  1.061066E-03  1.009091E-14 -7.543130E-01  0.000000E+00
  9.826810E-01  7.901981E-03  5.000000E-01  9.926005E-01  8.164966E-03  0.000000E+00 -2.397719E-03  1.440602E-03  2.827516E-15 -7.624559E-01  0.000000E+00
  9.800160E-01  9.490323E-03  5.000000E-01  9.899086E-01  9.769342E-03  0.000000E+00 -2.559790E-03  1.511202E-03 -1.206232E-16 -7.706369E-01  0.000000E+00
  9.769240E-01  1.129399E-02  5.000000E-01  9.867854E-01  1.159121E-02  0.000000E+00 -2.423029E-03  1.395041E-03 -7.742073E-16 -7.767617E-01  0.000000E+00
  9.733970E-01  1.329111E-02  5.000000E-01  9.832228E-01  1.360850E-02  0.000000E+00 -2.191974E-03  1.219327E-03 -5.577315E-16 -7.802926E-01  0.000000E+00
  9.694240E-01  1.545378E-02  5.000000E-01  9.792097E-01  1.579299E-02  0.000000E+00 -2.029932E-03  1.080078E-03 -2.327594E-16 -7.818743E-01  0.000000E+00
  9.649940E-01  1.775267E-02  5.000000E-01  9.747350E-01  1.811509E-02  0.000000E+00 -2.032911E-03  1.025416E-03 -4.605837E-17 -7.829060E-01  0.000000E+00
  9.600960E-01  2.016382E-02  5.000000E-01  9.697875E-01  2.055058E-02  0.000000E+00 -2.225934E-03  1.060506E-03  1.501370E-17 -7.849675E-01  0.000000E+00
  9.547180E-01  2.266188E-02  5.000000E-01  9.643552E-01  2.307386E-02  0.000000E+00 -2.597010E-03  1.171921E-03  1.742558E-17 -7.877879E-01  0.000000E+00
  9.488510E-01  2.522030E-02  5.000000E-01  9.584290E-01  2.565810E-02  0.000000E+00 -3.153062E-03  1.340976E-03  6.938936E-18 -7.887104E-01  0.000000E+00
  9.424820E-01  2.781522E-02  5.000000E-01  9.519957E-01  2.827922E-02  0.000000E+00 -3.844995E-03  1.509827E-03 -2.555501E-19 -7.915039E-01  0.000000E+00
  9.356020E-01  3.042543E-02  5.000000E-01  9.450463E-01  3.091578E-02  0.000000E+00 -4.267293E-03  1.526721E-03 -3.113763E-18 -8.185726E-01  0.000000E+00
  9.282010E-01  3.303221E-02  5.000000E-01  9.375706E-01  3.354886E-02  0.000000E+00 -3.362928E-03  1.111711E-03 -1.072630E-18 -8.976325E-01  0.000000E+00
  9.202710E-01  3.561545E-02  5.000000E-01  9.295605E-01  3.615818E-02  0.000000E+00  4.005800E-04 -8.153247E-05  8.504942E-18 -1.020103E+00  0.000000E+00
  9.118010E-01  3.814475E-02  5.000000E-01  9.210050E-01  3.871301E-02  0.000000E+00  7.684054E-03 -2.068585E-03  3.340361E-17 -1.131062E+00  0.000000E+00
  9.027810E-01  4.058209E-02  5.000000E-01  9.118940E-01  4.117496E-02  0.000000E+00  1.652917E-02 -4.115097E-03  6.960169E-17 -1.180983E+00  0.000000E+00
  8.932000E-01  4.288601E-02  5.000000E-01  9.022162E-01  4.350213E-02  0.000000E+00  2.330443E-02 -5.201748E-03  9.394540E-17 -1.167525E+00  0.000000E+00
  8.830490E-01  4.500812E-02  5.000000E-01  8.919628E-01  4.564566E-02  0.000000E+00  2.622528E-02 -5.050574E-03  9.640757E-17 -1.116740E+00  0.000000E+00
  8.723190E-01  4.689300E-02  5.000000E-01  8.811245E-01  4.754957E-02  0.000000E+00  2.631956E-02 -4.172268E-03  8.431301E-17 -1.049269E+00  0.000000E+00
  8.723190E-01  4.689300E-02  5.000000E-01  8.811245E-01  4.754957E-02  0.000000E+00  2.631956E-02 -4.172268E-03  8.431301E-17 -1.049269E+00  0.000000E+00
  8.610010E-01  4.848199E-02  5.000000E-01  8.696922E-01  4.915460E-02  0.000000E+00  2.521560E-02 -3.088659E-03  7.024136E-17 -9.723085E-01  0.000000E+00
  8.490890E-01  4.971656E-02  5.000000E-01  8.576600E-01  5.040163E-02  0.000000E+00  2.371301E-02 -2.024933E-03  5.985551E-17 -8.870213E-01  0.000000E+00
  8.365770E-01  5.054479E-02  5.000000E-01  8.450217E-01  5.123823E-02  0.000000E+00  2.193213E-02 -1.065886E-03  5.124351E-17 -7.951519E-01  0.000000E+00
  8.234620E-01  5.093726E-02  5.000000E-01  8.317743E-01  5.163466E-02  0.000000E+00  1.983949E-02 -2.906267E-04  4.442196E-17 -7.029865E-01  0.000000E+00
  8.097400E-01  5.091041E-02  5.000000E-01  8.179138E-01  5.160754E-02  0.000000E+00  1.751952E-02  2.110840E-04  3.923040E-17 -6.242197E-01  0.000000E+00
  7.954150E-01  5.056865E-02  5.000000E-01  8.034442E-01  5.126232E-02  0.000000E+00  1.520496E-02  3.768787E-04  3.452181E-17 -5.793205E-01  0.000000E+00
  7.804870E-01  5.015781E-02  5.000000E-01  7.883655E-01  5.084734E-02  0.000000E+00  1.326826E-02  2.321318E-04  2.964876E-17 -5.851695E-01  0.000000E+00
  7.649630E-01  5.004089E-02  5.000000E-01  7.726848E-01  5.072924E-02  0.000000E+00  1.221091E-02 -7.590360E-05  2.616388E-17 -6.375468E-01  0.000000E+00
  7.488530E-01  5.037182E-02  5.000000E-01  7.564122E-01  5.106351E-02  0.000000E+00  1.239537E-02 -4.426241E-04  2.113470E-17 -7.172759E-01  0.000000E+00
  7.321700E-01  5.120723E-02  5.000000E-01  7.395608E-01  5.190735E-02  0.000000E+00  1.377652E-02 -9.014931E-04  1.198871E-17 -8.064178E-01  0.000000E+00
  7.149290E-01  5.256960E-02  5.000000E-01  7.221457E-01  5.328347E-02  0.000000E+00  1.593158E-02 -1.473933E-03 -1.856466E-18 -8.889827E-01  0.000000E+00
  6.971500E-01  5.442599E-02  5.000000E-01  7.041873E-01  5.515860E-02  0.000000E+00  1.826573E-02 -2.077467E-03 -1.955496E-17 -9.520762E-01  0.000000E+00
  6.788570E-01  5.666631E-02  5.000000E-01  6.857096E-01  5.742154E-02  0.000000E+00  2.029900E-02 -2.545766E-03 -3.258647E-17 -9.877468E-01  0.000000E+00
  6.600760E-01  5.908561E-02  5.000000E-01  6.667390E-01  5.986526E-02  0.000000E+00  2.178576E-02 -2.735726E-03 -3.747853E-17 -9.950475E-01  0.000000E+00
  6.408370E-01  6.144612E-02  5.000000E-01  6.473058E-01  6.224960E-02  0.000000E+00  2.261964E-02 -2.669218E-03 -3.671634E-17 -9.828391E-01  0.000000E+00
  6.211780E-01  6.366920E-02  5.000000E-01  6.274484E-01  6.449511E-02  0.000000E+00  2.289265E-02 -2.470851E-03 -3.204123E-17 -9.622843E-01  0.000000E+00
  6.011430E-01  6.572482E-02  5.000000E-01  6.072111E-01  6.657148E-02  0.000000E+00  2.288673E-02 -2.223470E-03 -2.627667E-17 -9.388644E-01  0.000000E+00
  5.807790E-01  6.759045E-02  5.000000E-01  5.866416E-01  6.845594E-02  0.000000E+00  2.282853E-02 -1.968052E-03 -2.063585E-17 -9.148290E-01  0.000000E+00
  5.601410E-01  6.925734E-02  5.000000E-01  5.657953E-01  7.013967E-02  0.000000E+00  2.281412E-02 -1.721770E-03 -1.642969E-17 -8.911664E-01  0.000000E+00
  5.392850E-01  7.072108E-02  5.000000E-01  5.447287E-01  7.161818E-02  0.000000E+00  2.285564E-02 -1.488389E-03 -1.372521E-17 -8.683522E-01  0.000000E+00
  5.182680E-01  7.198346E-02  5.000000E-01  5.234996E-01  7.289330E-02  0.000000E+00  2.293177E-02 -1.271478E-03 -1.239521E-17 -8.470144E-01  0.000000E+00
  4.971500E-01  7.305672E-02  5.000000E-01  5.021684E-01  7.397739E-02  0.000000E+00  2.303112E-02 -1.073228E-03 -1.075703E-17 -8.276329E-01  0.000000E+00
  4.759900E-01  7.395346E-02  5.000000E-01  4.807948E-01  7.488319E-02  0.000000E+00  2.315920E-02 -8.922285E-04 -9.757427E-18 -8.102992E-01  0.000000E+00
  2.733630E-06 -5.133872E-04  5.000000E-01  2.813635E-06 -3.353488E-04  0.000000E+00  4.180179E-04 -1.741140E-02 -4.964800E-17  1.101362E+00  0.000000E+00
  4.455870E-05 -1.508935E-03  5.000000E-01  4.506090E-05 -1.340946E-03  0.000000E+00  2.032113E-03 -2.082569E-02 -1.555387E-17  1.072782E+00  0.000000E+00
  2.731490E-04 -3.129767E-03  5.000000E-01  2.759586E-04 -2.978139E-03  0.000000E+00  6.021052E-03 -2.390893E-02  1.004338E-17  9.574560E-01  0.000000E+00
  9.950900E-04 -5.194964E-03  5.000000E-01  1.005187E-03 -5.064183E-03  0.000000E+00  1.193379E-02 -2.475701E-02  2.535517E-17  7.543324E-01  0.000000E+00
  2.349870E-03 -7.381937E-03  5.000000E-01  2.373643E-03 -7.273231E-03  0.000000E+00  1.767849E-02 -2.414089E-02  3.628840E-17  5.450433E-01  0.000000E+00
  4.254460E-03 -9.617691E-03  5.000000E-01  4.297458E-03 -9.531554E-03  0.000000E+00  2.258108E-02 -2.325101E-02  3.203778E-17  3.661833E-01  0.000000E+00
  6.687140E-03 -1.183805E-02  5.000000E-01  6.754694E-03 -1.177432E-02  0.000000E+00  2.693390E-02 -2.199009E-02  1.152544E-17  1.925946E-01  0.000000E+00
  9.634000E-03 -1.400147E-02  5.000000E-01  9.731301E-03 -1.395959E-02  0.000000E+00  3.053203E-02 -2.002633E-02 -1.910622E-18  1.495008E-02  0.000000E+00
  1.310530E-02 -1.603518E-02  5.000000E-01  1.323764E-02 -1.601382E-02  0.000000E+00  3.302096E-02 -1.725214E-02  7.394595E-18 -1.615467E-01  0.000000E+00
  1.710810E-02 -1.788394E-02  5.000000E-01  1.728085E-02 -1.788124E-02  0.000000E+00  3.442899E-02 -1.427099E-02  4.262022E-17 -3.129412E-01  0.000000E+00
  2.163760E-02 -1.954832E-02  5.000000E-01  2.185607E-02 -1.956242E-02  0.000000E+00  3.515261E-02 -1.163362E-02  8.901229E-17 -4.287507E-01  0.000000E+00
  2.669190E-02 -2.103892E-02  5.000000E-01  2.696139E-02 -2.106807E-02  0.000000E+00  3.536009E-02 -9.296561E-03  1.216364E-16 -5.214098E-01  0.000000E+00
  3.228310E-02 -2.233152E-02  5.000000E-01  3.260903E-02 -2.237372E-02  0.000000E+00  3.503313E-02 -7.150731E-03  1.375080E-16 -6.008009E-01  0.000000E+00
  3.842170E-02 -2.341542E-02  5.000000E-01  3.880959E-02 -2.346856E-02  0.000000E+00  3.428755E-02 -5.288259E-03  1.426946E-16 -6.660290E-01  0.000000E+00
  4.511710E-02 -2.429410E-02  5.000000E-01  4.557258E-02 -2.435611E-02  0.000000E+00  3.328037E-02 -3.758260E-03  1.389937E-16 -7.161364E-01  0.000000E+00
  5.237940E-02 -2.497653E-02  5.000000E-01  5.290818E-02 -2.504543E-02  0.000000E+00  3.215603E-02 -2.559892E-03  1.295614E-16 -7.510359E-01  0.000000E+00
  6.021800E-02 -2.548317E-02  5.000000E-01  6.082591E-02 -2.555719E-02  0.000000E+00  3.105228E-02 -1.676425E-03  1.159637E-16 -7.709136E-01  0.000000E+00
  6.864140E-02 -2.584494E-02  5.000000E-01  6.933434E-02 -2.592260E-02  0.000000E+00  3.002837E-02 -1.054172E-03  9.975855E-17 -7.775045E-01  0.000000E+00
  7.765990E-02 -2.608905E-02  5.000000E-01  7.844387E-02 -2.616918E-02  0.000000E+00  2.904974E-02 -6.346354E-04  8.363279E-17 -7.726129E-01  0.000000E+00
  8.728340E-02 -2.624763E-02  5.000000E-01  8.816451E-02 -2.632936E-02  0.000000E+00  2.799410E-02 -3.857851E-04  6.945739E-17 -7.564497E-01  0.000000E+00
  9.752070E-02 -2.636057E-02  5.000000E-01  9.850515E-02 -2.644344E-02  0.000000E+00  2.661253E-02 -2.775343E-04  5.800440E-17 -7.285061E-01  0.000000E+00
  1.083810E-01 -2.646799E-02  5.000000E-01  1.094751E-01 -2.655194E-02  0.000000E+00  2.464070E-02 -2.768305E-04  4.671720E-17 -6.871031E-01  0.000000E+00
  1.198710E-01 -2.661409E-02  5.000000E-01  1.210811E-01 -2.669952E-02  0.000000E+00  2.206593E-02 -3.502247E-04  3.507667E-17 -6.286833E-01  0.000000E+00
  1.319970E-01 -2.684690E-02  5.000000E-01  1.333295E-01 -2.693468E-02  0.000000E+00  1.932488E-02 -4.602077E-04  2.429596E-17 -5.498940E-01  0.000000E+00
  1.319970E-01 -2.684690E-02  5.000000E-01  1.333295E-01 -2.693468E-02  0.000000E+00  1.932488E-02 -4.602077E-04  2.429596E-17 -5.498940E-01  0.000000E+00
  1.447640E-01 -2.721055E-02  5.000000E-01  1.462253E-01 -2.730200E-02  0.000000E+00  1.719497E-02 -5.877446E-04  1.588403E-17 -4.523629E-01  0.000000E+00
  1.581750E-01 -2.774258E-02  5.000000E-01  1.597717E-01 -2.783940E-02  0.000000E+00  1.635835E-02 -7.431997E-04  1.033543E-17 -3.487447E-01  0.000000E+00
  1.722290E-01 -2.845928E-02  5.000000E-01  1.739676E-01 -2.856333E-02  0.000000E+00  1.698351E-02 -9.335891E-04  7.090520E-18 -2.635833E-01  0.000000E+00
  1.869240E-01 -2.932967E-02  5.000000E-01  1.888109E-01 -2.944251E-02  0.000000E+00  1.869359E-02 -1.097965E-03  4.886357E-18 -2.235480E-01  0.000000E+00
  2.022540E-01 -3.024053E-02  5.000000E-01  2.042957E-01 -3.036256E-02  0.000000E+00  2.081760E-02 -1.069016E-03  3.342872E-18 -2.432249E-01  0.000000E+00
  2.182110E-01 -3.095752E-02  5.000000E-01  2.204137E-01 -3.108680E-02  0.000000E+00  2.272924E-02 -7.385909E-04  3.658844E-18 -3.111907E-01  0.000000E+00
  2.347810E-01 -3.130201E-02  5.000000E-01  2.371510E-01 -3.143476E-02  0.000000E+00  2.403593E-02 -2.232988E-04  4.679094E-18 -3.940912E-01  0.000000E+00
  2.519470E-01 -3.126332E-02  5.000000E-01  2.544903E-01 -3.139568E-02  0.000000E+00  2.441604E-02  2.959778E-04  4.498961E-18 -4.632782E-01  0.000000E+00
  2.696890E-01 -3.086809E-02  5.000000E-01  2.724114E-01 -3.099646E-02  0.000000E+00  2.365153E-02  6.950529E-04  3.866083E-18 -5.045357E-01  0.000000E+00
  2.879810E-01 -3.018848E-02  5.000000E-01  2.908880E-01 -3.030999E-02  0.000000E+00  2.193711E-02  8.849361E-04  4.054234E-18 -5.100065E-01  0.000000E+00
  3.067920E-01 -2.935448E-02  5.000000E-01  3.098889E-01 -2.946757E-02  0.000000E+00  1.994773E-02  8.502628E-04  3.255463E-18 -4.773109E-01  0.000000E+00
  3.260870E-01 -2.855338E-02  5.000000E-01  3.293787E-01 -2.865839E-02  0.000000E+00  1.850916E-02  6.524234E-04  1.141677E-18 -4.146249E-01  0.000000E+00
  3.458260E-01 -2.798350E-02  5.000000E-01  3.493169E-01 -2.808275E-02  0.000000E+00  1.806436E-02  4.213603E-04 -3.721341E-19 -3.466864E-01  0.000000E+00
  3.659650E-01 -2.763764E-02  5.000000E-01  3.696592E-01 -2.773340E-02  0.000000E+00  1.855422E-02  2.707253E-04  2.373734E-19 -3.024820E-01  0.000000E+00
  3.864540E-01 -2.740307E-02  5.000000E-01  3.903550E-01 -2.749646E-02  0.000000E+00  1.965126E-02  2.351213E-04  5.744702E-19 -2.960386E-01  0.000000E+00
  4.072410E-01 -2.715400E-02  5.000000E-01  4.113519E-01 -2.724488E-02  0.000000E+00  2.083353E-02  3.275971E-04 -1.171923E-18 -3.249568E-01  0.000000E+00
  4.282690E-01 -2.675703E-02  5.000000E-01  4.325921E-01 -2.684390E-02  0.000000E+00  2.140733E-02  5.489086E-04 -1.246749E-18 -3.750831E-01  0.000000E+00
  4.494800E-01 -2.607431E-02  5.000000E-01  4.540172E-01 -2.615429E-02  0.000000E+00  2.078251E-02  8.186951E-04 -1.233920E-18 -4.213909E-01  0.000000E+00
  4.708130E-01 -2.505911E-02  5.000000E-01  4.755656E-01 -2.512884E-02  0.000000E+00  1.891769E-02  9.981641E-04 -8.763093E-19 -4.338097E-01  0.000000E+00
  4.922030E-01 -2.377915E-02  5.000000E-01  4.971715E-01 -2.383596E-02  0.000000E+00  1.643586E-02  1.041985E-03  5.185033E-19 -3.946549E-01  0.000000E+00
  5.135860E-01 -2.230987E-02  5.000000E-01  5.187703E-01 -2.235185E-02  0.000000E+00  1.420592E-02  1.011848E-03  2.013736E-18 -3.110731E-01  0.000000E+00
  5.348990E-01 -2.072410E-02  5.000000E-01  5.402985E-01 -2.075007E-02  0.000000E+00  1.278612E-02  9.723660E-04  1.242751E-18 -2.117735E-01  0.000000E+00
  5.560760E-01 -1.909474E-02  5.000000E-01  5.616892E-01 -1.910426E-02  0.000000E+00  1.220636E-02  9.530436E-04  9.742840E-19 -1.306749E-01  0.000000E+00
  4.759900E-01  7.395346E-02  5.000000E-01  4.807948E-01  7.488319E-02  0.000000E+00  2.315920E-02 -8.922285E-04 -9.757427E-18 -8.102992E-01  0.000000E+00
  4.548480E-01  7.468587E-02  5.000000E-01  4.594394E-01  7.562299E-02  0.000000E+00  2.332118E-02 -7.271021E-04 -9.709863E-18 -7.948301E-01  0.000000E+00
  4.337860E-01  7.526851E-02  5.000000E-01  4.381648E-01  7.621151E-02  0.000000E+00  2.352616E-02 -5.672002E-04 -9.704223E-18 -7.799948E-01  0.000000E+00
  4.128620E-01  7.569954E-02  5.000000E-01  4.170296E-01  7.664689E-02  0.000000E+00  2.378499E-02 -3.835136E-04 -1.061823E-17 -7.629925E-01  0.000000E+00
  3.921340E-01  7.594339E-02  5.000000E-01  3.960924E-01  7.689320E-02  0.000000E+00  2.406721E-02 -1.517537E-04 -1.207808E-17 -7.412467E-01  0.000000E+00
  3.716590E-01  7.596284E-02  5.000000E-01  3.754107E-01  7.691285E-02  0.000000E+00  2.430348E-02  1.338322E-04 -1.135913E-17 -7.135773E-01  0.000000E+00
  3.514890E-01  7.572384E-02  5.000000E-01  3.550371E-01  7.667144E-02  0.000000E+00  2.443358E-02  4.704242E-04 -9.011262E-18 -6.797940E-01  0.000000E+00
  3.316730E-01  7.519826E-02  5.000000E-01  3.350210E-01  7.614055E-02  0.000000E+00  2.441624E-02  8.422796E-04 -7.444759E-18 -6.412745E-01  0.000000E+00
  3.122580E-01  7.437354E-02  5.000000E-01  3.154101E-01  7.530751E-02  0.000000E+00  2.421424E-02  1.201521E-03 -5.569768E-18 -6.022890E-01  0.000000E+00
  2.932850E-01  7.329283E-02  5.000000E-01  2.962455E-01  7.421589E-02  0.000000E+00  2.383768E-02  1.500987E-03 -4.699793E-18 -5.677483E-01  0.000000E+00
  2.747930E-01  7.201362E-02  5.000000E-01  2.775669E-01  7.292377E-02  0.000000E+00  2.337037E-02  1.735913E-03 -4.200348E-18 -5.399654E-01  0.000000E+00
  2.568150E-01  7.058393E-02  5.000000E-01  2.594074E-01  7.147965E-02  0.000000E+00  2.290890E-02  1.924375E-03 -3.210126E-18 -5.191792E-01  0.000000E+00
  2.393810E-01  6.904023E-02  5.000000E-01  2.417974E-01  6.992037E-02  0.000000E+00  2.252118E-02  2.087538E-03 -3.034349E-18 -5.048591E-01  0.000000E+00
  2.225160E-01  6.740821E-02  5.000000E-01  2.247622E-01  6.827186E-02  0.000000E+00  2.223909E-02  2.240544E-03 -3.580816E-18 -4.971034E-01  0.000000E+00
  2.062420E-01  6.570449E-02  5.000000E-01  2.083239E-01  6.655095E-02  0.000000E+00  2.204947E-02  2.360893E-03 -2.005915E-18 -4.994036E-01  0.000000E+00
  1.905750E-01  6.398473E-02  5.000000E-01  1.924988E-01  6.481383E-02  0.000000E+00  2.194877E-02  2.395589E-03  8.657102E-19 -5.175113E-01  0.000000E+00
  1.755290E-01  6.234737E-02  5.000000E-01  1.773009E-01  6.315994E-02  0.000000E+00  2.205645E-02  2.363268E-03  1.522230E-18 -5.507792E-01  0.000000E+00
  1.611160E-01  6.082719E-02  5.000000E-01  1.627424E-01  6.162442E-02  0.000000E+00  2.252310E-02  2.339538E-03  2.027658E-18 -5.917307E-01  0.000000E+00
  1.473410E-01  5.941943E-02  5.000000E-01  1.488284E-01  6.020244E-02  0.000000E+00  2.335622E-02  2.367463E-03  2.154729E-18 -6.330374E-01  0.000000E+00
  1.342110E-01  5.810060E-02  5.000000E-01  1.355658E-01  5.887031E-02  0.000000E+00  2.442622E-02  2.460317E-03  3.947546E-18 -6.699262E-01  0.000000E+00
  1.217280E-01  5.684056E-02  5.000000E-01  1.229568E-01  5.759755E-02  0.000000E+00  2.556352E-02  2.619906E-03  7.859039E-18 -7.004013E-01  0.000000E+00
  1.098910E-01  5.561002E-02  5.000000E-01  1.110003E-01  5.635458E-02  0.000000E+00  2.665797E-02  2.855539E-03  1.083842E-17 -7.238454E-01  0.000000E+00
  9.869950E-02  5.437700E-02  5.000000E-01  9.969585E-02  5.510912E-02  0.000000E+00  2.768363E-02  3.186403E-03  1.386471E-17 -7.400242E-01  0.000000E+00
  8.814970E-02  5.311210E-02  5.000000E-01  8.903956E-02  5.383145E-02  0.000000E+00  2.867109E-02  3.641989E-03  1.855053E-17 -7.484579E-01  0.000000E+00
  8.814970E-02  5.311210E-02  5.000000E-01  8.903956E-02  5.383145E-02  0.000000E+00  2.867109E-02  3.641989E-03  1.855053E-17 -7.484579E-01  0.000000E+00
  7.823720E-02  5.178458E-02  5.000000E-01  7.902700E-02  5.249053E-02  0.000000E+00  2.966896E-02  4.269110E-03  2.494470E-17 -7.477604E-01  0.000000E+00
  6.895800E-02  5.035968E-02  5.000000E-01  6.965413E-02  5.105125E-02  0.000000E+00  3.069093E-02  5.115211E-03  2.999393E-17 -7.362619E-01  0.000000E+00
  6.030560E-02  4.880768E-02  5.000000E-01  6.091439E-02  4.948358E-02  0.000000E+00  3.172120E-02  6.242805E-03  3.271512E-17 -7.112603E-01  0.000000E+00
  5.227560E-02  4.709227E-02  5.000000E-01  5.280334E-02  4.775085E-02  0.000000E+00  3.269718E-02  7.723807E-03  3.154628E-17 -6.689249E-01  0.000000E+00
  4.486350E-02  4.517856E-02  5.000000E-01  4.531642E-02  4.581782E-02  0.000000E+00  3.346414E-02  9.589653E-03  2.469146E-17 -6.058233E-01  0.000000E+00
  3.806240E-02  4.304066E-02  5.000000E-01  3.844666E-02  4.365834E-02  0.000000E+00  3.381269E-02  1.184326E-02  1.392530E-17 -5.176068E-01  0.000000E+00
  3.186880E-02  4.065037E-02  5.000000E-01  3.219054E-02  4.124392E-02  0.000000E+00  3.346211E-02  1.438272E-02  2.922288E-18 -4.006610E-01  0.000000E+00
  2.627530E-02  3.799534E-02  5.000000E-01  2.654058E-02  3.856210E-02  0.000000E+00  3.211983E-02  1.694862E-02 -5.804187E-18 -2.540813E-01  0.000000E+00
  2.127350E-02  3.507637E-02  5.000000E-01  2.148829E-02  3.561366E-02  0.000000E+00  2.964743E-02  1.921589E-02 -1.109796E-17 -7.832467E-02  0.000000E+00
  1.685790E-02  3.189994E-02  5.000000E-01  1.702812E-02  3.240517E-02  0.000000E+00  2.611357E-02  2.076986E-02 -1.627282E-17  1.198656E-01  0.000000E+00
  1.301460E-02  2.850285E-02  5.000000E-01  1.314603E-02  2.897379E-02  0.000000E+00  2.182777E-02  2.128374E-02 -2.409269E-17  3.291744E-01  0.000000E+00
  9.730790E-03  2.493366E-02  5.000000E-01  9.829068E-03  2.536857E-02  0.000000E+00  1.726001E-02  2.070154E-02 -3.000527E-17  5.389337E-01  0.000000E+00
  6.996180E-03  2.125194E-02  5.000000E-01  7.066854E-03  2.164969E-02  0.000000E+00  1.287298E-02  1.905987E-02 -2.962361E-17  7.331696E-01  0.000000E+00
  4.781010E-03  1.755684E-02  5.000000E-01  4.829323E-03  1.791729E-02  0.000000E+00  8.997561E-03  1.652496E-02 -2.139592E-17  8.983829E-01  0.000000E+00
  3.054950E-03  1.395237E-02  5.000000E-01  3.085840E-03  1.427643E-02  0.000000E+00  5.774230E-03  1.337172E-02 -1.715556E-17  1.030861E+00  0.000000E+00
  1.789910E-03  1.054245E-02  5.000000E-01  1.808030E-03  1.083208E-02  0.000000E+00  3.255726E-03  9.769204E-03 -1.864863E-17  1.127233E+00  0.000000E+00
  9.331870E-04  7.445761E-03  5.000000E-01  9.426592E-04  7.704141E-03  0.000000E+00  1.460442E-03  5.814785E-03 -2.122621E-17  1.185089E+00  0.000000E+00
  4.085430E-04  4.780025E-03  5.000000E-01  4.127194E-04  5.011496E-03  0.000000E+00  3.334417E-04  1.590674E-03 -2.956299E-17  1.208072E+00  0.000000E+00
  1.354760E-04  2.639696E-03  5.000000E-01  1.368959E-04  2.849562E-03  0.000000E+00 -2.199605E-04 -2.880719E-03 -4.528977E-17  1.204140E+00  0.000000E+00
  2.683130E-05  1.081227E-03  5.000000E-01  2.715455E-05  1.275362E-03  0.000000E+00 -3.078757E-04 -7.614045E-03 -6.700125E-17  1.181697E+00  0.000000E+00
  1.320070E-06  1.354870E-04  5.000000E-01  1.385806E-06  3.200753E-04  0.000000E+00 -1.852541E-04 -1.220389E-02 -8.095128E-17  1.143349E+00  0.000000E+00
 -5.188750E-08 -1.813897E-04  5.000000E-01  0.000000E+00  0.000000E+00  0.000000E+00 -4.134839E-05 -1.517226E-02 -7.507598E-17  1.110021E+00  0.000000E+00
  2.733630E-06 -5.133872E-04  5.000000E-01  2.813635E-06 -3.353488E-04  0.000000E+00  4.180179E-04 -1.741140E-02 -4.964800E-17  1.101362E+00  0.000000E+00
    1    2
    2    3
    3    4
    4    5
    5    6
    6    7
    7    8
    8    9
    9   10
   10   11
   11   12
   12   13
   13   14
   14   15
   15   16
   16   17
   17   18
   18   19
   19   20
   20   21
   21   22
   22   23
   23   24
   25   26
   26   27
   27   28
   28   29
   29   30
   30   31
   31   32
   32   33
   33   34
   34   35
   35   36
   36   37
   37   38
   38   39
   39   40
   40   41
   41   42
   42   43
   43   44
   44   45
   45   46
   46   47
   47   48
   49   50
   50   51
   51   52
   52   53
   53   54
   54   55
   55   56
   56   57
   57   58
   58   59
   59   60
   60   61
   61   62
   62   63
   63   64
   64   65
   65   66
   66   67
   67   68
   68   69
   69   70
   70   71
   71   72
   73   74
   74   75
   75   76
   76   77
   77   78
   78   79
   79   80
   80   81
   81   82
   82   83
   83   84
   84   85
   85   86
   86   87
   87   88
   88   89
   89   90
   90   91
   91   92
   92   93
   93   94
   94   95
   95   96
   97   98
   98   99
   99  100
  100  101
  101  102
  102  103
  103  104
  104  105
  105  106
  106  107
  107  108
  108  109
  109  110
  110  111
  111  112
  112  113
  113  114
  114  115
  115  116
  116  117
  117  118
  118  119
  119  120
  121  122
  122  123
  123  124
  124  125
  125  126
  126  127
  127  128
  128  129
  129  130
  130  131
  131  132
  132  133
  133  134
  134  135
  135  136
  136  137
  137  138
  138  139
  139  140
  140  141
  141  142
  142  143
  143  144
  145  146
  146  147
  147  148
  148  149
  149  150
  150  151
  151  152
  152  153
  153  154
  154  155
  155  156
  156  157
  157  158
  158  159
  159  160
  160  161
  161  162
  162  163
  163  164
  164  165
  165  166
  166  167
  167  168
  169  170
  170  171
  171  172
  172  173
  173  174
  174  175
  175  176
  176  177
  177  178
  178  179
  179  180
  180  181
  181  182
  182  183
  183  184
  184  185
  185  186
  186  187
  187  188
  188  189
  189  190
  190  191
  191  192
