 Title = "ADflow Slice Data"
Variables =  "CoordinateX"  "CoordinateY"  "CoordinateZ"  "XoC"  "YoC"  "ZoC" "VelocityX" "VelocityY" "VelocityZ" "CoefPressure" "Mach" 
Zone T= "Slice_0001 None Absolute Regular z = 0.50000000"
 Nodes =          192  Elements=          184  ZONETYPE=FELINESEG
 DATAPACKING=POINT
  5.560760E-01 -1.898805E-02  5.000000E-01  5.616895E-01 -1.900615E-02  0.000000E+00  1.453259E-02  1.081948E-03 -1.818659E-18 -1.729993E-01  0.000000E+00
  5.770550E-01 -1.739998E-02  5.000000E-01  5.828802E-01 -1.740205E-02  0.000000E+00  1.413168E-02  1.103238E-03 -2.141477E-18 -1.297461E-01  0.000000E+00
  5.977760E-01 -1.574356E-02  5.000000E-01  6.038104E-01 -1.572891E-02  0.000000E+00  1.385234E-02  1.148562E-03 -3.109037E-18 -1.041294E-01  0.000000E+00
  6.181820E-01 -1.399330E-02  5.000000E-01  6.244224E-01 -1.396098E-02  0.000000E+00  1.348654E-02  1.205712E-03 -1.620159E-18 -8.817617E-02  0.000000E+00
  6.382180E-01 -1.212322E-02  5.000000E-01  6.446607E-01 -1.207202E-02  0.000000E+00  1.290962E-02  1.257587E-03  1.926021E-19 -7.057958E-02  0.000000E+00
  6.578350E-01 -1.012082E-02  5.000000E-01  6.644757E-01 -1.004941E-02  0.000000E+00  1.209855E-02  1.285510E-03  7.232801E-19 -4.374007E-02  0.000000E+00
  6.769910E-01 -7.994271E-03  5.000000E-01  6.838251E-01 -7.901393E-03  0.000000E+00  1.109922E-02  1.277459E-03  3.428979E-19 -6.730933E-03  0.000000E+00
  6.956490E-01 -5.762528E-03  5.000000E-01  7.026714E-01 -5.647121E-03  0.000000E+00  9.981772E-03  1.229433E-03  2.721531E-19  3.684672E-02  0.000000E+00
  7.137810E-01 -3.458679E-03  5.000000E-01  7.209864E-01 -3.320015E-03  0.000000E+00  8.811525E-03  1.142785E-03 -4.881436E-19  8.277565E-02  0.000000E+00
  7.313660E-01 -1.127164E-03  5.000000E-01  7.387490E-01 -9.649649E-04  0.000000E+00  7.636434E-03  1.025906E-03  3.637263E-20  1.280480E-01  0.000000E+00
  7.483850E-01  1.192609E-03  5.000000E-01  7.559398E-01  1.378226E-03  0.000000E+00  6.494810E-03  8.932283E-04  7.231689E-19  1.710440E-01  0.000000E+00
  7.648220E-01  3.475084E-03  5.000000E-01  7.725427E-01  3.683742E-03  0.000000E+00  5.433852E-03  7.592559E-04  1.852562E-18  2.110361E-01  0.000000E+00
  7.806630E-01  5.702696E-03  5.000000E-01  7.885436E-01  5.933841E-03  0.000000E+00  4.524146E-03  6.297913E-04  1.064917E-18  2.484043E-01  0.000000E+00
  7.958970E-01  7.807169E-03  5.000000E-01  8.039314E-01  8.059557E-03  0.000000E+00  3.858278E-03  5.047450E-04 -6.361230E-19  2.846547E-01  0.000000E+00
  8.105170E-01  9.603742E-03  5.000000E-01  8.186990E-01  9.874266E-03  0.000000E+00  3.498388E-03  3.920676E-04 -1.895569E-19  3.170626E-01  0.000000E+00
  8.245160E-01  1.099979E-02  5.000000E-01  8.328393E-01  1.128441E-02  0.000000E+00  3.431589E-03  2.991148E-04 -4.349386E-19  3.402833E-01  0.000000E+00
  8.378940E-01  1.199286E-02  5.000000E-01  8.463523E-01  1.228750E-02  0.000000E+00  3.597226E-03  2.209089E-04 -1.518708E-18  3.538245E-01  0.000000E+00
  8.506490E-01  1.262518E-02  5.000000E-01  8.592361E-01  1.292621E-02  0.000000E+00  3.929901E-03  1.481759E-04 -1.527641E-18  3.606441E-01  0.000000E+00
  8.627850E-01  1.295525E-02  5.000000E-01  8.714946E-01  1.325961E-02  0.000000E+00  4.375991E-03  7.358219E-05 -7.879323E-19  3.632491E-01  0.000000E+00
  8.743060E-01  1.304281E-02  5.000000E-01  8.831319E-01  1.334805E-02  0.000000E+00  4.892296E-03 -6.868570E-06 -3.520524E-19  3.627590E-01  0.000000E+00
  8.852170E-01  1.293966E-02  5.000000E-01  8.941530E-01  1.324386E-02  0.000000E+00  5.444816E-03 -9.462508E-05  9.730715E-19  3.597981E-01  0.000000E+00
  8.955250E-01  1.268695E-02  5.000000E-01  9.045651E-01  1.298860E-02  0.000000E+00  6.009622E-03 -1.897225E-04  1.569437E-18  3.548832E-01  0.000000E+00
  9.052400E-01  1.231782E-02  5.000000E-01  9.143782E-01  1.261574E-02  0.000000E+00  6.573417E-03 -2.921497E-04  1.357893E-18  3.484167E-01  0.000000E+00
  9.143710E-01  1.185809E-02  5.000000E-01  9.236013E-01  1.215137E-02  0.000000E+00  7.134852E-03 -4.046643E-04  4.535105E-19  3.408268E-01  0.000000E+00
  9.143710E-01  1.185809E-02  5.000000E-01  9.236013E-01  1.215137E-02  0.000000E+00  7.134852E-03 -4.046643E-04  4.535105E-19  3.408268E-01  0.000000E+00
  9.229270E-01  1.132282E-02  5.000000E-01  9.322437E-01  1.161069E-02  0.000000E+00  7.704001E-03 -5.327580E-04 -9.136713E-20  3.323526E-01  0.000000E+00
  9.309180E-01  1.072143E-02  5.000000E-01  9.403154E-01  1.100324E-02  0.000000E+00  8.297969E-03 -6.816895E-04  2.187446E-19  3.227468E-01  0.000000E+00
  9.383550E-01  1.006274E-02  5.000000E-01  9.478274E-01  1.033790E-02  0.000000E+00  8.937225E-03 -8.564011E-04  1.431701E-20  3.115513E-01  0.000000E+00
  9.452490E-01  9.355678E-03  5.000000E-01  9.547910E-01  9.623698E-03  0.000000E+00  9.645145E-03 -1.063654E-03  3.940105E-19  2.983871E-01  0.000000E+00
  9.516100E-01  8.608831E-03  5.000000E-01  9.612162E-01  8.869313E-03  0.000000E+00  1.044812E-02 -1.312092E-03  4.002433E-19  2.828594E-01  0.000000E+00
  9.574470E-01  7.831860E-03  5.000000E-01  9.671122E-01  8.084498E-03  0.000000E+00  1.137372E-02 -1.610629E-03 -4.758386E-19  2.643720E-01  0.000000E+00
  9.627730E-01  7.036137E-03  5.000000E-01  9.724919E-01  7.280743E-03  0.000000E+00  1.245014E-02 -1.968826E-03 -7.306865E-19  2.422424E-01  0.000000E+00
  9.675950E-01  6.235218E-03  5.000000E-01  9.773626E-01  6.471739E-03  0.000000E+00  1.370853E-02 -2.396298E-03 -6.140365E-19  2.157541E-01  0.000000E+00
  9.719240E-01  5.444309E-03  5.000000E-01  9.817353E-01  5.672846E-03  0.000000E+00  1.518951E-02 -2.903397E-03  1.567562E-18  1.840821E-01  0.000000E+00
  9.757700E-01  4.679914E-03  5.000000E-01  9.856201E-01  4.900734E-03  0.000000E+00  1.695682E-02 -3.506636E-03  5.880492E-18  1.463977E-01  0.000000E+00
  9.791410E-01  3.958630E-03  5.000000E-01  9.890252E-01  4.172169E-03  0.000000E+00  1.910993E-02 -4.231647E-03  3.571137E-18  1.018038E-01  0.000000E+00
  9.820450E-01  3.296423E-03  5.000000E-01  9.919585E-01  3.503277E-03  0.000000E+00  2.176686E-02 -5.109892E-03 -2.586242E-17  4.896096E-02  0.000000E+00
  9.844890E-01  2.708106E-03  5.000000E-01  9.944271E-01  2.909021E-03  0.000000E+00  2.499083E-02 -6.165520E-03 -1.127311E-16 -1.382703E-02  0.000000E+00
  9.864800E-01  2.207028E-03  5.000000E-01  9.964382E-01  2.402885E-03  0.000000E+00  2.870819E-02 -7.353226E-03 -2.277043E-16 -8.699256E-02  0.000000E+00
  9.880230E-01  1.804941E-03  5.000000E-01  9.979968E-01  1.996739E-03  0.000000E+00  3.240131E-02 -8.472908E-03 -6.916732E-17 -1.775096E-01  0.000000E+00
  9.891220E-01  1.511109E-03  5.000000E-01  9.991069E-01  1.699941E-03  0.000000E+00  3.584000E-02 -9.752759E-03  1.212313E-15 -2.861957E-01  0.000000E+00
  9.897810E-01  1.332089E-03  5.000000E-01  9.997726E-01  1.519114E-03  0.000000E+00  5.259495E-02 -1.246975E-02  4.550846E-15 -3.047142E-01  0.000000E+00
  9.900000E-01  1.271994E-03  5.000000E-01  9.999938E-01  1.458412E-03  0.000000E+00  3.637359E-02 -2.286905E-03  1.197599E-14 -6.790147E-01  0.000000E+00
  9.900000E-01  1.681502E-03  5.000000E-01  9.999938E-01  1.872054E-03  0.000000E+00  2.118449E-03 -7.781047E-03  3.532107E-14 -9.780604E-01  0.000000E+00
  9.900000E-01  2.091010E-03  5.000000E-01  9.999938E-01  2.285696E-03  0.000000E+00 -5.403482E-04 -2.188784E-02  6.879760E-14 -8.228378E-01  0.000000E+00
  9.900000E-01  2.500519E-03  5.000000E-01  9.999938E-01  2.699339E-03  0.000000E+00 -1.404006E-04 -1.342636E-02  9.501905E-14 -7.953706E-01  0.000000E+00
  9.900000E-01  2.910012E-03  5.000000E-01  9.999938E-01  3.112966E-03  0.000000E+00  3.207422E-04 -8.279746E-03  1.132920E-13 -8.256173E-01  0.000000E+00
  9.900000E-01  3.319520E-03  5.000000E-01  9.999938E-01  3.526608E-03  0.000000E+00  4.495596E-03 -6.772541E-03  1.265683E-13 -7.902999E-01  0.000000E+00
  9.900000E-01  3.319520E-03  5.000000E-01  9.999938E-01  3.526608E-03  0.000000E+00  4.495596E-03 -6.772541E-03  1.265683E-13 -7.902999E-01  0.000000E+00
  9.897980E-01  3.423871E-03  5.000000E-01  9.997897E-01  3.632012E-03  0.000000E+00  5.490560E-03 -3.376212E-03  1.187535E-13 -7.418857E-01  0.000000E+00
  9.891900E-01  3.736920E-03  5.000000E-01  9.991756E-01  3.948221E-03  0.000000E+00  1.188276E-03 -5.479041E-04  8.437828E-14 -7.498908E-01  0.000000E+00
  9.881780E-01  4.257979E-03  5.000000E-01  9.981534E-01  4.474540E-03  0.000000E+00 -1.205546E-03  6.233508E-04  4.646333E-14 -7.567758E-01  0.000000E+00
  9.867570E-01  4.985752E-03  5.000000E-01  9.967180E-01  5.209659E-03  0.000000E+00 -2.581050E-03  1.306763E-03  1.900643E-14 -7.634283E-01  0.000000E+00
  9.849260E-01  5.916721E-03  5.000000E-01  9.948686E-01  6.150026E-03  0.000000E+00 -3.207113E-03  1.620491E-03  4.579977E-15 -7.731481E-01  0.000000E+00
  9.826810E-01  7.044401E-03  5.000000E-01  9.926009E-01  7.289090E-03  0.000000E+00 -3.228830E-03  1.611373E-03 -6.769616E-16 -7.823655E-01  0.000000E+00
  9.800160E-01  8.359053E-03  5.000000E-01  9.899090E-01  8.617012E-03  0.000000E+00 -2.929124E-03  1.430535E-03 -1.470400E-15 -7.880792E-01  0.000000E+00
  9.769240E-01  9.846596E-03  5.000000E-01  9.867858E-01  1.011957E-02  0.000000E+00 -2.604108E-03  1.232937E-03 -9.069459E-16 -7.903535E-01  0.000000E+00
  9.733970E-01  1.148588E-02  5.000000E-01  9.832232E-01  1.177540E-02  0.000000E+00 -2.443130E-03  1.108391E-03 -3.337662E-16 -7.911226E-01  0.000000E+00
  9.694240E-01  1.325039E-02  5.000000E-01  9.792101E-01  1.355772E-02  0.000000E+00 -2.508272E-03  1.082121E-03 -5.070058E-17 -7.923450E-01  0.000000E+00
  9.649940E-01  1.511336E-02  5.000000E-01  9.747354E-01  1.543951E-02  0.000000E+00 -2.796164E-03  1.147666E-03  2.682682E-17 -7.938462E-01  0.000000E+00
  9.600960E-01  1.705457E-02  5.000000E-01  9.697879E-01  1.740031E-02  0.000000E+00 -3.300371E-03  1.277788E-03  2.526981E-17 -7.943349E-01  0.000000E+00
  9.547180E-01  1.905379E-02  5.000000E-01  9.643556E-01  1.941971E-02  0.000000E+00 -3.899968E-03  1.394129E-03  1.040701E-17 -8.008536E-01  0.000000E+00
  9.488510E-01  2.109156E-02  5.000000E-01  9.584294E-01  2.147805E-02  0.000000E+00 -4.055534E-03  1.327004E-03  2.833724E-18 -8.362174E-01  0.000000E+00
  9.424820E-01  2.315253E-02  5.000000E-01  9.519961E-01  2.355982E-02  0.000000E+00 -2.641148E-03  8.081730E-04  2.978162E-18 -9.204513E-01  0.000000E+00
  9.356020E-01  2.522610E-02  5.000000E-01  9.450467E-01  2.565433E-02  0.000000E+00  1.643121E-03 -4.341892E-04  9.515872E-18 -1.037338E+00  0.000000E+00
  9.282010E-01  2.730598E-02  5.000000E-01  9.375709E-01  2.775520E-02  0.000000E+00  8.869381E-03 -2.323695E-03  2.153679E-17 -1.137699E+00  0.000000E+00
  9.202710E-01  2.938688E-02  5.000000E-01  9.295609E-01  2.985711E-02  0.000000E+00  1.671041E-02 -4.171209E-03  3.423259E-17 -1.185350E+00  0.000000E+00
  9.118010E-01  3.145642E-02  5.000000E-01  9.210054E-01  3.194754E-02  0.000000E+00  2.208431E-02 -5.186134E-03  3.885206E-17 -1.184007E+00  0.000000E+00
  9.027810E-01  3.349832E-02  5.000000E-01  9.118943E-01  3.401005E-02  0.000000E+00  2.406180E-02 -5.243237E-03  3.325971E-17 -1.157536E+00  0.000000E+00
  8.932000E-01  3.549655E-02  5.000000E-01  9.022166E-01  3.602845E-02  0.000000E+00  2.393816E-02 -4.787373E-03  2.525702E-17 -1.123381E+00  0.000000E+00
  8.830490E-01  3.743249E-02  5.000000E-01  8.919631E-01  3.798394E-02  0.000000E+00  2.324366E-02 -4.226677E-03  1.931007E-17 -1.087630E+00  0.000000E+00
  8.723190E-01  3.928484E-02  5.000000E-01  8.811248E-01  3.985499E-02  0.000000E+00  2.268579E-02 -3.711206E-03  1.507198E-17 -1.051135E+00  0.000000E+00
  8.723190E-01  3.928484E-02  5.000000E-01  8.811248E-01  3.985499E-02  0.000000E+00  2.268579E-02 -3.711206E-03  1.507198E-17 -1.051135E+00  0.000000E+00
  8.610010E-01  4.103250E-02  5.000000E-01  8.696926E-01  4.162029E-02  0.000000E+00  2.231905E-02 -3.244485E-03  1.213699E-17 -1.013688E+00  0.000000E+00
  8.490890E-01  4.265581E-02  5.000000E-01  8.576603E-01  4.325999E-02  0.000000E+00  2.198668E-02 -2.801319E-03  1.050642E-17 -9.753599E-01  0.000000E+00
  8.365770E-01  4.413859E-02  5.000000E-01  8.450220E-01  4.475773E-02  0.000000E+00  2.156514E-02 -2.376544E-03  9.447346E-18 -9.371084E-01  0.000000E+00
  8.234620E-01  4.547422E-02  5.000000E-01  8.317746E-01  4.610684E-02  0.000000E+00  2.102198E-02 -1.989311E-03  9.109077E-18 -9.012311E-01  0.000000E+00
  8.097400E-01  4.667222E-02  5.000000E-01  8.179141E-01  4.731694E-02  0.000000E+00  2.039053E-02 -1.674530E-03  1.023375E-17 -8.716751E-01  0.000000E+00
  7.954150E-01  4.777045E-02  5.000000E-01  8.034445E-01  4.842625E-02  0.000000E+00  1.973777E-02 -1.474509E-03  1.075166E-17 -8.535586E-01  0.000000E+00
  7.804870E-01  4.884910E-02  5.000000E-01  7.883658E-01  4.951579E-02  0.000000E+00  1.917014E-02 -1.417040E-03  9.128277E-18 -8.504429E-01  0.000000E+00
  7.649630E-01  5.001911E-02  5.000000E-01  7.726851E-01  5.069761E-02  0.000000E+00  1.885102E-02 -1.473257E-03  6.142579E-18 -8.598979E-01  0.000000E+00
  7.488530E-01  5.132507E-02  5.000000E-01  7.564125E-01  5.201676E-02  0.000000E+00  1.887958E-02 -1.590515E-03  2.816123E-18 -8.760994E-01  0.000000E+00
  7.321700E-01  5.278425E-02  5.000000E-01  7.395611E-01  5.349067E-02  0.000000E+00  1.919769E-02 -1.743429E-03 -1.598510E-18 -8.949677E-01  0.000000E+00
  7.149290E-01  5.440650E-02  5.000000E-01  7.221460E-01  5.512930E-02  0.000000E+00  1.968073E-02 -1.913157E-03 -7.823101E-18 -9.136086E-01  0.000000E+00
  6.971500E-01  5.618845E-02  5.000000E-01  7.041876E-01  5.692924E-02  0.000000E+00  2.022497E-02 -2.074030E-03 -1.297855E-17 -9.293600E-01  0.000000E+00
  6.788570E-01  5.810648E-02  5.000000E-01  6.857099E-01  5.886662E-02  0.000000E+00  2.077618E-02 -2.193836E-03 -1.810928E-17 -9.395665E-01  0.000000E+00
  6.600760E-01  6.010597E-02  5.000000E-01  6.667393E-01  6.088629E-02  0.000000E+00  2.130231E-02 -2.244362E-03 -2.142038E-17 -9.424138E-01  0.000000E+00
  6.408370E-01  6.211365E-02  5.000000E-01  6.473061E-01  6.291424E-02  0.000000E+00  2.175376E-02 -2.223315E-03 -2.077188E-17 -9.384188E-01  0.000000E+00
  6.211780E-01  6.408070E-02  5.000000E-01  6.274486E-01  6.490115E-02  0.000000E+00  2.209899E-02 -2.145808E-03 -1.946721E-17 -9.293409E-01  0.000000E+00
  6.011430E-01  6.596722E-02  5.000000E-01  6.072114E-01  6.680672E-02  0.000000E+00  2.235624E-02 -2.023624E-03 -1.874327E-17 -9.164210E-01  0.000000E+00
  5.807790E-01  6.773669E-02  5.000000E-01  5.866418E-01  6.859404E-02  0.000000E+00  2.255670E-02 -1.868239E-03 -1.667930E-17 -9.006321E-01  0.000000E+00
  5.601410E-01  6.936263E-02  5.000000E-01  5.657955E-01  7.023640E-02  0.000000E+00  2.272687E-02 -1.688726E-03 -1.394130E-17 -8.826962E-01  0.000000E+00
  5.392850E-01  7.081996E-02  5.000000E-01  5.447290E-01  7.170844E-02  0.000000E+00  2.288059E-02 -1.492656E-03 -1.196058E-17 -8.633217E-01  0.000000E+00
  5.182680E-01  7.209375E-02  5.000000E-01  5.234998E-01  7.299509E-02  0.000000E+00  2.301675E-02 -1.292173E-03 -1.048369E-17 -8.436027E-01  0.000000E+00
  4.971500E-01  7.318479E-02  5.000000E-01  5.021686E-01  7.409714E-02  0.000000E+00  2.314380E-02 -1.095170E-03 -8.914193E-18 -8.243045E-01  0.000000E+00
  4.759900E-01  7.409441E-02  5.000000E-01  4.807950E-01  7.501594E-02  0.000000E+00  2.328046E-02 -9.018874E-04 -8.013905E-18 -8.055756E-01  0.000000E+00
  2.733630E-06 -4.857949E-04  5.000000E-01  2.813636E-06 -3.171209E-04  0.000000E+00  4.678854E-04 -1.838742E-02  4.524090E-19  1.097063E+00  0.000000E+00
  4.455870E-05 -1.427277E-03  5.000000E-01  4.506092E-05 -1.268107E-03  0.000000E+00  2.255580E-03 -2.188702E-02  2.836402E-17  1.067763E+00  0.000000E+00
  2.731490E-04 -2.960549E-03  5.000000E-01  2.759588E-04 -2.816857E-03  0.000000E+00  6.585291E-03 -2.484371E-02  4.226583E-17  9.470519E-01  0.000000E+00
  9.950900E-04 -4.916316E-03  5.000000E-01  1.005188E-03 -4.792367E-03  0.000000E+00  1.276625E-02 -2.521009E-02  4.245373E-17  7.373460E-01  0.000000E+00
  2.349870E-03 -6.992223E-03  5.000000E-01  2.373644E-03 -6.889229E-03  0.000000E+00  1.845807E-02 -2.401467E-02  3.930190E-17  5.281967E-01  0.000000E+00
  4.254460E-03 -9.121408E-03  5.000000E-01  4.297460E-03 -9.039907E-03  0.000000E+00  2.307735E-02 -2.270451E-02  2.673029E-17  3.567344E-01  0.000000E+00
  6.687140E-03 -1.124520E-02  5.000000E-01  6.754697E-03 -1.118514E-02  0.000000E+00  2.708197E-02 -2.122111E-02  5.206070E-18  1.939180E-01  0.000000E+00
  9.634000E-03 -1.332602E-02  5.000000E-01  9.731305E-03 -1.328697E-02  0.000000E+00  3.034968E-02 -1.922121E-02 -7.798091E-18  2.847047E-02  0.000000E+00
  1.310530E-02 -1.529622E-02  5.000000E-01  1.323765E-02 -1.527705E-02  0.000000E+00  3.258405E-02 -1.656736E-02 -1.680316E-18 -1.355640E-01  0.000000E+00
  1.710810E-02 -1.710404E-02  5.000000E-01  1.728085E-02 -1.710312E-02  0.000000E+00  3.385125E-02 -1.379181E-02  2.278672E-17 -2.757696E-01  0.000000E+00
  2.163760E-02 -1.875008E-02  5.000000E-01  2.185608E-02 -1.876577E-02  0.000000E+00  3.454150E-02 -1.137284E-02  5.448316E-17 -3.827720E-01  0.000000E+00
  2.669190E-02 -2.024403E-02  5.000000E-01  2.696140E-02 -2.027481E-02  0.000000E+00  3.480007E-02 -9.237740E-03  7.671353E-17 -4.690506E-01  0.000000E+00
  3.228310E-02 -2.156175E-02  5.000000E-01  3.260904E-02 -2.160583E-02  0.000000E+00  3.458556E-02 -7.263175E-03  8.716548E-17 -5.442947E-01  0.000000E+00
  3.842170E-02 -2.269120E-02  5.000000E-01  3.880961E-02 -2.274668E-02  0.000000E+00  3.398130E-02 -5.525688E-03  8.971462E-17 -6.074621E-01  0.000000E+00
  4.511710E-02 -2.363318E-02  5.000000E-01  4.557259E-02 -2.369817E-02  0.000000E+00  3.311586E-02 -4.071271E-03  8.477440E-17 -6.572928E-01  0.000000E+00
  5.237940E-02 -2.439306E-02  5.000000E-01  5.290821E-02 -2.446572E-02  0.000000E+00  3.211169E-02 -2.904656E-03  7.557991E-17 -6.933832E-01  0.000000E+00
  6.021800E-02 -2.498659E-02  5.000000E-01  6.082593E-02 -2.506524E-02  0.000000E+00  3.108745E-02 -2.017893E-03  6.521752E-17 -7.156852E-01  0.000000E+00
  6.864140E-02 -2.543910E-02  5.000000E-01  6.933437E-02 -2.552233E-02  0.000000E+00  3.009406E-02 -1.366544E-03  5.514976E-17 -7.258123E-01  0.000000E+00
  7.765990E-02 -2.577171E-02  5.000000E-01  7.844390E-02 -2.585829E-02  0.000000E+00  2.911663E-02 -8.995750E-04  4.459721E-17 -7.255714E-01  0.000000E+00
  8.728340E-02 -2.600965E-02  5.000000E-01  8.816455E-02 -2.609863E-02  0.000000E+00  2.810404E-02 -5.899701E-04  3.558916E-17 -7.153291E-01  0.000000E+00
  9.752070E-02 -2.618521E-02  5.000000E-01  9.850519E-02 -2.627596E-02  0.000000E+00  2.693024E-02 -4.113935E-04  2.951840E-17 -6.950270E-01  0.000000E+00
  1.083810E-01 -2.633047E-02  5.000000E-01  1.094751E-01 -2.642269E-02  0.000000E+00  2.543519E-02 -3.370006E-04  2.420889E-17 -6.640056E-01  0.000000E+00
  1.198710E-01 -2.648129E-02  5.000000E-01  1.210811E-01 -2.657503E-02  0.000000E+00  2.356688E-02 -3.451038E-04  1.852932E-17 -6.204479E-01  0.000000E+00
  1.319970E-01 -2.667768E-02  5.000000E-01  1.333295E-01 -2.677340E-02  0.000000E+00  2.151319E-02 -4.097324E-04  1.316075E-17 -5.625941E-01  0.000000E+00
  1.319970E-01 -2.667768E-02  5.000000E-01  1.333295E-01 -2.677340E-02  0.000000E+00  2.151319E-02 -4.097324E-04  1.316075E-17 -5.625941E-01  0.000000E+00
  1.447640E-01 -2.695716E-02  5.000000E-01  1.462254E-01 -2.705571E-02  0.000000E+00  1.971689E-02 -5.088582E-04  8.374836E-18 -4.910283E-01  0.000000E+00
  1.581750E-01 -2.735421E-02  5.000000E-01  1.597718E-01 -2.745676E-02  0.000000E+00  1.867863E-02 -6.332324E-04  5.896233E-18 -4.122391E-01  0.000000E+00
  1.722290E-01 -2.788924E-02  5.000000E-01  1.739676E-01 -2.799719E-02  0.000000E+00  1.864972E-02 -7.725302E-04  4.923348E-18 -3.407221E-01  0.000000E+00
  1.869240E-01 -2.854900E-02  5.000000E-01  1.888110E-01 -2.866361E-02  0.000000E+00  1.947755E-02 -8.823199E-04  3.397434E-18 -2.950242E-01  0.000000E+00
  2.022540E-01 -2.926069E-02  5.000000E-01  2.042957E-01 -2.938249E-02  0.000000E+00  2.069573E-02 -8.589911E-04  2.556198E-18 -2.888012E-01  0.000000E+00
  2.182110E-01 -2.986085E-02  5.000000E-01  2.204138E-01 -2.998870E-02  0.000000E+00  2.180740E-02 -6.439199E-04  2.417195E-18 -3.183940E-01  0.000000E+00
  2.347810E-01 -3.022199E-02  5.000000E-01  2.371511E-01 -3.035349E-02  0.000000E+00  2.250396E-02 -3.213017E-04  2.558027E-18 -3.622475E-01  0.000000E+00
  2.519470E-01 -3.033474E-02  5.000000E-01  2.544904E-01 -3.046738E-02  0.000000E+00  2.259917E-02  2.552222E-06  2.230279E-18 -3.993836E-01  0.000000E+00
  2.696890E-01 -3.020897E-02  5.000000E-01  2.724115E-01 -3.034034E-02  0.000000E+00  2.202687E-02  2.724863E-04  8.092958E-19 -4.185153E-01  0.000000E+00
  2.879810E-01 -2.987779E-02  5.000000E-01  2.908881E-01 -3.000582E-02  0.000000E+00  2.096693E-02  4.480931E-04 -8.228626E-20 -4.145488E-01  0.000000E+00
  3.067920E-01 -2.940507E-02  5.000000E-01  3.098890E-01 -2.952833E-02  0.000000E+00  1.981405E-02  5.122243E-04  3.762370E-19 -3.882618E-01  0.000000E+00
  3.260870E-01 -2.888518E-02  5.000000E-01  3.293788E-01 -2.900319E-02  0.000000E+00  1.898858E-02  4.801281E-04  1.008261E-18 -3.474144E-01  0.000000E+00
  3.458260E-01 -2.841987E-02  5.000000E-01  3.493171E-01 -2.853318E-02  0.000000E+00  1.869777E-02  4.165855E-04  9.427739E-19 -3.074826E-01  0.000000E+00
  3.659650E-01 -2.800532E-02  5.000000E-01  3.696594E-01 -2.811445E-02  0.000000E+00  1.890152E-02  3.923429E-04 -5.094770E-19 -2.836131E-01  0.000000E+00
  3.864540E-01 -2.758378E-02  5.000000E-01  3.903552E-01 -2.768865E-02  0.000000E+00  1.943352E-02  4.318713E-04 -1.512870E-18 -2.810623E-01  0.000000E+00
  4.072410E-01 -2.709260E-02  5.000000E-01  4.113520E-01 -2.719251E-02  0.000000E+00  2.003580E-02  5.367030E-04 -6.815155E-19 -2.964048E-01  0.000000E+00
  4.282690E-01 -2.646788E-02  5.000000E-01  4.325923E-01 -2.656148E-02  0.000000E+00  2.037082E-02  6.993325E-04 -6.422555E-19 -3.215183E-01  0.000000E+00
  4.494800E-01 -2.564393E-02  5.000000E-01  4.540174E-01 -2.572922E-02  0.000000E+00  2.013854E-02  8.808471E-04 -2.305595E-18 -3.444577E-01  0.000000E+00
  4.708130E-01 -2.459966E-02  5.000000E-01  4.755658E-01 -2.467441E-02  0.000000E+00  1.925063E-02  1.017184E-03 -1.621458E-18 -3.513376E-01  0.000000E+00
  4.922030E-01 -2.337240E-02  5.000000E-01  4.971717E-01 -2.343476E-02  0.000000E+00  1.789488E-02  1.080271E-03 -3.809599E-19 -3.329390E-01  0.000000E+00
  5.135860E-01 -2.200275E-02  5.000000E-01  5.187705E-01 -2.205128E-02  0.000000E+00  1.644777E-02  1.091686E-03 -5.810940E-19 -2.895151E-01  0.000000E+00
  5.348990E-01 -2.052841E-02  5.000000E-01  5.402987E-01 -2.056206E-02  0.000000E+00  1.527436E-02  1.083720E-03 -1.770164E-18 -2.308822E-01  0.000000E+00
  5.560760E-01 -1.898805E-02  5.000000E-01  5.616895E-01 -1.900615E-02  0.000000E+00  1.453259E-02  1.081948E-03 -1.818659E-18 -1.729993E-01  0.000000E+00
  4.759900E-01  7.409441E-02  5.000000E-01  4.807950E-01  7.501594E-02  0.000000E+00  2.328046E-02 -9.018874E-04 -8.013905E-18 -8.055756E-01  0.000000E+00
  4.548480E-01  7.482367E-02  5.000000E-01  4.594396E-01  7.575257E-02  0.000000E+00  2.343613E-02 -7.119061E-04 -7.776380E-18 -7.873660E-01  0.000000E+00
  4.337860E-01  7.537649E-02  5.000000E-01  4.381650E-01  7.631097E-02  0.000000E+00  2.361404E-02 -5.210117E-04 -8.116077E-18 -7.691594E-01  0.000000E+00
  4.128620E-01  7.575126E-02  5.000000E-01  4.170298E-01  7.668952E-02  0.000000E+00  2.381695E-02 -3.154460E-04 -8.796241E-18 -7.496168E-01  0.000000E+00
  3.921340E-01  7.593049E-02  5.000000E-01  3.960925E-01  7.687056E-02  0.000000E+00  2.402917E-02 -8.256577E-05 -8.016428E-18 -7.273924E-01  0.000000E+00
  3.716590E-01  7.589550E-02  5.000000E-01  3.754108E-01  7.683522E-02  0.000000E+00  2.421530E-02  1.813806E-04 -7.074816E-18 -7.017923E-01  0.000000E+00
  3.514890E-01  7.562921E-02  5.000000E-01  3.550372E-01  7.656624E-02  0.000000E+00  2.434112E-02  4.751233E-04 -6.304419E-18 -6.726728E-01  0.000000E+00
  3.316730E-01  7.511872E-02  5.000000E-01  3.350212E-01  7.605059E-02  0.000000E+00  2.437935E-02  7.906274E-04 -5.541072E-18 -6.407013E-01  0.000000E+00
  3.122580E-01  7.435975E-02  5.000000E-01  3.154102E-01  7.528396E-02  0.000000E+00  2.430444E-02  1.104782E-03 -3.736197E-18 -6.079061E-01  0.000000E+00
  2.932850E-01  7.337494E-02  5.000000E-01  2.962457E-01  7.428922E-02  0.000000E+00  2.411277E-02  1.393876E-03 -3.312088E-18 -5.766319E-01  0.000000E+00
  2.747930E-01  7.219504E-02  5.000000E-01  2.775670E-01  7.309740E-02  0.000000E+00  2.383566E-02  1.652606E-03 -4.418640E-18 -5.480680E-01  0.000000E+00
  2.568150E-01  7.084774E-02  5.000000E-01  2.594075E-01  7.173650E-02  0.000000E+00  2.351423E-02  1.886302E-03 -3.891346E-18 -5.225345E-01  0.000000E+00
  2.393810E-01  6.935646E-02  5.000000E-01  2.417975E-01  7.023017E-02  0.000000E+00  2.318456E-02  2.103288E-03 -3.644642E-18 -5.002413E-01  0.000000E+00
  2.225160E-01  6.774021E-02  5.000000E-01  2.247623E-01  6.859760E-02  0.000000E+00  2.287466E-02  2.309741E-03 -3.383511E-18 -4.823879E-01  0.000000E+00
  2.062420E-01  6.601362E-02  5.000000E-01  2.083240E-01  6.685358E-02  0.000000E+00  2.258712E-02  2.477604E-03 -2.103485E-18 -4.737823E-01  0.000000E+00
  1.905750E-01  6.423343E-02  5.000000E-01  1.924988E-01  6.505543E-02  0.000000E+00  2.234201E-02  2.550273E-03 -1.378684E-18 -4.816586E-01  0.000000E+00
  1.755290E-01  6.250310E-02  5.000000E-01  1.773010E-01  6.330763E-02  0.000000E+00  2.228548E-02  2.547475E-03 -1.504717E-18 -5.066123E-01  0.000000E+00
  1.611160E-01  6.086513E-02  5.000000E-01  1.627425E-01  6.165313E-02  0.000000E+00  2.259840E-02  2.550603E-03 -2.089926E-18 -5.416345E-01  0.000000E+00
  1.473410E-01  5.932228E-02  5.000000E-01  1.488284E-01  6.009470E-02  0.000000E+00  2.331755E-02  2.608086E-03 -1.183257E-18 -5.790641E-01  0.000000E+00
  1.342110E-01  5.785722E-02  5.000000E-01  1.355659E-01  5.861485E-02  0.000000E+00  2.432798E-02  2.735119E-03  1.131868E-18 -6.133974E-01  0.000000E+00
  1.217280E-01  5.644450E-02  5.000000E-01  1.229569E-01  5.718786E-02  0.000000E+00  2.545264E-02  2.931749E-03  2.945176E-18 -6.419788E-01  0.000000E+00
  1.098910E-01  5.505849E-02  5.000000E-01  1.110004E-01  5.578787E-02  0.000000E+00  2.655895E-02  3.203633E-03  4.438891E-18 -6.638138E-01  0.000000E+00
  9.869950E-02  5.367043E-02  5.000000E-01  9.969589E-02  5.438579E-02  0.000000E+00  2.759693E-02  3.566178E-03  6.559361E-18 -6.785395E-01  0.000000E+00
  8.814970E-02  5.225386E-02  5.000000E-01  8.903960E-02  5.295493E-02  0.000000E+00  2.858085E-02  4.045401E-03  1.027716E-17 -6.856932E-01  0.000000E+00
  8.814970E-02  5.225386E-02  5.000000E-01  8.903960E-02  5.295493E-02  0.000000E+00  2.858085E-02  4.045401E-03  1.027716E-17 -6.856932E-01  0.000000E+00
  7.823720E-02  5.078111E-02  5.000000E-01  7.902703E-02  5.146731E-02  0.000000E+00  2.955132E-02  4.684256E-03  1.509016E-17 -6.839836E-01  0.000000E+00
  6.895800E-02  4.922072E-02  5.000000E-01  6.965416E-02  4.989117E-02  0.000000E+00  3.052009E-02  5.524770E-03  1.948492E-17 -6.719044E-01  0.000000E+00
  6.030560E-02  4.754643E-02  5.000000E-01  6.091442E-02  4.819997E-02  0.000000E+00  3.147140E-02  6.621413E-03  2.128528E-17 -6.469860E-01  0.000000E+00
  5.227560E-02  4.572571E-02  5.000000E-01  5.280336E-02  4.636088E-02  0.000000E+00  3.234615E-02  8.035490E-03  1.984233E-17 -6.057113E-01  0.000000E+00
  4.486350E-02  4.372766E-02  5.000000E-01  4.531643E-02  4.434266E-02  0.000000E+00  3.300324E-02  9.788310E-03  1.602194E-17 -5.450458E-01  0.000000E+00
  3.806240E-02  4.153006E-02  5.000000E-01  3.844668E-02  4.212287E-02  0.000000E+00  3.325750E-02  1.187746E-02  7.775012E-18 -4.611049E-01  0.000000E+00
  3.186880E-02  3.910835E-02  5.000000E-01  3.219056E-02  3.967671E-02  0.000000E+00  3.286479E-02  1.421092E-02 -1.365550E-18 -3.506895E-01  0.000000E+00
  2.627530E-02  3.645288E-02  5.000000E-01  2.654059E-02  3.699443E-02  0.000000E+00  3.157048E-02  1.656280E-02 -5.087707E-18 -2.130214E-01  0.000000E+00
  2.127350E-02  3.356602E-02  5.000000E-01  2.148830E-02  3.407843E-02  0.000000E+00  2.924856E-02  1.865780E-02 -6.757982E-18 -4.815684E-02  0.000000E+00
  1.685790E-02  3.045493E-02  5.000000E-01  1.702813E-02  3.093594E-02  0.000000E+00  2.594770E-02  2.013845E-02 -9.448534E-18  1.383387E-01  0.000000E+00
  1.301460E-02  2.715473E-02  5.000000E-01  1.314603E-02  2.760243E-02  0.000000E+00  2.192652E-02  2.071387E-02 -1.561475E-17  3.368571E-01  0.000000E+00
  9.730790E-03  2.371083E-02  5.000000E-01  9.829072E-03  2.412376E-02  0.000000E+00  1.758593E-02  2.031421E-02 -2.541896E-17  5.383243E-01  0.000000E+00
  6.996180E-03  2.017821E-02  5.000000E-01  7.066857E-03  2.055548E-02  0.000000E+00  1.333326E-02  1.892022E-02 -2.721388E-17  7.277144E-01  0.000000E+00
  4.781010E-03  1.664843E-02  5.000000E-01  4.829325E-03  1.699006E-02  0.000000E+00  9.482441E-03  1.662687E-02 -2.117888E-17  8.914275E-01  0.000000E+00
  3.054950E-03  1.321705E-02  5.000000E-01  3.085841E-03  1.352405E-02  0.000000E+00  6.192120E-03  1.365028E-02 -1.803725E-17  1.024888E+00  0.000000E+00
  1.789910E-03  9.979327E-03  5.000000E-01  1.808031E-03  1.025364E-02  0.000000E+00  3.550802E-03  1.012087E-02 -1.881748E-17  1.123495E+00  0.000000E+00
  9.331870E-04  7.044400E-03  5.000000E-01  9.426596E-04  7.289089E-03  0.000000E+00  1.620238E-03  6.120716E-03 -1.943838E-17  1.183540E+00  0.000000E+00
  4.085430E-04  4.520859E-03  5.000000E-01  4.127195E-04  4.740073E-03  0.000000E+00  3.816014E-04  1.739166E-03 -2.069305E-17  1.207876E+00  0.000000E+00
  1.354760E-04  2.496047E-03  5.000000E-01  1.368960E-04  2.694821E-03  0.000000E+00 -2.388303E-04 -2.986612E-03 -2.805923E-17  1.204215E+00  0.000000E+00
  2.683130E-05  1.022144E-03  5.000000E-01  2.715456E-05  1.206040E-03  0.000000E+00 -3.434010E-04 -8.050217E-03 -3.830028E-17  1.180904E+00  0.000000E+00
  1.320070E-06  1.278073E-04  5.000000E-01  1.385807E-06  3.026754E-04  0.000000E+00 -2.074020E-04 -1.297117E-02 -4.153069E-17  1.140587E+00  0.000000E+00
 -5.188750E-08 -1.718432E-04  5.000000E-01  0.000000E+00  0.000000E+00  0.000000E+00 -4.370326E-05 -1.609496E-02 -2.752713E-17  1.105650E+00  0.000000E+00
  2.733630E-06 -4.857949E-04  5.000000E-01  2.813636E-06 -3.171209E-04  0.000000E+00  4.678854E-04 -1.838742E-02  4.524090E-19  1.097063E+00  0.000000E+00
    1    2
    2    3
    3    4
    4    5
    5    6
    6    7
    7    8
    8    9
    9   10
   10   11
   11   12
   12   13
   13   14
   14   15
   15   16
   16   17
   17   18
   18   19
   19   20
   20   21
   21   22
   22   23
   23   24
   25   26
   26   27
   27   28
   28   29
   29   30
   30   31
   31   32
   32   33
   33   34
   34   35
   35   36
   36   37
   37   38
   38   39
   39   40
   40   41
   41   42
   42   43
   43   44
   44   45
   45   46
   46   47
   47   48
   49   50
   50   51
   51   52
   52   53
   53   54
   54   55
   55   56
   56   57
   57   58
   58   59
   59   60
   60   61
   61   62
   62   63
   63   64
   64   65
   65   66
   66   67
   67   68
   68   69
   69   70
   70   71
   71   72
   73   74
   74   75
   75   76
   76   77
   77   78
   78   79
   79   80
   80   81
   81   82
   82   83
   83   84
   84   85
   85   86
   86   87
   87   88
   88   89
   89   90
   90   91
   91   92
   92   93
   93   94
   94   95
   95   96
   97   98
   98   99
   99  100
  100  101
  101  102
  102  103
  103  104
  104  105
  105  106
  106  107
  107  108
  108  109
  109  110
  110  111
  111  112
  112  113
  113  114
  114  115
  115  116
  116  117
  117  118
  118  119
  119  120
  121  122
  122  123
  123  124
  124  125
  125  126
  126  127
  127  128
  128  129
  129  130
  130  131
  131  132
  132  133
  133  134
  134  135
  135  136
  136  137
  137  138
  138  139
  139  140
  140  141
  141  142
  142  143
  143  144
  145  146
  146  147
  147  148
  148  149
  149  150
  150  151
  151  152
  152  153
  153  154
  154  155
  155  156
  156  157
  157  158
  158  159
  159  160
  160  161
  161  162
  162  163
  163  164
  164  165
  165  166
  166  167
  167  168
  169  170
  170  171
  171  172
  172  173
  173  174
  174  175
  175  176
  176  177
  177  178
  178  179
  179  180
  180  181
  181  182
  182  183
  183  184
  184  185
  185  186
  186  187
  187  188
  188  189
  189  190
  190  191
  191  192
