 Title = "ADflow Slice Data"
Variables =  "CoordinateX"  "CoordinateY"  "CoordinateZ"  "XoC"  "YoC"  "ZoC" "VelocityX" "VelocityY" "VelocityZ" "CoefPressure" "Mach" 
Zone T= "Slice_0001 None Absolute Regular z = 0.50000000"
 Nodes =          192  Elements=          184  ZONETYPE=FELINESEG
 DATAPACKING=POINT
  5.560760E-01 -1.893789E-02  5.000000E-01  5.616895E-01 -1.895554E-02  0.000000E+00  1.497689E-02  1.091489E-03  2.383917E-18 -1.648397E-01  0.000000E+00
  5.770550E-01 -1.737448E-02  5.000000E-01  5.828802E-01 -1.737635E-02  0.000000E+00  1.464818E-02  1.127457E-03  1.590637E-18 -1.363266E-01  0.000000E+00
  5.977760E-01 -1.573251E-02  5.000000E-01  6.038104E-01 -1.571780E-02  0.000000E+00  1.431446E-02  1.178184E-03  7.480341E-19 -1.162180E-01  0.000000E+00
  6.181820E-01 -1.398917E-02  5.000000E-01  6.244224E-01 -1.395686E-02  0.000000E+00  1.384276E-02  1.234668E-03  5.994584E-19 -9.827882E-02  0.000000E+00
  6.382180E-01 -1.212101E-02  5.000000E-01  6.446607E-01 -1.206985E-02  0.000000E+00  1.316153E-02  1.282490E-03 -6.221768E-19 -7.597934E-02  0.000000E+00
  6.578350E-01 -1.011785E-02  5.000000E-01  6.644757E-01 -1.004647E-02  0.000000E+00  1.227199E-02  1.305206E-03 -2.783731E-19 -4.547246E-02  0.000000E+00
  6.769910E-01 -7.989731E-03  5.000000E-01  6.838251E-01 -7.896864E-03  0.000000E+00  1.122267E-02  1.292600E-03  8.330343E-19 -6.943361E-03  0.000000E+00
  6.956490E-01 -5.756582E-03  5.000000E-01  7.026714E-01 -5.641173E-03  0.000000E+00  1.007603E-02  1.241382E-03  1.152893E-18  3.676968E-02  0.000000E+00
  7.137810E-01 -3.452092E-03  5.000000E-01  7.209864E-01 -3.313420E-03  0.000000E+00  8.889286E-03  1.152701E-03  2.747079E-18  8.255298E-02  0.000000E+00
  7.313660E-01 -1.121171E-03  5.000000E-01  7.387490E-01 -9.589688E-04  0.000000E+00  7.705136E-03  1.034505E-03  2.977155E-18  1.279113E-01  0.000000E+00
  7.483850E-01  1.196462E-03  5.000000E-01  7.559398E-01  1.382060E-03  0.000000E+00  6.558878E-03  9.009309E-04  2.574496E-18  1.711606E-01  0.000000E+00
  7.648220E-01  3.475077E-03  5.000000E-01  7.725427E-01  3.683677E-03  0.000000E+00  5.495712E-03  7.663429E-04  1.143784E-18  2.113709E-01  0.000000E+00
  7.806630E-01  5.697055E-03  5.000000E-01  7.885436E-01  5.928085E-03  0.000000E+00  4.585056E-03  6.364197E-04 -1.041516E-18  2.488518E-01  0.000000E+00
  7.958970E-01  7.794425E-03  5.000000E-01  8.039314E-01  8.046628E-03  0.000000E+00  3.919244E-03  5.107754E-04 -1.495313E-18  2.851501E-01  0.000000E+00
  8.105170E-01  9.583512E-03  5.000000E-01  8.186990E-01  9.853775E-03  0.000000E+00  3.560521E-03  3.971640E-04 -7.242497E-19  3.175801E-01  0.000000E+00
  8.245160E-01  1.097254E-02  5.000000E-01  8.328393E-01  1.125682E-02  0.000000E+00  3.495917E-03  3.030259E-04  2.617379E-19  3.407916E-01  0.000000E+00
  8.378940E-01  1.195950E-02  5.000000E-01  8.463523E-01  1.225375E-02  0.000000E+00  3.664481E-03  2.235161E-04 -8.321682E-20  3.542750E-01  0.000000E+00
  8.506490E-01  1.258687E-02  5.000000E-01  8.592361E-01  1.288745E-02  0.000000E+00  4.000358E-03  1.494783E-04 -7.720614E-19  3.609917E-01  0.000000E+00
  8.627850E-01  1.291321E-02  5.000000E-01  8.714946E-01  1.321708E-02  0.000000E+00  4.449430E-03  7.368027E-05 -1.755549E-18  3.634707E-01  0.000000E+00
  8.743060E-01  1.299823E-02  5.000000E-01  8.831319E-01  1.330296E-02  0.000000E+00  4.968070E-03 -7.802252E-06 -8.644404E-19  3.628529E-01  0.000000E+00
  8.852170E-01  1.289368E-02  5.000000E-01  8.941530E-01  1.319736E-02  0.000000E+00  5.521983E-03 -9.637917E-05  1.108087E-18  3.597757E-01  0.000000E+00
  8.955250E-01  1.264061E-02  5.000000E-01  9.045651E-01  1.294173E-02  0.000000E+00  6.087090E-03 -1.920633E-04 -3.376944E-20  3.547622E-01  0.000000E+00
  9.052400E-01  1.227203E-02  5.000000E-01  9.143782E-01  1.256944E-02  0.000000E+00  6.650070E-03 -2.948355E-04 -2.288478E-18  3.482193E-01  0.000000E+00
  9.143710E-01  1.181365E-02  5.000000E-01  9.236013E-01  1.210643E-02  0.000000E+00  7.209691E-03 -4.074821E-04 -9.281762E-19  3.405783E-01  0.000000E+00
  9.143710E-01  1.181365E-02  5.000000E-01  9.236013E-01  1.210643E-02  0.000000E+00  7.209691E-03 -4.074821E-04 -9.281762E-19  3.405783E-01  0.000000E+00
  9.229270E-01  1.128041E-02  5.000000E-01  9.322437E-01  1.156780E-02  0.000000E+00  7.776240E-03 -5.355409E-04  9.452245E-19  3.320785E-01  0.000000E+00
  9.309180E-01  1.068160E-02  5.000000E-01  9.403154E-01  1.096295E-02  0.000000E+00  8.367059E-03 -6.842927E-04  1.213603E-19  3.224683E-01  0.000000E+00
  9.383550E-01  1.002590E-02  5.000000E-01  9.478274E-01  1.030063E-02  0.000000E+00  9.002837E-03 -8.586827E-04 -4.533715E-19  3.112840E-01  0.000000E+00
  9.452490E-01  9.322134E-03  5.000000E-01  9.547910E-01  9.589758E-03  0.000000E+00  9.707147E-03 -1.065474E-03  4.241425E-19  2.981423E-01  0.000000E+00
  9.516100E-01  8.578766E-03  5.000000E-01  9.612163E-01  8.838886E-03  0.000000E+00  1.050655E-02 -1.313309E-03  2.762789E-18  2.826449E-01  0.000000E+00
  9.574470E-01  7.805353E-03  5.000000E-01  9.671122E-01  8.057665E-03  0.000000E+00  1.142876E-02 -1.611092E-03  2.708524E-18  2.641920E-01  0.000000E+00
  9.627730E-01  7.013173E-03  5.000000E-01  9.724919E-01  7.257489E-03  0.000000E+00  1.250206E-02 -1.968366E-03 -5.096540E-19  2.420980E-01  0.000000E+00
  9.675950E-01  6.215698E-03  5.000000E-01  9.773626E-01  6.451964E-03  0.000000E+00  1.375764E-02 -2.394719E-03  2.112788E-20  2.156435E-01  0.000000E+00
  9.719240E-01  5.428065E-03  5.000000E-01  9.817353E-01  5.656380E-03  0.000000E+00  1.523614E-02 -2.900463E-03  2.252699E-18  1.840012E-01  0.000000E+00
  9.757700E-01  4.666718E-03  5.000000E-01  9.856201E-01  4.887348E-03  0.000000E+00  1.700124E-02 -3.502052E-03  3.072094E-18  1.463407E-01  0.000000E+00
  9.791410E-01  3.948208E-03  5.000000E-01  9.890252E-01  4.161584E-03  0.000000E+00  1.915254E-02 -4.225053E-03  1.244355E-18  1.017619E-01  0.000000E+00
  9.820450E-01  3.288461E-03  5.000000E-01  9.919585E-01  3.495177E-03  0.000000E+00  2.180842E-02 -5.100923E-03 -2.768126E-17  4.892156E-02  0.000000E+00
  9.844890E-01  2.702263E-03  5.000000E-01  9.944272E-01  2.903062E-03  0.000000E+00  2.503316E-02 -6.154020E-03 -1.149727E-16 -1.388638E-02  0.000000E+00
  9.864800E-01  2.202943E-03  5.000000E-01  9.964383E-01  2.398701E-03  0.000000E+00  2.875522E-02 -7.339734E-03 -2.284277E-16 -8.710807E-02  0.000000E+00
  9.880230E-01  1.802236E-03  5.000000E-01  9.979968E-01  1.993949E-03  0.000000E+00  3.246131E-02 -8.459619E-03 -6.849070E-17 -1.777179E-01  0.000000E+00
  9.891220E-01  1.509396E-03  5.000000E-01  9.991069E-01  1.698153E-03  0.000000E+00  3.593116E-02 -9.744494E-03  1.221701E-15 -2.865453E-01  0.000000E+00
  9.897810E-01  1.330975E-03  5.000000E-01  9.997726E-01  1.517931E-03  0.000000E+00  5.276130E-02 -1.246351E-02  4.585463E-15 -3.053457E-01  0.000000E+00
  9.900000E-01  1.271080E-03  5.000000E-01  9.999938E-01  1.457431E-03  0.000000E+00  3.649257E-02 -2.273500E-03  1.206669E-14 -6.801206E-01  0.000000E+00
  9.900000E-01  1.680583E-03  5.000000E-01  9.999938E-01  1.871068E-03  0.000000E+00  2.126953E-03 -7.784815E-03  3.561819E-14 -9.795269E-01  0.000000E+00
  9.900000E-01  2.090086E-03  5.000000E-01  9.999938E-01  2.284705E-03  0.000000E+00 -5.415194E-04 -2.192848E-02  6.943565E-14 -8.242880E-01  0.000000E+00
  9.900000E-01  2.499589E-03  5.000000E-01  9.999938E-01  2.698342E-03  0.000000E+00 -1.402608E-04 -1.348023E-02  9.595030E-14 -7.966412E-01  0.000000E+00
  9.900000E-01  2.909077E-03  5.000000E-01  9.999938E-01  3.111964E-03  0.000000E+00  3.203092E-04 -8.310480E-03  1.144030E-13 -8.266603E-01  0.000000E+00
  9.900000E-01  3.318580E-03  5.000000E-01  9.999938E-01  3.525601E-03  0.000000E+00  4.475206E-03 -6.761554E-03  1.277233E-13 -7.913668E-01  0.000000E+00
  9.900000E-01  3.318580E-03  5.000000E-01  9.999938E-01  3.525601E-03  0.000000E+00  4.475206E-03 -6.761554E-03  1.277233E-13 -7.913668E-01  0.000000E+00
  9.897980E-01  3.422741E-03  5.000000E-01  9.997897E-01  3.630813E-03  0.000000E+00  5.447547E-03 -3.347636E-03  1.197271E-13 -7.430976E-01  0.000000E+00
  9.891900E-01  3.735219E-03  5.000000E-01  9.991756E-01  3.946445E-03  0.000000E+00  1.137692E-03 -5.211979E-04  8.497111E-14 -7.511470E-01  0.000000E+00
  9.881780E-01  4.255327E-03  5.000000E-01  9.981534E-01  4.471803E-03  0.000000E+00 -1.256699E-03  6.484626E-04  4.668331E-14 -7.582089E-01  0.000000E+00
  9.867570E-01  4.981764E-03  5.000000E-01  9.967180E-01  5.205574E-03  0.000000E+00 -2.622591E-03  1.325622E-03  1.900154E-14 -7.650382E-01  0.000000E+00
  9.849260E-01  5.911013E-03  5.000000E-01  9.948686E-01  6.144203E-03  0.000000E+00 -3.233721E-03  1.630990E-03  4.506072E-15 -7.748372E-01  0.000000E+00
  9.826810E-01  7.036589E-03  5.000000E-01  9.926009E-01  7.281141E-03  0.000000E+00 -3.241983E-03  1.614950E-03 -7.328442E-16 -7.840326E-01  0.000000E+00
  9.800160E-01  8.348746E-03  5.000000E-01  9.899090E-01  8.606545E-03  0.000000E+00 -2.934965E-03  1.430659E-03 -1.491678E-15 -7.896635E-01  0.000000E+00
  9.769240E-01  9.833410E-03  5.000000E-01  9.867858E-01  1.010619E-02  0.000000E+00 -2.609931E-03  1.233160E-03 -9.095174E-16 -7.918570E-01  0.000000E+00
  9.733970E-01  1.146943E-02  5.000000E-01  9.832232E-01  1.175873E-02  0.000000E+00 -2.454114E-03  1.110972E-03 -3.326724E-16 -7.926074E-01  0.000000E+00
  9.694240E-01  1.323031E-02  5.000000E-01  9.792101E-01  1.353739E-02  0.000000E+00 -2.526840E-03  1.088127E-03 -5.030438E-17 -7.938435E-01  0.000000E+00
  9.649940E-01  1.508932E-02  5.000000E-01  9.747354E-01  1.541516E-02  0.000000E+00 -2.824946E-03  1.157556E-03  2.726877E-17 -7.952554E-01  0.000000E+00
  9.600960E-01  1.702625E-02  5.000000E-01  9.697879E-01  1.737164E-02  0.000000E+00 -3.340428E-03  1.289944E-03  2.530862E-17 -7.957312E-01  0.000000E+00
  9.547180E-01  1.902092E-02  5.000000E-01  9.643556E-01  1.938645E-02  0.000000E+00 -3.934903E-03  1.401658E-03  1.004098E-17 -8.032112E-01  0.000000E+00
  9.488510E-01  2.105394E-02  5.000000E-01  9.584294E-01  2.144000E-02  0.000000E+00 -4.032172E-03  1.315296E-03  2.085836E-18 -8.411540E-01  0.000000E+00
  9.424820E-01  2.311005E-02  5.000000E-01  9.519961E-01  2.351686E-02  0.000000E+00 -2.476440E-03  7.575491E-04  3.073930E-18 -9.281690E-01  0.000000E+00
  9.356020E-01  2.517874E-02  5.000000E-01  9.450467E-01  2.560643E-02  0.000000E+00  2.002100E-03 -5.331754E-04  1.016149E-17 -1.045359E+00  0.000000E+00
  9.282010E-01  2.725381E-02  5.000000E-01  9.375709E-01  2.770245E-02  0.000000E+00  9.353116E-03 -2.448805E-03  2.219112E-17 -1.143009E+00  0.000000E+00
  9.202710E-01  2.933015E-02  5.000000E-01  9.295609E-01  2.979974E-02  0.000000E+00  1.711954E-02 -4.269045E-03  3.336963E-17 -1.187201E+00  0.000000E+00
  9.118010E-01  3.139550E-02  5.000000E-01  9.210054E-01  3.188595E-02  0.000000E+00  2.227645E-02 -5.223885E-03  3.680587E-17 -1.183740E+00  0.000000E+00
  9.027810E-01  3.343380E-02  5.000000E-01  9.118943E-01  3.394482E-02  0.000000E+00  2.407314E-02 -5.237731E-03  3.231245E-17 -1.156637E+00  0.000000E+00
  8.932000E-01  3.542924E-02  5.000000E-01  9.022166E-01  3.596041E-02  0.000000E+00  2.387715E-02 -4.769387E-03  2.399966E-17 -1.122565E+00  0.000000E+00
  8.830490E-01  3.736349E-02  5.000000E-01  8.919631E-01  3.791419E-02  0.000000E+00  2.318239E-02 -4.213061E-03  1.757120E-17 -1.087102E+00  0.000000E+00
  8.723190E-01  3.921555E-02  5.000000E-01  8.811248E-01  3.978494E-02  0.000000E+00  2.264474E-02 -3.705506E-03  1.413039E-17 -1.050945E+00  0.000000E+00
  8.723190E-01  3.921555E-02  5.000000E-01  8.811248E-01  3.978494E-02  0.000000E+00  2.264474E-02 -3.705506E-03  1.413039E-17 -1.050945E+00  0.000000E+00
  8.610010E-01  4.096466E-02  5.000000E-01  8.696926E-01  4.155170E-02  0.000000E+00  2.229455E-02 -3.245618E-03  1.259700E-17 -1.013867E+00  0.000000E+00
  8.490890E-01  4.259152E-02  5.000000E-01  8.576603E-01  4.319499E-02  0.000000E+00  2.197215E-02 -2.807959E-03  1.156854E-17 -9.759440E-01  0.000000E+00
  8.365770E-01  4.408026E-02  5.000000E-01  8.450220E-01  4.469876E-02  0.000000E+00  2.155821E-02 -2.387974E-03  9.411843E-18 -9.381321E-01  0.000000E+00
  8.234620E-01  4.542449E-02  5.000000E-01  8.317746E-01  4.605656E-02  0.000000E+00  2.102377E-02 -2.004897E-03  8.954402E-18 -9.026937E-01  0.000000E+00
  8.097400E-01  4.663366E-02  5.000000E-01  8.179141E-01  4.727793E-02  0.000000E+00  2.040307E-02 -1.693144E-03  1.016182E-17 -8.734971E-01  0.000000E+00
  7.954150E-01  4.774501E-02  5.000000E-01  8.034445E-01  4.840050E-02  0.000000E+00  1.976214E-02 -1.494266E-03  1.054558E-17 -8.555429E-01  0.000000E+00
  7.804870E-01  4.883723E-02  5.000000E-01  7.883658E-01  4.950375E-02  0.000000E+00  1.920513E-02 -1.435576E-03  8.763151E-18 -8.522969E-01  0.000000E+00
  7.649630E-01  5.001897E-02  5.000000E-01  7.726851E-01  5.069741E-02  0.000000E+00  1.889193E-02 -1.488821E-03  4.932211E-18 -8.613654E-01  0.000000E+00
  7.488530E-01  5.133381E-02  5.000000E-01  7.564125E-01  5.202553E-02  0.000000E+00  1.891926E-02 -1.602287E-03  1.912429E-18 -8.770493E-01  0.000000E+00
  7.321700E-01  5.279867E-02  5.000000E-01  7.395611E-01  5.350517E-02  0.000000E+00  1.922988E-02 -1.750905E-03 -1.773981E-18 -8.953709E-01  0.000000E+00
  7.149290E-01  5.442328E-02  5.000000E-01  7.221460E-01  5.514618E-02  0.000000E+00  1.970200E-02 -1.916154E-03 -5.165567E-18 -9.135161E-01  0.000000E+00
  6.971500E-01  5.620454E-02  5.000000E-01  7.041876E-01  5.694542E-02  0.000000E+00  2.023470E-02 -2.072995E-03 -1.034385E-17 -9.288901E-01  0.000000E+00
  6.788570E-01  5.811961E-02  5.000000E-01  6.857099E-01  5.887983E-02  0.000000E+00  2.077559E-02 -2.190004E-03 -1.592953E-17 -9.388875E-01  0.000000E+00
  6.600760E-01  6.011526E-02  5.000000E-01  6.667393E-01  6.089562E-02  0.000000E+00  2.129372E-02 -2.239574E-03 -1.778745E-17 -9.417112E-01  0.000000E+00
  6.408370E-01  6.211982E-02  5.000000E-01  6.473061E-01  6.292042E-02  0.000000E+00  2.174060E-02 -2.219301E-03 -1.856993E-17 -9.378401E-01  0.000000E+00
  6.211780E-01  6.408525E-02  5.000000E-01  6.274486E-01  6.490569E-02  0.000000E+00  2.208506E-02 -2.143777E-03 -1.883218E-17 -9.289797E-01  0.000000E+00
  6.011430E-01  6.597220E-02  5.000000E-01  6.072114E-01  6.681168E-02  0.000000E+00  2.234448E-02 -2.024447E-03 -1.815056E-17 -9.163471E-01  0.000000E+00
  5.807790E-01  6.774466E-02  5.000000E-01  5.866418E-01  6.860204E-02  0.000000E+00  2.254896E-02 -1.872601E-03 -1.602881E-17 -9.009066E-01  0.000000E+00
  5.601410E-01  6.937666E-02  5.000000E-01  5.657955E-01  7.025052E-02  0.000000E+00  2.272448E-02 -1.697108E-03 -1.383658E-17 -8.833607E-01  0.000000E+00
  5.392850E-01  7.084353E-02  5.000000E-01  5.447290E-01  7.173219E-02  0.000000E+00  2.288539E-02 -1.504721E-03 -1.167172E-17 -8.643369E-01  0.000000E+00
  5.182680E-01  7.212936E-02  5.000000E-01  5.234998E-01  7.303100E-02  0.000000E+00  2.303094E-02 -1.306202E-03 -9.370653E-18 -8.447985E-01  0.000000E+00
  4.971500E-01  7.323267E-02  5.000000E-01  5.021686E-01  7.414545E-02  0.000000E+00  2.316788E-02 -1.108601E-03 -8.039692E-18 -8.254192E-01  0.000000E+00
  4.759900E-01  7.415253E-02  5.000000E-01  4.807950E-01  7.507460E-02  0.000000E+00  2.331212E-02 -9.120002E-04 -8.104468E-18 -8.063154E-01  0.000000E+00
  2.733630E-06 -4.855739E-04  5.000000E-01  2.813636E-06 -3.169553E-04  0.000000E+00  4.685123E-04 -1.840196E-02 -2.428326E-19  1.096956E+00  0.000000E+00
  4.455870E-05 -1.426566E-03  5.000000E-01  4.506092E-05 -1.267447E-03  0.000000E+00  2.258256E-03 -2.190214E-02  2.726911E-17  1.067634E+00  0.000000E+00
  2.731490E-04 -2.959049E-03  5.000000E-01  2.759588E-04 -2.815400E-03  0.000000E+00  6.591772E-03 -2.485684E-02  4.209356E-17  9.468407E-01  0.000000E+00
  9.950900E-04 -4.913845E-03  5.000000E-01  1.005188E-03 -4.789928E-03  0.000000E+00  1.277548E-02 -2.521736E-02  4.312058E-17  7.370458E-01  0.000000E+00
  2.349870E-03 -6.988788E-03  5.000000E-01  2.373644E-03 -6.885817E-03  0.000000E+00  1.846644E-02 -2.401543E-02  3.908919E-17  5.278945E-01  0.000000E+00
  4.254460E-03 -9.117072E-03  5.000000E-01  4.297460E-03 -9.035586E-03  0.000000E+00  2.308257E-02 -2.270087E-02  2.617723E-17  3.565140E-01  0.000000E+00
  6.687140E-03 -1.124008E-02  5.000000E-01  6.754697E-03 -1.118002E-02  0.000000E+00  2.708358E-02 -2.121532E-02  4.709980E-18  1.938131E-01  0.000000E+00
  9.634000E-03 -1.332027E-02  5.000000E-01  9.731305E-03 -1.328121E-02  0.000000E+00  3.034801E-02 -1.921514E-02 -6.936126E-18  2.849186E-02  0.000000E+00
  1.310530E-02 -1.529003E-02  5.000000E-01  1.323765E-02 -1.527085E-02  0.000000E+00  3.257986E-02 -1.656246E-02 -4.935579E-19 -1.354169E-01  0.000000E+00
  1.710810E-02 -1.709765E-02  5.000000E-01  1.728085E-02 -1.709672E-02  0.000000E+00  3.384560E-02 -1.378883E-02  2.337493E-17 -2.755109E-01  0.000000E+00
  2.163760E-02 -1.874372E-02  5.000000E-01  2.185608E-02 -1.875941E-02  0.000000E+00  3.453536E-02 -1.137188E-02  5.540574E-17 -3.824250E-01  0.000000E+00
  2.669190E-02 -2.023794E-02  5.000000E-01  2.696140E-02 -2.026872E-02  0.000000E+00  3.479425E-02 -9.238672E-03  7.709523E-17 -4.686380E-01  0.000000E+00
  3.228310E-02 -2.155617E-02  5.000000E-01  3.260904E-02 -2.160025E-02  0.000000E+00  3.458064E-02 -7.265727E-03  8.640082E-17 -5.438369E-01  0.000000E+00
  3.842170E-02 -2.268634E-02  5.000000E-01  3.880961E-02 -2.274183E-02  0.000000E+00  3.397760E-02 -5.529445E-03  8.883517E-17 -6.069788E-01  0.000000E+00
  4.511710E-02 -2.362925E-02  5.000000E-01  4.557260E-02 -2.369426E-02  0.000000E+00  3.311342E-02 -4.075782E-03  8.452344E-17 -6.568009E-01  0.000000E+00
  5.237940E-02 -2.439024E-02  5.000000E-01  5.290821E-02 -2.446293E-02  0.000000E+00  3.211037E-02 -2.909517E-03  7.704402E-17 -6.928968E-01  0.000000E+00
  6.021800E-02 -2.498501E-02  5.000000E-01  6.082593E-02 -2.506371E-02  0.000000E+00  3.108695E-02 -2.022778E-03  6.706662E-17 -7.152163E-01  0.000000E+00
  6.864140E-02 -2.543886E-02  5.000000E-01  6.933437E-02 -2.552214E-02  0.000000E+00  3.009401E-02 -1.371213E-03  5.538720E-17 -7.253713E-01  0.000000E+00
  7.765990E-02 -2.577284E-02  5.000000E-01  7.844390E-02 -2.585949E-02  0.000000E+00  2.911689E-02 -9.038577E-04  4.542149E-17 -7.251686E-01  0.000000E+00
  8.728340E-02 -2.601213E-02  5.000000E-01  8.816455E-02 -2.610120E-02  0.000000E+00  2.810496E-02 -5.937402E-04  3.653350E-17 -7.149760E-01  0.000000E+00
  9.752070E-02 -2.618898E-02  5.000000E-01  9.850519E-02 -2.627983E-02  0.000000E+00  2.693299E-02 -4.145532E-04  2.922255E-17 -6.947389E-01  0.000000E+00
  1.083810E-01 -2.633539E-02  5.000000E-01  1.094751E-01 -2.642771E-02  0.000000E+00  2.544161E-02 -3.394882E-04  2.388809E-17 -6.638045E-01  0.000000E+00
  1.198710E-01 -2.648716E-02  5.000000E-01  1.210811E-01 -2.658102E-02  0.000000E+00  2.357849E-02 -3.469328E-04  1.864551E-17 -6.203622E-01  0.000000E+00
  1.319970E-01 -2.668425E-02  5.000000E-01  1.333295E-01 -2.678009E-02  0.000000E+00  2.152969E-02 -4.110103E-04  1.346517E-17 -5.626506E-01  0.000000E+00
  1.319970E-01 -2.668425E-02  5.000000E-01  1.333295E-01 -2.678009E-02  0.000000E+00  2.152969E-02 -4.110103E-04  1.346517E-17 -5.626506E-01  0.000000E+00
  1.447640E-01 -2.696414E-02  5.000000E-01  1.462254E-01 -2.706281E-02  0.000000E+00  1.973488E-02 -5.097099E-04  9.443016E-18 -4.912312E-01  0.000000E+00
  1.581750E-01 -2.736129E-02  5.000000E-01  1.597718E-01 -2.746398E-02  0.000000E+00  1.869155E-02 -6.336547E-04  6.617453E-18 -4.125375E-01  0.000000E+00
  1.722290E-01 -2.789622E-02  5.000000E-01  1.739676E-01 -2.800430E-02  0.000000E+00  1.864876E-02 -7.723127E-04  4.422702E-18 -3.409830E-01  0.000000E+00
  1.869240E-01 -2.855584E-02  5.000000E-01  1.888110E-01 -2.867058E-02  0.000000E+00  1.945316E-02 -8.813025E-04  2.792780E-18 -2.950304E-01  0.000000E+00
  2.022540E-01 -2.926776E-02  5.000000E-01  2.042957E-01 -2.938969E-02  0.000000E+00  2.064054E-02 -8.578042E-04  2.602090E-18 -2.882822E-01  0.000000E+00
  2.182110E-01 -2.986917E-02  5.000000E-01  2.204138E-01 -2.999717E-02  0.000000E+00  2.172301E-02 -6.440122E-04  2.062131E-18 -3.171283E-01  0.000000E+00
  2.347810E-01 -3.023266E-02  5.000000E-01  2.371511E-01 -3.036433E-02  0.000000E+00  2.241280E-02 -3.232817E-04  7.814841E-19 -3.602435E-01  0.000000E+00
  2.519470E-01 -3.034786E-02  5.000000E-01  2.544904E-01 -3.048069E-02  0.000000E+00  2.255591E-02  5.999006E-07  7.137718E-19 -3.971131E-01  0.000000E+00
  2.696890E-01 -3.022294E-02  5.000000E-01  2.724115E-01 -3.035451E-02  0.000000E+00  2.211295E-02  2.755976E-04  8.708440E-19 -4.172154E-01  0.000000E+00
  2.879810E-01 -2.988854E-02  5.000000E-01  2.908881E-01 -3.001673E-02  0.000000E+00  2.125766E-02  4.630211E-04  5.364713E-19 -4.163965E-01  0.000000E+00
  3.067920E-01 -2.940525E-02  5.000000E-01  3.098890E-01 -2.952857E-02  0.000000E+00  2.033330E-02  5.435199E-04  7.670958E-19 -3.959973E-01  0.000000E+00
  3.260870E-01 -2.886357E-02  5.000000E-01  3.293788E-01 -2.898142E-02  0.000000E+00  1.968177E-02  5.269152E-04  1.809678E-18 -3.632186E-01  0.000000E+00
  3.458260E-01 -2.836220E-02  5.000000E-01  3.493171E-01 -2.847499E-02  0.000000E+00  1.943636E-02  4.730706E-04  2.811680E-18 -3.314609E-01  0.000000E+00
  3.659650E-01 -2.790118E-02  5.000000E-01  3.696594E-01 -2.800931E-02  0.000000E+00  1.950772E-02  4.505363E-04  2.936210E-18 -3.129415E-01  0.000000E+00
  3.864540E-01 -2.743027E-02  5.000000E-01  3.903552E-01 -2.753365E-02  0.000000E+00  1.971526E-02  4.817880E-04  2.282090E-18 -3.102616E-01  0.000000E+00
  4.072410E-01 -2.689521E-02  5.000000E-01  4.113520E-01 -2.699318E-02  0.000000E+00  1.984152E-02  5.645578E-04  3.077093E-18 -3.182400E-01  0.000000E+00
  4.282690E-01 -2.624107E-02  5.000000E-01  4.325923E-01 -2.633244E-02  0.000000E+00  1.967180E-02  6.895622E-04 -2.129725E-19 -3.284653E-01  0.000000E+00
  4.494800E-01 -2.541124E-02  5.000000E-01  4.540174E-01 -2.549424E-02  0.000000E+00  1.909577E-02  8.282095E-04 -2.224582E-18 -3.313541E-01  0.000000E+00
  4.708130E-01 -2.438605E-02  5.000000E-01  4.755658E-01 -2.445870E-02  0.000000E+00  1.818554E-02  9.385409E-04  3.001454E-19 -3.187696E-01  0.000000E+00
  4.922030E-01 -2.319508E-02  5.000000E-01  4.971717E-01 -2.325570E-02  0.000000E+00  1.714232E-02  1.005415E-03  5.375425E-19 -2.889875E-01  0.000000E+00
  5.135860E-01 -2.187041E-02  5.000000E-01  5.187705E-01 -2.191766E-02  0.000000E+00  1.618305E-02  1.043032E-03  1.514552E-18 -2.475762E-01  0.000000E+00
  5.348990E-01 -2.044120E-02  5.000000E-01  5.402987E-01 -2.047403E-02  0.000000E+00  1.545443E-02  1.067475E-03  2.278135E-18 -2.034258E-01  0.000000E+00
  5.560760E-01 -1.893789E-02  5.000000E-01  5.616895E-01 -1.895554E-02  0.000000E+00  1.497689E-02  1.091489E-03  2.383917E-18 -1.648397E-01  0.000000E+00
  4.759900E-01  7.415253E-02  5.000000E-01  4.807950E-01  7.507460E-02  0.000000E+00  2.331212E-02 -9.120002E-04 -8.104468E-18 -8.063154E-01  0.000000E+00
  4.548480E-01  7.488781E-02  5.000000E-01  4.594396E-01  7.581730E-02  0.000000E+00  2.347103E-02 -7.160754E-04 -8.208836E-18 -7.874492E-01  0.000000E+00
  4.337860E-01  7.544035E-02  5.000000E-01  4.381650E-01  7.637542E-02  0.000000E+00  2.364611E-02 -5.176406E-04 -7.462363E-18 -7.684138E-01  0.000000E+00
  4.128620E-01  7.580815E-02  5.000000E-01  4.170298E-01  7.674693E-02  0.000000E+00  2.383883E-02 -3.053068E-04 -7.495663E-18 -7.480929E-01  0.000000E+00
  3.921340E-01  7.597601E-02  5.000000E-01  3.960925E-01  7.691648E-02  0.000000E+00  2.403558E-02 -6.823282E-05 -7.873153E-18 -7.253245E-01  0.000000E+00
  3.716590E-01  7.592768E-02  5.000000E-01  3.754108E-01  7.686766E-02  0.000000E+00  2.420586E-02  1.969690E-04 -7.829756E-18 -6.994839E-01  0.000000E+00
  3.514890E-01  7.564831E-02  5.000000E-01  3.550372E-01  7.658548E-02  0.000000E+00  2.431924E-02  4.891104E-04 -6.802228E-18 -6.704412E-01  0.000000E+00
  3.316730E-01  7.512704E-02  5.000000E-01  3.350212E-01  7.605895E-02  0.000000E+00  2.435049E-02  8.006737E-04 -5.432409E-18 -6.388222E-01  0.000000E+00
  3.122580E-01  7.436108E-02  5.000000E-01  3.154102E-01  7.528525E-02  0.000000E+00  2.427525E-02  1.110216E-03 -4.766225E-18 -6.065175E-01  0.000000E+00
  2.932850E-01  7.337262E-02  5.000000E-01  2.962457E-01  7.428682E-02  0.000000E+00  2.408929E-02  1.395788E-03 -4.736070E-18 -5.757081E-01  0.000000E+00
  2.747930E-01  7.219135E-02  5.000000E-01  2.775670E-01  7.309362E-02  0.000000E+00  2.382095E-02  1.652526E-03 -5.669116E-18 -5.474972E-01  0.000000E+00
  2.568150E-01  7.084403E-02  5.000000E-01  2.594075E-01  7.173270E-02  0.000000E+00  2.350818E-02  1.885461E-03 -5.197323E-18 -5.221805E-01  0.000000E+00
  2.393810E-01  6.935335E-02  5.000000E-01  2.417975E-01  7.022697E-02  0.000000E+00  2.318506E-02  2.102491E-03 -4.323155E-18 -4.999761E-01  0.000000E+00
  2.225160E-01  6.773777E-02  5.000000E-01  2.247623E-01  6.859509E-02  0.000000E+00  2.287893E-02  2.309421E-03 -3.696991E-18 -4.821093E-01  0.000000E+00
  2.062420E-01  6.601161E-02  5.000000E-01  2.083240E-01  6.685149E-02  0.000000E+00  2.259258E-02  2.477886E-03 -2.480039E-18 -4.734251E-01  0.000000E+00
  1.905750E-01  6.423145E-02  5.000000E-01  1.924988E-01  6.505336E-02  0.000000E+00  2.234674E-02  2.551032E-03 -2.427797E-19 -4.812012E-01  0.000000E+00
  1.755290E-01  6.250078E-02  5.000000E-01  1.773010E-01  6.330523E-02  0.000000E+00  2.228838E-02  2.548519E-03  6.554781E-19 -5.060666E-01  0.000000E+00
  1.611160E-01  6.086220E-02  5.000000E-01  1.627425E-01  6.165011E-02  0.000000E+00  2.259925E-02  2.551849E-03 -6.549889E-19 -5.410257E-01  0.000000E+00
  1.473410E-01  5.931853E-02  5.000000E-01  1.488284E-01  6.009085E-02  0.000000E+00  2.331678E-02  2.609556E-03 -6.003412E-19 -5.784160E-01  0.000000E+00
  1.342110E-01  5.785250E-02  5.000000E-01  1.355659E-01  5.861003E-02  0.000000E+00  2.432637E-02  2.736882E-03  1.164049E-18 -6.127256E-01  0.000000E+00
  1.217280E-01  5.643871E-02  5.000000E-01  1.229569E-01  5.718196E-02  0.000000E+00  2.545088E-02  2.933860E-03  3.710926E-18 -6.412904E-01  0.000000E+00
  1.098910E-01  5.505157E-02  5.000000E-01  1.110004E-01  5.578082E-02  0.000000E+00  2.655740E-02  3.206105E-03  6.414313E-18 -6.631112E-01  0.000000E+00
  9.869950E-02  5.366234E-02  5.000000E-01  9.969589E-02  5.437756E-02  0.000000E+00  2.759563E-02  3.568973E-03  8.537789E-18 -6.778236E-01  0.000000E+00
  8.814970E-02  5.224461E-02  5.000000E-01  8.903960E-02  5.294552E-02  0.000000E+00  2.857959E-02  4.048438E-03  1.158379E-17 -6.849653E-01  0.000000E+00
  8.814970E-02  5.224461E-02  5.000000E-01  8.903960E-02  5.294552E-02  0.000000E+00  2.857959E-02  4.048438E-03  1.158379E-17 -6.849653E-01  0.000000E+00
  7.823720E-02  5.077072E-02  5.000000E-01  7.902703E-02  5.145676E-02  0.000000E+00  2.954982E-02  4.687412E-03  1.610565E-17 -6.832461E-01  0.000000E+00
  6.895800E-02  4.920927E-02  5.000000E-01  6.965416E-02  4.987954E-02  0.000000E+00  3.051807E-02  5.527873E-03  1.972209E-17 -6.711611E-01  0.000000E+00
  6.030560E-02  4.753400E-02  5.000000E-01  6.091442E-02  4.818736E-02  0.000000E+00  3.146860E-02  6.624216E-03  2.072475E-17 -6.462425E-01  0.000000E+00
  5.227560E-02  4.571245E-02  5.000000E-01  5.280336E-02  4.634742E-02  0.000000E+00  3.234233E-02  8.037645E-03  1.886268E-17 -6.049762E-01  0.000000E+00
  4.486350E-02  4.371374E-02  5.000000E-01  4.531644E-02  4.432854E-02  0.000000E+00  3.299827E-02  9.789369E-03  1.479422E-17 -5.443313E-01  0.000000E+00
  3.806240E-02  4.151569E-02  5.000000E-01  3.844668E-02  4.210830E-02  0.000000E+00  3.325145E-02  1.187691E-02  7.831748E-18 -4.604278E-01  0.000000E+00
  3.186880E-02  3.909378E-02  5.000000E-01  3.219056E-02  3.966194E-02  0.000000E+00  3.285807E-02  1.420833E-02 -4.616436E-19 -3.500704E-01  0.000000E+00
  2.627530E-02  3.643838E-02  5.000000E-01  2.654059E-02  3.697973E-02  0.000000E+00  3.156388E-02  1.655802E-02 -4.242530E-18 -2.124829E-01  0.000000E+00
  2.127350E-02  3.355188E-02  5.000000E-01  2.148830E-02  3.406410E-02  0.000000E+00  2.924304E-02  1.865112E-02 -4.551031E-18 -4.771861E-02  0.000000E+00
  1.685790E-02  3.044145E-02  5.000000E-01  1.702813E-02  3.092226E-02  0.000000E+00  2.594413E-02  2.013074E-02 -9.119955E-18  1.386662E-01  0.000000E+00
  1.301460E-02  2.714219E-02  5.000000E-01  1.314603E-02  2.758970E-02  0.000000E+00  2.192537E-02  2.070636E-02 -1.676579E-17  3.370776E-01  0.000000E+00
  9.730790E-03  2.369948E-02  5.000000E-01  9.829072E-03  2.411224E-02  0.000000E+00  1.758702E-02  2.030807E-02 -2.319686E-17  5.384558E-01  0.000000E+00
  6.996180E-03  2.016827E-02  5.000000E-01  7.066857E-03  2.054538E-02  0.000000E+00  1.333585E-02  1.891615E-02 -2.540157E-17  7.277840E-01  0.000000E+00
  4.781010E-03  1.664003E-02  5.000000E-01  4.829325E-03  1.698152E-02  0.000000E+00  9.485537E-03  1.662489E-02 -2.215116E-17  8.914632E-01  0.000000E+00
  3.054950E-03  1.321026E-02  5.000000E-01  3.085841E-03  1.351714E-02  0.000000E+00  6.194843E-03  1.364982E-02 -1.753334E-17  1.024911E+00  0.000000E+00
  1.789910E-03  9.974133E-03  5.000000E-01  1.808031E-03  1.024834E-02  0.000000E+00  3.552584E-03  1.012090E-02 -1.593211E-17  1.123515E+00  0.000000E+00
  9.331870E-04  7.040697E-03  5.000000E-01  9.426596E-04  7.285291E-03  0.000000E+00  1.620926E-03  6.120038E-03 -1.599528E-17  1.183555E+00  0.000000E+00
  4.085430E-04  4.518462E-03  5.000000E-01  4.127195E-04  4.737595E-03  0.000000E+00  3.814102E-04  1.736639E-03 -1.955040E-17  1.207879E+00  0.000000E+00
  1.354760E-04  2.494708E-03  5.000000E-01  1.368960E-04  2.693411E-03  0.000000E+00 -2.394632E-04 -2.991983E-03 -2.948956E-17  1.204198E+00  0.000000E+00
  2.683130E-05  1.021577E-03  5.000000E-01  2.715456E-05  1.205409E-03  0.000000E+00 -3.439938E-04 -8.059201E-03 -4.087791E-17  1.180858E+00  0.000000E+00
  1.320070E-06  1.277078E-04  5.000000E-01  1.385807E-06  3.025172E-04  0.000000E+00 -2.077098E-04 -1.298374E-02 -4.324944E-17  1.140507E+00  0.000000E+00
 -5.188750E-08 -1.717861E-04  5.000000E-01  0.000000E+00  0.000000E+00  0.000000E+00 -4.372606E-05 -1.610912E-02 -2.813395E-17  1.105547E+00  0.000000E+00
  2.733630E-06 -4.855739E-04  5.000000E-01  2.813636E-06 -3.169553E-04  0.000000E+00  4.685123E-04 -1.840196E-02 -2.428326E-19  1.096956E+00  0.000000E+00
    1    2
    2    3
    3    4
    4    5
    5    6
    6    7
    7    8
    8    9
    9   10
   10   11
   11   12
   12   13
   13   14
   14   15
   15   16
   16   17
   17   18
   18   19
   19   20
   20   21
   21   22
   22   23
   23   24
   25   26
   26   27
   27   28
   28   29
   29   30
   30   31
   31   32
   32   33
   33   34
   34   35
   35   36
   36   37
   37   38
   38   39
   39   40
   40   41
   41   42
   42   43
   43   44
   44   45
   45   46
   46   47
   47   48
   49   50
   50   51
   51   52
   52   53
   53   54
   54   55
   55   56
   56   57
   57   58
   58   59
   59   60
   60   61
   61   62
   62   63
   63   64
   64   65
   65   66
   66   67
   67   68
   68   69
   69   70
   70   71
   71   72
   73   74
   74   75
   75   76
   76   77
   77   78
   78   79
   79   80
   80   81
   81   82
   82   83
   83   84
   84   85
   85   86
   86   87
   87   88
   88   89
   89   90
   90   91
   91   92
   92   93
   93   94
   94   95
   95   96
   97   98
   98   99
   99  100
  100  101
  101  102
  102  103
  103  104
  104  105
  105  106
  106  107
  107  108
  108  109
  109  110
  110  111
  111  112
  112  113
  113  114
  114  115
  115  116
  116  117
  117  118
  118  119
  119  120
  121  122
  122  123
  123  124
  124  125
  125  126
  126  127
  127  128
  128  129
  129  130
  130  131
  131  132
  132  133
  133  134
  134  135
  135  136
  136  137
  137  138
  138  139
  139  140
  140  141
  141  142
  142  143
  143  144
  145  146
  146  147
  147  148
  148  149
  149  150
  150  151
  151  152
  152  153
  153  154
  154  155
  155  156
  156  157
  157  158
  158  159
  159  160
  160  161
  161  162
  162  163
  163  164
  164  165
  165  166
  166  167
  167  168
  169  170
  170  171
  171  172
  172  173
  173  174
  174  175
  175  176
  176  177
  177  178
  178  179
  179  180
  180  181
  181  182
  182  183
  183  184
  184  185
  185  186
  186  187
  187  188
  188  189
  189  190
  190  191
  191  192
