 Title = "ADflow Slice Data"
Variables =  "CoordinateX"  "CoordinateY"  "CoordinateZ"  "XoC"  "YoC"  "ZoC" "VelocityX" "VelocityY" "VelocityZ" "CoefPressure" "Mach" 
Zone T= "Slice_0001 None Absolute Regular z = 0.50000000"
 Nodes =          192  Elements=          184  ZONETYPE=FELINESEG
 DATAPACKING=POINT
  5.560760E-01 -1.893749E-02  5.000000E-01  5.616895E-01 -1.895515E-02  0.000000E+00  1.506797E-02  1.097807E-03 -5.998621E-19 -1.687655E-01  0.000000E+00
  5.770550E-01 -1.737428E-02  5.000000E-01  5.828802E-01 -1.737615E-02  0.000000E+00  1.470212E-02  1.131658E-03  2.850983E-19 -1.386580E-01  0.000000E+00
  5.977760E-01 -1.573239E-02  5.000000E-01  6.038104E-01 -1.571769E-02  0.000000E+00  1.434396E-02  1.180802E-03 -5.444887E-19 -1.170215E-01  0.000000E+00
  6.181820E-01 -1.398905E-02  5.000000E-01  6.244224E-01 -1.395675E-02  0.000000E+00  1.385937E-02  1.236283E-03 -1.414590E-18 -9.829405E-02  0.000000E+00
  6.382180E-01 -1.212082E-02  5.000000E-01  6.446607E-01 -1.206966E-02  0.000000E+00  1.317246E-02  1.283591E-03 -2.170095E-18 -7.590487E-02  0.000000E+00
  6.578350E-01 -1.011753E-02  5.000000E-01  6.644757E-01 -1.004615E-02  0.000000E+00  1.228048E-02  1.306116E-03 -1.671320E-18 -4.560156E-02  0.000000E+00
  6.769910E-01 -7.989237E-03  5.000000E-01  6.838251E-01 -7.896372E-03  0.000000E+00  1.122966E-02  1.293440E-03 -1.214373E-18 -7.220742E-03  0.000000E+00
  6.956490E-01 -5.755935E-03  5.000000E-01  7.026714E-01 -5.640526E-03  0.000000E+00  1.008183E-02  1.242152E-03 -5.758200E-19  3.650482E-02  0.000000E+00
  7.137810E-01 -3.451376E-03  5.000000E-01  7.209864E-01 -3.312703E-03  0.000000E+00  8.894187E-03  1.153363E-03  1.430547E-19  8.238878E-02  0.000000E+00
  7.313660E-01 -1.120520E-03  5.000000E-01  7.387490E-01 -9.583172E-04  0.000000E+00  7.709510E-03  1.035047E-03  1.345906E-19  1.278356E-01  0.000000E+00
  7.483850E-01  1.196881E-03  5.000000E-01  7.559398E-01  1.382477E-03  0.000000E+00  6.563023E-03  9.013777E-04 -4.466957E-19  1.711225E-01  0.000000E+00
  7.648220E-01  3.475077E-03  5.000000E-01  7.725427E-01  3.683670E-03  0.000000E+00  5.499801E-03  7.667342E-04  7.384198E-20  2.113363E-01  0.000000E+00
  7.806630E-01  5.696443E-03  5.000000E-01  7.885436E-01  5.927461E-03  0.000000E+00  4.589202E-03  6.367892E-04 -6.001570E-19  2.488136E-01  0.000000E+00
  7.958970E-01  7.793042E-03  5.000000E-01  8.039314E-01  8.045224E-03  0.000000E+00  3.923552E-03  5.111269E-04 -1.346613E-18  2.851122E-01  0.000000E+00
  8.105170E-01  9.581316E-03  5.000000E-01  8.186990E-01  9.851550E-03  0.000000E+00  3.565093E-03  3.974738E-04  1.107472E-18  3.175437E-01  0.000000E+00
  8.245160E-01  1.096958E-02  5.000000E-01  8.328393E-01  1.125383E-02  0.000000E+00  3.500820E-03  3.032666E-04  2.178185E-18  3.407532E-01  0.000000E+00
  8.378940E-01  1.195588E-02  5.000000E-01  8.463523E-01  1.225008E-02  0.000000E+00  3.669744E-03  2.236696E-04  1.419944E-18  3.542295E-01  0.000000E+00
  8.506490E-01  1.258271E-02  5.000000E-01  8.592361E-01  1.288324E-02  0.000000E+00  4.005975E-03  1.495391E-04  1.416843E-19  3.609354E-01  0.000000E+00
  8.627850E-01  1.290864E-02  5.000000E-01  8.714946E-01  1.321246E-02  0.000000E+00  4.455362E-03  7.365373E-05 -1.379479E-19  3.634025E-01  0.000000E+00
  8.743060E-01  1.299339E-02  5.000000E-01  8.831319E-01  1.329807E-02  0.000000E+00  4.974245E-03 -7.902636E-06  8.423872E-19  3.627733E-01  0.000000E+00
  8.852170E-01  1.288869E-02  5.000000E-01  8.941530E-01  1.319231E-02  0.000000E+00  5.528308E-03 -9.653516E-05  6.611383E-19  3.596857E-01  0.000000E+00
  8.955250E-01  1.263558E-02  5.000000E-01  9.045651E-01  1.293664E-02  0.000000E+00  6.093460E-03 -1.922536E-04 -6.232244E-20  3.546635E-01  0.000000E+00
  9.052400E-01  1.226706E-02  5.000000E-01  9.143782E-01  1.256441E-02  0.000000E+00  6.656379E-03 -2.950376E-04  2.005944E-20  3.481136E-01  0.000000E+00
  9.143710E-01  1.180883E-02  5.000000E-01  9.236013E-01  1.210155E-02  0.000000E+00  7.215846E-03 -4.076756E-04 -1.535622E-20  3.404681E-01  0.000000E+00
  9.143710E-01  1.180883E-02  5.000000E-01  9.236013E-01  1.210155E-02  0.000000E+00  7.215846E-03 -4.076756E-04 -1.535622E-20  3.404681E-01  0.000000E+00
  9.229270E-01  1.127580E-02  5.000000E-01  9.322437E-01  1.156314E-02  0.000000E+00  7.782166E-03 -5.357094E-04 -1.054323E-18  3.319661E-01  0.000000E+00
  9.309180E-01  1.067727E-02  5.000000E-01  9.403154E-01  1.095857E-02  0.000000E+00  8.372705E-03 -6.844213E-04 -1.553307E-18  3.223556E-01  0.000000E+00
  9.383550E-01  1.002190E-02  5.000000E-01  9.478274E-01  1.029659E-02  0.000000E+00  9.008170E-03 -8.587568E-04 -9.291367E-21  3.111726E-01  0.000000E+00
  9.452490E-01  9.318492E-03  5.000000E-01  9.547910E-01  9.586072E-03  0.000000E+00  9.712151E-03 -1.065479E-03  3.122146E-18  2.980334E-01  0.000000E+00
  9.516100E-01  8.575501E-03  5.000000E-01  9.612163E-01  8.835582E-03  0.000000E+00  1.051122E-02 -1.313230E-03  7.226263E-18  2.825392E-01  0.000000E+00
  9.574470E-01  7.802474E-03  5.000000E-01  9.671122E-01  8.054751E-03  0.000000E+00  1.143312E-02 -1.610911E-03  4.436546E-18  2.640901E-01  0.000000E+00
  9.627730E-01  7.010679E-03  5.000000E-01  9.724919E-01  7.254964E-03  0.000000E+00  1.250612E-02 -1.968065E-03 -2.323266E-17  2.420001E-01  0.000000E+00
  9.675950E-01  6.213579E-03  5.000000E-01  9.773626E-01  6.449816E-03  0.000000E+00  1.376145E-02 -2.394277E-03 -7.287666E-17  2.155495E-01  0.000000E+00
  9.719240E-01  5.426301E-03  5.000000E-01  9.817353E-01  5.654592E-03  0.000000E+00  1.523970E-02 -2.899856E-03 -6.473628E-17  1.839110E-01  0.000000E+00
  9.757700E-01  4.665285E-03  5.000000E-01  9.856201E-01  4.885893E-03  0.000000E+00  1.700460E-02 -3.501247E-03  1.820362E-16  1.462538E-01  0.000000E+00
  9.791410E-01  3.947076E-03  5.000000E-01  9.890252E-01  4.160434E-03  0.000000E+00  1.915571E-02 -4.224012E-03  7.319252E-16  1.016777E-01  0.000000E+00
  9.820450E-01  3.287596E-03  5.000000E-01  9.919585E-01  3.494297E-03  0.000000E+00  2.181148E-02 -5.099607E-03  8.845619E-16  4.883907E-02  0.000000E+00
  9.844890E-01  2.701629E-03  5.000000E-01  9.944272E-01  2.902415E-03  0.000000E+00  2.503631E-02 -6.152413E-03 -1.436342E-15 -1.396926E-02  0.000000E+00
  9.864800E-01  2.202499E-03  5.000000E-01  9.964383E-01  2.398246E-03  0.000000E+00  2.875891E-02 -7.337902E-03 -8.092158E-15 -8.719484E-02  0.000000E+00
  9.880230E-01  1.801942E-03  5.000000E-01  9.979968E-01  1.993646E-03  0.000000E+00  3.246652E-02 -8.457825E-03 -1.303144E-14 -1.778118E-01  0.000000E+00
  9.891220E-01  1.509210E-03  5.000000E-01  9.991069E-01  1.697959E-03  0.000000E+00  3.593995E-02 -9.743287E-03  1.166898E-14 -2.866514E-01  0.000000E+00
  9.897810E-01  1.330854E-03  5.000000E-01  9.997726E-01  1.517802E-03  0.000000E+00  5.277821E-02 -1.246251E-02  1.024793E-13 -3.054836E-01  0.000000E+00
  9.900000E-01  1.270980E-03  5.000000E-01  9.999938E-01  1.457324E-03  0.000000E+00  3.650482E-02 -2.271806E-03  1.018679E-13 -6.802942E-01  0.000000E+00
  9.900000E-01  1.680483E-03  5.000000E-01  9.999938E-01  1.870960E-03  0.000000E+00  2.127867E-03 -7.784876E-03  4.602963E-14 -9.797289E-01  0.000000E+00
  9.900000E-01  2.089985E-03  5.000000E-01  9.999938E-01  2.284597E-03  0.000000E+00 -5.416379E-04 -2.193294E-02  6.918425E-14 -8.244994E-01  0.000000E+00
  9.900000E-01  2.499488E-03  5.000000E-01  9.999938E-01  2.698233E-03  0.000000E+00 -1.402054E-04 -1.348724E-02  9.317448E-14 -7.968326E-01  0.000000E+00
  9.900000E-01  2.908976E-03  5.000000E-01  9.999938E-01  3.111855E-03  0.000000E+00  3.202165E-04 -8.314632E-03  1.131601E-13 -8.268150E-01  0.000000E+00
  9.900000E-01  3.318478E-03  5.000000E-01  9.999938E-01  3.525491E-03  0.000000E+00  4.471708E-03 -6.759621E-03  1.284729E-13 -7.915274E-01  0.000000E+00
  9.900000E-01  3.318478E-03  5.000000E-01  9.999938E-01  3.525491E-03  0.000000E+00  4.471708E-03 -6.759621E-03  1.284729E-13 -7.915274E-01  0.000000E+00
  9.897980E-01  3.422618E-03  5.000000E-01  9.997897E-01  3.630682E-03  0.000000E+00  5.440496E-03 -3.343218E-03  1.208959E-13 -7.432839E-01  0.000000E+00
  9.891900E-01  3.735034E-03  5.000000E-01  9.991756E-01  3.946252E-03  0.000000E+00  1.129793E-03 -5.170893E-04  8.550543E-14 -7.513392E-01  0.000000E+00
  9.881780E-01  4.255039E-03  5.000000E-01  9.981534E-01  4.471506E-03  0.000000E+00 -1.264559E-03  6.523652E-04  4.671720E-14 -7.584280E-01  0.000000E+00
  9.867570E-01  4.981331E-03  5.000000E-01  9.967180E-01  5.205130E-03  0.000000E+00 -2.628889E-03  1.328581E-03  1.888147E-14 -7.652846E-01  0.000000E+00
  9.849260E-01  5.910394E-03  5.000000E-01  9.948686E-01  6.143571E-03  0.000000E+00 -3.237654E-03  1.632658E-03  4.425304E-15 -7.750957E-01  0.000000E+00
  9.826810E-01  7.035740E-03  5.000000E-01  9.926009E-01  7.280278E-03  0.000000E+00 -3.243817E-03  1.615542E-03 -7.497132E-16 -7.842872E-01  0.000000E+00
  9.800160E-01  8.347627E-03  5.000000E-01  9.899090E-01  8.605408E-03  0.000000E+00 -2.935701E-03  1.430721E-03 -1.482317E-15 -7.899046E-01  0.000000E+00
  9.769240E-01  9.831978E-03  5.000000E-01  9.867858E-01  1.010474E-02  0.000000E+00 -2.610740E-03  1.233260E-03 -8.997875E-16 -7.920852E-01  0.000000E+00
  9.733970E-01  1.146765E-02  5.000000E-01  9.832232E-01  1.175692E-02  0.000000E+00 -2.455815E-03  1.111474E-03 -3.284632E-16 -7.928330E-01  0.000000E+00
  9.694240E-01  1.322813E-02  5.000000E-01  9.792101E-01  1.353518E-02  0.000000E+00 -2.529813E-03  1.089205E-03 -4.950332E-17 -7.940715E-01  0.000000E+00
  9.649940E-01  1.508671E-02  5.000000E-01  9.747354E-01  1.541252E-02  0.000000E+00 -2.829609E-03  1.159284E-03  2.691998E-17 -7.954694E-01  0.000000E+00
  9.600960E-01  1.702317E-02  5.000000E-01  9.697879E-01  1.736853E-02  0.000000E+00 -3.346909E-03  1.292050E-03  2.519774E-17 -7.959458E-01  0.000000E+00
  9.547180E-01  1.901735E-02  5.000000E-01  9.643556E-01  1.938284E-02  0.000000E+00 -3.940451E-03  1.403012E-03  1.126735E-17 -8.035855E-01  0.000000E+00
  9.488510E-01  2.104986E-02  5.000000E-01  9.584294E-01  2.143586E-02  0.000000E+00 -4.028133E-03  1.313503E-03  4.276036E-18 -8.419426E-01  0.000000E+00
  9.424820E-01  2.310544E-02  5.000000E-01  9.519961E-01  2.351220E-02  0.000000E+00 -2.449492E-03  7.493929E-04  4.728088E-18 -9.293933E-01  0.000000E+00
  9.356020E-01  2.517359E-02  5.000000E-01  9.450467E-01  2.560123E-02  0.000000E+00  2.060098E-03 -5.492089E-04  1.137605E-17 -1.046618E+00  0.000000E+00
  9.282010E-01  2.724815E-02  5.000000E-01  9.375709E-01  2.769672E-02  0.000000E+00  9.430435E-03 -2.469055E-03  2.288635E-17 -1.143831E+00  0.000000E+00
  9.202710E-01  2.932398E-02  5.000000E-01  9.295609E-01  2.979351E-02  0.000000E+00  1.718440E-02 -4.284969E-03  3.352976E-17 -1.187476E+00  0.000000E+00
  9.118010E-01  3.138888E-02  5.000000E-01  9.210054E-01  3.187926E-02  0.000000E+00  2.230701E-02 -5.230356E-03  3.684918E-17 -1.183681E+00  0.000000E+00
  9.027810E-01  3.342679E-02  5.000000E-01  9.118943E-01  3.393773E-02  0.000000E+00  2.407575E-02 -5.237440E-03  3.197012E-17 -1.156474E+00  0.000000E+00
  8.932000E-01  3.542193E-02  5.000000E-01  9.022166E-01  3.595302E-02  0.000000E+00  2.386891E-02 -4.767102E-03  2.429200E-17 -1.122406E+00  0.000000E+00
  8.830490E-01  3.735600E-02  5.000000E-01  8.919631E-01  3.790661E-02  0.000000E+00  2.317437E-02 -4.211325E-03  1.790187E-17 -1.086975E+00  0.000000E+00
  8.723190E-01  3.920802E-02  5.000000E-01  8.811248E-01  3.977733E-02  0.000000E+00  2.263990E-02 -3.704818E-03  1.388553E-17 -1.050855E+00  0.000000E+00
  8.723190E-01  3.920802E-02  5.000000E-01  8.811248E-01  3.977733E-02  0.000000E+00  2.263990E-02 -3.704818E-03  1.388553E-17 -1.050855E+00  0.000000E+00
  8.610010E-01  4.095729E-02  5.000000E-01  8.696926E-01  4.154425E-02  0.000000E+00  2.229212E-02 -3.245773E-03  1.190707E-17 -1.013816E+00  0.000000E+00
  8.490890E-01  4.258454E-02  5.000000E-01  8.576603E-01  4.318793E-02  0.000000E+00  2.197095E-02 -2.808727E-03  1.104074E-17 -9.759358E-01  0.000000E+00
  8.365770E-01  4.407393E-02  5.000000E-01  8.450220E-01  4.469235E-02  0.000000E+00  2.155773E-02 -2.389245E-03  9.754942E-18 -9.381693E-01  0.000000E+00
  8.234620E-01  4.541909E-02  5.000000E-01  8.317746E-01  4.605109E-02  0.000000E+00  2.102407E-02 -2.006600E-03  9.657208E-18 -9.027762E-01  0.000000E+00
  8.097400E-01  4.662947E-02  5.000000E-01  8.179141E-01  4.727369E-02  0.000000E+00  2.040439E-02 -1.695164E-03  1.063308E-17 -8.736169E-01  0.000000E+00
  7.954150E-01  4.774225E-02  5.000000E-01  8.034445E-01  4.839770E-02  0.000000E+00  1.976465E-02 -1.496404E-03  1.042624E-17 -8.556795E-01  0.000000E+00
  7.804870E-01  4.883594E-02  5.000000E-01  7.883658E-01  4.950244E-02  0.000000E+00  1.920875E-02 -1.437579E-03  8.999724E-18 -8.524198E-01  0.000000E+00
  7.649630E-01  5.001895E-02  5.000000E-01  7.726851E-01  5.069739E-02  0.000000E+00  1.889618E-02 -1.490500E-03  6.064375E-18 -8.614481E-01  0.000000E+00
  7.488530E-01  5.133476E-02  5.000000E-01  7.564125E-01  5.202648E-02  0.000000E+00  1.892341E-02 -1.603555E-03  2.507948E-18 -8.770785E-01  0.000000E+00
  7.321700E-01  5.280023E-02  5.000000E-01  7.395611E-01  5.350675E-02  0.000000E+00  1.923329E-02 -1.751711E-03 -2.110363E-18 -8.953440E-01  0.000000E+00
  7.149290E-01  5.442510E-02  5.000000E-01  7.221460E-01  5.514802E-02  0.000000E+00  1.970434E-02 -1.916483E-03 -7.644600E-18 -9.134389E-01  0.000000E+00
  6.971500E-01  5.620628E-02  5.000000E-01  7.041876E-01  5.694718E-02  0.000000E+00  2.023591E-02 -2.072899E-03 -1.265252E-17 -9.287752E-01  0.000000E+00
  6.788570E-01  5.812104E-02  5.000000E-01  6.857099E-01  5.888126E-02  0.000000E+00  2.077581E-02 -2.189619E-03 -1.629162E-17 -9.387528E-01  0.000000E+00
  6.600760E-01  6.011627E-02  5.000000E-01  6.667393E-01  6.089664E-02  0.000000E+00  2.129316E-02 -2.239088E-03 -1.923314E-17 -9.415752E-01  0.000000E+00
  6.408370E-01  6.212048E-02  5.000000E-01  6.473061E-01  6.292108E-02  0.000000E+00  2.173963E-02 -2.218864E-03 -2.107612E-17 -9.377146E-01  0.000000E+00
  6.211780E-01  6.408566E-02  5.000000E-01  6.274486E-01  6.490610E-02  0.000000E+00  2.208403E-02 -2.143448E-03 -2.038906E-17 -9.288679E-01  0.000000E+00
  6.011430E-01  6.597245E-02  5.000000E-01  6.072114E-01  6.681194E-02  0.000000E+00  2.234355E-02 -2.024235E-03 -1.831654E-17 -9.162481E-01  0.000000E+00
  5.807790E-01  6.774484E-02  5.000000E-01  5.866418E-01  6.860221E-02  0.000000E+00  2.254815E-02 -1.872490E-03 -1.639680E-17 -9.008183E-01  0.000000E+00
  5.601410E-01  6.937684E-02  5.000000E-01  5.657955E-01  7.025069E-02  0.000000E+00  2.272372E-02 -1.697076E-03 -1.448050E-17 -8.832814E-01  0.000000E+00
  5.392850E-01  7.084376E-02  5.000000E-01  5.447290E-01  7.173242E-02  0.000000E+00  2.288460E-02 -1.504767E-03 -1.266005E-17 -8.642668E-01  0.000000E+00
  5.182680E-01  7.212971E-02  5.000000E-01  5.234998E-01  7.303135E-02  0.000000E+00  2.303009E-02 -1.306359E-03 -1.096290E-17 -8.447417E-01  0.000000E+00
  4.971500E-01  7.323327E-02  5.000000E-01  5.021686E-01  7.414605E-02  0.000000E+00  2.316698E-02 -1.108929E-03 -9.912139E-18 -8.253821E-01  0.000000E+00
  4.759900E-01  7.415356E-02  5.000000E-01  4.807950E-01  7.507563E-02  0.000000E+00  2.331130E-02 -9.125631E-04 -9.451269E-18 -8.063054E-01  0.000000E+00
  2.733630E-06 -4.855496E-04  5.000000E-01  2.813636E-06 -3.169374E-04  0.000000E+00  4.686363E-04 -1.840569E-02  2.050622E-18  1.096919E+00  0.000000E+00
  4.455870E-05 -1.426489E-03  5.000000E-01  4.506092E-05 -1.267375E-03  0.000000E+00  2.258768E-03 -2.190599E-02  2.873731E-17  1.067589E+00  0.000000E+00
  2.731490E-04 -2.958886E-03  5.000000E-01  2.759588E-04 -2.815241E-03  0.000000E+00  6.593019E-03 -2.486039E-02  4.129569E-17  9.467730E-01  0.000000E+00
  9.950900E-04 -4.913575E-03  5.000000E-01  1.005188E-03 -4.789663E-03  0.000000E+00  1.277738E-02 -2.521995E-02  4.149235E-17  7.369517E-01  0.000000E+00
  2.349870E-03 -6.988412E-03  5.000000E-01  2.373644E-03 -6.885444E-03  0.000000E+00  1.846850E-02 -2.401698E-02  3.931242E-17  5.277889E-01  0.000000E+00
  4.254460E-03 -9.116592E-03  5.000000E-01  4.297460E-03 -9.035108E-03  0.000000E+00  2.308447E-02 -2.270171E-02  2.678494E-17  3.564106E-01  0.000000E+00
  6.687140E-03 -1.123950E-02  5.000000E-01  6.754697E-03 -1.117945E-02  0.000000E+00  2.708527E-02 -2.121574E-02  5.036316E-18  1.937162E-01  0.000000E+00
  9.634000E-03 -1.331960E-02  5.000000E-01  9.731305E-03 -1.328055E-02  0.000000E+00  3.034949E-02 -1.921530E-02 -7.543100E-18  2.840082E-02  0.000000E+00
  1.310530E-02 -1.528929E-02  5.000000E-01  1.323765E-02 -1.527011E-02  0.000000E+00  3.258114E-02 -1.656247E-02 -2.077833E-18 -1.355045E-01  0.000000E+00
  1.710810E-02 -1.709683E-02  5.000000E-01  1.728085E-02 -1.709591E-02  0.000000E+00  3.384672E-02 -1.378874E-02  2.344312E-17 -2.755986E-01  0.000000E+00
  2.163760E-02 -1.874284E-02  5.000000E-01  2.185608E-02 -1.875853E-02  0.000000E+00  3.453639E-02 -1.137171E-02  5.623516E-17 -3.825166E-01  0.000000E+00
  2.669190E-02 -2.023699E-02  5.000000E-01  2.696140E-02 -2.026776E-02  0.000000E+00  3.479524E-02 -9.238410E-03  7.778980E-17 -4.687365E-01  0.000000E+00
  3.228310E-02 -2.155513E-02  5.000000E-01  3.260904E-02 -2.159921E-02  0.000000E+00  3.458167E-02 -7.265349E-03  8.749083E-17 -5.439455E-01  0.000000E+00
  3.842170E-02 -2.268519E-02  5.000000E-01  3.880961E-02 -2.274067E-02  0.000000E+00  3.397873E-02 -5.528920E-03  9.013059E-17 -6.071010E-01  0.000000E+00
  4.511710E-02 -2.362794E-02  5.000000E-01  4.557260E-02 -2.369295E-02  0.000000E+00  3.311471E-02 -4.075074E-03  8.589269E-17 -6.569410E-01  0.000000E+00
  5.237940E-02 -2.438872E-02  5.000000E-01  5.290821E-02 -2.446140E-02  0.000000E+00  3.211184E-02 -2.908585E-03  7.717555E-17 -6.930598E-01  0.000000E+00
  6.021800E-02 -2.498320E-02  5.000000E-01  6.082593E-02 -2.506188E-02  0.000000E+00  3.108851E-02 -2.021578E-03  6.698658E-17 -7.154077E-01  0.000000E+00
  6.864140E-02 -2.543665E-02  5.000000E-01  6.933437E-02 -2.551991E-02  0.000000E+00  3.009546E-02 -1.369704E-03  5.585274E-17 -7.255974E-01  0.000000E+00
  7.765990E-02 -2.577011E-02  5.000000E-01  7.844390E-02 -2.585674E-02  0.000000E+00  2.911809E-02 -9.020160E-04  4.500381E-17 -7.254367E-01  0.000000E+00
  8.728340E-02 -2.600872E-02  5.000000E-01  8.816455E-02 -2.609775E-02  0.000000E+00  2.810642E-02 -5.915637E-04  3.583138E-17 -7.152953E-01  0.000000E+00
  9.752070E-02 -2.618468E-02  5.000000E-01  9.850519E-02 -2.627549E-02  0.000000E+00  2.693640E-02 -4.120650E-04  2.892526E-17 -6.951228E-01  0.000000E+00
  1.083810E-01 -2.632997E-02  5.000000E-01  1.094751E-01 -2.642224E-02  0.000000E+00  2.544982E-02 -3.367472E-04  2.359351E-17 -6.642777E-01  0.000000E+00
  1.198710E-01 -2.648034E-02  5.000000E-01  1.210811E-01 -2.657414E-02  0.000000E+00  2.359414E-02 -3.440538E-04  1.804409E-17 -6.209741E-01  0.000000E+00
  1.319970E-01 -2.667570E-02  5.000000E-01  1.333295E-01 -2.677147E-02  0.000000E+00  2.155305E-02 -4.081542E-04  1.333930E-17 -5.634821E-01  0.000000E+00
  1.319970E-01 -2.667570E-02  5.000000E-01  1.333295E-01 -2.677147E-02  0.000000E+00  2.155305E-02 -4.081542E-04  1.333930E-17 -5.634821E-01  0.000000E+00
  1.447640E-01 -2.695351E-02  5.000000E-01  1.462254E-01 -2.705208E-02  0.000000E+00  1.976312E-02 -5.069852E-04  9.979165E-18 -4.923699E-01  0.000000E+00
  1.581750E-01 -2.734818E-02  5.000000E-01  1.597718E-01 -2.745074E-02  0.000000E+00  1.872093E-02 -6.310195E-04  7.101333E-18 -4.140184E-01  0.000000E+00
  1.722290E-01 -2.788022E-02  5.000000E-01  1.739676E-01 -2.798815E-02  0.000000E+00  1.867839E-02 -7.696332E-04  4.558204E-18 -3.427467E-01  0.000000E+00
  1.869240E-01 -2.853662E-02  5.000000E-01  1.888110E-01 -2.865117E-02  0.000000E+00  1.948693E-02 -8.785755E-04  3.168022E-18 -2.969707E-01  0.000000E+00
  2.022540E-01 -2.924513E-02  5.000000E-01  2.042957E-01 -2.936683E-02  0.000000E+00  2.068585E-02 -8.552055E-04  1.822381E-18 -2.903781E-01  0.000000E+00
  2.182110E-01 -2.984322E-02  5.000000E-01  2.204138E-01 -2.997097E-02  0.000000E+00  2.178695E-02 -6.415745E-04  6.974544E-19 -3.195539E-01  0.000000E+00
  2.347810E-01 -3.020380E-02  5.000000E-01  2.371511E-01 -3.033518E-02  0.000000E+00  2.249662E-02 -3.207670E-04  1.068239E-18 -3.633273E-01  0.000000E+00
  2.519470E-01 -3.031662E-02  5.000000E-01  2.544904E-01 -3.044914E-02  0.000000E+00  2.264875E-02  3.295021E-06  1.879247E-18 -4.011099E-01  0.000000E+00
  2.696890E-01 -3.019007E-02  5.000000E-01  2.724115E-01 -3.032132E-02  0.000000E+00  2.219039E-02  2.779053E-04  1.897922E-18 -4.220130E-01  0.000000E+00
  2.879810E-01 -2.985497E-02  5.000000E-01  2.908881E-01 -2.998283E-02  0.000000E+00  2.128916E-02  4.636316E-04  8.860910E-19 -4.213432E-01  0.000000E+00
  3.067920E-01 -2.937210E-02  5.000000E-01  3.098890E-01 -2.949509E-02  0.000000E+00  2.029394E-02  5.411528E-04  1.516877E-19 -3.999876E-01  0.000000E+00
  3.260870E-01 -2.883209E-02  5.000000E-01  3.293788E-01 -2.894962E-02  0.000000E+00  1.956054E-02  5.213066E-04  9.191781E-20 -3.650390E-01  0.000000E+00
  3.458260E-01 -2.833369E-02  5.000000E-01  3.493171E-01 -2.844620E-02  0.000000E+00  1.923898E-02  4.649354E-04 -4.685637E-19 -3.302101E-01  0.000000E+00
  3.659650E-01 -2.787670E-02  5.000000E-01  3.696594E-01 -2.798459E-02  0.000000E+00  1.925654E-02  4.406451E-04 -1.265019E-18 -3.083009E-01  0.000000E+00
  3.864540E-01 -2.741046E-02  5.000000E-01  3.903552E-01 -2.751365E-02  0.000000E+00  1.944872E-02  4.708115E-04 -4.990567E-19 -3.025634E-01  0.000000E+00
  4.072410E-01 -2.688025E-02  5.000000E-01  4.113520E-01 -2.697808E-02  0.000000E+00  1.961113E-02  5.537627E-04  4.259837E-19 -3.084593E-01  0.000000E+00
  4.282690E-01 -2.623063E-02  5.000000E-01  4.325923E-01 -2.632191E-02  0.000000E+00  1.952955E-02  6.812217E-04 -6.157409E-19 -3.182082E-01  0.000000E+00
  4.494800E-01 -2.540449E-02  5.000000E-01  4.540174E-01 -2.548743E-02  0.000000E+00  1.907214E-02  8.249715E-04  3.461670E-19 -3.226668E-01  0.000000E+00
  4.708130E-01 -2.438194E-02  5.000000E-01  4.755658E-01 -2.445455E-02  0.000000E+00  1.827176E-02  9.415300E-04  1.444431E-18 -3.135434E-01  0.000000E+00
  4.922030E-01 -2.319271E-02  5.000000E-01  4.971717E-01 -2.325332E-02  0.000000E+00  1.729409E-02  1.013118E-03 -4.394067E-19 -2.880913E-01  0.000000E+00
  5.135860E-01 -2.186911E-02  5.000000E-01  5.187705E-01 -2.191635E-02  0.000000E+00  1.634563E-02  1.052463E-03 -1.850461E-18 -2.502996E-01  0.000000E+00
  5.348990E-01 -2.044049E-02  5.000000E-01  5.402987E-01 -2.047332E-02  0.000000E+00  1.558822E-02  1.075967E-03 -2.320251E-18 -2.078006E-01  0.000000E+00
  5.560760E-01 -1.893749E-02  5.000000E-01  5.616895E-01 -1.895515E-02  0.000000E+00  1.506797E-02  1.097807E-03 -5.998621E-19 -1.687655E-01  0.000000E+00
  4.759900E-01  7.415356E-02  5.000000E-01  4.807950E-01  7.507563E-02  0.000000E+00  2.331130E-02 -9.125631E-04 -9.451269E-18 -8.063054E-01  0.000000E+00
  4.548480E-01  7.488949E-02  5.000000E-01  4.594396E-01  7.581899E-02  0.000000E+00  2.347048E-02 -7.169348E-04 -8.805736E-18 -7.874730E-01  0.000000E+00
  4.337860E-01  7.544295E-02  5.000000E-01  4.381650E-01  7.637804E-02  0.000000E+00  2.364607E-02 -5.188160E-04 -8.336962E-18 -7.684735E-01  0.000000E+00
  4.128620E-01  7.581192E-02  5.000000E-01  4.170298E-01  7.675073E-02  0.000000E+00  2.383958E-02 -3.067204E-04 -8.114527E-18 -7.481813E-01  0.000000E+00
  3.921340E-01  7.598107E-02  5.000000E-01  3.960925E-01  7.692158E-02  0.000000E+00  2.403733E-02 -6.973196E-05 -8.099346E-18 -7.254267E-01  0.000000E+00
  3.716590E-01  7.593401E-02  5.000000E-01  3.754108E-01  7.687406E-02  0.000000E+00  2.420857E-02  1.955521E-04 -8.180495E-18 -6.995817E-01  0.000000E+00
  3.514890E-01  7.565579E-02  5.000000E-01  3.550372E-01  7.659303E-02  0.000000E+00  2.432273E-02  4.879387E-04 -7.855625E-18 -6.705153E-01  0.000000E+00
  3.316730E-01  7.513543E-02  5.000000E-01  3.350212E-01  7.606741E-02  0.000000E+00  2.435444E-02  7.998871E-04 -6.692471E-18 -6.388542E-01  0.000000E+00
  3.122580E-01  7.437005E-02  5.000000E-01  3.154102E-01  7.529430E-02  0.000000E+00  2.427926E-02  1.109884E-03 -5.218732E-18 -6.064932E-01  0.000000E+00
  2.932850E-01  7.338183E-02  5.000000E-01  2.962457E-01  7.429611E-02  0.000000E+00  2.409293E-02  1.395893E-03 -4.284084E-18 -5.756199E-01  0.000000E+00
  2.747930E-01  7.220048E-02  5.000000E-01  2.775670E-01  7.310283E-02  0.000000E+00  2.382384E-02  1.652997E-03 -4.065252E-18 -5.473427E-01  0.000000E+00
  2.568150E-01  7.085282E-02  5.000000E-01  2.594075E-01  7.174157E-02  0.000000E+00  2.351004E-02  1.886206E-03 -4.045893E-18 -5.219612E-01  0.000000E+00
  2.393810E-01  6.936158E-02  5.000000E-01  2.417975E-01  7.023527E-02  0.000000E+00  2.318572E-02  2.103418E-03 -3.703357E-18 -4.996969E-01  0.000000E+00
  2.225160E-01  6.774528E-02  5.000000E-01  2.247623E-01  6.860266E-02  0.000000E+00  2.287833E-02  2.310448E-03 -3.121091E-18 -4.817784E-01  0.000000E+00
  2.062420E-01  6.601826E-02  5.000000E-01  2.083240E-01  6.685820E-02  0.000000E+00  2.259080E-02  2.478945E-03 -2.412143E-18 -4.730558E-01  0.000000E+00
  1.905750E-01  6.423717E-02  5.000000E-01  1.924988E-01  6.505914E-02  0.000000E+00  2.234393E-02  2.552068E-03 -1.333381E-18 -4.808130E-01  0.000000E+00
  1.755290E-01  6.250557E-02  5.000000E-01  1.773010E-01  6.331005E-02  0.000000E+00  2.228482E-02  2.549508E-03 -1.662242E-18 -5.056814E-01  0.000000E+00
  1.611160E-01  6.086608E-02  5.000000E-01  1.627425E-01  6.165402E-02  0.000000E+00  2.259532E-02  2.552801E-03 -2.472523E-18 -5.406614E-01  0.000000E+00
  1.473410E-01  5.932157E-02  5.000000E-01  1.488284E-01  6.009392E-02  0.000000E+00  2.331296E-02  2.610504E-03 -7.876300E-19 -5.780825E-01  0.000000E+00
  1.342110E-01  5.785479E-02  5.000000E-01  1.355659E-01  5.861233E-02  0.000000E+00  2.432305E-02  2.737852E-03  1.184636E-18 -6.124247E-01  0.000000E+00
  1.217280E-01  5.644034E-02  5.000000E-01  1.229569E-01  5.718360E-02  0.000000E+00  2.544826E-02  2.934858E-03  2.818752E-18 -6.410192E-01  0.000000E+00
  1.098910E-01  5.505262E-02  5.000000E-01  1.110004E-01  5.578187E-02  0.000000E+00  2.655546E-02  3.207116E-03  4.676485E-18 -6.628648E-01  0.000000E+00
  9.869950E-02  5.366288E-02  5.000000E-01  9.969589E-02  5.437811E-02  0.000000E+00  2.759419E-02  3.569971E-03  7.257080E-18 -6.775975E-01  0.000000E+00
  8.814970E-02  5.224472E-02  5.000000E-01  8.903960E-02  5.294563E-02  0.000000E+00  2.857847E-02  4.049397E-03  1.088980E-17 -6.847557E-01  0.000000E+00
  8.814970E-02  5.224472E-02  5.000000E-01  8.903960E-02  5.294563E-02  0.000000E+00  2.857847E-02  4.049397E-03  1.088980E-17 -6.847557E-01  0.000000E+00
  7.823720E-02  5.077047E-02  5.000000E-01  7.902703E-02  5.145649E-02  0.000000E+00  2.954886E-02  4.688309E-03  1.558771E-17 -6.830500E-01  0.000000E+00
  6.895800E-02  4.920870E-02  5.000000E-01  6.965416E-02  4.987896E-02  0.000000E+00  3.051716E-02  5.528684E-03  1.984240E-17 -6.709763E-01  0.000000E+00
  6.030560E-02  4.753317E-02  5.000000E-01  6.091442E-02  4.818651E-02  0.000000E+00  3.146765E-02  6.624911E-03  2.122988E-17 -6.460675E-01  0.000000E+00
  5.227560E-02  4.571140E-02  5.000000E-01  5.280336E-02  4.634636E-02  0.000000E+00  3.234128E-02  8.038182E-03  1.968012E-17 -6.048100E-01  0.000000E+00
  4.486350E-02  4.371253E-02  5.000000E-01  4.531644E-02  4.432731E-02  0.000000E+00  3.299707E-02  9.789689E-03  1.477675E-17 -5.441739E-01  0.000000E+00
  3.806240E-02  4.151435E-02  5.000000E-01  3.844668E-02  4.210694E-02  0.000000E+00  3.325008E-02  1.187694E-02  6.001472E-18 -4.602798E-01  0.000000E+00
  3.186880E-02  3.909236E-02  5.000000E-01  3.219056E-02  3.966050E-02  0.000000E+00  3.285655E-02  1.420800E-02 -2.531618E-18 -3.499332E-01  0.000000E+00
  2.627530E-02  3.643692E-02  5.000000E-01  2.654059E-02  3.697825E-02  0.000000E+00  3.156230E-02  1.655728E-02 -5.481388E-18 -2.123585E-01  0.000000E+00
  2.127350E-02  3.355043E-02  5.000000E-01  2.148830E-02  3.406262E-02  0.000000E+00  2.924152E-02  1.865000E-02 -6.471635E-18 -4.760920E-02  0.000000E+00
  1.685790E-02  3.044004E-02  5.000000E-01  1.702813E-02  3.092083E-02  0.000000E+00  2.594281E-02  2.012932E-02 -1.010992E-17  1.387592E-01  0.000000E+00
  1.301460E-02  2.714087E-02  5.000000E-01  1.314603E-02  2.758836E-02  0.000000E+00  2.192436E-02  2.070480E-02 -1.637264E-17  3.371539E-01  0.000000E+00
  9.730790E-03  2.369827E-02  5.000000E-01  9.829072E-03  2.411101E-02  0.000000E+00  1.758635E-02  2.030655E-02 -2.397381E-17  5.385166E-01  0.000000E+00
  6.996180E-03  2.016720E-02  5.000000E-01  7.066857E-03  2.054430E-02  0.000000E+00  1.333546E-02  1.891478E-02 -2.579272E-17  7.278317E-01  0.000000E+00
  4.781010E-03  1.663912E-02  5.000000E-01  4.829325E-03  1.698060E-02  0.000000E+00  9.485314E-03  1.662371E-02 -1.899423E-17  8.915004E-01  0.000000E+00
  3.054950E-03  1.320953E-02  5.000000E-01  3.085841E-03  1.351639E-02  0.000000E+00  6.194678E-03  1.364875E-02 -1.562984E-17  1.024939E+00  0.000000E+00
  1.789910E-03  9.973571E-03  5.000000E-01  1.808031E-03  1.024776E-02  0.000000E+00  3.552403E-03  1.011981E-02 -1.816604E-17  1.123535E+00  0.000000E+00
  9.331870E-04  7.040296E-03  5.000000E-01  9.426596E-04  7.284879E-03  0.000000E+00  1.620702E-03  6.118763E-03 -1.857867E-17  1.183567E+00  0.000000E+00
  4.085430E-04  4.518203E-03  5.000000E-01  4.127195E-04  4.737326E-03  0.000000E+00  3.811627E-04  1.735025E-03 -2.076478E-17  1.207881E+00  0.000000E+00
  1.354760E-04  2.494562E-03  5.000000E-01  1.368960E-04  2.693258E-03  0.000000E+00 -2.396864E-04 -2.994076E-03 -2.932366E-17  1.204190E+00  0.000000E+00
  2.683130E-05  1.021515E-03  5.000000E-01  2.715456E-05  1.205341E-03  0.000000E+00 -3.441436E-04 -8.061891E-03 -3.976515E-17  1.180839E+00  0.000000E+00
  1.320070E-06  1.276973E-04  5.000000E-01  1.385807E-06  3.025001E-04  0.000000E+00 -2.077758E-04 -1.298704E-02 -4.154921E-17  1.140479E+00  0.000000E+00
 -5.188750E-08 -1.717796E-04  5.000000E-01  0.000000E+00  0.000000E+00  0.000000E+00 -4.372895E-05 -1.611274E-02 -2.585294E-17  1.105513E+00  0.000000E+00
  2.733630E-06 -4.855496E-04  5.000000E-01  2.813636E-06 -3.169374E-04  0.000000E+00  4.686363E-04 -1.840569E-02  2.050622E-18  1.096919E+00  0.000000E+00
    1    2
    2    3
    3    4
    4    5
    5    6
    6    7
    7    8
    8    9
    9   10
   10   11
   11   12
   12   13
   13   14
   14   15
   15   16
   16   17
   17   18
   18   19
   19   20
   20   21
   21   22
   22   23
   23   24
   25   26
   26   27
   27   28
   28   29
   29   30
   30   31
   31   32
   32   33
   33   34
   34   35
   35   36
   36   37
   37   38
   38   39
   39   40
   40   41
   41   42
   42   43
   43   44
   44   45
   45   46
   46   47
   47   48
   49   50
   50   51
   51   52
   52   53
   53   54
   54   55
   55   56
   56   57
   57   58
   58   59
   59   60
   60   61
   61   62
   62   63
   63   64
   64   65
   65   66
   66   67
   67   68
   68   69
   69   70
   70   71
   71   72
   73   74
   74   75
   75   76
   76   77
   77   78
   78   79
   79   80
   80   81
   81   82
   82   83
   83   84
   84   85
   85   86
   86   87
   87   88
   88   89
   89   90
   90   91
   91   92
   92   93
   93   94
   94   95
   95   96
   97   98
   98   99
   99  100
  100  101
  101  102
  102  103
  103  104
  104  105
  105  106
  106  107
  107  108
  108  109
  109  110
  110  111
  111  112
  112  113
  113  114
  114  115
  115  116
  116  117
  117  118
  118  119
  119  120
  121  122
  122  123
  123  124
  124  125
  125  126
  126  127
  127  128
  128  129
  129  130
  130  131
  131  132
  132  133
  133  134
  134  135
  135  136
  136  137
  137  138
  138  139
  139  140
  140  141
  141  142
  142  143
  143  144
  145  146
  146  147
  147  148
  148  149
  149  150
  150  151
  151  152
  152  153
  153  154
  154  155
  155  156
  156  157
  157  158
  158  159
  159  160
  160  161
  161  162
  162  163
  163  164
  164  165
  165  166
  166  167
  167  168
  169  170
  170  171
  171  172
  172  173
  173  174
  174  175
  175  176
  176  177
  177  178
  178  179
  179  180
  180  181
  181  182
  182  183
  183  184
  184  185
  185  186
  186  187
  187  188
  188  189
  189  190
  190  191
  191  192
