 Title = "ADflow Slice Data"
Variables =  "CoordinateX"  "CoordinateY"  "CoordinateZ"  "XoC"  "YoC"  "ZoC" "VelocityX" "VelocityY" "VelocityZ" "CoefPressure" "Mach" 
Zone T= "Slice_0001 None Absolute Regular z = 0.50000000"
 Nodes =          192  Elements=          184  ZONETYPE=FELINESEG
 DATAPACKING=POINT
  5.560760E-01 -1.893738E-02  5.000000E-01  5.616895E-01 -1.895503E-02  0.000000E+00  1.506854E-02  1.097794E-03 -5.609503E-18 -1.687402E-01  0.000000E+00
  5.770550E-01 -1.737422E-02  5.000000E-01  5.828802E-01 -1.737609E-02  0.000000E+00  1.470298E-02  1.131687E-03 -2.792784E-17 -1.386680E-01  0.000000E+00
  5.977760E-01 -1.573236E-02  5.000000E-01  6.038104E-01 -1.571766E-02  0.000000E+00  1.434476E-02  1.180847E-03 -4.449947E-17 -1.170459E-01  0.000000E+00
  6.181820E-01 -1.398904E-02  5.000000E-01  6.244224E-01 -1.395674E-02  0.000000E+00  1.385996E-02  1.236328E-03 -4.074336E-17 -9.831753E-02  0.000000E+00
  6.382180E-01 -1.212082E-02  5.000000E-01  6.446607E-01 -1.206966E-02  0.000000E+00  1.317285E-02  1.283630E-03 -2.707996E-17 -7.592081E-02  0.000000E+00
  6.578350E-01 -1.011752E-02  5.000000E-01  6.644757E-01 -1.004614E-02  0.000000E+00  1.228073E-02  1.306146E-03 -1.522999E-17 -4.560843E-02  0.000000E+00
  6.769910E-01 -7.989226E-03  5.000000E-01  6.838251E-01 -7.896361E-03  0.000000E+00  1.122981E-02  1.293461E-03 -9.149838E-18 -7.219773E-03  0.000000E+00
  6.956490E-01 -5.755921E-03  5.000000E-01  7.026714E-01 -5.640512E-03  0.000000E+00  1.008190E-02  1.242163E-03 -5.824113E-18  3.650981E-02  0.000000E+00
  7.137810E-01 -3.451361E-03  5.000000E-01  7.209864E-01 -3.312687E-03  0.000000E+00  8.894233E-03  1.153368E-03 -1.980076E-18  8.239287E-02  0.000000E+00
  7.313660E-01 -1.120505E-03  5.000000E-01  7.387490E-01 -9.583027E-04  0.000000E+00  7.709551E-03  1.035050E-03  6.311685E-19  1.278361E-01  0.000000E+00
  7.483850E-01  1.196890E-03  5.000000E-01  7.559398E-01  1.382486E-03  0.000000E+00  6.563067E-03  9.013807E-04  2.349652E-18  1.711206E-01  0.000000E+00
  7.648220E-01  3.475077E-03  5.000000E-01  7.725427E-01  3.683670E-03  0.000000E+00  5.499847E-03  7.667379E-04  6.246983E-18  2.113350E-01  0.000000E+00
  7.806630E-01  5.696430E-03  5.000000E-01  7.885436E-01  5.927447E-03  0.000000E+00  4.589251E-03  6.367929E-04  1.083650E-17  2.488141E-01  0.000000E+00
  7.958970E-01  7.793011E-03  5.000000E-01  8.039314E-01  8.045193E-03  0.000000E+00  3.923610E-03  5.111301E-04  9.906559E-18  2.851136E-01  0.000000E+00
  8.105170E-01  9.581267E-03  5.000000E-01  8.186990E-01  9.851500E-03  0.000000E+00  3.565160E-03  3.974765E-04  5.958140E-18  3.175443E-01  0.000000E+00
  8.245160E-01  1.096951E-02  5.000000E-01  8.328393E-01  1.125376E-02  0.000000E+00  3.500896E-03  3.032688E-04  2.096522E-18  3.407526E-01  0.000000E+00
  8.378940E-01  1.195580E-02  5.000000E-01  8.463523E-01  1.225000E-02  0.000000E+00  3.669826E-03  2.236712E-04 -1.532317E-18  3.542283E-01  0.000000E+00
  8.506490E-01  1.258262E-02  5.000000E-01  8.592361E-01  1.288315E-02  0.000000E+00  4.006063E-03  1.495396E-04 -4.152609E-18  3.609342E-01  0.000000E+00
  8.627850E-01  1.290854E-02  5.000000E-01  8.714946E-01  1.321236E-02  0.000000E+00  4.455455E-03  7.365284E-05 -7.614767E-18  3.634012E-01  0.000000E+00
  8.743060E-01  1.299328E-02  5.000000E-01  8.831319E-01  1.329796E-02  0.000000E+00  4.974342E-03 -7.904692E-06 -1.151925E-17  3.627716E-01  0.000000E+00
  8.852170E-01  1.288858E-02  5.000000E-01  8.941530E-01  1.319220E-02  0.000000E+00  5.528409E-03 -9.653783E-05 -1.720432E-17  3.596835E-01  0.000000E+00
  8.955250E-01  1.263546E-02  5.000000E-01  9.045651E-01  1.293653E-02  0.000000E+00  6.093562E-03 -1.922563E-04 -2.988811E-17  3.546610E-01  0.000000E+00
  9.052400E-01  1.226695E-02  5.000000E-01  9.143782E-01  1.256429E-02  0.000000E+00  6.656481E-03 -2.950400E-04 -3.210389E-17  3.481110E-01  0.000000E+00
  9.143710E-01  1.180872E-02  5.000000E-01  9.236013E-01  1.210144E-02  0.000000E+00  7.215947E-03 -4.076776E-04 -3.590266E-17  3.404654E-01  0.000000E+00
  9.143710E-01  1.180872E-02  5.000000E-01  9.236013E-01  1.210144E-02  0.000000E+00  7.215947E-03 -4.076776E-04 -3.590266E-17  3.404654E-01  0.000000E+00
  9.229270E-01  1.127570E-02  5.000000E-01  9.322437E-01  1.156304E-02  0.000000E+00  7.782266E-03 -5.357106E-04 -1.342988E-17  3.319632E-01  0.000000E+00
  9.309180E-01  1.067718E-02  5.000000E-01  9.403154E-01  1.095847E-02  0.000000E+00  8.372801E-03 -6.844214E-04  7.425015E-17  3.223528E-01  0.000000E+00
  9.383550E-01  1.002182E-02  5.000000E-01  9.478274E-01  1.029650E-02  0.000000E+00  9.008260E-03 -8.587555E-04  2.699361E-16  3.111698E-01  0.000000E+00
  9.452490E-01  9.318411E-03  5.000000E-01  9.547910E-01  9.585990E-03  0.000000E+00  9.712236E-03 -1.065476E-03  7.166515E-16  2.980306E-01  0.000000E+00
  9.516100E-01  8.575429E-03  5.000000E-01  9.612163E-01  8.835508E-03  0.000000E+00  1.051130E-02 -1.313224E-03  1.646709E-15  2.825365E-01  0.000000E+00
  9.574470E-01  7.802410E-03  5.000000E-01  9.671122E-01  8.054686E-03  0.000000E+00  1.143320E-02 -1.610903E-03  3.477897E-15  2.640875E-01  0.000000E+00
  9.627730E-01  7.010624E-03  5.000000E-01  9.724919E-01  7.254907E-03  0.000000E+00  1.250619E-02 -1.968054E-03  6.860660E-15  2.419976E-01  0.000000E+00
  9.675950E-01  6.213531E-03  5.000000E-01  9.773626E-01  6.449769E-03  0.000000E+00  1.376150E-02 -2.394263E-03  1.260190E-14  2.155472E-01  0.000000E+00
  9.719240E-01  5.426262E-03  5.000000E-01  9.817353E-01  5.654552E-03  0.000000E+00  1.523975E-02 -2.899837E-03  2.116661E-14  1.839088E-01  0.000000E+00
  9.757700E-01  4.665253E-03  5.000000E-01  9.856201E-01  4.885861E-03  0.000000E+00  1.700464E-02 -3.501223E-03  3.117056E-14  1.462517E-01  0.000000E+00
  9.791410E-01  3.947051E-03  5.000000E-01  9.890252E-01  4.160409E-03  0.000000E+00  1.915575E-02 -4.223981E-03  3.621110E-14  1.016758E-01  0.000000E+00
  9.820450E-01  3.287577E-03  5.000000E-01  9.919585E-01  3.494278E-03  0.000000E+00  2.181151E-02 -5.099568E-03  2.082909E-14  4.883726E-02  0.000000E+00
  9.844890E-01  2.701615E-03  5.000000E-01  9.944272E-01  2.902400E-03  0.000000E+00  2.503633E-02 -6.152364E-03 -3.806684E-14 -1.397095E-02  0.000000E+00
  9.864800E-01  2.202489E-03  5.000000E-01  9.964383E-01  2.398236E-03  0.000000E+00  2.875893E-02 -7.337845E-03 -1.483097E-13 -8.719641E-02  0.000000E+00
  9.880230E-01  1.801936E-03  5.000000E-01  9.979968E-01  1.993639E-03  0.000000E+00  3.246655E-02 -8.457763E-03 -2.441433E-13 -1.778133E-01  0.000000E+00
  9.891220E-01  1.509206E-03  5.000000E-01  9.991069E-01  1.697955E-03  0.000000E+00  3.594003E-02 -9.743229E-03 -1.426092E-13 -2.866528E-01  0.000000E+00
  9.897810E-01  1.330851E-03  5.000000E-01  9.997726E-01  1.517799E-03  0.000000E+00  5.277841E-02 -1.246244E-02  2.495459E-13 -3.054851E-01  0.000000E+00
  9.900000E-01  1.270978E-03  5.000000E-01  9.999938E-01  1.457322E-03  0.000000E+00  3.650497E-02 -2.271768E-03  3.919493E-13 -6.802956E-01  0.000000E+00
  9.900000E-01  1.680481E-03  5.000000E-01  9.999938E-01  1.870958E-03  0.000000E+00  2.127873E-03 -7.784886E-03  9.119441E-14 -9.797301E-01  0.000000E+00
  9.900000E-01  2.089983E-03  5.000000E-01  9.999938E-01  2.284594E-03  0.000000E+00 -5.416386E-04 -2.193298E-02 -8.746665E-14 -8.245005E-01  0.000000E+00
  9.900000E-01  2.499486E-03  5.000000E-01  9.999938E-01  2.698231E-03  0.000000E+00 -1.402043E-04 -1.348730E-02 -3.639931E-14 -7.968335E-01  0.000000E+00
  9.900000E-01  2.908974E-03  5.000000E-01  9.999938E-01  3.111852E-03  0.000000E+00  3.202147E-04 -8.314660E-03  6.737784E-14 -8.268156E-01  0.000000E+00
  9.900000E-01  3.318476E-03  5.000000E-01  9.999938E-01  3.525489E-03  0.000000E+00  4.471672E-03 -6.759591E-03  1.404709E-13 -7.915281E-01  0.000000E+00
  9.900000E-01  3.318476E-03  5.000000E-01  9.999938E-01  3.525489E-03  0.000000E+00  4.471672E-03 -6.759591E-03  1.404709E-13 -7.915281E-01  0.000000E+00
  9.897980E-01  3.422616E-03  5.000000E-01  9.997897E-01  3.630679E-03  0.000000E+00  5.440422E-03 -3.343164E-03  1.476458E-13 -7.432848E-01  0.000000E+00
  9.891900E-01  3.735030E-03  5.000000E-01  9.991756E-01  3.946248E-03  0.000000E+00  1.129707E-03 -5.170424E-04  1.139279E-13 -7.513403E-01  0.000000E+00
  9.881780E-01  4.255032E-03  5.000000E-01  9.981534E-01  4.471499E-03  0.000000E+00 -1.264642E-03  6.524054E-04  6.954529E-14 -7.584293E-01  0.000000E+00
  9.867570E-01  4.981322E-03  5.000000E-01  9.967180E-01  5.205120E-03  0.000000E+00 -2.628951E-03  1.328607E-03  3.490764E-14 -7.652862E-01  0.000000E+00
  9.849260E-01  5.910380E-03  5.000000E-01  9.948686E-01  6.143557E-03  0.000000E+00 -3.237684E-03  1.632666E-03  1.445628E-14 -7.750974E-01  0.000000E+00
  9.826810E-01  7.035721E-03  5.000000E-01  9.926009E-01  7.280258E-03  0.000000E+00 -3.243820E-03  1.615536E-03  5.198658E-15 -7.842888E-01  0.000000E+00
  9.800160E-01  8.347602E-03  5.000000E-01  9.899090E-01  8.605382E-03  0.000000E+00 -2.935689E-03  1.430709E-03  1.996046E-15 -7.899060E-01  0.000000E+00
  9.769240E-01  9.831946E-03  5.000000E-01  9.867858E-01  1.010471E-02  0.000000E+00 -2.610730E-03  1.233250E-03  1.181995E-15 -7.920865E-01  0.000000E+00
  9.733970E-01  1.146761E-02  5.000000E-01  9.832232E-01  1.175688E-02  0.000000E+00 -2.455822E-03  1.111471E-03  1.017164E-15 -7.928343E-01  0.000000E+00
  9.694240E-01  1.322808E-02  5.000000E-01  9.792101E-01  1.353513E-02  0.000000E+00 -2.529843E-03  1.089212E-03  9.345095E-16 -7.940730E-01  0.000000E+00
  9.649940E-01  1.508665E-02  5.000000E-01  9.747354E-01  1.541246E-02  0.000000E+00 -2.829665E-03  1.159302E-03  8.438658E-16 -7.954708E-01  0.000000E+00
  9.600960E-01  1.702310E-02  5.000000E-01  9.697879E-01  1.736846E-02  0.000000E+00 -3.346994E-03  1.292076E-03  7.504475E-16 -7.959470E-01  0.000000E+00
  9.547180E-01  1.901727E-02  5.000000E-01  9.643556E-01  1.938276E-02  0.000000E+00 -3.940538E-03  1.403033E-03  6.404520E-16 -8.035879E-01  0.000000E+00
  9.488510E-01  2.104977E-02  5.000000E-01  9.584294E-01  2.143577E-02  0.000000E+00 -4.028120E-03  1.313490E-03  4.848138E-16 -8.419495E-01  0.000000E+00
  9.424820E-01  2.310534E-02  5.000000E-01  9.519961E-01  2.351209E-02  0.000000E+00 -2.449210E-03  7.493049E-04  2.644893E-16 -9.294058E-01  0.000000E+00
  9.356020E-01  2.517348E-02  5.000000E-01  9.450467E-01  2.560111E-02  0.000000E+00  2.060759E-03 -5.493907E-04  8.198786E-18 -1.046632E+00  0.000000E+00
  9.282010E-01  2.724802E-02  5.000000E-01  9.375709E-01  2.769660E-02  0.000000E+00  9.431320E-03 -2.469281E-03 -1.767026E-16 -1.143840E+00  0.000000E+00
  9.202710E-01  2.932385E-02  5.000000E-01  9.295609E-01  2.979337E-02  0.000000E+00  1.718510E-02 -4.285128E-03 -2.256388E-16 -1.187479E+00  0.000000E+00
  9.118010E-01  3.138874E-02  5.000000E-01  9.210054E-01  3.187911E-02  0.000000E+00  2.230726E-02 -5.230393E-03 -1.895214E-16 -1.183680E+00  0.000000E+00
  9.027810E-01  3.342663E-02  5.000000E-01  9.118943E-01  3.393758E-02  0.000000E+00  2.407567E-02 -5.237402E-03 -1.083696E-16 -1.156472E+00  0.000000E+00
  8.932000E-01  3.542177E-02  5.000000E-01  9.022166E-01  3.595285E-02  0.000000E+00  2.386874E-02 -4.767053E-03  1.902541E-18 -1.122404E+00  0.000000E+00
  8.830490E-01  3.735583E-02  5.000000E-01  8.919631E-01  3.790644E-02  0.000000E+00  2.317424E-02 -4.211294E-03  1.265377E-16 -1.086975E+00  0.000000E+00
  8.723190E-01  3.920786E-02  5.000000E-01  8.811248E-01  3.977716E-02  0.000000E+00  2.263981E-02 -3.704807E-03  2.324945E-16 -1.050856E+00  0.000000E+00
  8.723190E-01  3.920786E-02  5.000000E-01  8.811248E-01  3.977716E-02  0.000000E+00  2.263981E-02 -3.704807E-03  2.324945E-16 -1.050856E+00  0.000000E+00
  8.610010E-01  4.095713E-02  5.000000E-01  8.696926E-01  4.154409E-02  0.000000E+00  2.229206E-02 -3.245775E-03  3.049567E-16 -1.013817E+00  0.000000E+00
  8.490890E-01  4.258438E-02  5.000000E-01  8.576603E-01  4.318777E-02  0.000000E+00  2.197088E-02 -2.808739E-03  3.371506E-16 -9.759379E-01  0.000000E+00
  8.365770E-01  4.407379E-02  5.000000E-01  8.450220E-01  4.469221E-02  0.000000E+00  2.155767E-02 -2.389267E-03  3.175008E-16 -9.381724E-01  0.000000E+00
  8.234620E-01  4.541897E-02  5.000000E-01  8.317746E-01  4.605097E-02  0.000000E+00  2.102402E-02 -2.006632E-03  2.604356E-16 -9.027804E-01  0.000000E+00
  8.097400E-01  4.662938E-02  5.000000E-01  8.179141E-01  4.727360E-02  0.000000E+00  2.040436E-02 -1.695203E-03  1.695618E-16 -8.736219E-01  0.000000E+00
  7.954150E-01  4.774219E-02  5.000000E-01  8.034445E-01  4.839764E-02  0.000000E+00  1.976464E-02 -1.496447E-03  6.270898E-17 -8.556848E-01  0.000000E+00
  7.804870E-01  4.883591E-02  5.000000E-01  7.883658E-01  4.950241E-02  0.000000E+00  1.920878E-02 -1.437619E-03 -3.133374E-17 -8.524248E-01  0.000000E+00
  7.649630E-01  5.001895E-02  5.000000E-01  7.726851E-01  5.069739E-02  0.000000E+00  1.889624E-02 -1.490534E-03 -9.240426E-17 -8.614523E-01  0.000000E+00
  7.488530E-01  5.133478E-02  5.000000E-01  7.564125E-01  5.202650E-02  0.000000E+00  1.892349E-02 -1.603581E-03 -1.159468E-16 -8.770815E-01  0.000000E+00
  7.321700E-01  5.280027E-02  5.000000E-01  7.395611E-01  5.350678E-02  0.000000E+00  1.923337E-02 -1.751729E-03 -1.064103E-16 -8.953458E-01  0.000000E+00
  7.149290E-01  5.442514E-02  5.000000E-01  7.221460E-01  5.514806E-02  0.000000E+00  1.970440E-02 -1.916492E-03 -7.811181E-17 -9.134395E-01  0.000000E+00
  6.971500E-01  5.620632E-02  5.000000E-01  7.041876E-01  5.694722E-02  0.000000E+00  2.023597E-02 -2.072899E-03 -5.168649E-17 -9.287749E-01  0.000000E+00
  6.788570E-01  5.812107E-02  5.000000E-01  6.857099E-01  5.888129E-02  0.000000E+00  2.077584E-02 -2.189613E-03 -3.842738E-17 -9.387519E-01  0.000000E+00
  6.600760E-01  6.011629E-02  5.000000E-01  6.667393E-01  6.089666E-02  0.000000E+00  2.129317E-02 -2.239080E-03 -3.972282E-17 -9.415742E-01  0.000000E+00
  6.408370E-01  6.212049E-02  5.000000E-01  6.473061E-01  6.292109E-02  0.000000E+00  2.173961E-02 -2.218856E-03 -5.087670E-17 -9.377138E-01  0.000000E+00
  6.211780E-01  6.408567E-02  5.000000E-01  6.274486E-01  6.490611E-02  0.000000E+00  2.208400E-02 -2.143444E-03 -6.198787E-17 -9.288676E-01  0.000000E+00
  6.011430E-01  6.597246E-02  5.000000E-01  6.072114E-01  6.681195E-02  0.000000E+00  2.234352E-02 -2.024236E-03 -6.570017E-17 -9.162484E-01  0.000000E+00
  5.807790E-01  6.774486E-02  5.000000E-01  5.866418E-01  6.860223E-02  0.000000E+00  2.254812E-02 -1.872499E-03 -5.972056E-17 -9.008194E-01  0.000000E+00
  5.601410E-01  6.937687E-02  5.000000E-01  5.657955E-01  7.025073E-02  0.000000E+00  2.272370E-02 -1.697094E-03 -4.399057E-17 -8.832834E-01  0.000000E+00
  5.392850E-01  7.084381E-02  5.000000E-01  5.447290E-01  7.173247E-02  0.000000E+00  2.288459E-02 -1.504793E-03 -1.933177E-17 -8.642696E-01  0.000000E+00
  5.182680E-01  7.212979E-02  5.000000E-01  5.234998E-01  7.303143E-02  0.000000E+00  2.303009E-02 -1.306389E-03  9.533661E-18 -8.447449E-01  0.000000E+00
  4.971500E-01  7.323338E-02  5.000000E-01  5.021686E-01  7.414616E-02  0.000000E+00  2.316700E-02 -1.108958E-03  3.737437E-17 -8.253851E-01  0.000000E+00
  4.759900E-01  7.415369E-02  5.000000E-01  4.807950E-01  7.507576E-02  0.000000E+00  2.331133E-02 -9.125850E-04  6.733972E-17 -8.063076E-01  0.000000E+00
  2.733630E-06 -4.855490E-04  5.000000E-01  2.813636E-06 -3.169370E-04  0.000000E+00  4.686379E-04 -1.840572E-02  4.552049E-15  1.096919E+00  0.000000E+00
  4.455870E-05 -1.426487E-03  5.000000E-01  4.506092E-05 -1.267373E-03  0.000000E+00  2.258774E-03 -2.190603E-02  1.134171E-15  1.067589E+00  0.000000E+00
  2.731490E-04 -2.958882E-03  5.000000E-01  2.759588E-04 -2.815238E-03  0.000000E+00  6.593035E-03 -2.486042E-02 -1.942147E-15  9.467727E-01  0.000000E+00
  9.950900E-04 -4.913569E-03  5.000000E-01  1.005188E-03 -4.789657E-03  0.000000E+00  1.277740E-02 -2.521997E-02 -6.575878E-15  7.369513E-01  0.000000E+00
  2.349870E-03 -6.988403E-03  5.000000E-01  2.373644E-03 -6.885435E-03  0.000000E+00  1.846851E-02 -2.401698E-02 -1.273744E-14  5.277884E-01  0.000000E+00
  4.254460E-03 -9.116582E-03  5.000000E-01  4.297460E-03 -9.035097E-03  0.000000E+00  2.308448E-02 -2.270170E-02 -1.841103E-14  3.564103E-01  0.000000E+00
  6.687140E-03 -1.123949E-02  5.000000E-01  6.754697E-03 -1.117944E-02  0.000000E+00  2.708527E-02 -2.121572E-02 -2.192257E-14  1.937161E-01  0.000000E+00
  9.634000E-03 -1.331959E-02  5.000000E-01  9.731305E-03 -1.328053E-02  0.000000E+00  3.034948E-02 -1.921529E-02 -2.271409E-14  2.840099E-02  0.000000E+00
  1.310530E-02 -1.528927E-02  5.000000E-01  1.323765E-02 -1.527010E-02  0.000000E+00  3.258113E-02 -1.656246E-02 -2.126099E-14 -1.355040E-01  0.000000E+00
  1.710810E-02 -1.709682E-02  5.000000E-01  1.728085E-02 -1.709589E-02  0.000000E+00  3.384671E-02 -1.378874E-02 -1.863339E-14 -2.755979E-01  0.000000E+00
  2.163760E-02 -1.874283E-02  5.000000E-01  2.185608E-02 -1.875851E-02  0.000000E+00  3.453639E-02 -1.137171E-02 -1.567766E-14 -3.825156E-01  0.000000E+00
  2.669190E-02 -2.023697E-02  5.000000E-01  2.696140E-02 -2.026775E-02  0.000000E+00  3.479525E-02 -9.238415E-03 -1.285524E-14 -4.687355E-01  0.000000E+00
  3.228310E-02 -2.155511E-02  5.000000E-01  3.260904E-02 -2.159919E-02  0.000000E+00  3.458167E-02 -7.265357E-03 -1.036693E-14 -5.439444E-01  0.000000E+00
  3.842170E-02 -2.268517E-02  5.000000E-01  3.880961E-02 -2.274066E-02  0.000000E+00  3.397873E-02 -5.528929E-03 -8.344896E-15 -6.070999E-01  0.000000E+00
  4.511710E-02 -2.362793E-02  5.000000E-01  4.557260E-02 -2.369294E-02  0.000000E+00  3.311470E-02 -4.075083E-03 -6.770086E-15 -6.569400E-01  0.000000E+00
  5.237940E-02 -2.438871E-02  5.000000E-01  5.290821E-02 -2.446139E-02  0.000000E+00  3.211182E-02 -2.908593E-03 -5.526760E-15 -6.930588E-01  0.000000E+00
  6.021800E-02 -2.498319E-02  5.000000E-01  6.082593E-02 -2.506188E-02  0.000000E+00  3.108847E-02 -2.021585E-03 -4.505687E-15 -7.154069E-01  0.000000E+00
  6.864140E-02 -2.543665E-02  5.000000E-01  6.933437E-02 -2.551991E-02  0.000000E+00  3.009542E-02 -1.369711E-03 -3.616920E-15 -7.255968E-01  0.000000E+00
  7.765990E-02 -2.577011E-02  5.000000E-01  7.844390E-02 -2.585674E-02  0.000000E+00  2.911805E-02 -9.020219E-04 -2.803911E-15 -7.254363E-01  0.000000E+00
  8.728340E-02 -2.600872E-02  5.000000E-01  8.816455E-02 -2.609775E-02  0.000000E+00  2.810638E-02 -5.915684E-04 -2.050938E-15 -7.152950E-01  0.000000E+00
  9.752070E-02 -2.618468E-02  5.000000E-01  9.850519E-02 -2.627550E-02  0.000000E+00  2.693634E-02 -4.120678E-04 -1.360820E-15 -6.951226E-01  0.000000E+00
  1.083810E-01 -2.632997E-02  5.000000E-01  1.094751E-01 -2.642225E-02  0.000000E+00  2.544970E-02 -3.367472E-04 -7.235214E-16 -6.642775E-01  0.000000E+00
  1.198710E-01 -2.648034E-02  5.000000E-01  1.210811E-01 -2.657414E-02  0.000000E+00  2.359390E-02 -3.440501E-04 -1.401337E-16 -6.209735E-01  0.000000E+00
  1.319970E-01 -2.667571E-02  5.000000E-01  1.333295E-01 -2.677148E-02  0.000000E+00  2.155266E-02 -4.081450E-04  2.976537E-16 -5.634807E-01  0.000000E+00
  1.319970E-01 -2.667571E-02  5.000000E-01  1.333295E-01 -2.677148E-02  0.000000E+00  2.155266E-02 -4.081450E-04  2.976537E-16 -5.634807E-01  0.000000E+00
  1.447640E-01 -2.695351E-02  5.000000E-01  1.462254E-01 -2.705208E-02  0.000000E+00  1.976262E-02 -5.069693E-04  6.017980E-16 -4.923673E-01  0.000000E+00
  1.581750E-01 -2.734818E-02  5.000000E-01  1.597718E-01 -2.745074E-02  0.000000E+00  1.872039E-02 -6.309971E-04  7.294524E-16 -4.140145E-01  0.000000E+00
  1.722290E-01 -2.788022E-02  5.000000E-01  1.739676E-01 -2.798815E-02  0.000000E+00  1.867790E-02 -7.696080E-04  5.996232E-16 -3.427421E-01  0.000000E+00
  1.869240E-01 -2.853661E-02  5.000000E-01  1.888110E-01 -2.865117E-02  0.000000E+00  1.948657E-02 -8.785539E-04  3.112471E-16 -2.969662E-01  0.000000E+00
  2.022540E-01 -2.924511E-02  5.000000E-01  2.042957E-01 -2.936682E-02  0.000000E+00  2.068564E-02 -8.551930E-04 -6.747882E-17 -2.903742E-01  0.000000E+00
  2.182110E-01 -2.984321E-02  5.000000E-01  2.204138E-01 -2.997095E-02  0.000000E+00  2.178685E-02 -6.415711E-04 -4.375862E-16 -3.195497E-01  0.000000E+00
  2.347810E-01 -3.020378E-02  5.000000E-01  2.371511E-01 -3.033517E-02  0.000000E+00  2.249649E-02 -3.207680E-04 -6.435824E-16 -3.633204E-01  0.000000E+00
  2.519470E-01 -3.031661E-02  5.000000E-01  2.544904E-01 -3.044913E-02  0.000000E+00  2.264844E-02  3.292529E-06 -6.374593E-16 -4.010974E-01  0.000000E+00
  2.696890E-01 -3.019006E-02  5.000000E-01  2.724115E-01 -3.032131E-02  0.000000E+00  2.218990E-02  2.779035E-04 -4.917192E-16 -4.219930E-01  0.000000E+00
  2.879810E-01 -2.985495E-02  5.000000E-01  2.908881E-01 -2.998281E-02  0.000000E+00  2.128873E-02  4.636409E-04 -2.862003E-16 -4.213180E-01  0.000000E+00
  3.067920E-01 -2.937206E-02  5.000000E-01  3.098890E-01 -2.949504E-02  0.000000E+00  2.029404E-02  5.411943E-04 -9.993713E-17 -3.999661E-01  0.000000E+00
  3.260870E-01 -2.883200E-02  5.000000E-01  3.293788E-01 -2.894953E-02  0.000000E+00  1.956162E-02  5.213987E-04  1.235729E-17 -3.650357E-01  0.000000E+00
  3.458260E-01 -2.833352E-02  5.000000E-01  3.493171E-01 -2.844603E-02  0.000000E+00  1.924118E-02  4.650756E-04  6.441945E-17 -3.302394E-01  0.000000E+00
  3.659650E-01 -2.787643E-02  5.000000E-01  3.696594E-01 -2.798432E-02  0.000000E+00  1.925953E-02  4.408129E-04  9.453901E-17 -3.083691E-01  0.000000E+00
  3.864540E-01 -2.741008E-02  5.000000E-01  3.903552E-01 -2.751327E-02  0.000000E+00  1.945165E-02  4.709771E-04  1.178119E-16 -3.026624E-01  0.000000E+00
  4.072410E-01 -2.687978E-02  5.000000E-01  4.113520E-01 -2.697761E-02  0.000000E+00  1.961295E-02  5.538830E-04  1.405830E-16 -3.085642E-01  0.000000E+00
  4.282690E-01 -2.623010E-02  5.000000E-01  4.325923E-01 -2.632137E-02  0.000000E+00  1.952949E-02  6.812443E-04  1.668339E-16 -3.182832E-01  0.000000E+00
  4.494800E-01 -2.540396E-02  5.000000E-01  4.540174E-01 -2.548689E-02  0.000000E+00  1.907024E-02  8.248657E-04  1.847973E-16 -3.226804E-01  0.000000E+00
  4.708130E-01 -2.438145E-02  5.000000E-01  4.755658E-01 -2.445406E-02  0.000000E+00  1.826888E-02  9.413270E-04  1.775297E-16 -3.134870E-01  0.000000E+00
  4.922030E-01 -2.319230E-02  5.000000E-01  4.971717E-01 -2.325291E-02  0.000000E+00  1.729148E-02  1.012897E-03  1.426653E-16 -2.879880E-01  0.000000E+00
  5.135860E-01 -2.186880E-02  5.000000E-01  5.187705E-01 -2.191605E-02  0.000000E+00  1.634414E-02  1.052295E-03  9.101505E-17 -2.501926E-01  0.000000E+00
  5.348990E-01 -2.044029E-02  5.000000E-01  5.402987E-01 -2.047311E-02  0.000000E+00  1.558797E-02  1.075883E-03  3.301728E-17 -2.077280E-01  0.000000E+00
  5.560760E-01 -1.893738E-02  5.000000E-01  5.616895E-01 -1.895503E-02  0.000000E+00  1.506854E-02  1.097794E-03 -5.609503E-18 -1.687402E-01  0.000000E+00
  4.759900E-01  7.415369E-02  5.000000E-01  4.807950E-01  7.507576E-02  0.000000E+00  2.331133E-02 -9.125850E-04  6.733972E-17 -8.063076E-01  0.000000E+00
  4.548480E-01  7.488964E-02  5.000000E-01  4.594396E-01  7.581914E-02  0.000000E+00  2.347051E-02 -7.169436E-04  1.000993E-16 -7.874737E-01  0.000000E+00
  4.337860E-01  7.544310E-02  5.000000E-01  4.381650E-01  7.637819E-02  0.000000E+00  2.364609E-02 -5.188082E-04  1.247469E-16 -7.684723E-01  0.000000E+00
  4.128620E-01  7.581205E-02  5.000000E-01  4.170298E-01  7.675086E-02  0.000000E+00  2.383956E-02 -3.066978E-04  1.349111E-16 -7.481783E-01  0.000000E+00
  3.921340E-01  7.598118E-02  5.000000E-01  3.960925E-01  7.692170E-02  0.000000E+00  2.403728E-02 -6.970057E-05  1.286615E-16 -7.254225E-01  0.000000E+00
  3.716590E-01  7.593410E-02  5.000000E-01  3.754108E-01  7.687414E-02  0.000000E+00  2.420849E-02  1.955857E-04  1.010972E-16 -6.995770E-01  0.000000E+00
  3.514890E-01  7.565585E-02  5.000000E-01  3.550372E-01  7.659308E-02  0.000000E+00  2.432263E-02  4.879685E-04  5.266233E-17 -6.705108E-01  0.000000E+00
  3.316730E-01  7.513546E-02  5.000000E-01  3.350212E-01  7.606744E-02  0.000000E+00  2.435434E-02  7.999082E-04 -1.071388E-17 -6.388505E-01  0.000000E+00
  3.122580E-01  7.437006E-02  5.000000E-01  3.154102E-01  7.529432E-02  0.000000E+00  2.427918E-02  1.109896E-03 -7.626452E-17 -6.064907E-01  0.000000E+00
  2.932850E-01  7.338183E-02  5.000000E-01  2.962457E-01  7.429611E-02  0.000000E+00  2.409288E-02  1.395898E-03 -1.329442E-16 -5.756184E-01  0.000000E+00
  2.747930E-01  7.220048E-02  5.000000E-01  2.775670E-01  7.310284E-02  0.000000E+00  2.382383E-02  1.652999E-03 -1.701220E-16 -5.473420E-01  0.000000E+00
  2.568150E-01  7.085282E-02  5.000000E-01  2.594075E-01  7.174157E-02  0.000000E+00  2.351007E-02  1.886209E-03 -1.789892E-16 -5.219611E-01  0.000000E+00
  2.393810E-01  6.936158E-02  5.000000E-01  2.417975E-01  7.023528E-02  0.000000E+00  2.318579E-02  2.103423E-03 -1.608590E-16 -4.996971E-01  0.000000E+00
  2.225160E-01  6.774528E-02  5.000000E-01  2.247623E-01  6.860266E-02  0.000000E+00  2.287842E-02  2.310457E-03 -1.150330E-16 -4.817786E-01  0.000000E+00
  2.062420E-01  6.601826E-02  5.000000E-01  2.083240E-01  6.685821E-02  0.000000E+00  2.259090E-02  2.478957E-03 -4.541125E-17 -4.730558E-01  0.000000E+00
  1.905750E-01  6.423717E-02  5.000000E-01  1.924988E-01  6.505914E-02  0.000000E+00  2.234403E-02  2.552083E-03  2.333273E-17 -4.808127E-01  0.000000E+00
  1.755290E-01  6.250557E-02  5.000000E-01  1.773010E-01  6.331005E-02  0.000000E+00  2.228492E-02  2.549523E-03  5.849910E-17 -5.056807E-01  0.000000E+00
  1.611160E-01  6.086608E-02  5.000000E-01  1.627425E-01  6.165402E-02  0.000000E+00  2.259542E-02  2.552817E-03  3.638099E-17 -5.406604E-01  0.000000E+00
  1.473410E-01  5.932157E-02  5.000000E-01  1.488284E-01  6.009391E-02  0.000000E+00  2.331304E-02  2.610519E-03 -6.031663E-17 -5.780813E-01  0.000000E+00
  1.342110E-01  5.785478E-02  5.000000E-01  1.355659E-01  5.861232E-02  0.000000E+00  2.432312E-02  2.737866E-03 -2.524509E-16 -6.124234E-01  0.000000E+00
  1.217280E-01  5.644032E-02  5.000000E-01  1.229569E-01  5.718359E-02  0.000000E+00  2.544831E-02  2.934871E-03 -5.842304E-16 -6.410177E-01  0.000000E+00
  1.098910E-01  5.505260E-02  5.000000E-01  1.110004E-01  5.578185E-02  0.000000E+00  2.655550E-02  3.207129E-03 -1.034319E-15 -6.628633E-01  0.000000E+00
  9.869950E-02  5.366287E-02  5.000000E-01  9.969589E-02  5.437809E-02  0.000000E+00  2.759423E-02  3.569984E-03 -1.479738E-15 -6.775960E-01  0.000000E+00
  8.814970E-02  5.224470E-02  5.000000E-01  8.903960E-02  5.294561E-02  0.000000E+00  2.857851E-02  4.049410E-03 -2.064346E-15 -6.847541E-01  0.000000E+00
  8.814970E-02  5.224470E-02  5.000000E-01  8.903960E-02  5.294561E-02  0.000000E+00  2.857851E-02  4.049410E-03 -2.064346E-15 -6.847541E-01  0.000000E+00
  7.823720E-02  5.077044E-02  5.000000E-01  7.902703E-02  5.145647E-02  0.000000E+00  2.954889E-02  4.688323E-03 -2.843565E-15 -6.830484E-01  0.000000E+00
  6.895800E-02  4.920867E-02  5.000000E-01  6.965416E-02  4.987893E-02  0.000000E+00  3.051719E-02  5.528698E-03 -3.634317E-15 -6.709746E-01  0.000000E+00
  6.030560E-02  4.753314E-02  5.000000E-01  6.091442E-02  4.818648E-02  0.000000E+00  3.146768E-02  6.624926E-03 -4.348026E-15 -6.460658E-01  0.000000E+00
  5.227560E-02  4.571137E-02  5.000000E-01  5.280336E-02  4.634633E-02  0.000000E+00  3.234130E-02  8.038196E-03 -4.827112E-15 -6.048084E-01  0.000000E+00
  4.486350E-02  4.371249E-02  5.000000E-01  4.531644E-02  4.432727E-02  0.000000E+00  3.299708E-02  9.789701E-03 -4.935872E-15 -5.441723E-01  0.000000E+00
  3.806240E-02  4.151432E-02  5.000000E-01  3.844668E-02  4.210691E-02  0.000000E+00  3.325009E-02  1.187695E-02 -4.617235E-15 -4.602783E-01  0.000000E+00
  3.186880E-02  3.909232E-02  5.000000E-01  3.219056E-02  3.966046E-02  0.000000E+00  3.285656E-02  1.420800E-02 -3.838598E-15 -3.499318E-01  0.000000E+00
  2.627530E-02  3.643688E-02  5.000000E-01  2.654059E-02  3.697822E-02  0.000000E+00  3.156230E-02  1.655728E-02 -2.620921E-15 -2.123573E-01  0.000000E+00
  2.127350E-02  3.355039E-02  5.000000E-01  2.148830E-02  3.406259E-02  0.000000E+00  2.924152E-02  1.864999E-02 -1.159016E-15 -4.760828E-02  0.000000E+00
  1.685790E-02  3.044001E-02  5.000000E-01  1.702813E-02  3.092080E-02  0.000000E+00  2.594282E-02  2.012931E-02  1.770577E-16  1.387598E-01  0.000000E+00
  1.301460E-02  2.714084E-02  5.000000E-01  1.314603E-02  2.758833E-02  0.000000E+00  2.192437E-02  2.070479E-02  1.037580E-15  3.371543E-01  0.000000E+00
  9.730790E-03  2.369824E-02  5.000000E-01  9.829072E-03  2.411098E-02  0.000000E+00  1.758636E-02  2.030655E-02  1.304209E-15  5.385168E-01  0.000000E+00
  6.996180E-03  2.016718E-02  5.000000E-01  7.066857E-03  2.054427E-02  0.000000E+00  1.333547E-02  1.891478E-02  1.139240E-15  7.278318E-01  0.000000E+00
  4.781010E-03  1.663910E-02  5.000000E-01  4.829325E-03  1.698058E-02  0.000000E+00  9.485325E-03  1.662371E-02  8.144720E-16  8.915005E-01  0.000000E+00
  3.054950E-03  1.320951E-02  5.000000E-01  3.085841E-03  1.351637E-02  0.000000E+00  6.194687E-03  1.364875E-02  5.111210E-16  1.024940E+00  0.000000E+00
  1.789910E-03  9.973559E-03  5.000000E-01  1.808031E-03  1.024775E-02  0.000000E+00  3.552409E-03  1.011981E-02  3.097537E-16  1.123535E+00  0.000000E+00
  9.331870E-04  7.040287E-03  5.000000E-01  9.426596E-04  7.284870E-03  0.000000E+00  1.620704E-03  6.118765E-03  2.502894E-16  1.183567E+00  0.000000E+00
  4.085430E-04  4.518197E-03  5.000000E-01  4.127195E-04  4.737320E-03  0.000000E+00  3.811628E-04  1.735023E-03  3.552768E-16  1.207881E+00  0.000000E+00
  1.354760E-04  2.494559E-03  5.000000E-01  1.368960E-04  2.693255E-03  0.000000E+00 -2.396876E-04 -2.994085E-03  5.696522E-16  1.204190E+00  0.000000E+00
  2.683130E-05  1.021514E-03  5.000000E-01  2.715456E-05  1.205339E-03  0.000000E+00 -3.441449E-04 -8.061907E-03  6.736535E-16  1.180839E+00  0.000000E+00
  1.320070E-06  1.276971E-04  5.000000E-01  1.385807E-06  3.024997E-04  0.000000E+00 -2.077766E-04 -1.298707E-02  1.529666E-15  1.140479E+00  0.000000E+00
 -5.188750E-08 -1.717795E-04  5.000000E-01  0.000000E+00  0.000000E+00  0.000000E+00 -4.372916E-05 -1.611277E-02  4.514985E-15  1.105513E+00  0.000000E+00
  2.733630E-06 -4.855490E-04  5.000000E-01  2.813636E-06 -3.169370E-04  0.000000E+00  4.686379E-04 -1.840572E-02  4.552049E-15  1.096919E+00  0.000000E+00
    1    2
    2    3
    3    4
    4    5
    5    6
    6    7
    7    8
    8    9
    9   10
   10   11
   11   12
   12   13
   13   14
   14   15
   15   16
   16   17
   17   18
   18   19
   19   20
   20   21
   21   22
   22   23
   23   24
   25   26
   26   27
   27   28
   28   29
   29   30
   30   31
   31   32
   32   33
   33   34
   34   35
   35   36
   36   37
   37   38
   38   39
   39   40
   40   41
   41   42
   42   43
   43   44
   44   45
   45   46
   46   47
   47   48
   49   50
   50   51
   51   52
   52   53
   53   54
   54   55
   55   56
   56   57
   57   58
   58   59
   59   60
   60   61
   61   62
   62   63
   63   64
   64   65
   65   66
   66   67
   67   68
   68   69
   69   70
   70   71
   71   72
   73   74
   74   75
   75   76
   76   77
   77   78
   78   79
   79   80
   80   81
   81   82
   82   83
   83   84
   84   85
   85   86
   86   87
   87   88
   88   89
   89   90
   90   91
   91   92
   92   93
   93   94
   94   95
   95   96
   97   98
   98   99
   99  100
  100  101
  101  102
  102  103
  103  104
  104  105
  105  106
  106  107
  107  108
  108  109
  109  110
  110  111
  111  112
  112  113
  113  114
  114  115
  115  116
  116  117
  117  118
  118  119
  119  120
  121  122
  122  123
  123  124
  124  125
  125  126
  126  127
  127  128
  128  129
  129  130
  130  131
  131  132
  132  133
  133  134
  134  135
  135  136
  136  137
  137  138
  138  139
  139  140
  140  141
  141  142
  142  143
  143  144
  145  146
  146  147
  147  148
  148  149
  149  150
  150  151
  151  152
  152  153
  153  154
  154  155
  155  156
  156  157
  157  158
  158  159
  159  160
  160  161
  161  162
  162  163
  163  164
  164  165
  165  166
  166  167
  167  168
  169  170
  170  171
  171  172
  172  173
  173  174
  174  175
  175  176
  176  177
  177  178
  178  179
  179  180
  180  181
  181  182
  182  183
  183  184
  184  185
  185  186
  186  187
  187  188
  188  189
  189  190
  190  191
  191  192
