 Title = "ADflow Slice Data"
Variables =  "CoordinateX"  "CoordinateY"  "CoordinateZ"  "XoC"  "YoC"  "ZoC" "VelocityX" "VelocityY" "VelocityZ" "CoefPressure" "Mach" 
Zone T= "Slice_0001 None Absolute Regular z = 0.50000000"
 Nodes =          192  Elements=          184  ZONETYPE=FELINESEG
 DATAPACKING=POINT
  5.560760E-01 -1.894245E-02  5.000000E-01  5.616895E-01 -1.896014E-02  0.000000E+00  1.501597E-02  1.096345E-03  3.131830E-18 -1.684112E-01  0.000000E+00
  5.770550E-01 -1.737679E-02  5.000000E-01  5.828802E-01 -1.737869E-02  0.000000E+00  1.465275E-02  1.129346E-03  3.026749E-18 -1.375759E-01  0.000000E+00
  5.977760E-01 -1.573348E-02  5.000000E-01  6.038104E-01 -1.571878E-02  0.000000E+00  1.430408E-02  1.178284E-03  4.388934E-20 -1.158999E-01  0.000000E+00
  6.181820E-01 -1.398946E-02  5.000000E-01  6.244224E-01 -1.395716E-02  0.000000E+00  1.383040E-02  1.233958E-03 -5.883578E-20 -9.751514E-02  0.000000E+00
  6.382180E-01 -1.212105E-02  5.000000E-01  6.446607E-01 -1.206989E-02  0.000000E+00  1.315268E-02  1.281651E-03  3.391980E-19 -7.550167E-02  0.000000E+00
  6.578350E-01 -1.011785E-02  5.000000E-01  6.644757E-01 -1.004646E-02  0.000000E+00  1.226715E-02  1.304602E-03 -2.046239E-18 -4.542619E-02  0.000000E+00
  6.769910E-01 -7.989730E-03  5.000000E-01  6.838251E-01 -7.896863E-03  0.000000E+00  1.122036E-02  1.292285E-03 -2.081885E-18 -7.126663E-03  0.000000E+00
  6.956490E-01 -5.756581E-03  5.000000E-01  7.026714E-01 -5.641172E-03  0.000000E+00  1.007489E-02  1.241253E-03 -5.506415E-19  3.658186E-02  0.000000E+00
  7.137810E-01 -3.452092E-03  5.000000E-01  7.209864E-01 -3.313419E-03  0.000000E+00  8.888578E-03  1.152639E-03 -2.799813E-18  8.244868E-02  0.000000E+00
  7.313660E-01 -1.121170E-03  5.000000E-01  7.387490E-01 -9.589682E-04  0.000000E+00  7.704565E-03  1.034445E-03 -4.763588E-18  1.278657E-01  0.000000E+00
  7.483850E-01  1.196463E-03  5.000000E-01  7.559398E-01  1.382061E-03  0.000000E+00  6.558319E-03  9.008530E-04 -3.028629E-18  1.711257E-01  0.000000E+00
  7.648220E-01  3.475078E-03  5.000000E-01  7.725427E-01  3.683678E-03  0.000000E+00  5.495102E-03  7.662517E-04 -1.250967E-18  2.113263E-01  0.000000E+00
  7.806630E-01  5.697057E-03  5.000000E-01  7.885436E-01  5.928087E-03  0.000000E+00  4.584391E-03  6.363250E-04  3.557425E-19  2.488010E-01  0.000000E+00
  7.958970E-01  7.794428E-03  5.000000E-01  8.039314E-01  8.046630E-03  0.000000E+00  3.918558E-03  5.106875E-04  1.702761E-18  2.851006E-01  0.000000E+00
  8.105170E-01  9.583516E-03  5.000000E-01  8.186990E-01  9.853778E-03  0.000000E+00  3.559847E-03  3.970907E-04  2.310093E-18  3.175333E-01  0.000000E+00
  8.245160E-01  1.097254E-02  5.000000E-01  8.328393E-01  1.125683E-02  0.000000E+00  3.495265E-03  3.029696E-04  1.194432E-18  3.407460E-01  0.000000E+00
  8.378940E-01  1.195951E-02  5.000000E-01  8.463523E-01  1.225375E-02  0.000000E+00  3.663844E-03  2.234764E-04 -6.372935E-19  3.542294E-01  0.000000E+00
  8.506490E-01  1.258688E-02  5.000000E-01  8.592361E-01  1.288746E-02  0.000000E+00  3.999727E-03  1.494540E-04 -7.752103E-19  3.609462E-01  0.000000E+00
  8.627850E-01  1.291321E-02  5.000000E-01  8.714946E-01  1.321709E-02  0.000000E+00  4.448801E-03  7.366956E-05 -9.366217E-19  3.634258E-01  0.000000E+00
  8.743060E-01  1.299824E-02  5.000000E-01  8.831319E-01  1.330297E-02  0.000000E+00  4.967441E-03 -7.801319E-06 -1.115150E-19  3.628090E-01  0.000000E+00
  8.852170E-01  1.289369E-02  5.000000E-01  8.941530E-01  1.319736E-02  0.000000E+00  5.521356E-03 -9.636829E-05  9.401490E-20  3.597326E-01  0.000000E+00
  8.955250E-01  1.264061E-02  5.000000E-01  9.045651E-01  1.294174E-02  0.000000E+00  6.086466E-03 -1.920438E-04 -7.510170E-19  3.547199E-01  0.000000E+00
  9.052400E-01  1.227204E-02  5.000000E-01  9.143782E-01  1.256944E-02  0.000000E+00  6.649451E-03 -2.948084E-04 -5.522183E-19  3.481775E-01  0.000000E+00
  9.143710E-01  1.181366E-02  5.000000E-01  9.236013E-01  1.210644E-02  0.000000E+00  7.209081E-03 -4.074481E-04 -8.874895E-19  3.405369E-01  0.000000E+00
  9.143710E-01  1.181366E-02  5.000000E-01  9.236013E-01  1.210644E-02  0.000000E+00  7.209081E-03 -4.074481E-04 -8.874895E-19  3.405369E-01  0.000000E+00
  9.229270E-01  1.128041E-02  5.000000E-01  9.322437E-01  1.156781E-02  0.000000E+00  7.775642E-03 -5.355003E-04  6.757572E-19  3.320373E-01  0.000000E+00
  9.309180E-01  1.068160E-02  5.000000E-01  9.403154E-01  1.096295E-02  0.000000E+00  8.366475E-03 -6.842456E-04  3.212054E-18  3.224272E-01  0.000000E+00
  9.383550E-01  1.002591E-02  5.000000E-01  9.478274E-01  1.030064E-02  0.000000E+00  9.002269E-03 -8.586293E-04  1.759192E-18  3.112429E-01  0.000000E+00
  9.452490E-01  9.322138E-03  5.000000E-01  9.547910E-01  9.589762E-03  0.000000E+00  9.706596E-03 -1.065414E-03 -2.324863E-19  2.981013E-01  0.000000E+00
  9.516100E-01  8.578770E-03  5.000000E-01  9.612163E-01  8.838890E-03  0.000000E+00  1.050601E-02 -1.313243E-03  1.146025E-19  2.826038E-01  0.000000E+00
  9.574470E-01  7.805356E-03  5.000000E-01  9.671122E-01  8.057669E-03  0.000000E+00  1.142825E-02 -1.611020E-03  1.493425E-19  2.641510E-01  0.000000E+00
  9.627730E-01  7.013176E-03  5.000000E-01  9.724919E-01  7.257492E-03  0.000000E+00  1.250156E-02 -1.968288E-03 -9.265022E-19  2.420569E-01  0.000000E+00
  9.675950E-01  6.215701E-03  5.000000E-01  9.773626E-01  6.451966E-03  0.000000E+00  1.375716E-02 -2.394637E-03 -1.326255E-18  2.156023E-01  0.000000E+00
  9.719240E-01  5.428067E-03  5.000000E-01  9.817353E-01  5.656382E-03  0.000000E+00  1.523568E-02 -2.900378E-03  1.136210E-18  1.839599E-01  0.000000E+00
  9.757700E-01  4.666720E-03  5.000000E-01  9.856201E-01  4.887349E-03  0.000000E+00  1.700081E-02 -3.501964E-03  4.878161E-18  1.462992E-01  0.000000E+00
  9.791410E-01  3.948209E-03  5.000000E-01  9.890252E-01  4.161585E-03  0.000000E+00  1.915213E-02 -4.224964E-03  4.409222E-18  1.017201E-01  0.000000E+00
  9.820450E-01  3.288462E-03  5.000000E-01  9.919585E-01  3.495178E-03  0.000000E+00  2.180806E-02 -5.100841E-03 -2.237228E-17  4.887913E-02  0.000000E+00
  9.844890E-01  2.702264E-03  5.000000E-01  9.944272E-01  2.903063E-03  0.000000E+00  2.503293E-02 -6.153966E-03 -1.119432E-16 -1.393010E-02  0.000000E+00
  9.864800E-01  2.202943E-03  5.000000E-01  9.964383E-01  2.398701E-03  0.000000E+00  2.875532E-02 -7.339761E-03 -2.395693E-16 -8.715438E-02  0.000000E+00
  9.880230E-01  1.802236E-03  5.000000E-01  9.979968E-01  1.993949E-03  0.000000E+00  3.246212E-02 -8.459838E-03 -9.835318E-17 -1.777682E-01  0.000000E+00
  9.891220E-01  1.509397E-03  5.000000E-01  9.991069E-01  1.698153E-03  0.000000E+00  3.593336E-02 -9.745071E-03  1.230774E-15 -2.866016E-01  0.000000E+00
  9.897810E-01  1.330975E-03  5.000000E-01  9.997726E-01  1.517931E-03  0.000000E+00  5.276553E-02 -1.246450E-02  4.825017E-15 -3.054185E-01  0.000000E+00
  9.900000E-01  1.271080E-03  5.000000E-01  9.999938E-01  1.457431E-03  0.000000E+00  3.649562E-02 -2.273751E-03  1.227777E-14 -6.802053E-01  0.000000E+00
  9.900000E-01  1.680583E-03  5.000000E-01  9.999938E-01  1.871068E-03  0.000000E+00  2.127301E-03 -7.784606E-03  3.562885E-14 -9.796209E-01  0.000000E+00
  9.900000E-01  2.090086E-03  5.000000E-01  9.999938E-01  2.284705E-03  0.000000E+00 -5.415565E-04 -2.192955E-02  6.946896E-14 -8.243915E-01  0.000000E+00
  9.900000E-01  2.499589E-03  5.000000E-01  9.999938E-01  2.698342E-03  0.000000E+00 -1.402449E-04 -1.348234E-02  9.600273E-14 -7.967391E-01  0.000000E+00
  9.900000E-01  2.909077E-03  5.000000E-01  9.999938E-01  3.111964E-03  0.000000E+00  3.202802E-04 -8.311836E-03  1.144674E-13 -8.267455E-01  0.000000E+00
  9.900000E-01  3.318581E-03  5.000000E-01  9.999938E-01  3.525601E-03  0.000000E+00  4.474126E-03 -6.761129E-03  1.277914E-13 -7.914550E-01  0.000000E+00
  9.900000E-01  3.318581E-03  5.000000E-01  9.999938E-01  3.525601E-03  0.000000E+00  4.474126E-03 -6.761129E-03  1.277914E-13 -7.914550E-01  0.000000E+00
  9.897980E-01  3.422741E-03  5.000000E-01  9.997897E-01  3.630813E-03  0.000000E+00  5.445403E-03 -3.346457E-03  1.197848E-13 -7.431950E-01  0.000000E+00
  9.891900E-01  3.735219E-03  5.000000E-01  9.991756E-01  3.946445E-03  0.000000E+00  1.135278E-03 -5.199788E-04  8.500728E-14 -7.512452E-01  0.000000E+00
  9.881780E-01  4.255327E-03  5.000000E-01  9.981534E-01  4.471803E-03  0.000000E+00 -1.259177E-03  6.497329E-04  4.669843E-14 -7.583153E-01  0.000000E+00
  9.867570E-01  4.981765E-03  5.000000E-01  9.967180E-01  5.205574E-03  0.000000E+00 -2.624630E-03  1.326667E-03  1.900313E-14 -7.651536E-01  0.000000E+00
  9.849260E-01  5.911014E-03  5.000000E-01  9.948686E-01  6.144204E-03  0.000000E+00 -3.235024E-03  1.631652E-03  4.504325E-15 -7.749570E-01  0.000000E+00
  9.826810E-01  7.036590E-03  5.000000E-01  9.926009E-01  7.281142E-03  0.000000E+00 -3.242611E-03  1.615266E-03 -7.337368E-16 -7.841515E-01  0.000000E+00
  9.800160E-01  8.348748E-03  5.000000E-01  9.899090E-01  8.606546E-03  0.000000E+00 -2.935237E-03  1.430792E-03 -1.492764E-15 -7.897781E-01  0.000000E+00
  9.769240E-01  9.833411E-03  5.000000E-01  9.867858E-01  1.010620E-02  0.000000E+00 -2.610238E-03  1.233299E-03 -9.092065E-16 -7.919674E-01  0.000000E+00
  9.733970E-01  1.146943E-02  5.000000E-01  9.832232E-01  1.175874E-02  0.000000E+00 -2.454741E-03  1.111247E-03 -3.320662E-16 -7.927170E-01  0.000000E+00
  9.694240E-01  1.323031E-02  5.000000E-01  9.792101E-01  1.353739E-02  0.000000E+00 -2.527930E-03  1.088612E-03 -4.945588E-17 -7.939540E-01  0.000000E+00
  9.649940E-01  1.508932E-02  5.000000E-01  9.747354E-01  1.541516E-02  0.000000E+00 -2.826668E-03  1.158295E-03  2.844616E-17 -7.953607E-01  0.000000E+00
  9.600960E-01  1.702625E-02  5.000000E-01  9.697879E-01  1.737165E-02  0.000000E+00 -3.342863E-03  1.290856E-03  2.525363E-17 -7.958360E-01  0.000000E+00
  9.547180E-01  1.902093E-02  5.000000E-01  9.643556E-01  1.938646E-02  0.000000E+00 -3.937097E-03  1.402343E-03  1.054156E-17 -8.033724E-01  0.000000E+00
  9.488510E-01  2.105395E-02  5.000000E-01  9.584294E-01  2.144000E-02  0.000000E+00 -4.031017E-03  1.314870E-03  3.445266E-18 -8.414646E-01  0.000000E+00
  9.424820E-01  2.311006E-02  5.000000E-01  9.519961E-01  2.351687E-02  0.000000E+00 -2.467065E-03  7.547832E-04  4.580115E-18 -9.286390E-01  0.000000E+00
  9.356020E-01  2.517874E-02  5.000000E-01  9.450467E-01  2.560643E-02  0.000000E+00  2.022814E-03 -5.389457E-04  1.222751E-17 -1.045844E+00  0.000000E+00
  9.282010E-01  2.725382E-02  5.000000E-01  9.375709E-01  2.770246E-02  0.000000E+00  9.381156E-03 -2.456363E-03  2.387560E-17 -1.143335E+00  0.000000E+00
  9.202710E-01  2.933015E-02  5.000000E-01  9.295609E-01  2.979975E-02  0.000000E+00  1.714347E-02 -4.275276E-03  3.442974E-17 -1.187325E+00  0.000000E+00
  9.118010E-01  3.139551E-02  5.000000E-01  9.210054E-01  3.188595E-02  0.000000E+00  2.228821E-02 -5.226782E-03  3.721412E-17 -1.183737E+00  0.000000E+00
  9.027810E-01  3.343380E-02  5.000000E-01  9.118943E-01  3.394483E-02  0.000000E+00  2.407489E-02 -5.238128E-03  3.226643E-17 -1.156589E+00  0.000000E+00
  8.932000E-01  3.542925E-02  5.000000E-01  9.022166E-01  3.596041E-02  0.000000E+00  2.387505E-02 -4.768951E-03  2.431940E-17 -1.122511E+00  0.000000E+00
  8.830490E-01  3.736350E-02  5.000000E-01  8.919631E-01  3.791419E-02  0.000000E+00  2.318045E-02 -4.212696E-03  1.876346E-17 -1.087051E+00  0.000000E+00
  8.723190E-01  3.921556E-02  5.000000E-01  8.811248E-01  3.978495E-02  0.000000E+00  2.264399E-02 -3.705376E-03  1.482184E-17 -1.050896E+00  0.000000E+00
  8.723190E-01  3.921556E-02  5.000000E-01  8.811248E-01  3.978495E-02  0.000000E+00  2.264399E-02 -3.705376E-03  1.482184E-17 -1.050896E+00  0.000000E+00
  8.610010E-01  4.096467E-02  5.000000E-01  8.696926E-01  4.155171E-02  0.000000E+00  2.229461E-02 -3.245624E-03  1.216480E-17 -1.013818E+00  0.000000E+00
  8.490890E-01  4.259153E-02  5.000000E-01  8.576603E-01  4.319500E-02  0.000000E+00  2.197246E-02 -2.807998E-03  1.129206E-17 -9.758945E-01  0.000000E+00
  8.365770E-01  4.408027E-02  5.000000E-01  8.450220E-01  4.469876E-02  0.000000E+00  2.155847E-02 -2.388002E-03  9.612774E-18 -9.380812E-01  0.000000E+00
  8.234620E-01  4.542450E-02  5.000000E-01  8.317746E-01  4.605656E-02  0.000000E+00  2.102389E-02 -2.004907E-03  9.038253E-18 -9.026412E-01  0.000000E+00
  8.097400E-01  4.663366E-02  5.000000E-01  8.179141E-01  4.727794E-02  0.000000E+00  2.040307E-02 -1.693142E-03  1.020783E-17 -8.734435E-01  0.000000E+00
  7.954150E-01  4.774501E-02  5.000000E-01  8.034445E-01  4.840050E-02  0.000000E+00  1.976206E-02 -1.494258E-03  1.072621E-17 -8.554888E-01  0.000000E+00
  7.804870E-01  4.883723E-02  5.000000E-01  7.883658E-01  4.950375E-02  0.000000E+00  1.920502E-02 -1.435566E-03  9.856395E-18 -8.522432E-01  0.000000E+00
  7.649630E-01  5.001897E-02  5.000000E-01  7.726851E-01  5.069741E-02  0.000000E+00  1.889182E-02 -1.488811E-03  7.112715E-18 -8.613130E-01  0.000000E+00
  7.488530E-01  5.133381E-02  5.000000E-01  7.564125E-01  5.202553E-02  0.000000E+00  1.891918E-02 -1.602279E-03  2.820023E-18 -8.769990E-01  0.000000E+00
  7.321700E-01  5.279866E-02  5.000000E-01  7.395611E-01  5.350517E-02  0.000000E+00  1.922986E-02 -1.750903E-03 -2.264680E-18 -8.953229E-01  0.000000E+00
  7.149290E-01  5.442328E-02  5.000000E-01  7.221460E-01  5.514618E-02  0.000000E+00  1.970206E-02 -1.916161E-03 -7.736568E-18 -9.134707E-01  0.000000E+00
  6.971500E-01  5.620454E-02  5.000000E-01  7.041876E-01  5.694542E-02  0.000000E+00  2.023487E-02 -2.073013E-03 -1.220610E-17 -9.288470E-01  0.000000E+00
  6.788570E-01  5.811961E-02  5.000000E-01  6.857099E-01  5.887983E-02  0.000000E+00  2.077586E-02 -2.190034E-03 -1.587905E-17 -9.388465E-01  0.000000E+00
  6.600760E-01  6.011526E-02  5.000000E-01  6.667393E-01  6.089562E-02  0.000000E+00  2.129407E-02 -2.239607E-03 -1.942792E-17 -9.416709E-01  0.000000E+00
  6.408370E-01  6.211981E-02  5.000000E-01  6.473061E-01  6.292041E-02  0.000000E+00  2.174102E-02 -2.219302E-03 -2.111690E-17 -9.377967E-01  0.000000E+00
  6.211780E-01  6.408518E-02  5.000000E-01  6.274486E-01  6.490562E-02  0.000000E+00  2.208551E-02 -2.143682E-03 -2.025762E-17 -9.289271E-01  0.000000E+00
  6.011430E-01  6.597194E-02  5.000000E-01  6.072114E-01  6.681143E-02  0.000000E+00  2.234481E-02 -2.024177E-03 -1.895554E-17 -9.162776E-01  0.000000E+00
  5.807790E-01  6.774404E-02  5.000000E-01  5.866418E-01  6.860142E-02  0.000000E+00  2.254902E-02 -1.872077E-03 -1.685761E-17 -9.008124E-01  0.000000E+00
  5.601410E-01  6.937545E-02  5.000000E-01  5.657955E-01  7.024930E-02  0.000000E+00  2.272407E-02 -1.696262E-03 -1.483024E-17 -8.832362E-01  0.000000E+00
  5.392850E-01  7.084143E-02  5.000000E-01  5.447290E-01  7.173007E-02  0.000000E+00  2.288427E-02 -1.503585E-03 -1.365149E-17 -8.641861E-01  0.000000E+00
  5.182680E-01  7.212619E-02  5.000000E-01  5.234998E-01  7.302780E-02  0.000000E+00  2.302886E-02 -1.304974E-03 -1.096332E-17 -8.446419E-01  0.000000E+00
  4.971500E-01  7.322853E-02  5.000000E-01  5.021686E-01  7.414126E-02  0.000000E+00  2.316483E-02 -1.107586E-03 -9.480534E-18 -8.252881E-01  0.000000E+00
  4.759900E-01  7.414777E-02  5.000000E-01  4.807950E-01  7.506979E-02  0.000000E+00  2.330843E-02 -9.115224E-04 -8.939525E-18 -8.062452E-01  0.000000E+00
  2.733630E-06 -4.855737E-04  5.000000E-01  2.813636E-06 -3.169554E-04  0.000000E+00  4.685486E-04 -1.840335E-02  9.523143E-19  1.096939E+00  0.000000E+00
  4.455870E-05 -1.426566E-03  5.000000E-01  4.506092E-05 -1.267447E-03  0.000000E+00  2.258399E-03 -2.190357E-02  2.924596E-17  1.067614E+00  0.000000E+00
  2.731490E-04 -2.959049E-03  5.000000E-01  2.759588E-04 -2.815400E-03  0.000000E+00  6.592123E-03 -2.485821E-02  4.344511E-17  9.468116E-01  0.000000E+00
  9.950900E-04 -4.913845E-03  5.000000E-01  1.005188E-03 -4.789928E-03  0.000000E+00  1.277606E-02 -2.521852E-02  4.306646E-17  7.370059E-01  0.000000E+00
  2.349870E-03 -6.988786E-03  5.000000E-01  2.373644E-03 -6.885816E-03  0.000000E+00  1.846717E-02 -2.401637E-02  3.826644E-17  5.278475E-01  0.000000E+00
  4.254460E-03 -9.117067E-03  5.000000E-01  4.297460E-03 -9.035581E-03  0.000000E+00  2.308341E-02 -2.270166E-02  2.637317E-17  3.564629E-01  0.000000E+00
  6.687140E-03 -1.124007E-02  5.000000E-01  6.754697E-03 -1.118001E-02  0.000000E+00  2.708454E-02 -2.121599E-02  5.530699E-18  1.937583E-01  0.000000E+00
  9.634000E-03 -1.332025E-02  5.000000E-01  9.731305E-03 -1.328119E-02  0.000000E+00  3.034905E-02 -1.921566E-02 -6.942785E-18  2.843239E-02  0.000000E+00
  1.310530E-02 -1.528999E-02  5.000000E-01  1.323765E-02 -1.527081E-02  0.000000E+00  3.258094E-02 -1.656281E-02 -8.111715E-19 -1.354825E-01  0.000000E+00
  1.710810E-02 -1.709758E-02  5.000000E-01  1.728085E-02 -1.709665E-02  0.000000E+00  3.384667E-02 -1.378899E-02  2.330517E-17 -2.755838E-01  0.000000E+00
  2.163760E-02 -1.874361E-02  5.000000E-01  2.185608E-02 -1.875930E-02  0.000000E+00  3.453640E-02 -1.137186E-02  5.602555E-17 -3.825060E-01  0.000000E+00
  2.669190E-02 -2.023777E-02  5.000000E-01  2.696140E-02 -2.026854E-02  0.000000E+00  3.479524E-02 -9.238462E-03  7.967286E-17 -4.687275E-01  0.000000E+00
  3.228310E-02 -2.155591E-02  5.000000E-01  3.260904E-02 -2.159999E-02  0.000000E+00  3.458159E-02 -7.265340E-03  8.917567E-17 -5.439354E-01  0.000000E+00
  3.842170E-02 -2.268597E-02  5.000000E-01  3.880961E-02 -2.274146E-02  0.000000E+00  3.397854E-02 -5.528890E-03  8.983735E-17 -6.070873E-01  0.000000E+00
  4.511710E-02 -2.362873E-02  5.000000E-01  4.557260E-02 -2.369373E-02  0.000000E+00  3.311439E-02 -4.075067E-03  8.497257E-17 -6.569210E-01  0.000000E+00
  5.237940E-02 -2.438951E-02  5.000000E-01  5.290821E-02 -2.446220E-02  0.000000E+00  3.211140E-02 -2.908642E-03  7.703290E-17 -6.930307E-01  0.000000E+00
  6.021800E-02 -2.498403E-02  5.000000E-01  6.082593E-02 -2.506272E-02  0.000000E+00  3.108800E-02 -2.021735E-03  6.615772E-17 -7.153668E-01  0.000000E+00
  6.864140E-02 -2.543755E-02  5.000000E-01  6.933437E-02 -2.552081E-02  0.000000E+00  3.009495E-02 -1.369989E-03  5.561186E-17 -7.255418E-01  0.000000E+00
  7.765990E-02 -2.577112E-02  5.000000E-01  7.844390E-02 -2.585775E-02  0.000000E+00  2.911757E-02 -9.024455E-04  4.605076E-17 -7.253630E-01  0.000000E+00
  8.728340E-02 -2.600990E-02  5.000000E-01  8.816455E-02 -2.609894E-02  0.000000E+00  2.810560E-02 -5.921434E-04  3.738057E-17 -7.151991E-01  0.000000E+00
  9.752070E-02 -2.618612E-02  5.000000E-01  9.850519E-02 -2.627694E-02  0.000000E+00  2.693458E-02 -4.127897E-04  3.067339E-17 -6.949982E-01  0.000000E+00
  1.083810E-01 -2.633174E-02  5.000000E-01  1.094751E-01 -2.642403E-02  0.000000E+00  2.544599E-02 -3.375947E-04  2.416281E-17 -6.641150E-01  0.000000E+00
  1.198710E-01 -2.648257E-02  5.000000E-01  1.210811E-01 -2.657638E-02  0.000000E+00  2.358760E-02 -3.449772E-04  1.823032E-17 -6.207571E-01  0.000000E+00
  1.319970E-01 -2.667850E-02  5.000000E-01  1.333295E-01 -2.677430E-02  0.000000E+00  2.154421E-02 -4.090899E-04  1.372351E-17 -5.631883E-01  0.000000E+00
  1.319970E-01 -2.667850E-02  5.000000E-01  1.333295E-01 -2.677430E-02  0.000000E+00  2.154421E-02 -4.090899E-04  1.372351E-17 -5.631883E-01  0.000000E+00
  1.447640E-01 -2.695701E-02  5.000000E-01  1.462254E-01 -2.705561E-02  0.000000E+00  1.975375E-02 -5.078985E-04  1.062902E-17 -4.919822E-01  0.000000E+00
  1.581750E-01 -2.735250E-02  5.000000E-01  1.597718E-01 -2.745510E-02  0.000000E+00  1.871326E-02 -6.319436E-04  7.162130E-18 -4.135468E-01  0.000000E+00
  1.722290E-01 -2.788546E-02  5.000000E-01  1.739676E-01 -2.799344E-02  0.000000E+00  1.867379E-02 -7.706358E-04  4.171075E-18 -3.422411E-01  0.000000E+00
  1.869240E-01 -2.854280E-02  5.000000E-01  1.888110E-01 -2.865741E-02  0.000000E+00  1.948517E-02 -8.796260E-04  3.751835E-18 -2.965034E-01  0.000000E+00
  2.022540E-01 -2.925214E-02  5.000000E-01  2.042957E-01 -2.937391E-02  0.000000E+00  2.068524E-02 -8.560536E-04  3.396154E-18 -2.899985E-01  0.000000E+00
  2.182110E-01 -2.985073E-02  5.000000E-01  2.204138E-01 -2.997855E-02  0.000000E+00  2.178488E-02 -6.419021E-04  1.587658E-18 -3.192438E-01  0.000000E+00
  2.347810E-01 -3.021135E-02  5.000000E-01  2.371511E-01 -3.034280E-02  0.000000E+00  2.249013E-02 -3.205156E-04  1.322747E-18 -3.629927E-01  0.000000E+00
  2.519470E-01 -3.032382E-02  5.000000E-01  2.544904E-01 -3.045641E-02  0.000000E+00  2.263520E-02  3.845254E-06  1.356044E-18 -4.006244E-01  0.000000E+00
  2.696890E-01 -3.019670E-02  5.000000E-01  2.724115E-01 -3.032801E-02  0.000000E+00  2.216834E-02  2.782675E-04  1.387704E-18 -4.212718E-01  0.000000E+00
  2.879810E-01 -2.986108E-02  5.000000E-01  2.908881E-01 -2.998900E-02  0.000000E+00  2.125926E-02  4.632897E-04  1.702378E-18 -4.202935E-01  0.000000E+00
  3.067920E-01 -2.937816E-02  5.000000E-01  3.098890E-01 -2.950120E-02  0.000000E+00  2.025996E-02  5.397568E-04  6.646231E-19 -3.986388E-01  0.000000E+00
  3.260870E-01 -2.883912E-02  5.000000E-01  3.293788E-01 -2.895672E-02  0.000000E+00  1.952965E-02  5.187781E-04 -1.963271E-19 -3.634719E-01  0.000000E+00
  3.458260E-01 -2.834318E-02  5.000000E-01  3.493171E-01 -2.845577E-02  0.000000E+00  1.922084E-02  4.615730E-04  5.912069E-19 -3.286083E-01  0.000000E+00
  3.659650E-01 -2.788981E-02  5.000000E-01  3.696594E-01 -2.799783E-02  0.000000E+00  1.926137E-02  4.371317E-04  3.291581E-18 -3.069618E-01  0.000000E+00
  3.864540E-01 -2.742764E-02  5.000000E-01  3.903552E-01 -2.753099E-02  0.000000E+00  1.948435E-02  4.680901E-04  2.218120E-18 -3.018626E-01  0.000000E+00
  4.072410E-01 -2.690110E-02  5.000000E-01  4.113520E-01 -2.699914E-02  0.000000E+00  1.967853E-02  5.529299E-04  1.994280E-18 -3.087891E-01  0.000000E+00
  4.282690E-01 -2.625388E-02  5.000000E-01  4.325923E-01 -2.634538E-02  0.000000E+00  1.961831E-02  6.831951E-04  3.373780E-18 -3.198560E-01  0.000000E+00
  4.494800E-01 -2.542795E-02  5.000000E-01  4.540174E-01 -2.551112E-02  0.000000E+00  1.916096E-02  8.296054E-04  2.258595E-19 -3.256057E-01  0.000000E+00
  4.708130E-01 -2.440327E-02  5.000000E-01  4.755658E-01 -2.447609E-02  0.000000E+00  1.833656E-02  9.471586E-04 -4.130685E-18 -3.172636E-01  0.000000E+00
  4.922030E-01 -2.321031E-02  5.000000E-01  4.971717E-01 -2.327109E-02  0.000000E+00  1.731945E-02  1.017691E-03 -4.918262E-18 -2.916911E-01  0.000000E+00
  5.135860E-01 -2.188220E-02  5.000000E-01  5.187705E-01 -2.192957E-02  0.000000E+00  1.633135E-02  1.054851E-03 -1.460397E-18 -2.528568E-01  0.000000E+00
  5.348990E-01 -2.044910E-02  5.000000E-01  5.402987E-01 -2.048201E-02  0.000000E+00  1.554676E-02  1.076129E-03  9.663954E-19 -2.088207E-01  0.000000E+00
  5.560760E-01 -1.894245E-02  5.000000E-01  5.616895E-01 -1.896014E-02  0.000000E+00  1.501597E-02  1.096345E-03  3.131830E-18 -1.684112E-01  0.000000E+00
  4.759900E-01  7.414777E-02  5.000000E-01  4.807950E-01  7.506979E-02  0.000000E+00  2.330843E-02 -9.115224E-04 -8.939525E-18 -8.062452E-01  0.000000E+00
  4.548480E-01  7.488305E-02  5.000000E-01  4.594396E-01  7.581249E-02  0.000000E+00  2.346730E-02 -7.164475E-04 -7.915882E-18 -7.874735E-01  0.000000E+00
  4.337860E-01  7.543645E-02  5.000000E-01  4.381650E-01  7.637147E-02  0.000000E+00  2.364315E-02 -5.190321E-04 -7.749250E-18 -7.685508E-01  0.000000E+00
  4.128620E-01  7.580597E-02  5.000000E-01  4.170298E-01  7.674473E-02  0.000000E+00  2.383762E-02 -3.075575E-04 -8.181089E-18 -7.483297E-01  0.000000E+00
  3.921340E-01  7.597608E-02  5.000000E-01  3.960925E-01  7.691656E-02  0.000000E+00  2.403679E-02 -7.093159E-05 -9.197398E-18 -7.256223E-01  0.000000E+00
  3.716590E-01  7.593014E-02  5.000000E-01  3.754108E-01  7.687015E-02  0.000000E+00  2.420946E-02  1.942823E-04 -8.781146E-18 -6.997938E-01  0.000000E+00
  3.514890E-01  7.565297E-02  5.000000E-01  3.550372E-01  7.659018E-02  0.000000E+00  2.432466E-02  4.868803E-04 -6.999264E-18 -6.707120E-01  0.000000E+00
  3.316730E-01  7.513337E-02  5.000000E-01  3.350212E-01  7.606534E-02  0.000000E+00  2.435683E-02  7.992612E-04 -5.610626E-18 -6.390086E-01  0.000000E+00
  3.122580E-01  7.436836E-02  5.000000E-01  3.154102E-01  7.529260E-02  0.000000E+00  2.428141E-02  1.109718E-03 -4.400418E-18 -6.065956E-01  0.000000E+00
  2.932850E-01  7.338018E-02  5.000000E-01  2.962457E-01  7.429445E-02  0.000000E+00  2.409422E-02  1.396014E-03 -3.324237E-18 -5.756798E-01  0.000000E+00
  2.747930E-01  7.219871E-02  5.000000E-01  2.775670E-01  7.310105E-02  0.000000E+00  2.382404E-02  1.653202E-03 -3.113870E-18 -5.473793E-01  0.000000E+00
  2.568150E-01  7.085088E-02  5.000000E-01  2.594075E-01  7.173962E-02  0.000000E+00  2.350932E-02  1.886349E-03 -3.899237E-18 -5.219952E-01  0.000000E+00
  2.393810E-01  6.935950E-02  5.000000E-01  2.417975E-01  7.023318E-02  0.000000E+00  2.318448E-02  2.103418E-03 -4.143032E-18 -4.997460E-01  0.000000E+00
  2.225160E-01  6.774316E-02  5.000000E-01  2.247623E-01  6.860053E-02  0.000000E+00  2.287703E-02  2.310279E-03 -2.980813E-18 -4.818551E-01  0.000000E+00
  2.062420E-01  6.601623E-02  5.000000E-01  2.083240E-01  6.685617E-02  0.000000E+00  2.258981E-02  2.478627E-03 -7.549543E-19 -4.731650E-01  0.000000E+00
  1.905750E-01  6.423536E-02  5.000000E-01  1.924988E-01  6.505731E-02  0.000000E+00  2.234352E-02  2.551663E-03  3.273648E-20 -4.809503E-01  0.000000E+00
  1.755290E-01  6.250404E-02  5.000000E-01  1.773010E-01  6.330851E-02  0.000000E+00  2.228508E-02  2.549076E-03 -8.891509E-19 -5.058362E-01  0.000000E+00
  1.611160E-01  6.086488E-02  5.000000E-01  1.627425E-01  6.165281E-02  0.000000E+00  2.259615E-02  2.552365E-03 -1.134560E-18 -5.408225E-01  0.000000E+00
  1.473410E-01  5.932070E-02  5.000000E-01  1.488284E-01  6.009305E-02  0.000000E+00  2.331412E-02  2.610058E-03 -8.528026E-19 -5.782416E-01  0.000000E+00
  1.342110E-01  5.785425E-02  5.000000E-01  1.355659E-01  5.861179E-02  0.000000E+00  2.432426E-02  2.737379E-03  2.946723E-19 -6.125774E-01  0.000000E+00
  1.217280E-01  5.644011E-02  5.000000E-01  1.229569E-01  5.718337E-02  0.000000E+00  2.544932E-02  2.934350E-03  2.205992E-18 -6.411643E-01  0.000000E+00
  1.098910E-01  5.505268E-02  5.000000E-01  1.110004E-01  5.578194E-02  0.000000E+00  2.655629E-02  3.206575E-03  3.731211E-18 -6.630030E-01  0.000000E+00
  9.869950E-02  5.366321E-02  5.000000E-01  9.969589E-02  5.437844E-02  0.000000E+00  2.759483E-02  3.569407E-03  5.714502E-18 -6.777298E-01  0.000000E+00
  8.814970E-02  5.224529E-02  5.000000E-01  8.903960E-02  5.294621E-02  0.000000E+00  2.857899E-02  4.048827E-03  1.005303E-17 -6.848830E-01  0.000000E+00
  8.814970E-02  5.224529E-02  5.000000E-01  8.903960E-02  5.294621E-02  0.000000E+00  2.857899E-02  4.048827E-03  1.005303E-17 -6.848830E-01  0.000000E+00
  7.823720E-02  5.077125E-02  5.000000E-01  7.902703E-02  5.145729E-02  0.000000E+00  2.954932E-02  4.687751E-03  1.465161E-17 -6.831731E-01  0.000000E+00
  6.895800E-02  4.920968E-02  5.000000E-01  6.965416E-02  4.987995E-02  0.000000E+00  3.051764E-02  5.528161E-03  1.859881E-17 -6.710956E-01  0.000000E+00
  6.030560E-02  4.753431E-02  5.000000E-01  6.091442E-02  4.818768E-02  0.000000E+00  3.146820E-02  6.624452E-03  2.161687E-17 -6.461832E-01  0.000000E+00
  5.227560E-02  4.571269E-02  5.000000E-01  5.280336E-02  4.634767E-02  0.000000E+00  3.234194E-02  8.037826E-03  2.025945E-17 -6.049218E-01  0.000000E+00
  4.486350E-02  4.371392E-02  5.000000E-01  4.531644E-02  4.432872E-02  0.000000E+00  3.299786E-02  9.789490E-03  1.583976E-17 -5.442809E-01  0.000000E+00
  3.806240E-02  4.151583E-02  5.000000E-01  3.844668E-02  4.210844E-02  0.000000E+00  3.325101E-02  1.187696E-02  7.497249E-18 -4.603807E-01  0.000000E+00
  3.186880E-02  3.909388E-02  5.000000E-01  3.219056E-02  3.966204E-02  0.000000E+00  3.285758E-02  1.420829E-02 -2.603988E-18 -3.500260E-01  0.000000E+00
  2.627530E-02  3.643845E-02  5.000000E-01  2.654059E-02  3.697980E-02  0.000000E+00  3.156334E-02  1.655788E-02 -6.253285E-18 -2.124409E-01  0.000000E+00
  2.127350E-02  3.355193E-02  5.000000E-01  2.148830E-02  3.406415E-02  0.000000E+00  2.924246E-02  1.865086E-02 -6.118457E-18 -4.767913E-02  0.000000E+00
  1.685790E-02  3.044148E-02  5.000000E-01  1.702813E-02  3.092230E-02  0.000000E+00  2.594354E-02  2.013036E-02 -7.960757E-18  1.387030E-01  0.000000E+00
  1.301460E-02  2.714222E-02  5.000000E-01  1.314603E-02  2.758973E-02  0.000000E+00  2.192480E-02  2.070588E-02 -1.584551E-17  3.371113E-01  0.000000E+00
  9.730790E-03  2.369950E-02  5.000000E-01  9.829072E-03  2.411226E-02  0.000000E+00  1.758652E-02  2.030752E-02 -2.413716E-17  5.384858E-01  0.000000E+00
  6.996180E-03  2.016828E-02  5.000000E-01  7.066857E-03  2.054539E-02  0.000000E+00  1.333542E-02  1.891555E-02 -2.663379E-17  7.278100E-01  0.000000E+00
  4.781010E-03  1.664003E-02  5.000000E-01  4.829325E-03  1.698153E-02  0.000000E+00  9.485175E-03  1.662427E-02 -2.420070E-17  8.914849E-01  0.000000E+00
  3.054950E-03  1.321027E-02  5.000000E-01  3.085841E-03  1.351714E-02  0.000000E+00  6.194544E-03  1.364916E-02 -1.960831E-17  1.024928E+00  0.000000E+00
  1.789910E-03  9.974135E-03  5.000000E-01  1.808031E-03  1.024834E-02  0.000000E+00  3.552340E-03  1.012019E-02 -1.908933E-17  1.123527E+00  0.000000E+00
  9.331870E-04  7.040698E-03  5.000000E-01  9.426596E-04  7.285292E-03  0.000000E+00  1.620731E-03  6.119256E-03 -1.959839E-17  1.183562E+00  0.000000E+00
  4.085430E-04  4.518463E-03  5.000000E-01  4.127195E-04  4.737596E-03  0.000000E+00  3.812625E-04  1.735767E-03 -2.074231E-17  1.207880E+00  0.000000E+00
  1.354760E-04  2.494708E-03  5.000000E-01  1.368960E-04  2.693411E-03  0.000000E+00 -2.395638E-04 -2.992966E-03 -2.691570E-17  1.204194E+00  0.000000E+00
  2.683130E-05  1.021577E-03  5.000000E-01  2.715456E-05  1.205409E-03  0.000000E+00 -3.440494E-04 -8.060317E-03 -3.793691E-17  1.180849E+00  0.000000E+00
  1.320070E-06  1.277080E-04  5.000000E-01  1.385807E-06  3.025173E-04  0.000000E+00 -2.077310E-04 -1.298500E-02 -4.297143E-17  1.140495E+00  0.000000E+00
 -5.188750E-08 -1.717859E-04  5.000000E-01  0.000000E+00  0.000000E+00  0.000000E+00 -4.372633E-05 -1.611048E-02 -2.848616E-17  1.105532E+00  0.000000E+00
  2.733630E-06 -4.855737E-04  5.000000E-01  2.813636E-06 -3.169554E-04  0.000000E+00  4.685486E-04 -1.840335E-02  9.523143E-19  1.096939E+00  0.000000E+00
    1    2
    2    3
    3    4
    4    5
    5    6
    6    7
    7    8
    8    9
    9   10
   10   11
   11   12
   12   13
   13   14
   14   15
   15   16
   16   17
   17   18
   18   19
   19   20
   20   21
   21   22
   22   23
   23   24
   25   26
   26   27
   27   28
   28   29
   29   30
   30   31
   31   32
   32   33
   33   34
   34   35
   35   36
   36   37
   37   38
   38   39
   39   40
   40   41
   41   42
   42   43
   43   44
   44   45
   45   46
   46   47
   47   48
   49   50
   50   51
   51   52
   52   53
   53   54
   54   55
   55   56
   56   57
   57   58
   58   59
   59   60
   60   61
   61   62
   62   63
   63   64
   64   65
   65   66
   66   67
   67   68
   68   69
   69   70
   70   71
   71   72
   73   74
   74   75
   75   76
   76   77
   77   78
   78   79
   79   80
   80   81
   81   82
   82   83
   83   84
   84   85
   85   86
   86   87
   87   88
   88   89
   89   90
   90   91
   91   92
   92   93
   93   94
   94   95
   95   96
   97   98
   98   99
   99  100
  100  101
  101  102
  102  103
  103  104
  104  105
  105  106
  106  107
  107  108
  108  109
  109  110
  110  111
  111  112
  112  113
  113  114
  114  115
  115  116
  116  117
  117  118
  118  119
  119  120
  121  122
  122  123
  123  124
  124  125
  125  126
  126  127
  127  128
  128  129
  129  130
  130  131
  131  132
  132  133
  133  134
  134  135
  135  136
  136  137
  137  138
  138  139
  139  140
  140  141
  141  142
  142  143
  143  144
  145  146
  146  147
  147  148
  148  149
  149  150
  150  151
  151  152
  152  153
  153  154
  154  155
  155  156
  156  157
  157  158
  158  159
  159  160
  160  161
  161  162
  162  163
  163  164
  164  165
  165  166
  166  167
  167  168
  169  170
  170  171
  171  172
  172  173
  173  174
  174  175
  175  176
  176  177
  177  178
  178  179
  179  180
  180  181
  181  182
  182  183
  183  184
  184  185
  185  186
  186  187
  187  188
  188  189
  189  190
  190  191
  191  192
