 Title = "ADflow Slice Data"
Variables =  "CoordinateX"  "CoordinateY"  "CoordinateZ"  "XoC"  "YoC"  "ZoC" "VelocityX" "VelocityY" "VelocityZ" "CoefPressure" "Mach" 
Zone T= "Slice_0001 None Absolute Regular z = 0.50000000"
 Nodes =          192  Elements=          184  ZONETYPE=FELINESEG
 DATAPACKING=POINT
  5.560760E-01 -1.909577E-02  5.000000E-01  5.616897E-01 -1.910857E-02  0.000000E+00  2.366897E-02  1.857336E-03  3.304104E-18 -6.621603E-01  0.000000E+00
  5.770550E-01 -1.743187E-02  5.000000E-01  5.828805E-01 -1.742787E-02  0.000000E+00  2.417428E-02  2.013423E-03 -7.722263E-18 -6.804532E-01  0.000000E+00
  5.977760E-01 -1.564124E-02  5.000000E-01  6.038107E-01 -1.561916E-02  0.000000E+00  2.270227E-02  2.103236E-03 -1.334411E-17 -7.025752E-01  0.000000E+00
  6.181820E-01 -1.361595E-02  5.000000E-01  6.244227E-01 -1.357344E-02  0.000000E+00  1.815101E-02  1.931348E-03 -1.152199E-17 -7.050015E-01  0.000000E+00
  6.382180E-01 -1.124835E-02  5.000000E-01  6.446609E-01 -1.118193E-02  0.000000E+00  1.130342E-02  1.404678E-03 -1.689518E-17 -6.528043E-01  0.000000E+00
  6.578350E-01 -8.445120E-03  5.000000E-01  6.644760E-01 -8.350404E-03  0.000000E+00  4.659482E-03  6.762540E-04 -1.157347E-17 -5.320440E-01  0.000000E+00
  6.769910E-01 -5.174718E-03  5.000000E-01  6.838253E-01 -5.046987E-03  0.000000E+00  1.779771E-04  2.822949E-05  1.291430E-17 -3.767047E-01  0.000000E+00
  6.956490E-01 -1.645778E-03  5.000000E-01  7.026717E-01 -1.482422E-03  0.000000E+00 -2.026611E-03 -3.679393E-04  4.187231E-17 -2.498935E-01  0.000000E+00
  7.137810E-01  1.858203E-03  5.000000E-01  7.209867E-01  2.056932E-03  0.000000E+00 -2.833579E-03 -5.258378E-04  3.540086E-17 -1.870494E-01  0.000000E+00
  7.313660E-01  5.088664E-03  5.000000E-01  7.387493E-01  5.320004E-03  0.000000E+00 -3.078508E-03 -5.385136E-04  9.389355E-18 -1.708038E-01  0.000000E+00
  7.483850E-01  7.858471E-03  5.000000E-01  7.559401E-01  8.117773E-03  0.000000E+00 -3.210614E-03 -4.804627E-04 -1.084386E-17 -1.666005E-01  0.000000E+00
  7.648220E-01  1.005020E-02  5.000000E-01  7.725430E-01  1.033162E-02  0.000000E+00 -3.347202E-03 -3.870323E-04 -2.731566E-17 -1.571635E-01  0.000000E+00
  7.806630E-01  1.160106E-02  5.000000E-01  7.885439E-01  1.189815E-02  0.000000E+00 -3.460276E-03 -2.702413E-04 -2.825166E-17 -1.413967E-01  0.000000E+00
  7.958970E-01  1.250045E-02  5.000000E-01  8.039317E-01  1.280661E-02  0.000000E+00 -3.500773E-03 -1.429762E-04  6.106782E-18 -1.211963E-01  0.000000E+00
  8.105170E-01  1.282866E-02  5.000000E-01  8.186993E-01  1.313814E-02  0.000000E+00 -3.426483E-03 -2.586175E-05  3.152890E-17 -9.701309E-02  0.000000E+00
  8.245160E-01  1.271226E-02  5.000000E-01  8.328396E-01  1.302056E-02  0.000000E+00 -3.200896E-03  6.293580E-05  8.458848E-18 -6.973643E-02  0.000000E+00
  8.378940E-01  1.228023E-02  5.000000E-01  8.463527E-01  1.258417E-02  0.000000E+00 -2.802945E-03  1.128062E-04 -2.670052E-19 -4.149559E-02  0.000000E+00
  8.506490E-01  1.164636E-02  5.000000E-01  8.592364E-01  1.194390E-02  0.000000E+00 -2.236511E-03  1.224703E-04  4.791568E-19 -1.477530E-02  0.000000E+00
  8.627850E-01  1.090258E-02  5.000000E-01  8.714949E-01  1.119261E-02  0.000000E+00 -1.529138E-03  9.783016E-05 -1.642223E-17  8.166397E-03  0.000000E+00
  8.743060E-01  1.011959E-02  5.000000E-01  8.831323E-01  1.040172E-02  0.000000E+00 -7.239878E-04  4.983245E-05 -4.139338E-17  2.585902E-02  0.000000E+00
  8.852170E-01  9.346730E-03  5.000000E-01  8.941534E-01  9.621056E-03  0.000000E+00  1.316237E-04 -9.174112E-06 -4.607444E-17  3.774802E-02  0.000000E+00
  8.955250E-01  8.614652E-03  5.000000E-01  9.045655E-01  8.881588E-03  0.000000E+00  9.972135E-04 -6.955605E-05 -2.227527E-17  4.392499E-02  0.000000E+00
  9.052400E-01  7.940963E-03  5.000000E-01  9.143785E-01  8.201098E-03  0.000000E+00  1.846657E-03 -1.249746E-04 -1.899799E-17  4.514205E-02  0.000000E+00
  9.143710E-01  7.333096E-03  5.000000E-01  9.236017E-01  7.587095E-03  0.000000E+00  2.670547E-03 -1.738180E-04 -3.302230E-17  4.246702E-02  0.000000E+00
  9.143710E-01  7.333096E-03  5.000000E-01  9.236017E-01  7.587095E-03  0.000000E+00  2.670547E-03 -1.738180E-04 -3.302230E-17  4.246702E-02  0.000000E+00
  9.229270E-01  6.786444E-03  5.000000E-01  9.322441E-01  7.034924E-03  0.000000E+00  3.472235E-03 -2.185923E-04 -3.864599E-17  3.694812E-02  0.000000E+00
  9.309180E-01  6.290044E-03  5.000000E-01  9.403158E-01  6.533513E-03  0.000000E+00  4.260700E-03 -2.635435E-04 -1.584993E-17  2.936888E-02  0.000000E+00
  9.383550E-01  5.832030E-03  5.000000E-01  9.478278E-01  6.070875E-03  0.000000E+00  5.045210E-03 -3.133540E-04 -3.148847E-18  2.019405E-02  0.000000E+00
  9.452490E-01  5.401011E-03  5.000000E-01  9.547914E-01  5.635505E-03  0.000000E+00  5.835292E-03 -3.733458E-04 -7.560164E-18  9.688107E-03  0.000000E+00
  9.516100E-01  4.986169E-03  5.000000E-01  9.612166E-01  5.216475E-03  0.000000E+00  6.643639E-03 -4.493754E-04 -7.328974E-18 -2.064622E-03  0.000000E+00
  9.574470E-01  4.578941E-03  5.000000E-01  9.671126E-01  4.805136E-03  0.000000E+00  7.487259E-03 -5.469618E-04 -1.119584E-17 -1.521791E-02  0.000000E+00
  9.627730E-01  4.174284E-03  5.000000E-01  9.724923E-01  4.396394E-03  0.000000E+00  8.387293E-03 -6.713640E-04 -1.129935E-17 -3.004377E-02  0.000000E+00
  9.675950E-01  3.770743E-03  5.000000E-01  9.773630E-01  3.988779E-03  0.000000E+00  9.369386E-03 -8.271182E-04 -2.625636E-17 -4.685026E-02  0.000000E+00
  9.719240E-01  3.370694E-03  5.000000E-01  9.817357E-01  3.584691E-03  0.000000E+00  1.046504E-02 -1.018069E-03 -2.274970E-17 -6.596339E-02  0.000000E+00
  9.757700E-01  2.979720E-03  5.000000E-01  9.856205E-01  3.189771E-03  0.000000E+00  1.171128E-02 -1.248792E-03 -2.094567E-17 -8.758713E-02  0.000000E+00
  9.791410E-01  2.605248E-03  5.000000E-01  9.890256E-01  2.811519E-03  0.000000E+00  1.313329E-02 -1.522451E-03 -1.297142E-17 -1.118407E-01  0.000000E+00
  9.820450E-01  2.255854E-03  5.000000E-01  9.919589E-01  2.458597E-03  0.000000E+00  1.469149E-02 -1.835321E-03 -3.392045E-18 -1.387548E-01  0.000000E+00
  9.844890E-01  1.940483E-03  5.000000E-01  9.944276E-01  2.140042E-03  0.000000E+00  1.621374E-02 -2.162477E-03 -7.955755E-18 -1.675204E-01  0.000000E+00
  9.864800E-01  1.668054E-03  5.000000E-01  9.964387E-01  1.864863E-03  0.000000E+00  1.732706E-02 -2.411498E-03 -1.605661E-17 -1.975530E-01  0.000000E+00
  9.880230E-01  1.446920E-03  5.000000E-01  9.979972E-01  1.641498E-03  0.000000E+00  1.724013E-02 -2.463487E-03 -5.296265E-17 -2.351300E-01  0.000000E+00
  9.891220E-01  1.283913E-03  5.000000E-01  9.991073E-01  1.476845E-03  0.000000E+00  1.611593E-02 -2.589467E-03 -1.376950E-16 -2.674611E-01  0.000000E+00
  9.897810E-01  1.184097E-03  5.000000E-01  9.997730E-01  1.376021E-03  0.000000E+00  2.394083E-02 -2.654826E-03 -3.144632E-16 -2.078634E-01  0.000000E+00
  9.900000E-01  1.150448E-03  5.000000E-01  9.999942E-01  1.342032E-03  0.000000E+00  1.710898E-02  1.519740E-03 -3.878415E-16 -4.091106E-01  0.000000E+00
  9.900000E-01  1.559294E-03  5.000000E-01  9.999942E-01  1.755006E-03  0.000000E+00  6.113804E-04 -5.622600E-03 -1.010914E-16 -5.710917E-01  0.000000E+00
  9.900000E-01  1.968140E-03  5.000000E-01  9.999942E-01  2.167979E-03  0.000000E+00 -3.045347E-04 -1.314714E-02  2.168146E-16 -4.424564E-01  0.000000E+00
  9.900000E-01  2.376986E-03  5.000000E-01  9.999942E-01  2.580952E-03  0.000000E+00 -7.397088E-05 -6.017649E-03  3.362735E-16 -4.430599E-01  0.000000E+00
  9.900000E-01  2.785817E-03  5.000000E-01  9.999942E-01  2.993910E-03  0.000000E+00  2.561531E-04 -3.742281E-03  4.685405E-16 -4.861782E-01  0.000000E+00
  9.900000E-01  3.194662E-03  5.000000E-01  9.999942E-01  3.406883E-03  0.000000E+00  3.874826E-03 -4.403781E-03  6.459815E-16 -4.514406E-01  0.000000E+00
  9.900000E-01  3.194662E-03  5.000000E-01  9.999942E-01  3.406883E-03  0.000000E+00  3.874826E-03 -4.403781E-03  6.459815E-16 -4.514406E-01  0.000000E+00
  9.897980E-01  3.273848E-03  5.000000E-01  9.997902E-01  3.486868E-03  0.000000E+00  5.162583E-03 -2.528771E-03  6.748235E-16 -4.023334E-01  0.000000E+00
  9.891900E-01  3.511281E-03  5.000000E-01  9.991760E-01  3.726698E-03  0.000000E+00  2.654551E-03 -9.670573E-04  5.084454E-16 -4.157359E-01  0.000000E+00
  9.881780E-01  3.906898E-03  5.000000E-01  9.981538E-01  4.126309E-03  0.000000E+00  1.820171E-03 -7.006345E-04  3.479026E-16 -4.170699E-01  0.000000E+00
  9.867570E-01  4.459462E-03  5.000000E-01  9.967185E-01  4.684451E-03  0.000000E+00  1.152223E-03 -4.571186E-04  2.303822E-16 -4.112382E-01  0.000000E+00
  9.849260E-01  5.166355E-03  5.000000E-01  9.948690E-01  5.398480E-03  0.000000E+00  3.500423E-04 -1.362980E-04  1.251481E-16 -4.086503E-01  0.000000E+00
  9.826810E-01  6.022103E-03  5.000000E-01  9.926013E-01  6.262867E-03  0.000000E+00 -4.250160E-04  1.599375E-04  4.136790E-17 -4.089321E-01  0.000000E+00
  9.800160E-01  7.018388E-03  5.000000E-01  9.899094E-01  7.269210E-03  0.000000E+00 -1.084649E-03  3.984897E-04  1.540001E-18 -4.109078E-01  0.000000E+00
  9.769240E-01  8.143359E-03  5.000000E-01  9.867862E-01  8.405537E-03  0.000000E+00 -1.601120E-03  5.699634E-04 -1.128333E-18 -4.144467E-01  0.000000E+00
  9.733970E-01  9.379285E-03  5.000000E-01  9.832236E-01  9.653940E-03  0.000000E+00 -1.964300E-03  6.703223E-04 -1.799211E-17 -4.193344E-01  0.000000E+00
  9.694240E-01  1.070450E-02  5.000000E-01  9.792105E-01  1.099253E-02  0.000000E+00 -2.175880E-03  7.048209E-04 -3.821924E-17 -4.249470E-01  0.000000E+00
  9.649940E-01  1.209916E-02  5.000000E-01  9.747358E-01  1.240127E-02  0.000000E+00 -2.252078E-03  6.886527E-04 -3.270722E-17 -4.304118E-01  0.000000E+00
  9.600960E-01  1.355204E-02  5.000000E-01  9.697883E-01  1.386882E-02  0.000000E+00 -2.221549E-03  6.402613E-04 -1.350266E-17 -4.350335E-01  0.000000E+00
  9.547180E-01  1.505454E-02  5.000000E-01  9.643560E-01  1.538649E-02  0.000000E+00 -2.117322E-03  5.755790E-04  5.356161E-18 -4.384744E-01  0.000000E+00
  9.488510E-01  1.660195E-02  5.000000E-01  9.584298E-01  1.694952E-02  0.000000E+00 -1.969561E-03  5.068367E-04  9.033002E-19 -4.406564E-01  0.000000E+00
  9.424820E-01  1.819656E-02  5.000000E-01  9.519965E-01  1.856022E-02  0.000000E+00 -1.802347E-03  4.424278E-04  5.232042E-18 -4.417119E-01  0.000000E+00
  9.356020E-01  1.984892E-02  5.000000E-01  9.450470E-01  2.022927E-02  0.000000E+00 -1.633569E-03  3.870852E-04  1.401771E-17 -4.419036E-01  0.000000E+00
  9.282010E-01  2.157746E-02  5.000000E-01  9.375713E-01  2.197526E-02  0.000000E+00 -1.477013E-03  3.426742E-04 -3.816527E-18 -4.415493E-01  0.000000E+00
  9.202710E-01  2.340584E-02  5.000000E-01  9.295613E-01  2.382209E-02  0.000000E+00 -1.345163E-03  3.097295E-04 -1.062682E-17 -4.409814E-01  0.000000E+00
  9.118010E-01  2.535593E-02  5.000000E-01  9.210058E-01  2.579187E-02  0.000000E+00 -1.252073E-03  2.893893E-04 -1.682234E-18 -4.404624E-01  0.000000E+00
  9.027810E-01  2.745152E-02  5.000000E-01  9.118947E-01  2.790861E-02  0.000000E+00 -1.215005E-03  2.848755E-04  3.284958E-18 -4.401948E-01  0.000000E+00
  8.932000E-01  2.972240E-02  5.000000E-01  9.022170E-01  3.020242E-02  0.000000E+00 -1.252533E-03  3.013548E-04 -2.537569E-19 -4.404383E-01  0.000000E+00
  8.830490E-01  3.220158E-02  5.000000E-01  8.919635E-01  3.270663E-02  0.000000E+00 -1.380359E-03  3.441918E-04  2.988696E-18 -4.413747E-01  0.000000E+00
  8.723190E-01  3.492410E-02  5.000000E-01  8.811252E-01  3.545664E-02  0.000000E+00 -1.604466E-03  4.161345E-04  7.490541E-18 -4.432690E-01  0.000000E+00
  8.723190E-01  3.492410E-02  5.000000E-01  8.811252E-01  3.545664E-02  0.000000E+00 -1.604466E-03  4.161345E-04  7.490541E-18 -4.432690E-01  0.000000E+00
  8.610010E-01  3.792697E-02  5.000000E-01  8.696929E-01  3.848981E-02  0.000000E+00 -1.908457E-03  5.173675E-04 -4.673808E-18 -4.469816E-01  0.000000E+00
  8.490890E-01  4.124385E-02  5.000000E-01  8.576607E-01  4.184018E-02  0.000000E+00 -2.256915E-03  6.470817E-04 -3.560246E-17 -4.518390E-01  0.000000E+00
  8.365770E-01  4.489525E-02  5.000000E-01  8.450224E-01  4.552844E-02  0.000000E+00 -2.631759E-03  7.969654E-04 -4.021465E-17 -4.527442E-01  0.000000E+00
  8.234620E-01  4.887162E-02  5.000000E-01  8.317750E-01  4.954496E-02  0.000000E+00 -3.002439E-03  9.243959E-04 -7.012951E-18 -4.497889E-01  0.000000E+00
  8.097400E-01  5.310178E-02  5.000000E-01  8.179145E-01  5.381782E-02  0.000000E+00 -3.099417E-03  9.169036E-04  1.545617E-17 -4.695515E-01  0.000000E+00
  7.954150E-01  5.740204E-02  5.000000E-01  8.034448E-01  5.816149E-02  0.000000E+00 -2.091381E-03  5.718844E-04  1.336584E-17 -5.542363E-01  0.000000E+00
  7.804870E-01  6.141348E-02  5.000000E-01  7.883661E-01  6.221342E-02  0.000000E+00  1.404619E-03 -2.540410E-04  1.822636E-17 -6.967630E-01  0.000000E+00
  7.649630E-01  6.463769E-02  5.000000E-01  7.726854E-01  6.547019E-02  0.000000E+00  8.148440E-03 -1.210875E-03  2.662433E-17 -8.170021E-01  0.000000E+00
  7.488530E-01  6.685272E-02  5.000000E-01  7.564128E-01  6.770758E-02  0.000000E+00  1.622789E-02 -1.493092E-03  2.088362E-17 -8.356907E-01  0.000000E+00
  7.321700E-01  6.799785E-02  5.000000E-01  7.395614E-01  6.886426E-02  0.000000E+00  2.163808E-02 -7.610356E-04  1.799216E-17 -7.472446E-01  0.000000E+00
  7.149290E-01  6.811632E-02  5.000000E-01  7.221463E-01  6.898394E-02  0.000000E+00  2.236210E-02  3.432360E-04  2.570008E-17 -6.105661E-01  0.000000E+00
  6.971500E-01  6.740364E-02  5.000000E-01  7.041878E-01  6.826406E-02  0.000000E+00  1.982141E-02  9.867596E-04  9.477788E-18 -4.958722E-01  0.000000E+00
  6.788570E-01  6.624744E-02  5.000000E-01  6.857102E-01  6.709619E-02  0.000000E+00  1.634287E-02  9.455411E-04 -9.808846E-18 -4.527699E-01  0.000000E+00
  6.600760E-01  6.523042E-02  5.000000E-01  6.667396E-01  6.606889E-02  0.000000E+00  1.356701E-02  4.861571E-04  8.310550E-18 -4.960147E-01  0.000000E+00
  6.408370E-01  6.492958E-02  5.000000E-01  6.473064E-01  6.576502E-02  0.000000E+00  1.255952E-02 -3.227077E-05  6.190724E-18 -5.951573E-01  0.000000E+00
  6.211780E-01  6.535932E-02  5.000000E-01  6.274489E-01  6.619910E-02  0.000000E+00  1.370332E-02 -4.987570E-04 -1.861862E-17 -7.036884E-01  0.000000E+00
  6.011430E-01  6.635857E-02  5.000000E-01  6.072116E-01  6.720844E-02  0.000000E+00  1.642109E-02 -9.709538E-04 -2.364128E-17 -7.913873E-01  0.000000E+00
  5.807790E-01  6.773371E-02  5.000000E-01  5.866421E-01  6.859746E-02  0.000000E+00  1.953647E-02 -1.384322E-03 -1.404781E-17 -8.441608E-01  0.000000E+00
  5.601410E-01  6.926879E-02  5.000000E-01  5.657957E-01  7.014804E-02  0.000000E+00  2.200893E-02 -1.582757E-03 -9.748796E-19 -8.609172E-01  0.000000E+00
  5.392850E-01  7.072794E-02  5.000000E-01  5.447292E-01  7.162192E-02  0.000000E+00  2.339276E-02 -1.521763E-03 -2.416454E-18 -8.516034E-01  0.000000E+00
  5.182680E-01  7.199029E-02  5.000000E-01  5.235000E-01  7.289701E-02  0.000000E+00  2.380932E-02 -1.323986E-03 -4.031110E-18 -8.313974E-01  0.000000E+00
  4.971500E-01  7.306354E-02  5.000000E-01  5.021688E-01  7.398110E-02  0.000000E+00  2.371356E-02 -1.107175E-03 -1.313104E-17 -8.102492E-01  0.000000E+00
  4.759900E-01  7.396060E-02  5.000000E-01  4.807952E-01  7.488721E-02  0.000000E+00  2.354617E-02 -9.087922E-04 -2.007490E-17 -7.912370E-01  0.000000E+00
  2.733630E-06 -5.101609E-04  5.000000E-01  2.813638E-06 -3.353407E-04  0.000000E+00  4.356713E-04 -1.812912E-02 -1.230580E-17  1.092756E+00  0.000000E+00
  4.455870E-05 -1.505575E-03  5.000000E-01  4.506094E-05 -1.340803E-03  0.000000E+00  2.102513E-03 -2.156355E-02  3.739682E-18  1.062219E+00  0.000000E+00
  2.731490E-04 -3.125657E-03  5.000000E-01  2.759589E-04 -2.977241E-03  0.000000E+00  6.196010E-03 -2.461181E-02  4.452389E-19  9.423297E-01  0.000000E+00
  9.950900E-04 -5.188441E-03  5.000000E-01  1.005188E-03 -5.060849E-03  0.000000E+00  1.222154E-02 -2.533379E-02 -4.999690E-18  7.336765E-01  0.000000E+00
  2.349870E-03 -7.370877E-03  5.000000E-01  2.373645E-03 -7.265316E-03  0.000000E+00  1.802749E-02 -2.456676E-02 -9.189984E-18  5.209562E-01  0.000000E+00
  4.254460E-03 -9.600364E-03  5.000000E-01  4.297462E-03 -9.517310E-03  0.000000E+00  2.294401E-02 -2.355577E-02 -1.773411E-17  3.411082E-01  0.000000E+00
  6.687140E-03 -1.181307E-02  5.000000E-01  6.754700E-03 -1.175235E-02  0.000000E+00  2.728391E-02 -2.219679E-02 -1.964325E-17  1.677277E-01  0.000000E+00
  9.634000E-03 -1.396794E-02  5.000000E-01  9.731309E-03 -1.392898E-02  0.000000E+00  3.083930E-02 -2.014741E-02 -3.981395E-17 -9.112707E-03  0.000000E+00
  1.310530E-02 -1.599282E-02  5.000000E-01  1.323765E-02 -1.597430E-02  0.000000E+00  3.325069E-02 -1.729938E-02 -4.139912E-17 -1.843527E-01  0.000000E+00
  1.710810E-02 -1.783337E-02  5.000000E-01  1.728086E-02 -1.783343E-02  0.000000E+00  3.455690E-02 -1.426678E-02  7.091291E-18 -3.339541E-01  0.000000E+00
  2.163760E-02 -1.949127E-02  5.000000E-01  2.185609E-02 -1.950807E-02  0.000000E+00  3.516965E-02 -1.160446E-02  3.325285E-17 -4.474050E-01  0.000000E+00
  2.669190E-02 -2.097848E-02  5.000000E-01  2.696141E-02 -2.101029E-02  0.000000E+00  3.526192E-02 -9.264905E-03  2.468848E-17 -5.371648E-01  0.000000E+00
  3.228310E-02 -2.227242E-02  5.000000E-01  3.260905E-02 -2.231729E-02  0.000000E+00  3.482748E-02 -7.136772E-03  4.912398E-17 -6.132629E-01  0.000000E+00
  3.842170E-02 -2.336434E-02  5.000000E-01  3.880962E-02 -2.342023E-02  0.000000E+00  3.404007E-02 -5.314989E-03  6.228812E-17 -6.750548E-01  0.000000E+00
  4.511710E-02 -2.425999E-02  5.000000E-01  4.557261E-02 -2.432493E-02  0.000000E+00  3.318568E-02 -3.851950E-03  5.781069E-17 -7.217091E-01  0.000000E+00
  5.237940E-02 -2.497098E-02  5.000000E-01  5.290823E-02 -2.504310E-02  0.000000E+00  3.254541E-02 -2.739361E-03  5.616927E-17 -7.529565E-01  0.000000E+00
  6.021800E-02 -2.552071E-02  5.000000E-01  6.082596E-02 -2.559838E-02  0.000000E+00  3.213996E-02 -1.934107E-03  5.878178E-17 -7.685750E-01  0.000000E+00
  6.864140E-02 -2.594343E-02  5.000000E-01  6.933439E-02 -2.602536E-02  0.000000E+00  3.126664E-02 -1.348271E-03  5.081528E-17 -7.699146E-01  0.000000E+00
  7.765990E-02 -2.627009E-02  5.000000E-01  7.844394E-02 -2.635532E-02  0.000000E+00  2.851307E-02 -9.122604E-04  2.947163E-17 -7.563608E-01  0.000000E+00
  8.728340E-02 -2.653683E-02  5.000000E-01  8.816459E-02 -2.662475E-02  0.000000E+00  2.285079E-02 -6.059270E-04  1.715354E-17 -7.168900E-01  0.000000E+00
  9.752070E-02 -2.678788E-02  5.000000E-01  9.850523E-02 -2.687833E-02  0.000000E+00  1.515174E-02 -4.007407E-04  7.619380E-18 -6.277559E-01  0.000000E+00
  1.083810E-01 -2.706776E-02  5.000000E-01  1.094752E-01 -2.716104E-02  0.000000E+00  8.245247E-03 -2.553322E-04 -5.846095E-18 -4.680422E-01  0.000000E+00
  1.198710E-01 -2.742480E-02  5.000000E-01  1.210812E-01 -2.752169E-02  0.000000E+00  4.591546E-03 -1.669145E-04 -1.764282E-17 -2.524237E-01  0.000000E+00
  1.319970E-01 -2.791023E-02  5.000000E-01  1.333296E-01 -2.801202E-02  0.000000E+00  4.454403E-03 -1.890280E-04  2.290155E-18 -4.675916E-02  0.000000E+00
  1.319970E-01 -2.791023E-02  5.000000E-01  1.333296E-01 -2.801202E-02  0.000000E+00  4.454403E-03 -1.890280E-04  2.290155E-18 -4.675916E-02  0.000000E+00
  1.447640E-01 -2.856922E-02  5.000000E-01  1.462255E-01 -2.867766E-02  0.000000E+00  6.704278E-03 -3.780442E-04 -3.116851E-18  7.324440E-02  0.000000E+00
  1.581750E-01 -2.943606E-02  5.000000E-01  1.597718E-01 -2.955325E-02  0.000000E+00  1.025689E-02 -7.328082E-04 -1.951723E-17  8.382116E-02  0.000000E+00
  1.722290E-01 -3.051570E-02  5.000000E-01  1.739677E-01 -3.064379E-02  0.000000E+00  1.450366E-02 -1.182779E-03 -7.464326E-19  1.678935E-02  0.000000E+00
  1.869240E-01 -3.175203E-02  5.000000E-01  1.888111E-01 -3.189260E-02  0.000000E+00  1.897146E-02 -1.559178E-03 -2.052022E-19 -8.798797E-02  0.000000E+00
  2.022540E-01 -3.298493E-02  5.000000E-01  2.042958E-01 -3.313795E-02  0.000000E+00  2.300767E-02 -1.564283E-03 -1.033254E-17 -2.138321E-01  0.000000E+00
  2.182110E-01 -3.390606E-02  5.000000E-01  2.204139E-01 -3.406838E-02  0.000000E+00  2.601078E-02 -1.026519E-03  1.571995E-18 -3.517330E-01  0.000000E+00
  2.347810E-01 -3.428181E-02  5.000000E-01  2.371512E-01 -3.444792E-02  0.000000E+00  2.777395E-02 -1.556927E-04  3.390468E-18 -4.817777E-01  0.000000E+00
  2.519470E-01 -3.409204E-02  5.000000E-01  2.544905E-01 -3.425623E-02  0.000000E+00  2.826447E-02  7.286262E-04 -1.410731E-18 -5.873447E-01  0.000000E+00
  2.696890E-01 -3.337190E-02  5.000000E-01  2.724116E-01 -3.352882E-02  0.000000E+00  2.745893E-02  1.408746E-03  3.931072E-18 -6.612938E-01  0.000000E+00
  2.879810E-01 -3.222572E-02  5.000000E-01  2.908882E-01 -3.237107E-02  0.000000E+00  2.558630E-02  1.728866E-03 -1.184674E-17 -6.971651E-01  0.000000E+00
  3.067920E-01 -3.084583E-02  5.000000E-01  3.098891E-01 -3.097726E-02  0.000000E+00  2.327372E-02  1.649576E-03 -4.419516E-18 -6.895533E-01  0.000000E+00
  3.260870E-01 -2.951330E-02  5.000000E-01  3.293789E-01 -2.963127E-02  0.000000E+00  2.134087E-02  1.270963E-03  1.043882E-17 -6.410643E-01  0.000000E+00
  3.458260E-01 -2.853108E-02  5.000000E-01  3.493172E-01 -2.863913E-02  0.000000E+00  2.021853E-02  8.229155E-04  1.615490E-18 -5.728562E-01  0.000000E+00
  3.659650E-01 -2.791155E-02  5.000000E-01  3.696595E-01 -2.801335E-02  0.000000E+00  1.986601E-02  5.019564E-04 -1.061820E-17 -5.140787E-01  0.000000E+00
  3.864540E-01 -2.751815E-02  5.000000E-01  3.903553E-01 -2.761597E-02  0.000000E+00  2.011591E-02  3.521023E-04 -8.128963E-18 -4.816972E-01  0.000000E+00
  4.072410E-01 -2.719634E-02  5.000000E-01  4.113522E-01 -2.729092E-02  0.000000E+00  2.071896E-02  3.700400E-04  4.580768E-18 -4.801412E-01  0.000000E+00
  4.282690E-01 -2.677999E-02  5.000000E-01  4.325925E-01 -2.687037E-02  0.000000E+00  2.134689E-02  5.591908E-04  1.142605E-17 -5.058987E-01  0.000000E+00
  4.494800E-01 -2.609608E-02  5.000000E-01  4.540176E-01 -2.617955E-02  0.000000E+00  2.174893E-02  8.675771E-04  1.379773E-17 -5.472659E-01  0.000000E+00
  4.708130E-01 -2.507826E-02  5.000000E-01  4.755660E-01 -2.515146E-02  0.000000E+00  2.189360E-02  1.175624E-03  4.949349E-19 -5.881117E-01  0.000000E+00
  4.922030E-01 -2.379407E-02  5.000000E-01  4.971719E-01 -2.385430E-02  0.000000E+00  2.192104E-02  1.411779E-03  1.884707E-18 -6.187703E-01  0.000000E+00
  5.135860E-01 -2.231983E-02  5.000000E-01  5.187708E-01 -2.236518E-02  0.000000E+00  2.209283E-02  1.584755E-03  1.254402E-17 -6.384998E-01  0.000000E+00
  5.348990E-01 -2.072925E-02  5.000000E-01  5.402989E-01 -2.075854E-02  0.000000E+00  2.269582E-02  1.722238E-03  7.995297E-18 -6.507229E-01  0.000000E+00
  5.560760E-01 -1.909577E-02  5.000000E-01  5.616897E-01 -1.910857E-02  0.000000E+00  2.366897E-02  1.857336E-03  3.304104E-18 -6.621603E-01  0.000000E+00
  4.759900E-01  7.396060E-02  5.000000E-01  4.807952E-01  7.488721E-02  0.000000E+00  2.354617E-02 -9.087922E-04 -2.007490E-17 -7.912370E-01  0.000000E+00
  4.548480E-01  7.469393E-02  5.000000E-01  4.594398E-01  7.562794E-02  0.000000E+00  2.351415E-02 -7.349714E-04 -2.880889E-17 -7.747193E-01  0.000000E+00
  4.337860E-01  7.527832E-02  5.000000E-01  4.381652E-01  7.621823E-02  0.000000E+00  2.365109E-02 -5.706767E-04 -3.365937E-17 -7.590136E-01  0.000000E+00
  4.128620E-01  7.570856E-02  5.000000E-01  4.170299E-01  7.665281E-02  0.000000E+00  2.391721E-02 -3.776597E-04 -1.481441E-17 -7.404595E-01  0.000000E+00
  3.921340E-01  7.593981E-02  5.000000E-01  3.960927E-01  7.688640E-02  0.000000E+00  2.421862E-02 -1.252641E-04 -1.172285E-17 -7.157509E-01  0.000000E+00
  3.716590E-01  7.592571E-02  5.000000E-01  3.754110E-01  7.687216E-02  0.000000E+00  2.443906E-02  1.929242E-04 -2.050894E-17 -6.833147E-01  0.000000E+00
  3.514890E-01  7.562390E-02  5.000000E-01  3.550374E-01  7.656730E-02  0.000000E+00  2.449750E-02  5.715907E-04 -2.998102E-17 -6.428754E-01  0.000000E+00
  3.316730E-01  7.499889E-02  5.000000E-01  3.350213E-01  7.593598E-02  0.000000E+00  2.434909E-02  9.868441E-04 -9.205972E-18 -5.964873E-01  0.000000E+00
  3.122580E-01  7.403642E-02  5.000000E-01  3.154103E-01  7.496380E-02  0.000000E+00  2.395627E-02  1.368323E-03  6.095255E-18 -5.506649E-01  0.000000E+00
  2.932850E-01  7.280333E-02  5.000000E-01  2.962458E-01  7.371826E-02  0.000000E+00  2.335087E-02  1.650775E-03 -6.206918E-18 -5.129219E-01  0.000000E+00
  2.747930E-01  7.138482E-02  5.000000E-01  2.775671E-01  7.228543E-02  0.000000E+00  2.267161E-02  1.835792E-03  5.868806E-18 -4.867231E-01  0.000000E+00
  2.568150E-01  6.984881E-02  5.000000E-01  2.594076E-01  7.073391E-02  0.000000E+00  2.207183E-02  1.958249E-03  1.581871E-17 -4.721315E-01  0.000000E+00
  2.393810E-01  6.824335E-02  5.000000E-01  2.417976E-01  6.911224E-02  0.000000E+00  2.165312E-02  2.053501E-03  3.257766E-18 -4.676024E-01  0.000000E+00
  2.225160E-01  6.659879E-02  5.000000E-01  2.247624E-01  6.745108E-02  0.000000E+00  2.145076E-02  2.145239E-03 -5.020928E-18 -4.717007E-01  0.000000E+00
  2.062420E-01  6.493155E-02  5.000000E-01  2.083241E-01  6.576701E-02  0.000000E+00  2.143403E-02  2.219269E-03 -1.151999E-17 -4.858826E-01  0.000000E+00
  1.905750E-01  6.328830E-02  5.000000E-01  1.924989E-01  6.410718E-02  0.000000E+00  2.156944E-02  2.232423E-03 -4.434890E-18 -5.135610E-01  0.000000E+00
  1.755290E-01  6.174816E-02  5.000000E-01  1.773010E-01  6.255148E-02  0.000000E+00  2.192718E-02  2.200803E-03  9.248969E-19 -5.527016E-01  0.000000E+00
  1.611160E-01  6.033038E-02  5.000000E-01  1.627425E-01  6.111940E-02  0.000000E+00  2.259978E-02  2.186905E-03 -2.176394E-17 -5.959577E-01  0.000000E+00
  1.473410E-01  5.902040E-02  5.000000E-01  1.488285E-01  5.979619E-02  0.000000E+00  2.355722E-02  2.225384E-03 -2.728611E-17 -6.369497E-01  0.000000E+00
  1.342110E-01  5.778937E-02  5.000000E-01  1.355659E-01  5.855273E-02  0.000000E+00  2.466718E-02  2.327420E-03 -1.115838E-17 -6.720555E-01  0.000000E+00
  1.217280E-01  5.660490E-02  5.000000E-01  1.229569E-01  5.735630E-02  0.000000E+00  2.578509E-02  2.495877E-03  3.762533E-18 -7.002026E-01  0.000000E+00
  1.098910E-01  5.543740E-02  5.000000E-01  1.110004E-01  5.617702E-02  0.000000E+00  2.683497E-02  2.741546E-03  1.381876E-17 -7.213196E-01  0.000000E+00
  9.869950E-02  5.425567E-02  5.000000E-01  9.969593E-02  5.498336E-02  0.000000E+00  2.781731E-02  3.084249E-03  2.515102E-18 -7.354019E-01  0.000000E+00
  8.814970E-02  5.303160E-02  5.000000E-01  8.903963E-02  5.374693E-02  0.000000E+00  2.877409E-02  3.553195E-03 -1.057237E-17 -7.420153E-01  0.000000E+00
  8.814970E-02  5.303160E-02  5.000000E-01  8.903963E-02  5.374693E-02  0.000000E+00  2.877409E-02  3.553195E-03 -1.057237E-17 -7.420153E-01  0.000000E+00
  7.823720E-02  5.173595E-02  5.000000E-01  7.902706E-02  5.243820E-02  0.000000E+00  2.975315E-02  4.194409E-03 -2.926970E-18 -7.397423E-01  0.000000E+00
  6.895800E-02  5.033541E-02  5.000000E-01  6.965419E-02  5.102352E-02  0.000000E+00  3.076187E-02  5.054304E-03  1.401869E-17 -7.268712E-01  0.000000E+00
  6.030560E-02  4.880163E-02  5.000000E-01  6.091444E-02  4.947426E-02  0.000000E+00  3.177800E-02  6.194271E-03  1.872974E-17 -7.006571E-01  0.000000E+00
  5.227560E-02  4.709947E-02  5.000000E-01  5.280338E-02  4.775491E-02  0.000000E+00  3.273440E-02  7.684948E-03  1.758029E-18 -6.572248E-01  0.000000E+00
  4.486350E-02  4.519503E-02  5.000000E-01  4.531645E-02  4.583124E-02  0.000000E+00  3.347352E-02  9.555986E-03 -4.026874E-18 -5.931087E-01  0.000000E+00
  3.806240E-02  4.306323E-02  5.000000E-01  3.844670E-02  4.367793E-02  0.000000E+00  3.378448E-02  1.180771E-02 -1.888577E-17 -5.039379E-01  0.000000E+00
  3.186880E-02  4.067652E-02  5.000000E-01  3.219057E-02  4.126712E-02  0.000000E+00  3.338720E-02  1.433502E-02 -5.336164E-18 -3.861069E-01  0.000000E+00
  2.627530E-02  3.802305E-02  5.000000E-01  2.654060E-02  3.858687E-02  0.000000E+00  3.199342E-02  1.687590E-02  1.958099E-17 -2.387685E-01  0.000000E+00
  2.127350E-02  3.510402E-02  5.000000E-01  2.148831E-02  3.563837E-02  0.000000E+00  2.947292E-02  1.910511E-02 -1.292339E-17 -6.248499E-02  0.000000E+00
  1.685790E-02  3.192625E-02  5.000000E-01  1.702813E-02  3.242852E-02  0.000000E+00  2.590441E-02  2.061255E-02 -3.425627E-17  1.358542E-01  0.000000E+00
  1.301460E-02  2.852684E-02  5.000000E-01  1.314604E-02  2.899479E-02  0.000000E+00  2.160393E-02  2.107893E-02 -3.236337E-17  3.447900E-01  0.000000E+00
  9.730790E-03  2.495462E-02  5.000000E-01  9.829076E-03  2.538651E-02  0.000000E+00  1.704104E-02  2.045398E-02 -3.796033E-17  5.535628E-01  0.000000E+00
  6.996180E-03  2.126950E-02  5.000000E-01  7.066860E-03  2.166419E-02  0.000000E+00  1.267283E-02  1.877767E-02 -3.560506E-17  7.462394E-01  0.000000E+00
  4.781010E-03  1.757092E-02  5.000000E-01  4.829327E-03  1.792827E-02  0.000000E+00  8.823008E-03  1.621496E-02 -4.137527E-17  9.094457E-01  0.000000E+00
  3.054950E-03  1.396316E-02  5.000000E-01  3.085842E-03  1.428409E-02  0.000000E+00  5.626923E-03  1.303476E-02 -5.577078E-17  1.039532E+00  0.000000E+00
  1.789910E-03  1.055044E-02  5.000000E-01  1.808032E-03  1.083692E-02  0.000000E+00  3.135015E-03  9.401558E-03 -4.017931E-17  1.133216E+00  0.000000E+00
  9.331870E-04  7.451624E-03  5.000000E-01  9.426600E-04  7.706819E-03  0.000000E+00  1.364597E-03  5.410337E-03 -2.663833E-17  1.188262E+00  0.000000E+00
  4.085430E-04  4.784457E-03  5.000000E-01  4.127197E-04  5.012727E-03  0.000000E+00  2.612507E-04  1.141142E-03 -7.371305E-18  1.208447E+00  0.000000E+00
  1.354760E-04  2.643333E-03  5.000000E-01  1.368961E-04  2.849988E-03  0.000000E+00 -2.687885E-04 -3.385497E-03  1.722657E-17  1.201816E+00  0.000000E+00
  2.683130E-05  1.084531E-03  5.000000E-01  2.715458E-05  1.275450E-03  0.000000E+00 -3.347742E-04 -8.185648E-03  1.009219E-17  1.176922E+00  0.000000E+00
  1.320070E-06  1.387098E-04  5.000000E-01  1.385808E-06  3.200805E-04  0.000000E+00 -1.954883E-04 -1.285021E-02 -1.480152E-17  1.136663E+00  0.000000E+00
 -5.188750E-08 -1.781717E-04  5.000000E-01  0.000000E+00  0.000000E+00  0.000000E+00 -4.148325E-05 -1.586722E-02 -2.166214E-17  1.102184E+00  0.000000E+00
  2.733630E-06 -5.101609E-04  5.000000E-01  2.813638E-06 -3.353407E-04  0.000000E+00  4.356713E-04 -1.812912E-02 -1.230580E-17  1.092756E+00  0.000000E+00
    1    2
    2    3
    3    4
    4    5
    5    6
    6    7
    7    8
    8    9
    9   10
   10   11
   11   12
   12   13
   13   14
   14   15
   15   16
   16   17
   17   18
   18   19
   19   20
   20   21
   21   22
   22   23
   23   24
   25   26
   26   27
   27   28
   28   29
   29   30
   30   31
   31   32
   32   33
   33   34
   34   35
   35   36
   36   37
   37   38
   38   39
   39   40
   40   41
   41   42
   42   43
   43   44
   44   45
   45   46
   46   47
   47   48
   49   50
   50   51
   51   52
   52   53
   53   54
   54   55
   55   56
   56   57
   57   58
   58   59
   59   60
   60   61
   61   62
   62   63
   63   64
   64   65
   65   66
   66   67
   67   68
   68   69
   69   70
   70   71
   71   72
   73   74
   74   75
   75   76
   76   77
   77   78
   78   79
   79   80
   80   81
   81   82
   82   83
   83   84
   84   85
   85   86
   86   87
   87   88
   88   89
   89   90
   90   91
   91   92
   92   93
   93   94
   94   95
   95   96
   97   98
   98   99
   99  100
  100  101
  101  102
  102  103
  103  104
  104  105
  105  106
  106  107
  107  108
  108  109
  109  110
  110  111
  111  112
  112  113
  113  114
  114  115
  115  116
  116  117
  117  118
  118  119
  119  120
  121  122
  122  123
  123  124
  124  125
  125  126
  126  127
  127  128
  128  129
  129  130
  130  131
  131  132
  132  133
  133  134
  134  135
  135  136
  136  137
  137  138
  138  139
  139  140
  140  141
  141  142
  142  143
  143  144
  145  146
  146  147
  147  148
  148  149
  149  150
  150  151
  151  152
  152  153
  153  154
  154  155
  155  156
  156  157
  157  158
  158  159
  159  160
  160  161
  161  162
  162  163
  163  164
  164  165
  165  166
  166  167
  167  168
  169  170
  170  171
  171  172
  172  173
  173  174
  174  175
  175  176
  176  177
  177  178
  178  179
  179  180
  180  181
  181  182
  182  183
  183  184
  184  185
  185  186
  186  187
  187  188
  188  189
  189  190
  190  191
  191  192
