 Title = "ADflow Slice Data"
Variables =  "CoordinateX"  "CoordinateY"  "CoordinateZ"  "XoC"  "YoC"  "ZoC" "VelocityX" "VelocityY" "VelocityZ" "CoefPressure" "Mach" 
Zone T= "Slice_0001 None Absolute Regular z = 0.50000000"
 Nodes =          192  Elements=          184  ZONETYPE=FELINESEG
 DATAPACKING=POINT
  5.560760E-01 -1.944412E-02  5.000000E-01  5.616894E-01 -1.946625E-02  0.000000E+00  1.988756E-02  1.741250E-03 -1.017102E-18 -5.724454E-01  0.000000E+00
  5.770550E-01 -1.763182E-02  5.000000E-01  5.828802E-01 -1.763565E-02  0.000000E+00  1.510583E-02  1.291102E-03 -8.989365E-19 -5.101149E-01  0.000000E+00
  5.977760E-01 -1.584437E-02  5.000000E-01  6.038104E-01 -1.583016E-02  0.000000E+00  1.041008E-02  8.940265E-04 -1.656996E-19 -3.915577E-01  0.000000E+00
  6.181820E-01 -1.403172E-02  5.000000E-01  6.244224E-01 -1.399921E-02  0.000000E+00  7.171107E-03  6.540862E-04 -4.135295E-20 -2.316854E-01  0.000000E+00
  6.382180E-01 -1.214488E-02  5.000000E-01  6.446606E-01 -1.209332E-02  0.000000E+00  5.642469E-03  5.663088E-04 -2.220375E-19 -8.114621E-02  0.000000E+00
  6.578350E-01 -1.015055E-02  5.000000E-01  6.644757E-01 -1.007885E-02  0.000000E+00  5.224076E-03  5.657378E-04  1.159854E-19  1.331188E-02  0.000000E+00
  6.769910E-01 -8.039684E-03  5.000000E-01  6.838250E-01 -7.946684E-03  0.000000E+00  5.191840E-03  5.939532E-04  1.633545E-18  5.022219E-02  0.000000E+00
  6.956490E-01 -5.821998E-03  5.000000E-01  7.026714E-01 -5.706612E-03  0.000000E+00  5.091688E-03  6.169442E-04  2.380322E-18  6.458345E-02  0.000000E+00
  7.137810E-01 -3.524551E-03  5.000000E-01  7.209864E-01 -3.385973E-03  0.000000E+00  4.772155E-03  6.140365E-04  2.124300E-18  8.717502E-02  0.000000E+00
  7.313660E-01 -1.187106E-03  5.000000E-01  7.387489E-01 -1.024932E-03  0.000000E+00  4.264773E-03  5.766055E-04  4.912526E-19  1.236345E-01  0.000000E+00
  7.483850E-01  1.154077E-03  5.000000E-01  7.559397E-01  1.339884E-03  0.000000E+00  3.656316E-03  5.114572E-04 -7.116977E-19  1.643955E-01  0.000000E+00
  7.648220E-01  3.475152E-03  5.000000E-01  7.725427E-01  3.684389E-03  0.000000E+00  3.027222E-03  4.328306E-04 -1.009177E-18  2.011370E-01  0.000000E+00
  7.806630E-01  5.759103E-03  5.000000E-01  7.885436E-01  5.991397E-03  0.000000E+00  2.453605E-03  3.509776E-04 -9.667755E-19  2.329941E-01  0.000000E+00
  7.958970E-01  7.934600E-03  5.000000E-01  8.039313E-01  8.188854E-03  0.000000E+00  2.021930E-03  2.739509E-04 -2.212164E-19  2.632962E-01  0.000000E+00
  8.105170E-01  9.806041E-03  5.000000E-01  8.186989E-01  1.007919E-02  0.000000E+00  1.800175E-03  2.112380E-04  1.085938E-18  2.912496E-01  0.000000E+00
  8.245160E-01  1.127237E-02  5.000000E-01  8.328392E-01  1.156031E-02  0.000000E+00  1.798193E-03  1.652534E-04  1.288782E-18  3.125454E-01  0.000000E+00
  8.378940E-01  1.232644E-02  5.000000E-01  8.463523E-01  1.262503E-02  0.000000E+00  1.980542E-03  1.291673E-04 -6.079963E-19  3.264307E-01  0.000000E+00
  8.506490E-01  1.300829E-02  5.000000E-01  8.592360E-01  1.331376E-02  0.000000E+00  2.303407E-03  9.387253E-05 -6.405110E-19  3.350188E-01  0.000000E+00
  8.627850E-01  1.337571E-02  5.000000E-01  8.714946E-01  1.368489E-02  0.000000E+00  2.730705E-03  5.223181E-05 -1.189998E-18  3.400115E-01  0.000000E+00
  8.743060E-01  1.348862E-02  5.000000E-01  8.831319E-01  1.379894E-02  0.000000E+00  3.232480E-03  2.600042E-07 -7.677673E-19  3.420178E-01  0.000000E+00
  8.852170E-01  1.339949E-02  5.000000E-01  8.941530E-01  1.370891E-02  0.000000E+00  3.783255E-03 -6.344167E-05  5.494143E-19  3.413970E-01  0.000000E+00
  8.955250E-01  1.315043E-02  5.000000E-01  9.045651E-01  1.345734E-02  0.000000E+00  4.363266E-03 -1.389501E-04 -2.199996E-19  3.385182E-01  0.000000E+00
  9.052400E-01  1.277573E-02  5.000000E-01  9.143781E-01  1.307885E-02  0.000000E+00  4.959757E-03 -2.262157E-04 -1.096638E-18  3.336924E-01  0.000000E+00
  9.143710E-01  1.230244E-02  5.000000E-01  9.236013E-01  1.260078E-02  0.000000E+00  5.568915E-03 -3.272655E-04 -1.174116E-18  3.272922E-01  0.000000E+00
  9.143710E-01  1.230244E-02  5.000000E-01  9.236013E-01  1.260078E-02  0.000000E+00  5.568915E-03 -3.272655E-04 -1.174116E-18  3.272922E-01  0.000000E+00
  9.229270E-01  1.174689E-02  5.000000E-01  9.322437E-01  1.203963E-02  0.000000E+00  6.196505E-03 -4.465294E-04 -1.381133E-19  3.195677E-01  0.000000E+00
  9.309180E-01  1.111976E-02  5.000000E-01  9.403153E-01  1.140617E-02  0.000000E+00  6.855096E-03 -5.887130E-04  2.157555E-19  3.103669E-01  0.000000E+00
  9.383550E-01  1.043113E-02  5.000000E-01  9.478274E-01  1.071058E-02  0.000000E+00  7.561225E-03 -7.585688E-04 -1.012948E-19  2.993475E-01  0.000000E+00
  9.452490E-01  9.691124E-03  5.000000E-01  9.547910E-01  9.963110E-03  0.000000E+00  8.334879E-03 -9.626205E-04  6.166529E-19  2.862130E-01  0.000000E+00
  9.516100E-01  8.909491E-03  5.000000E-01  9.612162E-01  9.173587E-03  0.000000E+00  9.199494E-03 -1.209253E-03  1.002245E-18  2.706340E-01  0.000000E+00
  9.574470E-01  8.096946E-03  5.000000E-01  9.671121E-01  8.352839E-03  0.000000E+00  1.018032E-02 -1.507297E-03  2.744019E-19  2.520877E-01  0.000000E+00
  9.627730E-01  7.265788E-03  5.000000E-01  9.724919E-01  7.513291E-03  0.000000E+00  1.130389E-02 -1.866308E-03 -9.833412E-19  2.299608E-01  0.000000E+00
  9.675950E-01  6.430422E-03  5.000000E-01  9.773626E-01  6.669492E-03  0.000000E+00  1.260057E-02 -2.296034E-03 -3.153711E-19  2.036031E-01  0.000000E+00
  9.719240E-01  5.606756E-03  5.000000E-01  9.817353E-01  5.837512E-03  0.000000E+00  1.411106E-02 -2.807253E-03  1.433124E-18  1.722568E-01  0.000000E+00
  9.757700E-01  4.811875E-03  5.000000E-01  9.856201E-01  5.034607E-03  0.000000E+00  1.589860E-02 -3.416845E-03  3.168877E-18  1.351689E-01  0.000000E+00
  9.791410E-01  4.062859E-03  5.000000E-01  9.890251E-01  4.278029E-03  0.000000E+00  1.805704E-02 -4.149751E-03  2.333644E-18  9.155453E-02  0.000000E+00
  9.820450E-01  3.376044E-03  5.000000E-01  9.919584E-01  3.584281E-03  0.000000E+00  2.068353E-02 -5.033166E-03 -1.635981E-17  4.025661E-02  0.000000E+00
  9.844890E-01  2.766533E-03  5.000000E-01  9.944271E-01  2.968617E-03  0.000000E+00  2.379260E-02 -6.078829E-03 -7.508950E-17 -2.000097E-02  0.000000E+00
  9.864800E-01  2.247879E-03  5.000000E-01  9.964382E-01  2.444728E-03  0.000000E+00  2.722322E-02 -7.214112E-03 -1.536936E-16 -8.898457E-02  0.000000E+00
  9.880230E-01  1.831989E-03  5.000000E-01  9.979968E-01  2.024640E-03  0.000000E+00  3.030244E-02 -8.188269E-03 -5.856377E-17 -1.735167E-01  0.000000E+00
  9.891220E-01  1.528234E-03  5.000000E-01  9.991069E-01  1.717818E-03  0.000000E+00  3.250357E-02 -9.161977E-03  7.349117E-16 -2.742909E-01  0.000000E+00
  9.897810E-01  1.343228E-03  5.000000E-01  9.997725E-01  1.530944E-03  0.000000E+00  4.692975E-02 -1.152360E-02  2.792463E-15 -2.775564E-01  0.000000E+00
  9.900000E-01  1.281138E-03  5.000000E-01  9.999937E-01  1.468227E-03  0.000000E+00  3.241852E-02 -2.020554E-03  7.367026E-15 -6.284677E-01  0.000000E+00
  9.900000E-01  1.690697E-03  5.000000E-01  9.999937E-01  1.881921E-03  0.000000E+00  1.772679E-03 -7.593479E-03  2.116799E-14 -9.107898E-01  0.000000E+00
  9.900000E-01  2.100257E-03  5.000000E-01  9.999937E-01  2.295615E-03  0.000000E+00 -4.929837E-04 -2.057911E-02  4.024984E-14 -7.554445E-01  0.000000E+00
  9.900000E-01  2.509816E-03  5.000000E-01  9.999937E-01  2.709309E-03  0.000000E+00 -1.295917E-04 -1.190869E-02  5.497909E-14 -7.340266E-01  0.000000E+00
  9.900000E-01  2.919361E-03  5.000000E-01  9.999937E-01  3.122988E-03  0.000000E+00  3.188364E-04 -7.386317E-03  6.563772E-14 -7.692312E-01  0.000000E+00
  9.900000E-01  3.328920E-03  5.000000E-01  9.999937E-01  3.536682E-03  0.000000E+00  4.727571E-03 -6.733766E-03  7.411792E-14 -7.333747E-01  0.000000E+00
  9.900000E-01  3.328920E-03  5.000000E-01  9.999937E-01  3.536682E-03  0.000000E+00  4.727571E-03 -6.733766E-03  7.411792E-14 -7.333747E-01  0.000000E+00
  9.897980E-01  3.435169E-03  5.000000E-01  9.997897E-01  3.644003E-03  0.000000E+00  6.097324E-03 -3.759867E-03  7.062811E-14 -6.825440E-01  0.000000E+00
  9.891900E-01  3.753933E-03  5.000000E-01  9.991756E-01  3.965985E-03  0.000000E+00  2.108831E-03 -1.034646E-03  5.135810E-14 -6.904737E-01  0.000000E+00
  9.881780E-01  4.284504E-03  5.000000E-01  9.981534E-01  4.501912E-03  0.000000E+00 -1.132469E-04  6.386672E-05  2.963002E-14 -6.939559E-01  0.000000E+00
  9.867570E-01  5.025629E-03  5.000000E-01  9.967180E-01  5.250518E-03  0.000000E+00 -1.573245E-03  8.055489E-04  1.336815E-14 -6.963874E-01  0.000000E+00
  9.849260E-01  5.973793E-03  5.000000E-01  9.948685E-01  6.208254E-03  0.000000E+00 -2.468349E-03  1.268408E-03  4.212652E-15 -7.034607E-01  0.000000E+00
  9.826810E-01  7.122531E-03  5.000000E-01  9.926009E-01  7.368588E-03  0.000000E+00 -2.795530E-03  1.420046E-03  3.258059E-16 -7.122496E-01  0.000000E+00
  9.800160E-01  8.462117E-03  5.000000E-01  9.899090E-01  8.721696E-03  0.000000E+00 -2.710491E-03  1.348471E-03 -6.978213E-16 -7.192728E-01  0.000000E+00
  9.769240E-01  9.978459E-03  5.000000E-01  9.867857E-01  1.025335E-02  0.000000E+00 -2.447108E-03  1.182046E-03 -5.981703E-16 -7.233899E-01  0.000000E+00
  9.733970E-01  1.165034E-02  5.000000E-01  9.832231E-01  1.194211E-02  0.000000E+00 -2.206029E-03  1.024070E-03 -2.861758E-16 -7.252207E-01  0.000000E+00
  9.694240E-01  1.345112E-02  5.000000E-01  9.792100E-01  1.376106E-02  0.000000E+00 -2.109135E-03  9.302422E-04 -7.792151E-17 -7.260713E-01  0.000000E+00
  9.649940E-01  1.535381E-02  5.000000E-01  9.747353E-01  1.568296E-02  0.000000E+00 -2.196981E-03  9.134787E-04  3.385490E-18 -7.274339E-01  0.000000E+00
  9.600960E-01  1.733783E-02  5.000000E-01  9.697879E-01  1.768701E-02  0.000000E+00 -2.453807E-03  9.627434E-04  1.735665E-17 -7.299715E-01  0.000000E+00
  9.547180E-01  1.938249E-02  5.000000E-01  9.643556E-01  1.975231E-02  0.000000E+00 -2.862917E-03  1.061111E-03  1.028628E-17 -7.319921E-01  0.000000E+00
  9.488510E-01  2.146769E-02  5.000000E-01  9.584294E-01  2.185855E-02  0.000000E+00 -3.404850E-03  1.175463E-03  2.954107E-18 -7.334966E-01  0.000000E+00
  9.424820E-01  2.357730E-02  5.000000E-01  9.519961E-01  2.398946E-02  0.000000E+00 -3.864074E-03  1.219563E-03 -1.415385E-18 -7.477126E-01  0.000000E+00
  9.356020E-01  2.569975E-02  5.000000E-01  9.450466E-01  2.613334E-02  0.000000E+00 -3.534057E-03  1.020789E-03 -1.459519E-18 -8.015059E-01  0.000000E+00
  9.282010E-01  2.782762E-02  5.000000E-01  9.375709E-01  2.828269E-02  0.000000E+00 -1.202338E-03  3.331168E-04  1.338645E-18 -9.060495E-01  0.000000E+00
  9.202710E-01  2.995428E-02  5.000000E-01  9.295609E-01  3.043081E-02  0.000000E+00  4.168629E-03 -1.015971E-03  6.639290E-18 -1.028965E+00  0.000000E+00
  9.118010E-01  3.206568E-02  5.000000E-01  9.210054E-01  3.256353E-02  0.000000E+00  1.195880E-02 -2.783074E-03  1.908482E-17 -1.117207E+00  0.000000E+00
  9.027810E-01  3.414359E-02  5.000000E-01  9.118943E-01  3.466241E-02  0.000000E+00  1.927418E-02 -4.213490E-03  3.141142E-17 -1.146451E+00  0.000000E+00
  8.932000E-01  3.616964E-02  5.000000E-01  9.022166E-01  3.670891E-02  0.000000E+00  2.346056E-02 -4.735768E-03  3.439990E-17 -1.131288E+00  0.000000E+00
  8.830490E-01  3.812251E-02  5.000000E-01  8.919631E-01  3.868150E-02  0.000000E+00  2.448492E-02 -4.482809E-03  2.863294E-17 -1.096269E+00  0.000000E+00
  8.723190E-01  3.997778E-02  5.000000E-01  8.811248E-01  4.055550E-02  0.000000E+00  2.390625E-02 -3.904753E-03  2.120222E-17 -1.055376E+00  0.000000E+00
  8.723190E-01  3.997778E-02  5.000000E-01  8.811248E-01  4.055550E-02  0.000000E+00  2.390625E-02 -3.904753E-03  2.120222E-17 -1.055376E+00  0.000000E+00
  8.610010E-01  4.171094E-02  5.000000E-01  8.696925E-01  4.230616E-02  0.000000E+00  2.301052E-02 -3.299360E-03  1.669089E-17 -1.012891E+00  0.000000E+00
  8.490890E-01  4.329879E-02  5.000000E-01  8.576603E-01  4.391003E-02  0.000000E+00  2.225336E-02 -2.750473E-03  1.421096E-17 -9.696406E-01  0.000000E+00
  8.365770E-01  4.472187E-02  5.000000E-01  8.450220E-01  4.534748E-02  0.000000E+00  2.160727E-02 -2.259247E-03  1.259076E-17 -9.265555E-01  0.000000E+00
  8.234620E-01  4.597152E-02  5.000000E-01  8.317746E-01  4.660974E-02  0.000000E+00  2.094833E-02 -1.828688E-03  1.291699E-17 -8.861002E-01  0.000000E+00
  8.097400E-01  4.705787E-02  5.000000E-01  8.179141E-01  4.770706E-02  0.000000E+00  2.022431E-02 -1.486524E-03  1.365050E-17 -8.528739E-01  0.000000E+00
  7.954150E-01  4.802484E-02  5.000000E-01  8.034445E-01  4.868380E-02  0.000000E+00  1.947093E-02 -1.277831E-03  1.290159E-17 -8.331106E-01  0.000000E+00
  7.804870E-01  4.896775E-02  5.000000E-01  7.883658E-01  4.963622E-02  0.000000E+00  1.880662E-02 -1.233958E-03  1.136765E-17 -8.313105E-01  0.000000E+00
  7.649630E-01  5.002050E-02  5.000000E-01  7.726851E-01  5.069960E-02  0.000000E+00  1.843184E-02 -1.319825E-03  8.278362E-18 -8.446739E-01  0.000000E+00
  7.488530E-01  5.123766E-02  5.000000E-01  7.564125E-01  5.192904E-02  0.000000E+00  1.847364E-02 -1.474037E-03  4.234085E-18 -8.661143E-01  0.000000E+00
  7.321700E-01  5.264007E-02  5.000000E-01  7.395610E-01  5.334561E-02  0.000000E+00  1.886800E-02 -1.668869E-03 -1.769547E-18 -8.905121E-01  0.000000E+00
  7.149290E-01  5.423874E-02  5.000000E-01  7.221460E-01  5.496042E-02  0.000000E+00  1.946268E-02 -1.882823E-03 -8.074622E-18 -9.141541E-01  0.000000E+00
  6.971500E-01  5.602760E-02  5.000000E-01  7.041875E-01  5.676734E-02  0.000000E+00  2.012459E-02 -2.083985E-03 -1.310040E-17 -9.336980E-01  0.000000E+00
  6.788570E-01  5.797514E-02  5.000000E-01  6.857099E-01  5.873453E-02  0.000000E+00  2.078019E-02 -2.231964E-03 -1.772422E-17 -9.459961E-01  0.000000E+00
  6.600760E-01  6.001303E-02  5.000000E-01  6.667393E-01  6.079300E-02  0.000000E+00  2.138634E-02 -2.292266E-03 -2.144172E-17 -9.490878E-01  0.000000E+00
  6.408370E-01  6.205204E-02  5.000000E-01  6.473061E-01  6.285259E-02  0.000000E+00  2.188269E-02 -2.263782E-03 -2.322889E-17 -9.438994E-01  0.000000E+00
  6.211780E-01  6.403595E-02  5.000000E-01  6.274486E-01  6.485653E-02  0.000000E+00  2.223491E-02 -2.167249E-03 -2.284741E-17 -9.327530E-01  0.000000E+00
  6.011430E-01  6.592004E-02  5.000000E-01  6.072114E-01  6.675964E-02  0.000000E+00  2.247124E-02 -2.018076E-03 -2.054105E-17 -9.171400E-01  0.000000E+00
  5.807790E-01  6.766316E-02  5.000000E-01  5.866418E-01  6.852035E-02  0.000000E+00  2.263384E-02 -1.829731E-03 -1.649936E-17 -8.981129E-01  0.000000E+00
  5.601410E-01  6.923446E-02  5.000000E-01  5.657955E-01  7.010751E-02  0.000000E+00  2.275444E-02 -1.613254E-03 -1.337410E-17 -8.765674E-01  0.000000E+00
  5.392850E-01  7.060529E-02  5.000000E-01  5.447289E-01  7.149218E-02  0.000000E+00  2.284255E-02 -1.383514E-03 -1.104787E-17 -8.539271E-01  0.000000E+00
  5.182680E-01  7.176936E-02  5.000000E-01  5.234998E-01  7.266800E-02  0.000000E+00  2.289354E-02 -1.164780E-03 -9.881633E-18 -8.324458E-01  0.000000E+00
  4.971500E-01  7.274742E-02  5.000000E-01  5.021686E-01  7.365594E-02  0.000000E+00  2.293076E-02 -9.720321E-04 -9.750866E-18 -8.137047E-01  0.000000E+00
  4.759900E-01  7.356081E-02  5.000000E-01  4.807950E-01  7.447754E-02  0.000000E+00  2.299747E-02 -8.065375E-04 -9.224938E-18 -7.981323E-01  0.000000E+00
  2.733630E-06 -4.880077E-04  5.000000E-01  2.813636E-06 -3.187767E-04  0.000000E+00  4.612947E-04 -1.822819E-02 -1.288689E-18  1.098294E+00  0.000000E+00
  4.455870E-05 -1.434391E-03  5.000000E-01  4.506092E-05 -1.274714E-03  0.000000E+00  2.227482E-03 -2.172105E-02  2.724507E-17  1.069249E+00  0.000000E+00
  2.731490E-04 -2.975551E-03  5.000000E-01  2.759588E-04 -2.831431E-03  0.000000E+00  6.516907E-03 -2.469731E-02  4.068812E-17  9.494545E-01  0.000000E+00
  9.950900E-04 -4.941037E-03  5.000000E-01  1.005187E-03 -4.816758E-03  0.000000E+00  1.266738E-02 -2.512339E-02  4.048769E-17  7.407696E-01  0.000000E+00
  2.349870E-03 -7.026602E-03  5.000000E-01  2.373644E-03 -6.923375E-03  0.000000E+00  1.836495E-02 -2.399452E-02  3.867171E-17  5.317526E-01  0.000000E+00
  4.254460E-03 -9.164845E-03  5.000000E-01  4.297460E-03 -9.083204E-03  0.000000E+00  2.301330E-02 -2.272955E-02  2.735595E-17  3.595623E-01  0.000000E+00
  6.687140E-03 -1.129660E-02  5.000000E-01  6.754697E-03 -1.123648E-02  0.000000E+00  2.705168E-02 -2.126911E-02  6.747407E-18  1.956788E-01  0.000000E+00
  9.634000E-03 -1.338395E-02  5.000000E-01  9.731304E-03 -1.334490E-02  0.000000E+00  3.035053E-02 -1.927394E-02 -5.538759E-18  2.906997E-02  0.000000E+00
  1.310530E-02 -1.535877E-02  5.000000E-01  1.323765E-02 -1.533965E-02  0.000000E+00  3.260916E-02 -1.661098E-02 -6.800778E-19 -1.361005E-01  0.000000E+00
  1.710810E-02 -1.716902E-02  5.000000E-01  1.728085E-02 -1.716818E-02  0.000000E+00  3.389093E-02 -1.381908E-02  2.437746E-17 -2.772838E-01  0.000000E+00
  2.163760E-02 -1.881533E-02  5.000000E-01  2.185608E-02 -1.883111E-02  0.000000E+00  3.458659E-02 -1.138269E-02  5.889736E-17 -3.850191E-01  0.000000E+00
  2.669190E-02 -2.030753E-02  5.000000E-01  2.696140E-02 -2.033837E-02  0.000000E+00  3.484287E-02 -9.231477E-03  8.368588E-17 -4.717958E-01  0.000000E+00
  3.228310E-02 -2.162151E-02  5.000000E-01  3.260904E-02 -2.166562E-02  0.000000E+00  3.461910E-02 -7.243222E-03  9.362777E-17 -5.473196E-01  0.000000E+00
  3.842170E-02 -2.274542E-02  5.000000E-01  3.880961E-02 -2.280087E-02  0.000000E+00  3.399936E-02 -5.495732E-03  9.495370E-17 -6.105457E-01  0.000000E+00
  4.511710E-02 -2.368040E-02  5.000000E-01  4.557259E-02 -2.374528E-02  0.000000E+00  3.311304E-02 -4.035459E-03  9.090992E-17 -6.602264E-01  0.000000E+00
  5.237940E-02 -2.443221E-02  5.000000E-01  5.290820E-02 -2.450469E-02  0.000000E+00  3.208668E-02 -2.867213E-03  8.235134E-17 -6.959865E-01  0.000000E+00
  6.021800E-02 -2.501717E-02  5.000000E-01  6.082593E-02 -2.509555E-02  0.000000E+00  3.105157E-02 -1.982974E-03  7.093795E-17 -7.178299E-01  0.000000E+00
  6.864140E-02 -2.546122E-02  5.000000E-01  6.933436E-02 -2.554408E-02  0.000000E+00  3.008182E-02 -1.337845E-03  5.850018E-17 -7.274499E-01  0.000000E+00
  7.765990E-02 -2.578617E-02  5.000000E-01  7.844390E-02 -2.587232E-02  0.000000E+00  2.918508E-02 -8.796039E-04  4.759112E-17 -7.267352E-01  0.000000E+00
  8.728340E-02 -2.601804E-02  5.000000E-01  8.816455E-02 -2.610653E-02  0.000000E+00  2.829803E-02 -5.794826E-04  3.868085E-17 -7.160628E-01  0.000000E+00
  9.752070E-02 -2.618999E-02  5.000000E-01  9.850519E-02 -2.628021E-02  0.000000E+00  2.720029E-02 -4.095394E-04  3.140613E-17 -6.951822E-01  0.000000E+00
  1.083810E-01 -2.633499E-02  5.000000E-01  1.094751E-01 -2.642667E-02  0.000000E+00  2.554520E-02 -3.414901E-04  2.572792E-17 -6.627310E-01  0.000000E+00
  1.198710E-01 -2.648986E-02  5.000000E-01  1.210811E-01 -2.658311E-02  0.000000E+00  2.309544E-02 -3.497674E-04  1.929768E-17 -6.149872E-01  0.000000E+00
  1.319970E-01 -2.669550E-02  5.000000E-01  1.333295E-01 -2.679082E-02  0.000000E+00  2.003503E-02 -4.007737E-04  1.320577E-17 -5.465108E-01  0.000000E+00
  1.319970E-01 -2.669550E-02  5.000000E-01  1.333295E-01 -2.679082E-02  0.000000E+00  2.003503E-02 -4.007737E-04  1.320577E-17 -5.465108E-01  0.000000E+00
  1.447640E-01 -2.699015E-02  5.000000E-01  1.462254E-01 -2.708845E-02  0.000000E+00  1.709274E-02 -4.662281E-04  8.514599E-18 -4.534932E-01  0.000000E+00
  1.581750E-01 -2.740856E-02  5.000000E-01  1.597718E-01 -2.751109E-02  0.000000E+00  1.519306E-02 -5.436786E-04  5.734684E-18 -3.411882E-01  0.000000E+00
  1.722290E-01 -2.797057E-02  5.000000E-01  1.739676E-01 -2.807877E-02  0.000000E+00  1.485736E-02 -6.447476E-04  3.783027E-18 -2.303672E-01  0.000000E+00
  1.869240E-01 -2.866067E-02  5.000000E-01  1.888110E-01 -2.877584E-02  0.000000E+00  1.592617E-02 -7.485220E-04  1.387466E-18 -1.523025E-01  0.000000E+00
  2.022540E-01 -2.940109E-02  5.000000E-01  2.042957E-01 -2.952372E-02  0.000000E+00  1.775165E-02 -7.569452E-04  9.434069E-19 -1.318244E-01  0.000000E+00
  2.182110E-01 -3.001983E-02  5.000000E-01  2.204138E-01 -3.014871E-02  0.000000E+00  1.958666E-02 -5.875813E-04  1.066528E-18 -1.669826E-01  0.000000E+00
  2.347810E-01 -3.038613E-02  5.000000E-01  2.371511E-01 -3.051871E-02  0.000000E+00  2.083470E-02 -2.992301E-04  8.558488E-19 -2.279604E-01  0.000000E+00
  2.519470E-01 -3.049817E-02  5.000000E-01  2.544904E-01 -3.063188E-02  0.000000E+00  2.108084E-02 -3.954211E-06  3.688562E-19 -2.815932E-01  0.000000E+00
  2.696890E-01 -3.037944E-02  5.000000E-01  2.724115E-01 -3.051195E-02  0.000000E+00  2.025803E-02  2.225700E-04  2.455167E-19 -3.065291E-01  0.000000E+00
  2.879810E-01 -3.008362E-02  5.000000E-01  2.908881E-01 -3.021315E-02  0.000000E+00  1.883286E-02  3.354540E-04  9.928561E-19 -2.935654E-01  0.000000E+00
  3.067920E-01 -2.970253E-02  5.000000E-01  3.098890E-01 -2.982821E-02  0.000000E+00  1.758324E-02  3.289927E-04  9.371116E-19 -2.480499E-01  0.000000E+00
  3.260870E-01 -2.936410E-02  5.000000E-01  3.293788E-01 -2.948636E-02  0.000000E+00  1.713163E-02  2.250683E-04 -8.265652E-19 -1.903020E-01  0.000000E+00
  3.458260E-01 -2.919725E-02  5.000000E-01  3.493170E-01 -2.931783E-02  0.000000E+00  1.761201E-02  9.438895E-05 -2.282205E-18 -1.507852E-01  0.000000E+00
  3.659650E-01 -2.916561E-02  5.000000E-01  3.696593E-01 -2.928587E-02  0.000000E+00  1.878392E-02  2.812677E-05 -1.060790E-18 -1.523556E-01  0.000000E+00
  3.864540E-01 -2.914724E-02  5.000000E-01  3.903552E-01 -2.926731E-02  0.000000E+00  2.032609E-02  8.060879E-05 -4.021091E-20 -1.963150E-01  0.000000E+00
  4.072410E-01 -2.900818E-02  5.000000E-01  4.113520E-01 -2.912685E-02  0.000000E+00  2.191917E-02  2.868542E-04 -8.828921E-19 -2.699752E-01  0.000000E+00
  4.282690E-01 -2.860800E-02  5.000000E-01  4.325923E-01 -2.872263E-02  0.000000E+00  2.326091E-02  6.673171E-04 -1.586208E-18 -3.580175E-01  0.000000E+00
  4.494800E-01 -2.780378E-02  5.000000E-01  4.540174E-01 -2.791029E-02  0.000000E+00  2.420212E-02  1.162288E-03 -1.441637E-18 -4.443876E-01  0.000000E+00
  4.708130E-01 -2.656369E-02  5.000000E-01  4.755657E-01 -2.665768E-02  0.000000E+00  2.482534E-02  1.631099E-03 -1.445804E-18 -5.139714E-01  0.000000E+00
  4.922030E-01 -2.499334E-02  5.000000E-01  4.971717E-01 -2.507148E-02  0.000000E+00  2.516442E-02  1.974713E-03 -2.192001E-18 -5.606235E-01  0.000000E+00
  5.135860E-01 -2.320833E-02  5.000000E-01  5.187705E-01 -2.326845E-02  0.000000E+00  2.487820E-02  2.142049E-03 -2.482878E-18 -5.864331E-01  0.000000E+00
  5.348990E-01 -2.132151E-02  5.000000E-01  5.402987E-01 -2.136258E-02  0.000000E+00  2.328785E-02  2.066863E-03 -1.584519E-18 -5.925515E-01  0.000000E+00
  5.560760E-01 -1.944412E-02  5.000000E-01  5.616894E-01 -1.946625E-02  0.000000E+00  1.988756E-02  1.741250E-03 -1.017102E-18 -5.724454E-01  0.000000E+00
  4.759900E-01  7.356081E-02  5.000000E-01  4.807950E-01  7.447754E-02  0.000000E+00  2.299747E-02 -8.065375E-04 -9.224938E-18 -7.981323E-01  0.000000E+00
  4.548480E-01  7.422991E-02  5.000000E-01  4.594396E-01  7.515339E-02  0.000000E+00  2.312106E-02 -6.669104E-04 -8.868359E-18 -7.855578E-01  0.000000E+00
  4.337860E-01  7.477694E-02  5.000000E-01  4.381650E-01  7.570594E-02  0.000000E+00  2.332009E-02 -5.403677E-04 -9.041315E-18 -7.744915E-01  0.000000E+00
  4.128620E-01  7.520410E-02  5.000000E-01  4.170297E-01  7.613742E-02  0.000000E+00  2.360822E-02 -3.933492E-04 -9.031015E-18 -7.616647E-01  0.000000E+00
  3.921340E-01  7.547428E-02  5.000000E-01  3.960925E-01  7.641032E-02  0.000000E+00  2.395092E-02 -1.979336E-04 -8.646667E-18 -7.441629E-01  0.000000E+00
  3.716590E-01  7.554811E-02  5.000000E-01  3.754108E-01  7.648490E-02  0.000000E+00  2.427050E-02  5.316706E-05 -7.928521E-18 -7.207250E-01  0.000000E+00
  3.514890E-01  7.538941E-02  5.000000E-01  3.550372E-01  7.632459E-02  0.000000E+00  2.450020E-02  3.585317E-04 -6.982727E-18 -6.911152E-01  0.000000E+00
  3.316730E-01  7.496796E-02  5.000000E-01  3.350212E-01  7.589889E-02  0.000000E+00  2.459629E-02  7.059570E-04 -6.388874E-18 -6.563679E-01  0.000000E+00
  3.122580E-01  7.426685E-02  5.000000E-01  3.154102E-01  7.519071E-02  0.000000E+00  2.452380E-02  1.057833E-03 -5.239450E-18 -6.196990E-01  0.000000E+00
  2.932850E-01  7.331285E-02  5.000000E-01  2.962457E-01  7.422707E-02  0.000000E+00  2.428478E-02  1.375036E-03 -4.303843E-18 -5.848499E-01  0.000000E+00
  2.747930E-01  7.214596E-02  5.000000E-01  2.775670E-01  7.304840E-02  0.000000E+00  2.393629E-02  1.648608E-03 -4.457671E-18 -5.537274E-01  0.000000E+00
  2.568150E-01  7.080191E-02  5.000000E-01  2.594075E-01  7.169079E-02  0.000000E+00  2.354667E-02  1.886728E-03 -3.854298E-18 -5.268318E-01  0.000000E+00
  2.393810E-01  6.931032E-02  5.000000E-01  2.417975E-01  7.018414E-02  0.000000E+00  2.316864E-02  2.101614E-03 -3.466801E-18 -5.042756E-01  0.000000E+00
  2.225160E-01  6.769450E-02  5.000000E-01  2.247623E-01  6.855201E-02  0.000000E+00  2.283535E-02  2.302738E-03 -2.834588E-18 -4.870039E-01  0.000000E+00
  2.062420E-01  6.597176E-02  5.000000E-01  2.083240E-01  6.681187E-02  0.000000E+00  2.254674E-02  2.464720E-03 -1.204361E-18 -4.794551E-01  0.000000E+00
  1.905750E-01  6.419972E-02  5.000000E-01  1.924988E-01  6.502195E-02  0.000000E+00  2.231664E-02  2.533167E-03  3.831153E-19 -4.884249E-01  0.000000E+00
  1.755290E-01  6.248088E-02  5.000000E-01  1.773010E-01  6.328576E-02  0.000000E+00  2.228297E-02  2.528169E-03  1.033278E-18 -5.141887E-01  0.000000E+00
  1.611160E-01  6.085659E-02  5.000000E-01  1.627425E-01  6.164507E-02  0.000000E+00  2.261785E-02  2.529806E-03  1.828579E-19 -5.496496E-01  0.000000E+00
  1.473410E-01  5.932867E-02  5.000000E-01  1.488284E-01  6.010173E-02  0.000000E+00  2.335130E-02  2.585375E-03  3.390573E-19 -5.872205E-01  0.000000E+00
  1.342110E-01  5.787912E-02  5.000000E-01  1.355659E-01  5.863755E-02  0.000000E+00  2.436598E-02  2.709692E-03  1.880097E-18 -6.215355E-01  0.000000E+00
  1.217280E-01  5.648204E-02  5.000000E-01  1.229569E-01  5.722636E-02  0.000000E+00  2.548703E-02  2.903065E-03  3.568376E-18 -6.500527E-01  0.000000E+00
  1.098910E-01  5.511148E-02  5.000000E-01  1.110004E-01  5.584197E-02  0.000000E+00  2.658646E-02  3.171702E-03  5.832378E-18 -6.718355E-01  0.000000E+00
  9.869950E-02  5.373845E-02  5.000000E-01  9.969589E-02  5.445508E-02  0.000000E+00  2.761850E-02  3.531529E-03  8.610190E-18 -6.865339E-01  0.000000E+00
  8.814970E-02  5.233630E-02  5.000000E-01  8.903959E-02  5.303877E-02  0.000000E+00  2.859968E-02  4.008959E-03  1.198209E-17 -6.936763E-01  0.000000E+00
  8.814970E-02  5.233630E-02  5.000000E-01  8.903959E-02  5.303877E-02  0.000000E+00  2.859968E-02  4.008959E-03  1.198209E-17 -6.936763E-01  0.000000E+00
  7.823720E-02  5.087711E-02  5.000000E-01  7.902703E-02  5.156485E-02  0.000000E+00  2.957114E-02  4.647293E-03  1.689706E-17 -6.919566E-01  0.000000E+00
  6.895800E-02  4.932920E-02  5.000000E-01  6.965416E-02  5.000132E-02  0.000000E+00  3.054427E-02  5.489018E-03  2.182552E-17 -6.798504E-01  0.000000E+00
  6.030560E-02  4.766603E-02  5.000000E-01  6.091442E-02  4.832136E-02  0.000000E+00  3.150292E-02  6.589326E-03  2.291319E-17 -6.548652E-01  0.000000E+00
  5.227560E-02  4.585478E-02  5.000000E-01  5.280336E-02  4.649182E-02  0.000000E+00  3.238764E-02  8.010540E-03  1.964306E-17 -6.134526E-01  0.000000E+00
  4.486350E-02  4.386420E-02  5.000000E-01  4.531643E-02  4.448115E-02  0.000000E+00  3.305620E-02  9.775001E-03  1.497386E-17 -5.525376E-01  0.000000E+00
  3.806240E-02  4.167176E-02  5.000000E-01  3.844668E-02  4.226658E-02  0.000000E+00  3.332134E-02  1.188095E-02  7.425576E-18 -4.681893E-01  0.000000E+00
  3.186880E-02  3.925259E-02  5.000000E-01  3.219056E-02  3.982299E-02  0.000000E+00  3.293550E-02  1.423569E-02 -8.897460E-19 -3.571662E-01  0.000000E+00
  2.627530E-02  3.659681E-02  5.000000E-01  2.654059E-02  3.714040E-02  0.000000E+00  3.164023E-02  1.661044E-02 -4.353190E-18 -2.186710E-01  0.000000E+00
  2.127350E-02  3.370665E-02  5.000000E-01  2.148830E-02  3.422107E-02  0.000000E+00  2.930763E-02  1.872538E-02 -6.823379E-18 -5.278454E-02  0.000000E+00
  1.685790E-02  3.058922E-02  5.000000E-01  1.702813E-02  3.107217E-02  0.000000E+00  2.598724E-02  2.021740E-02 -1.040142E-17  1.348357E-01  0.000000E+00
  1.301460E-02  2.727981E-02  5.000000E-01  1.314603E-02  2.772934E-02  0.000000E+00  2.194168E-02  2.079160E-02 -1.518229E-17  3.344402E-01  0.000000E+00
  9.730790E-03  2.382410E-02  5.000000E-01  9.829071E-03  2.423875E-02  0.000000E+00  1.757831E-02  2.037880E-02 -2.206039E-17  5.368158E-01  0.000000E+00
  6.996180E-03  2.027752E-02  5.000000E-01  7.066856E-03  2.065637E-02  0.000000E+00  1.331028E-02  1.896454E-02 -2.429189E-17  7.268425E-01  0.000000E+00
  4.781010E-03  1.673233E-02  5.000000E-01  4.829325E-03  1.707540E-02  0.000000E+00  9.454020E-03  1.665064E-02 -1.936901E-17  8.909160E-01  0.000000E+00
  3.054950E-03  1.328489E-02  5.000000E-01  3.085841E-03  1.359316E-02  0.000000E+00  6.167115E-03  1.365953E-02 -1.637761E-17  1.024535E+00  0.000000E+00
  1.789910E-03  1.003125E-02  5.000000E-01  1.808031E-03  1.030667E-02  0.000000E+00  3.534897E-03  1.012594E-02 -1.960216E-17  1.123209E+00  0.000000E+00
  9.331870E-04  7.081416E-03  5.000000E-01  9.426596E-04  7.327058E-03  0.000000E+00  1.614943E-03  6.133756E-03 -2.199005E-17  1.183336E+00  0.000000E+00
  4.085430E-04  4.544819E-03  5.000000E-01  4.127195E-04  4.764854E-03  0.000000E+00  3.847307E-04  1.771770E-03 -2.410105E-17  1.207834E+00  0.000000E+00
  1.354760E-04  2.509434E-03  5.000000E-01  1.368960E-04  2.708923E-03  0.000000E+00 -2.316687E-04 -2.924317E-03 -3.168397E-17  1.204425E+00  0.000000E+00
  2.683130E-05  1.027816E-03  5.000000E-01  2.715456E-05  1.212348E-03  0.000000E+00 -3.370138E-04 -7.950356E-03 -4.077672E-17  1.181445E+00  0.000000E+00
  1.320070E-06  1.287998E-04  5.000000E-01  1.385807E-06  3.042572E-04  0.000000E+00 -2.041475E-04 -1.283384E-02 -4.335294E-17  1.141502E+00  0.000000E+00
 -5.188750E-08 -1.724168E-04  5.000000E-01  0.000000E+00  0.000000E+00  0.000000E+00 -4.347044E-05 -1.594036E-02 -2.980941E-17  1.106820E+00  0.000000E+00
  2.733630E-06 -4.880077E-04  5.000000E-01  2.813636E-06 -3.187767E-04  0.000000E+00  4.612947E-04 -1.822819E-02 -1.288689E-18  1.098294E+00  0.000000E+00
    1    2
    2    3
    3    4
    4    5
    5    6
    6    7
    7    8
    8    9
    9   10
   10   11
   11   12
   12   13
   13   14
   14   15
   15   16
   16   17
   17   18
   18   19
   19   20
   20   21
   21   22
   22   23
   23   24
   25   26
   26   27
   27   28
   28   29
   29   30
   30   31
   31   32
   32   33
   33   34
   34   35
   35   36
   36   37
   37   38
   38   39
   39   40
   40   41
   41   42
   42   43
   43   44
   44   45
   45   46
   46   47
   47   48
   49   50
   50   51
   51   52
   52   53
   53   54
   54   55
   55   56
   56   57
   57   58
   58   59
   59   60
   60   61
   61   62
   62   63
   63   64
   64   65
   65   66
   66   67
   67   68
   68   69
   69   70
   70   71
   71   72
   73   74
   74   75
   75   76
   76   77
   77   78
   78   79
   79   80
   80   81
   81   82
   82   83
   83   84
   84   85
   85   86
   86   87
   87   88
   88   89
   89   90
   90   91
   91   92
   92   93
   93   94
   94   95
   95   96
   97   98
   98   99
   99  100
  100  101
  101  102
  102  103
  103  104
  104  105
  105  106
  106  107
  107  108
  108  109
  109  110
  110  111
  111  112
  112  113
  113  114
  114  115
  115  116
  116  117
  117  118
  118  119
  119  120
  121  122
  122  123
  123  124
  124  125
  125  126
  126  127
  127  128
  128  129
  129  130
  130  131
  131  132
  132  133
  133  134
  134  135
  135  136
  136  137
  137  138
  138  139
  139  140
  140  141
  141  142
  142  143
  143  144
  145  146
  146  147
  147  148
  148  149
  149  150
  150  151
  151  152
  152  153
  153  154
  154  155
  155  156
  156  157
  157  158
  158  159
  159  160
  160  161
  161  162
  162  163
  163  164
  164  165
  165  166
  166  167
  167  168
  169  170
  170  171
  171  172
  172  173
  173  174
  174  175
  175  176
  176  177
  177  178
  178  179
  179  180
  180  181
  181  182
  182  183
  183  184
  184  185
  185  186
  186  187
  187  188
  188  189
  189  190
  190  191
  191  192
