 Title = "ADflow Slice Data"
Variables =  "CoordinateX"  "CoordinateY"  "CoordinateZ"  "XoC"  "YoC"  "ZoC" "VelocityX" "VelocityY" "VelocityZ" "CoefPressure" "Mach" 
Zone T= "Slice_0001 None Absolute Regular z = 0.50000000"
 Nodes =          192  Elements=          184  ZONETYPE=FELINESEG
 DATAPACKING=POINT
  5.560760E-01 -1.893828E-02  5.000000E-01  5.616895E-01 -1.895593E-02  0.000000E+00  1.506033E-02  1.097619E-03 -3.482961E-18 -1.686725E-01  0.000000E+00
  5.770550E-01 -1.737467E-02  5.000000E-01  5.828802E-01 -1.737654E-02  0.000000E+00  1.469507E-02  1.131355E-03 -1.911667E-18 -1.384798E-01  0.000000E+00
  5.977760E-01 -1.573254E-02  5.000000E-01  6.038104E-01 -1.571783E-02  0.000000E+00  1.433833E-02  1.180475E-03  6.990411E-19 -1.168512E-01  0.000000E+00
  6.181820E-01 -1.398905E-02  5.000000E-01  6.244224E-01 -1.395674E-02  0.000000E+00  1.385525E-02  1.235993E-03  1.747710E-18 -9.818171E-02  0.000000E+00
  6.382180E-01 -1.212073E-02  5.000000E-01  6.446607E-01 -1.206956E-02  0.000000E+00  1.316951E-02  1.283364E-03  1.711827E-18 -7.584906E-02  0.000000E+00
  6.578350E-01 -1.011733E-02  5.000000E-01  6.644757E-01 -1.004594E-02  0.000000E+00  1.227821E-02  1.305947E-03  6.540384E-19 -4.557220E-02  0.000000E+00
  6.769910E-01 -7.988909E-03  5.000000E-01  6.838251E-01 -7.896028E-03  0.000000E+00  1.122767E-02  1.293298E-03 -1.682165E-19 -7.189186E-03  0.000000E+00
  6.956490E-01 -5.755459E-03  5.000000E-01  7.026714E-01 -5.640032E-03  0.000000E+00  1.007994E-02  1.242000E-03  1.315185E-18  3.654803E-02  0.000000E+00
  7.137810E-01 -3.450769E-03  5.000000E-01  7.209864E-01 -3.312077E-03  0.000000E+00  8.892416E-03  1.153188E-03  3.342097E-18  8.243577E-02  0.000000E+00
  7.313660E-01 -1.119826E-03  5.000000E-01  7.387490E-01 -9.576037E-04  0.000000E+00  7.707944E-03  1.034860E-03 -1.588173E-21  1.278757E-01  0.000000E+00
  7.483850E-01  1.197598E-03  5.000000E-01  7.559398E-01  1.383214E-03  0.000000E+00  6.561740E-03  9.011954E-04  2.538163E-19  1.711525E-01  0.000000E+00
  7.648220E-01  3.475743E-03  5.000000E-01  7.725427E-01  3.684356E-03  0.000000E+00  5.498847E-03  7.665717E-04  2.725974E-18  2.113590E-01  0.000000E+00
  7.806630E-01  5.696978E-03  5.000000E-01  7.885436E-01  5.928014E-03  0.000000E+00  4.588591E-03  6.366574E-04  1.471741E-18  2.488310E-01  0.000000E+00
  7.958970E-01  7.793375E-03  5.000000E-01  8.039314E-01  8.045573E-03  0.000000E+00  3.923259E-03  5.110312E-04 -7.399089E-19  2.851226E-01  0.000000E+00
  8.105170E-01  9.581416E-03  5.000000E-01  8.186990E-01  9.851663E-03  0.000000E+00  3.565056E-03  3.974094E-04 -2.498443E-18  3.175452E-01  0.000000E+00
  8.245160E-01  1.096945E-02  5.000000E-01  8.328393E-01  1.125370E-02  0.000000E+00  3.500976E-03  3.032212E-04 -1.905917E-18  3.407471E-01  0.000000E+00
  8.378940E-01  1.195553E-02  5.000000E-01  8.463523E-01  1.224975E-02  0.000000E+00  3.670043E-03  2.236317E-04  5.216076E-19  3.542186E-01  0.000000E+00
  8.506490E-01  1.258218E-02  5.000000E-01  8.592361E-01  1.288272E-02  0.000000E+00  4.006386E-03  1.495009E-04  1.318357E-18  3.609214E-01  0.000000E+00
  8.627850E-01  1.290796E-02  5.000000E-01  8.714946E-01  1.321179E-02  0.000000E+00  4.455863E-03  7.361184E-05  3.714312E-19  3.633855E-01  0.000000E+00
  8.743060E-01  1.299259E-02  5.000000E-01  8.831319E-01  1.329727E-02  0.000000E+00  4.974820E-03 -7.947941E-06  5.600806E-19  3.627530E-01  0.000000E+00
  8.852170E-01  1.288780E-02  5.000000E-01  8.941530E-01  1.319143E-02  0.000000E+00  5.528940E-03 -9.658148E-05  2.091869E-19  3.596623E-01  0.000000E+00
  8.955250E-01  1.263464E-02  5.000000E-01  9.045651E-01  1.293571E-02  0.000000E+00  6.094132E-03 -1.922978E-04  1.543845E-19  3.546375E-01  0.000000E+00
  9.052400E-01  1.226610E-02  5.000000E-01  9.143782E-01  1.256345E-02  0.000000E+00  6.657075E-03 -2.950762E-04  8.782250E-19  3.480858E-01  0.000000E+00
  9.143710E-01  1.180787E-02  5.000000E-01  9.236013E-01  1.210059E-02  0.000000E+00  7.216550E-03 -4.077056E-04  1.132024E-18  3.404387E-01  0.000000E+00
  9.143710E-01  1.180787E-02  5.000000E-01  9.236013E-01  1.210059E-02  0.000000E+00  7.216550E-03 -4.077056E-04  1.132024E-18  3.404387E-01  0.000000E+00
  9.229270E-01  1.127486E-02  5.000000E-01  9.322437E-01  1.156221E-02  0.000000E+00  7.782863E-03 -5.357276E-04  2.313402E-18  3.319355E-01  0.000000E+00
  9.309180E-01  1.067637E-02  5.000000E-01  9.403154E-01  1.095767E-02  0.000000E+00  8.373383E-03 -6.844248E-04  2.501206E-18  3.223242E-01  0.000000E+00
  9.383550E-01  1.002106E-02  5.000000E-01  9.478274E-01  1.029574E-02  0.000000E+00  9.008817E-03 -8.587425E-04  1.380798E-18  3.111407E-01  0.000000E+00
  9.452490E-01  9.317711E-03  5.000000E-01  9.547910E-01  9.585296E-03  0.000000E+00  9.712761E-03 -1.065443E-03  2.931119E-19  2.980014E-01  0.000000E+00
  9.516100E-01  8.574793E-03  5.000000E-01  9.612163E-01  8.834880E-03  0.000000E+00  1.051179E-02 -1.313169E-03 -1.852922E-18  2.825074E-01  0.000000E+00
  9.574470E-01  7.801844E-03  5.000000E-01  9.671122E-01  8.054127E-03  0.000000E+00  1.143364E-02 -1.610822E-03 -2.492772E-18  2.640587E-01  0.000000E+00
  9.627730E-01  7.010129E-03  5.000000E-01  9.724919E-01  7.254420E-03  0.000000E+00  1.250659E-02 -1.967941E-03  1.979902E-18  2.419693E-01  0.000000E+00
  9.675950E-01  6.213107E-03  5.000000E-01  9.773626E-01  6.449353E-03  0.000000E+00  1.376186E-02 -2.394114E-03  1.550246E-17  2.155196E-01  0.000000E+00
  9.719240E-01  5.425907E-03  5.000000E-01  9.817353E-01  5.654206E-03  0.000000E+00  1.524006E-02 -2.899645E-03  2.316288E-17  1.838821E-01  0.000000E+00
  9.757700E-01  4.664963E-03  5.000000E-01  9.856201E-01  4.885581E-03  0.000000E+00  1.700489E-02 -3.500980E-03 -2.984341E-17  1.462262E-01  0.000000E+00
  9.791410E-01  3.946821E-03  5.000000E-01  9.890252E-01  4.160189E-03  0.000000E+00  1.915594E-02 -4.223676E-03 -1.869874E-16  1.016518E-01  0.000000E+00
  9.820450E-01  3.287401E-03  5.000000E-01  9.919585E-01  3.494112E-03  0.000000E+00  2.181162E-02 -5.099184E-03 -3.107006E-16  4.881512E-02  0.000000E+00
  9.844890E-01  2.701485E-03  5.000000E-01  9.944272E-01  2.902282E-03  0.000000E+00  2.503631E-02 -6.151876E-03  1.502524E-16 -1.399058E-02  0.000000E+00
  9.864800E-01  2.202398E-03  5.000000E-01  9.964383E-01  2.398157E-03  0.000000E+00  2.875867E-02 -7.337211E-03  1.939846E-15 -8.721245E-02  0.000000E+00
  9.880230E-01  1.801875E-03  5.000000E-01  9.979968E-01  1.993591E-03  0.000000E+00  3.246586E-02 -8.456929E-03  4.020416E-15 -1.778242E-01  0.000000E+00
  9.891220E-01  1.509168E-03  5.000000E-01  9.991069E-01  1.697929E-03  0.000000E+00  3.593864E-02 -9.742139E-03 -1.158827E-15 -2.866575E-01  0.000000E+00
  9.897810E-01  1.330826E-03  5.000000E-01  9.997726E-01  1.517787E-03  0.000000E+00  5.277638E-02 -1.246093E-02 -2.616149E-14 -3.054784E-01  0.000000E+00
  9.900000E-01  1.270958E-03  5.000000E-01  9.999938E-01  1.457314E-03  0.000000E+00  3.650364E-02 -2.271008E-03 -1.545044E-14 -6.802723E-01  0.000000E+00
  9.900000E-01  1.680460E-03  5.000000E-01  9.999938E-01  1.870950E-03  0.000000E+00  2.127665E-03 -7.784904E-03  3.417599E-14 -9.796947E-01  0.000000E+00
  9.900000E-01  2.089963E-03  5.000000E-01  9.999938E-01  2.284587E-03  0.000000E+00 -5.416200E-04 -2.193257E-02  6.989173E-14 -8.244632E-01  0.000000E+00
  9.900000E-01  2.499465E-03  5.000000E-01  9.999938E-01  2.698223E-03  0.000000E+00 -1.401954E-04 -1.348678E-02  9.668960E-14 -7.967986E-01  0.000000E+00
  9.900000E-01  2.908953E-03  5.000000E-01  9.999938E-01  3.111844E-03  0.000000E+00  3.202128E-04 -8.314315E-03  1.147800E-13 -8.267821E-01  0.000000E+00
  9.900000E-01  3.318455E-03  5.000000E-01  9.999938E-01  3.525480E-03  0.000000E+00  4.471648E-03 -6.759372E-03  1.277048E-13 -7.914940E-01  0.000000E+00
  9.900000E-01  3.318455E-03  5.000000E-01  9.999938E-01  3.525480E-03  0.000000E+00  4.471648E-03 -6.759372E-03  1.277048E-13 -7.914940E-01  0.000000E+00
  9.897980E-01  3.422590E-03  5.000000E-01  9.997897E-01  3.630667E-03  0.000000E+00  5.440419E-03 -3.343050E-03  1.196102E-13 -7.432500E-01  0.000000E+00
  9.891900E-01  3.734992E-03  5.000000E-01  9.991756E-01  3.946222E-03  0.000000E+00  1.129818E-03 -5.170752E-04  8.493883E-14 -7.513060E-01  0.000000E+00
  9.881780E-01  4.254973E-03  5.000000E-01  9.981534E-01  4.471452E-03  0.000000E+00 -1.264429E-03  6.522704E-04  4.669842E-14 -7.583945E-01  0.000000E+00
  9.867570E-01  4.981233E-03  5.000000E-01  9.967180E-01  5.205043E-03  0.000000E+00 -2.628723E-03  1.328436E-03  1.901723E-14 -7.652503E-01  0.000000E+00
  9.849260E-01  5.910253E-03  5.000000E-01  9.948686E-01  6.143442E-03  0.000000E+00 -3.237520E-03  1.632515E-03  4.508698E-15 -7.750606E-01  0.000000E+00
  9.826810E-01  7.035548E-03  5.000000E-01  9.926009E-01  7.280096E-03  0.000000E+00 -3.243740E-03  1.615429E-03 -7.378541E-16 -7.842519E-01  0.000000E+00
  9.800160E-01  8.347374E-03  5.000000E-01  9.899090E-01  8.605165E-03  0.000000E+00 -2.935663E-03  1.430636E-03 -1.496930E-15 -7.898694E-01  0.000000E+00
  9.769240E-01  9.831655E-03  5.000000E-01  9.867858E-01  1.010443E-02  0.000000E+00 -2.610698E-03  1.233183E-03 -9.115338E-16 -7.920504E-01  0.000000E+00
  9.733970E-01  1.146725E-02  5.000000E-01  9.832232E-01  1.175653E-02  0.000000E+00 -2.455726E-03  1.111381E-03 -3.315892E-16 -7.927981E-01  0.000000E+00
  9.694240E-01  1.322765E-02  5.000000E-01  9.792101E-01  1.353470E-02  0.000000E+00 -2.529647E-03  1.089078E-03 -4.799879E-17 -7.940363E-01  0.000000E+00
  9.649940E-01  1.508613E-02  5.000000E-01  9.747354E-01  1.541195E-02  0.000000E+00 -2.829329E-03  1.159107E-03  2.825879E-17 -7.954348E-01  0.000000E+00
  9.600960E-01  1.702250E-02  5.000000E-01  9.697879E-01  1.736786E-02  0.000000E+00 -3.346490E-03  1.291827E-03  2.566878E-17 -7.959116E-01  0.000000E+00
  9.547180E-01  1.901658E-02  5.000000E-01  9.643556E-01  1.938207E-02  0.000000E+00 -3.940025E-03  1.402803E-03  1.096044E-17 -8.035431E-01  0.000000E+00
  9.488510E-01  2.104898E-02  5.000000E-01  9.584294E-01  2.143499E-02  0.000000E+00 -4.028182E-03  1.313459E-03  3.239326E-18 -8.418773E-01  0.000000E+00
  9.424820E-01  2.310446E-02  5.000000E-01  9.519961E-01  2.351121E-02  0.000000E+00 -2.450830E-03  7.497477E-04  3.929509E-18 -9.293022E-01  0.000000E+00
  9.356020E-01  2.517251E-02  5.000000E-01  9.450467E-01  2.560015E-02  0.000000E+00  2.056857E-03 -5.482864E-04  1.164710E-17 -1.046524E+00  0.000000E+00
  9.282010E-01  2.724698E-02  5.000000E-01  9.375709E-01  2.769555E-02  0.000000E+00  9.425796E-03 -2.467712E-03  2.376373E-17 -1.143763E+00  0.000000E+00
  9.202710E-01  2.932273E-02  5.000000E-01  9.295609E-01  2.979227E-02  0.000000E+00  1.718017E-02 -4.283732E-03  3.490595E-17 -1.187444E+00  0.000000E+00
  9.118010E-01  3.138758E-02  5.000000E-01  9.210054E-01  3.187795E-02  0.000000E+00  2.230456E-02 -5.229639E-03  3.747628E-17 -1.183674E+00  0.000000E+00
  9.027810E-01  3.342545E-02  5.000000E-01  9.118943E-01  3.393639E-02  0.000000E+00  2.407481E-02 -5.237182E-03  3.192857E-17 -1.156480E+00  0.000000E+00
  8.932000E-01  3.542058E-02  5.000000E-01  9.022166E-01  3.595167E-02  0.000000E+00  2.386853E-02 -4.767067E-03  2.536165E-17 -1.122419E+00  0.000000E+00
  8.830490E-01  3.735469E-02  5.000000E-01  8.919631E-01  3.790530E-02  0.000000E+00  2.317395E-02 -4.211383E-03  1.859757E-17 -1.086997E+00  0.000000E+00
  8.723190E-01  3.920680E-02  5.000000E-01  8.811248E-01  3.977611E-02  0.000000E+00  2.263934E-02 -3.704962E-03  1.356950E-17 -1.050886E+00  0.000000E+00
  8.723190E-01  3.920680E-02  5.000000E-01  8.811248E-01  3.977611E-02  0.000000E+00  2.263934E-02 -3.704962E-03  1.356950E-17 -1.050886E+00  0.000000E+00
  8.610010E-01  4.095621E-02  5.000000E-01  8.696926E-01  4.154318E-02  0.000000E+00  2.229158E-02 -3.246035E-03  1.239012E-17 -1.013858E+00  0.000000E+00
  8.490890E-01  4.258367E-02  5.000000E-01  8.576603E-01  4.318706E-02  0.000000E+00  2.197063E-02 -2.809134E-03  1.092346E-17 -9.759907E-01  0.000000E+00
  8.365770E-01  4.407335E-02  5.000000E-01  8.450220E-01  4.469178E-02  0.000000E+00  2.155777E-02 -2.389797E-03  8.883886E-18 -9.382381E-01  0.000000E+00
  8.234620E-01  4.541888E-02  5.000000E-01  8.317746E-01  4.605089E-02  0.000000E+00  2.102456E-02 -2.007271E-03  9.063164E-18 -9.028581E-01  0.000000E+00
  8.097400E-01  4.662969E-02  5.000000E-01  8.179141E-01  4.727393E-02  0.000000E+00  2.040536E-02 -1.695902E-03  1.019933E-17 -8.737076E-01  0.000000E+00
  7.954150E-01  4.774294E-02  5.000000E-01  8.034445E-01  4.839841E-02  0.000000E+00  1.976607E-02 -1.497132E-03  1.013227E-17 -8.557705E-01  0.000000E+00
  7.804870E-01  4.883708E-02  5.000000E-01  7.883658E-01  4.950361E-02  0.000000E+00  1.921053E-02 -1.438209E-03  8.856533E-18 -8.524995E-01  0.000000E+00
  7.649630E-01  5.002043E-02  5.000000E-01  7.726851E-01  5.069890E-02  0.000000E+00  1.889808E-02 -1.490967E-03  7.383473E-18 -8.615067E-01  0.000000E+00
  7.488530E-01  5.133643E-02  5.000000E-01  7.564125E-01  5.202818E-02  0.000000E+00  1.892515E-02 -1.603827E-03  3.708938E-18 -8.771115E-01  0.000000E+00
  7.321700E-01  5.280193E-02  5.000000E-01  7.395611E-01  5.350847E-02  0.000000E+00  1.923463E-02 -1.751773E-03 -1.863728E-18 -8.953515E-01  0.000000E+00
  7.149290E-01  5.442666E-02  5.000000E-01  7.221460E-01  5.514961E-02  0.000000E+00  1.970515E-02 -1.916337E-03 -7.282933E-18 -9.134246E-01  0.000000E+00
  6.971500E-01  5.620758E-02  5.000000E-01  7.041876E-01  5.694850E-02  0.000000E+00  2.023621E-02 -2.072584E-03 -1.264171E-17 -9.287464E-01  0.000000E+00
  6.788570E-01  5.812198E-02  5.000000E-01  6.857099E-01  5.888223E-02  0.000000E+00  2.077567E-02 -2.189213E-03 -1.687632E-17 -9.387189E-01  0.000000E+00
  6.600760E-01  6.011686E-02  5.000000E-01  6.667393E-01  6.089725E-02  0.000000E+00  2.129273E-02 -2.238693E-03 -1.976519E-17 -9.415455E-01  0.000000E+00
  6.408370E-01  6.212080E-02  5.000000E-01  6.473061E-01  6.292141E-02  0.000000E+00  2.173909E-02 -2.218549E-03 -2.092545E-17 -9.376941E-01  0.000000E+00
  6.211780E-01  6.408579E-02  5.000000E-01  6.274486E-01  6.490624E-02  0.000000E+00  2.208358E-02 -2.143223E-03 -2.003982E-17 -9.288561E-01  0.000000E+00
  6.011430E-01  6.597245E-02  5.000000E-01  6.072114E-01  6.681194E-02  0.000000E+00  2.234328E-02 -2.024077E-03 -1.865177E-17 -9.162420E-01  0.000000E+00
  5.807790E-01  6.774473E-02  5.000000E-01  5.866418E-01  6.860212E-02  0.000000E+00  2.254804E-02 -1.872361E-03 -1.719018E-17 -9.008140E-01  0.000000E+00
  5.601410E-01  6.937662E-02  5.000000E-01  5.657955E-01  7.025048E-02  0.000000E+00  2.272371E-02 -1.696932E-03 -1.489191E-17 -8.832748E-01  0.000000E+00
  5.392850E-01  7.084339E-02  5.000000E-01  5.447290E-01  7.173206E-02  0.000000E+00  2.288459E-02 -1.504581E-03 -1.217251E-17 -8.642561E-01  0.000000E+00
  5.182680E-01  7.212915E-02  5.000000E-01  5.234998E-01  7.303080E-02  0.000000E+00  2.302997E-02 -1.306144E-03 -1.001416E-17 -8.447281E-01  0.000000E+00
  4.971500E-01  7.323252E-02  5.000000E-01  5.021686E-01  7.414530E-02  0.000000E+00  2.316672E-02 -1.108719E-03 -9.616904E-18 -8.253693E-01  0.000000E+00
  4.759900E-01  7.415264E-02  5.000000E-01  4.807950E-01  7.507471E-02  0.000000E+00  2.331091E-02 -9.123999E-04 -9.965151E-18 -8.062978E-01  0.000000E+00
  2.733630E-06 -4.855652E-04  5.000000E-01  2.813636E-06 -3.169403E-04  0.000000E+00  4.685985E-04 -1.840440E-02 -2.509086E-19  1.096932E+00  0.000000E+00
  4.455870E-05 -1.426513E-03  5.000000E-01  4.506092E-05 -1.267387E-03  0.000000E+00  2.258603E-03 -2.190460E-02  2.831094E-17  1.067605E+00  0.000000E+00
  2.731490E-04 -2.958927E-03  5.000000E-01  2.759588E-04 -2.815270E-03  0.000000E+00  6.592584E-03 -2.485901E-02  4.280078E-17  9.467971E-01  0.000000E+00
  9.950900E-04 -4.913643E-03  5.000000E-01  1.005188E-03 -4.789718E-03  0.000000E+00  1.277663E-02 -2.521882E-02  4.187777E-17  7.369875E-01  0.000000E+00
  2.349870E-03 -6.988514E-03  5.000000E-01  2.373644E-03 -6.885535E-03  0.000000E+00  1.846755E-02 -2.401618E-02  3.846308E-17  5.278330E-01  0.000000E+00
  4.254460E-03 -9.116737E-03  5.000000E-01  4.297460E-03 -9.035241E-03  0.000000E+00  2.308345E-02 -2.270119E-02  2.612326E-17  3.564584E-01  0.000000E+00
  6.687140E-03 -1.123970E-02  5.000000E-01  6.754697E-03 -1.117963E-02  0.000000E+00  2.708423E-02 -2.121545E-02  5.153283E-18  1.937656E-01  0.000000E+00
  9.634000E-03 -1.331985E-02  5.000000E-01  9.731305E-03 -1.328079E-02  0.000000E+00  3.034849E-02 -1.921522E-02 -7.346168E-18  2.845129E-02  0.000000E+00
  1.310530E-02 -1.528960E-02  5.000000E-01  1.323765E-02 -1.527041E-02  0.000000E+00  3.258026E-02 -1.656258E-02 -1.491814E-18 -1.354532E-01  0.000000E+00
  1.710810E-02 -1.709721E-02  5.000000E-01  1.728085E-02 -1.709628E-02  0.000000E+00  3.384600E-02 -1.378901E-02  2.417129E-17 -2.755468E-01  0.000000E+00
  2.163760E-02 -1.874330E-02  5.000000E-01  2.185608E-02 -1.875898E-02  0.000000E+00  3.453584E-02 -1.137209E-02  5.649158E-17 -3.824647E-01  0.000000E+00
  2.669190E-02 -2.023752E-02  5.000000E-01  2.696140E-02 -2.026829E-02  0.000000E+00  3.479484E-02 -9.238857E-03  7.796871E-17 -4.686852E-01  0.000000E+00
  3.228310E-02 -2.155575E-02  5.000000E-01  3.260904E-02 -2.159982E-02  0.000000E+00  3.458139E-02 -7.265835E-03  8.694685E-17 -5.438952E-01  0.000000E+00
  3.842170E-02 -2.268591E-02  5.000000E-01  3.880961E-02 -2.274139E-02  0.000000E+00  3.397854E-02 -5.529420E-03  8.938615E-17 -6.070518E-01  0.000000E+00
  4.511710E-02 -2.362877E-02  5.000000E-01  4.557260E-02 -2.369377E-02  0.000000E+00  3.311459E-02 -4.075572E-03  8.464839E-17 -6.568928E-01  0.000000E+00
  5.237940E-02 -2.438965E-02  5.000000E-01  5.290821E-02 -2.446233E-02  0.000000E+00  3.211175E-02 -2.909073E-03  7.517980E-17 -6.930119E-01  0.000000E+00
  6.021800E-02 -2.498426E-02  5.000000E-01  6.082593E-02 -2.506294E-02  0.000000E+00  3.108843E-02 -2.022053E-03  6.538855E-17 -7.153597E-01  0.000000E+00
  6.864140E-02 -2.543784E-02  5.000000E-01  6.933437E-02 -2.552110E-02  0.000000E+00  3.009539E-02 -1.370167E-03  5.497618E-17 -7.255487E-01  0.000000E+00
  7.765990E-02 -2.577144E-02  5.000000E-01  7.844390E-02 -2.585807E-02  0.000000E+00  2.911802E-02 -9.024661E-04  4.481720E-17 -7.253867E-01  0.000000E+00
  8.728340E-02 -2.601020E-02  5.000000E-01  8.816455E-02 -2.609923E-02  0.000000E+00  2.810629E-02 -5.919989E-04  3.685128E-17 -7.152434E-01  0.000000E+00
  9.752070E-02 -2.618632E-02  5.000000E-01  9.850519E-02 -2.627714E-02  0.000000E+00  2.693612E-02 -4.124806E-04  2.956203E-17 -6.950684E-01  0.000000E+00
  1.083810E-01 -2.633177E-02  5.000000E-01  1.094751E-01 -2.642406E-02  0.000000E+00  2.544927E-02 -3.371350E-04  2.326705E-17 -6.642197E-01  0.000000E+00
  1.198710E-01 -2.648233E-02  5.000000E-01  1.210811E-01 -2.657613E-02  0.000000E+00  2.359331E-02 -3.444039E-04  1.875812E-17 -6.209107E-01  0.000000E+00
  1.319970E-01 -2.667787E-02  5.000000E-01  1.333295E-01 -2.677365E-02  0.000000E+00  2.155212E-02 -4.084587E-04  1.433510E-17 -5.634113E-01  0.000000E+00
  1.319970E-01 -2.667787E-02  5.000000E-01  1.333295E-01 -2.677365E-02  0.000000E+00  2.155212E-02 -4.084587E-04  1.433510E-17 -5.634113E-01  0.000000E+00
  1.447640E-01 -2.695586E-02  5.000000E-01  1.462254E-01 -2.705445E-02  0.000000E+00  1.976245E-02 -5.072470E-04  1.005608E-17 -4.922924E-01  0.000000E+00
  1.581750E-01 -2.735072E-02  5.000000E-01  1.597718E-01 -2.745329E-02  0.000000E+00  1.872083E-02 -6.312523E-04  6.522868E-18 -4.139404E-01  0.000000E+00
  1.722290E-01 -2.788292E-02  5.000000E-01  1.739676E-01 -2.799087E-02  0.000000E+00  1.867896E-02 -7.698480E-04  3.504361E-18 -3.426800E-01  0.000000E+00
  1.869240E-01 -2.853945E-02  5.000000E-01  1.888110E-01 -2.865402E-02  0.000000E+00  1.948804E-02 -8.787557E-04  1.700702E-18 -2.969281E-01  0.000000E+00
  2.022540E-01 -2.924803E-02  5.000000E-01  2.042957E-01 -2.936976E-02  0.000000E+00  2.068719E-02 -8.552928E-04  2.039783E-18 -2.903658E-01  0.000000E+00
  2.182110E-01 -2.984610E-02  5.000000E-01  2.204138E-01 -2.997386E-02  0.000000E+00  2.178816E-02 -6.415048E-04  1.493695E-18 -3.195665E-01  0.000000E+00
  2.347810E-01 -3.020654E-02  5.000000E-01  2.371511E-01 -3.033794E-02  0.000000E+00  2.249730E-02 -3.205283E-04  1.922919E-18 -3.633491E-01  0.000000E+00
  2.519470E-01 -3.031912E-02  5.000000E-01  2.544904E-01 -3.045165E-02  0.000000E+00  2.264852E-02  3.649455E-06  2.084666E-18 -4.011218E-01  0.000000E+00
  2.696890E-01 -3.019226E-02  5.000000E-01  2.724115E-01 -3.032351E-02  0.000000E+00  2.218895E-02  2.782768E-04  1.223609E-18 -4.219987E-01  0.000000E+00
  2.879810E-01 -2.985683E-02  5.000000E-01  2.908881E-01 -2.998470E-02  0.000000E+00  2.128647E-02  4.639049E-04  2.175559E-18 -4.212912E-01  0.000000E+00
  3.067920E-01 -2.937370E-02  5.000000E-01  3.098890E-01 -2.949669E-02  0.000000E+00  2.029050E-02  5.412347E-04  2.242161E-18 -3.998932E-01  0.000000E+00
  3.260870E-01 -2.883362E-02  5.000000E-01  3.293788E-01 -2.895116E-02  0.000000E+00  1.955743E-02  5.211527E-04  1.890719E-18 -3.649082E-01  0.000000E+00
  3.458260E-01 -2.833544E-02  5.000000E-01  3.493171E-01 -2.844795E-02  0.000000E+00  1.923760E-02  4.645792E-04  2.367379E-18 -3.300680E-01  0.000000E+00
  3.659650E-01 -2.787891E-02  5.000000E-01  3.696594E-01 -2.798681E-02  0.000000E+00  1.925821E-02  4.401974E-04  1.859923E-18 -3.081926E-01  0.000000E+00
  3.864540E-01 -2.741325E-02  5.000000E-01  3.903552E-01 -2.751645E-02  0.000000E+00  1.945419E-02  4.704229E-04  3.596633E-19 -3.025431E-01  0.000000E+00
  4.072410E-01 -2.688358E-02  5.000000E-01  4.113520E-01 -2.698144E-02  0.000000E+00  1.962017E-02  5.536003E-04  4.694012E-20 -3.085759E-01  0.000000E+00
  4.282690E-01 -2.623434E-02  5.000000E-01  4.325923E-01 -2.632564E-02  0.000000E+00  1.954051E-02  6.814247E-04  3.914763E-19 -3.184881E-01  0.000000E+00
  4.494800E-01 -2.540823E-02  5.000000E-01  4.540174E-01 -2.549119E-02  0.000000E+00  1.908223E-02  8.255305E-04  1.081776E-18 -3.230913E-01  0.000000E+00
  4.708130E-01 -2.438533E-02  5.000000E-01  4.755658E-01 -2.445797E-02  0.000000E+00  1.827819E-02  9.422293E-04  5.761591E-19 -3.140353E-01  0.000000E+00
  4.922030E-01 -2.319551E-02  5.000000E-01  4.971717E-01 -2.325613E-02  0.000000E+00  1.729536E-02  1.013693E-03  4.738121E-19 -2.885348E-01  0.000000E+00
  5.135860E-01 -2.187119E-02  5.000000E-01  5.187705E-01 -2.191844E-02  0.000000E+00  1.634208E-02  1.052770E-03  1.491067E-20 -2.505871E-01  0.000000E+00
  5.348990E-01 -2.044186E-02  5.000000E-01  5.402987E-01 -2.047469E-02  0.000000E+00  1.558158E-02  1.075993E-03 -1.725264E-18 -2.078823E-01  0.000000E+00
  5.560760E-01 -1.893828E-02  5.000000E-01  5.616895E-01 -1.895593E-02  0.000000E+00  1.506033E-02  1.097619E-03 -3.482961E-18 -1.686725E-01  0.000000E+00
  4.759900E-01  7.415264E-02  5.000000E-01  4.807950E-01  7.507471E-02  0.000000E+00  2.331091E-02 -9.123999E-04 -9.965151E-18 -8.062978E-01  0.000000E+00
  4.548480E-01  7.488847E-02  5.000000E-01  4.594396E-01  7.581797E-02  0.000000E+00  2.347003E-02 -7.168585E-04 -9.354179E-18 -7.874749E-01  0.000000E+00
  4.337860E-01  7.544191E-02  5.000000E-01  4.381650E-01  7.637700E-02  0.000000E+00  2.364567E-02 -5.188499E-04 -8.785422E-18 -7.684874E-01  0.000000E+00
  4.128620E-01  7.581097E-02  5.000000E-01  4.170298E-01  7.674978E-02  0.000000E+00  2.383934E-02 -3.068486E-04 -9.144023E-18 -7.482059E-01  0.000000E+00
  3.921340E-01  7.598026E-02  5.000000E-01  3.960925E-01  7.692079E-02  0.000000E+00  2.403732E-02 -6.990898E-05 -8.932981E-18 -7.254578E-01  0.000000E+00
  3.716590E-01  7.593337E-02  5.000000E-01  3.754108E-01  7.687342E-02  0.000000E+00  2.420880E-02  1.953772E-04 -8.089079E-18 -6.996138E-01  0.000000E+00
  3.514890E-01  7.565529E-02  5.000000E-01  3.550372E-01  7.659253E-02  0.000000E+00  2.432311E-02  4.878148E-04 -7.223949E-18 -6.705427E-01  0.000000E+00
  3.316730E-01  7.513500E-02  5.000000E-01  3.350212E-01  7.606699E-02  0.000000E+00  2.435487E-02  7.998512E-04 -5.909026E-18 -6.388721E-01  0.000000E+00
  3.122580E-01  7.436962E-02  5.000000E-01  3.154102E-01  7.529389E-02  0.000000E+00  2.427960E-02  1.109936E-03 -4.690668E-18 -6.065003E-01  0.000000E+00
  2.932850E-01  7.338134E-02  5.000000E-01  2.962457E-01  7.429563E-02  0.000000E+00  2.409306E-02  1.395996E-03 -3.496027E-18 -5.756185E-01  0.000000E+00
  2.747930E-01  7.219991E-02  5.000000E-01  2.775670E-01  7.310227E-02  0.000000E+00  2.382373E-02  1.653107E-03 -2.266698E-18 -5.473368E-01  0.000000E+00
  2.568150E-01  7.085216E-02  5.000000E-01  2.594075E-01  7.174091E-02  0.000000E+00  2.350972E-02  1.886294E-03 -2.458470E-18 -5.219554E-01  0.000000E+00
  2.393810E-01  6.936083E-02  5.000000E-01  2.417975E-01  7.023453E-02  0.000000E+00  2.318528E-02  2.103466E-03 -2.926718E-18 -4.996948E-01  0.000000E+00
  2.225160E-01  6.774448E-02  5.000000E-01  2.247623E-01  6.860186E-02  0.000000E+00  2.287786E-02  2.310453E-03 -1.630805E-18 -4.817827E-01  0.000000E+00
  2.062420E-01  6.601744E-02  5.000000E-01  2.083240E-01  6.685739E-02  0.000000E+00  2.259037E-02  2.478910E-03 -9.724844E-19 -4.730680E-01  0.000000E+00
  1.905750E-01  6.423636E-02  5.000000E-01  1.924988E-01  6.505833E-02  0.000000E+00  2.234361E-02  2.552003E-03 -9.743382E-19 -4.808328E-01  0.000000E+00
  1.755290E-01  6.250479E-02  5.000000E-01  1.773010E-01  6.330928E-02  0.000000E+00  2.228464E-02  2.549423E-03 -1.941764E-19 -5.057075E-01  0.000000E+00
  1.611160E-01  6.086535E-02  5.000000E-01  1.627425E-01  6.165329E-02  0.000000E+00  2.259528E-02  2.552702E-03  1.433467E-18 -5.406919E-01  0.000000E+00
  1.473410E-01  5.932091E-02  5.000000E-01  1.488284E-01  6.009326E-02  0.000000E+00  2.331303E-02  2.610392E-03  1.969625E-18 -5.781155E-01  0.000000E+00
  1.342110E-01  5.785420E-02  5.000000E-01  1.355659E-01  5.861175E-02  0.000000E+00  2.432318E-02  2.737725E-03  2.071394E-18 -6.124588E-01  0.000000E+00
  1.217280E-01  5.643982E-02  5.000000E-01  1.229569E-01  5.718309E-02  0.000000E+00  2.544841E-02  2.934715E-03  2.880589E-18 -6.410535E-01  0.000000E+00
  1.098910E-01  5.505218E-02  5.000000E-01  1.110004E-01  5.578144E-02  0.000000E+00  2.655560E-02  3.206958E-03  4.158240E-18 -6.628990E-01  0.000000E+00
  9.869950E-02  5.366252E-02  5.000000E-01  9.969589E-02  5.437775E-02  0.000000E+00  2.759431E-02  3.569801E-03  7.226228E-18 -6.776314E-01  0.000000E+00
  8.814970E-02  5.224443E-02  5.000000E-01  8.903960E-02  5.294535E-02  0.000000E+00  2.857858E-02  4.049218E-03  1.056127E-17 -6.847891E-01  0.000000E+00
  8.814970E-02  5.224443E-02  5.000000E-01  8.903960E-02  5.294535E-02  0.000000E+00  2.857858E-02  4.049218E-03  1.056127E-17 -6.847891E-01  0.000000E+00
  7.823720E-02  5.077024E-02  5.000000E-01  7.902703E-02  5.145628E-02  0.000000E+00  2.954896E-02  4.688126E-03  1.445213E-17 -6.830829E-01  0.000000E+00
  6.895800E-02  4.920853E-02  5.000000E-01  6.965416E-02  4.987880E-02  0.000000E+00  3.051727E-02  5.528502E-03  1.939718E-17 -6.710087E-01  0.000000E+00
  6.030560E-02  4.753306E-02  5.000000E-01  6.091442E-02  4.818642E-02  0.000000E+00  3.146779E-02  6.624738E-03  2.154858E-17 -6.460994E-01  0.000000E+00
  5.227560E-02  4.571135E-02  5.000000E-01  5.280336E-02  4.634632E-02  0.000000E+00  3.234145E-02  8.038026E-03  1.959783E-17 -6.048413E-01  0.000000E+00
  4.486350E-02  4.371252E-02  5.000000E-01  4.531644E-02  4.432731E-02  0.000000E+00  3.299728E-02  9.789563E-03  1.601644E-17 -5.442046E-01  0.000000E+00
  3.806240E-02  4.151438E-02  5.000000E-01  3.844668E-02  4.210698E-02  0.000000E+00  3.325035E-02  1.187686E-02  8.766940E-18 -4.603097E-01  0.000000E+00
  3.186880E-02  3.909241E-02  5.000000E-01  3.219056E-02  3.966057E-02  0.000000E+00  3.285687E-02  1.420799E-02 -7.264812E-19 -3.499620E-01  0.000000E+00
  2.627530E-02  3.643700E-02  5.000000E-01  2.654059E-02  3.697835E-02  0.000000E+00  3.156266E-02  1.655735E-02 -5.826627E-18 -2.123859E-01  0.000000E+00
  2.127350E-02  3.355052E-02  5.000000E-01  2.148830E-02  3.406273E-02  0.000000E+00  2.924191E-02  1.865016E-02 -8.205191E-18 -4.763474E-02  0.000000E+00
  1.685790E-02  3.044015E-02  5.000000E-01  1.702813E-02  3.092096E-02  0.000000E+00  2.594319E-02  2.012956E-02 -1.036153E-17  1.387359E-01  0.000000E+00
  1.301460E-02  2.714098E-02  5.000000E-01  1.314603E-02  2.758849E-02  0.000000E+00  2.192470E-02  2.070511E-02 -1.479716E-17  3.371334E-01  0.000000E+00
  9.730790E-03  2.369838E-02  5.000000E-01  9.829072E-03  2.411114E-02  0.000000E+00  1.758663E-02  2.030690E-02 -2.327836E-17  5.384989E-01  0.000000E+00
  6.996180E-03  2.016730E-02  5.000000E-01  7.066857E-03  2.054441E-02  0.000000E+00  1.333568E-02  1.891514E-02 -2.675076E-17  7.278169E-01  0.000000E+00
  4.781010E-03  1.663922E-02  5.000000E-01  4.829325E-03  1.698071E-02  0.000000E+00  9.485483E-03  1.662407E-02 -2.217368E-17  8.914883E-01  0.000000E+00
  3.054950E-03  1.320961E-02  5.000000E-01  3.085841E-03  1.351648E-02  0.000000E+00  6.194813E-03  1.364911E-02 -1.849680E-17  1.024930E+00  0.000000E+00
  1.789910E-03  9.973633E-03  5.000000E-01  1.808031E-03  1.024784E-02  0.000000E+00  3.552516E-03  1.012020E-02 -1.800714E-17  1.123528E+00  0.000000E+00
  9.331870E-04  7.040340E-03  5.000000E-01  9.426596E-04  7.284937E-03  0.000000E+00  1.620803E-03  6.119215E-03 -1.791766E-17  1.183563E+00  0.000000E+00
  4.085430E-04  4.518229E-03  5.000000E-01  4.127195E-04  4.737366E-03  0.000000E+00  3.812516E-04  1.735572E-03 -2.125589E-17  1.207881E+00  0.000000E+00
  1.354760E-04  2.494573E-03  5.000000E-01  1.368960E-04  2.693281E-03  0.000000E+00 -2.396159E-04 -2.993395E-03 -2.758173E-17  1.204192E+00  0.000000E+00
  2.683130E-05  1.021513E-03  5.000000E-01  2.715456E-05  1.205352E-03  0.000000E+00 -3.440990E-04 -8.061033E-03 -3.597408E-17  1.180845E+00  0.000000E+00
  1.320070E-06  1.276874E-04  5.000000E-01  1.385807E-06  3.025028E-04  0.000000E+00 -2.077567E-04 -1.298598E-02 -4.033538E-17  1.140489E+00  0.000000E+00
 -5.188750E-08 -1.717923E-04  5.000000E-01  0.000000E+00  0.000000E+00  0.000000E+00 -4.372813E-05 -1.611155E-02 -2.745249E-17  1.105524E+00  0.000000E+00
  2.733630E-06 -4.855652E-04  5.000000E-01  2.813636E-06 -3.169403E-04  0.000000E+00  4.685985E-04 -1.840440E-02 -2.509086E-19  1.096932E+00  0.000000E+00
    1    2
    2    3
    3    4
    4    5
    5    6
    6    7
    7    8
    8    9
    9   10
   10   11
   11   12
   12   13
   13   14
   14   15
   15   16
   16   17
   17   18
   18   19
   19   20
   20   21
   21   22
   22   23
   23   24
   25   26
   26   27
   27   28
   28   29
   29   30
   30   31
   31   32
   32   33
   33   34
   34   35
   35   36
   36   37
   37   38
   38   39
   39   40
   40   41
   41   42
   42   43
   43   44
   44   45
   45   46
   46   47
   47   48
   49   50
   50   51
   51   52
   52   53
   53   54
   54   55
   55   56
   56   57
   57   58
   58   59
   59   60
   60   61
   61   62
   62   63
   63   64
   64   65
   65   66
   66   67
   67   68
   68   69
   69   70
   70   71
   71   72
   73   74
   74   75
   75   76
   76   77
   77   78
   78   79
   79   80
   80   81
   81   82
   82   83
   83   84
   84   85
   85   86
   86   87
   87   88
   88   89
   89   90
   90   91
   91   92
   92   93
   93   94
   94   95
   95   96
   97   98
   98   99
   99  100
  100  101
  101  102
  102  103
  103  104
  104  105
  105  106
  106  107
  107  108
  108  109
  109  110
  110  111
  111  112
  112  113
  113  114
  114  115
  115  116
  116  117
  117  118
  118  119
  119  120
  121  122
  122  123
  123  124
  124  125
  125  126
  126  127
  127  128
  128  129
  129  130
  130  131
  131  132
  132  133
  133  134
  134  135
  135  136
  136  137
  137  138
  138  139
  139  140
  140  141
  141  142
  142  143
  143  144
  145  146
  146  147
  147  148
  148  149
  149  150
  150  151
  151  152
  152  153
  153  154
  154  155
  155  156
  156  157
  157  158
  158  159
  159  160
  160  161
  161  162
  162  163
  163  164
  164  165
  165  166
  166  167
  167  168
  169  170
  170  171
  171  172
  172  173
  173  174
  174  175
  175  176
  176  177
  177  178
  178  179
  179  180
  180  181
  181  182
  182  183
  183  184
  184  185
  185  186
  186  187
  187  188
  188  189
  189  190
  190  191
  191  192
