 Title = "ADflow Slice Data"
Variables =  "CoordinateX"  "CoordinateY"  "CoordinateZ"  "XoC"  "YoC"  "ZoC" "VelocityX" "VelocityY" "VelocityZ" "CoefPressure" "Mach" 
Zone T= "Slice_0001 None Absolute Regular z = 0.50000000"
 Nodes =          192  Elements=          184  ZONETYPE=FELINESEG
 DATAPACKING=POINT
  5.560760E-01 -1.893749E-02  5.000000E-01  5.616895E-01 -1.895514E-02  0.000000E+00  1.506798E-02  1.097803E-03  1.229421E-18 -1.687562E-01  0.000000E+00
  5.770550E-01 -1.737427E-02  5.000000E-01  5.828802E-01 -1.737615E-02  0.000000E+00  1.470234E-02  1.131672E-03  1.456408E-19 -1.386667E-01  0.000000E+00
  5.977760E-01 -1.573238E-02  5.000000E-01  6.038104E-01 -1.571768E-02  0.000000E+00  1.434421E-02  1.180822E-03 -2.526480E-19 -1.170356E-01  0.000000E+00
  6.181820E-01 -1.398904E-02  5.000000E-01  6.244224E-01 -1.395674E-02  0.000000E+00  1.385953E-02  1.236302E-03  1.112087E-19 -9.830282E-02  0.000000E+00
  6.382180E-01 -1.212081E-02  5.000000E-01  6.446607E-01 -1.206965E-02  0.000000E+00  1.317252E-02  1.283605E-03  8.220578E-20 -7.590498E-02  0.000000E+00
  6.578350E-01 -1.011750E-02  5.000000E-01  6.644757E-01 -1.004612E-02  0.000000E+00  1.228046E-02  1.306123E-03 -1.686600E-19 -4.559618E-02  0.000000E+00
  6.769910E-01 -7.989196E-03  5.000000E-01  6.838251E-01 -7.896330E-03  0.000000E+00  1.122959E-02  1.293441E-03 -1.838041E-21 -7.214827E-03  0.000000E+00
  6.956490E-01 -5.755877E-03  5.000000E-01  7.026714E-01 -5.640466E-03  0.000000E+00  1.008173E-02  1.242147E-03  1.576868E-18  3.650857E-02  0.000000E+00
  7.137810E-01 -3.451304E-03  5.000000E-01  7.209864E-01 -3.312629E-03  0.000000E+00  8.894088E-03  1.153355E-03  2.516551E-18  8.239082E-02  0.000000E+00
  7.313660E-01 -1.120440E-03  5.000000E-01  7.387490E-01 -9.582354E-04  0.000000E+00  7.709423E-03  1.035038E-03  2.155790E-19  1.278378E-01  0.000000E+00
  7.483850E-01  1.196959E-03  5.000000E-01  7.559398E-01  1.382557E-03  0.000000E+00  6.562960E-03  9.013672E-04  1.360785E-20  1.711256E-01  0.000000E+00
  7.648220E-01  3.475143E-03  5.000000E-01  7.725427E-01  3.683739E-03  0.000000E+00  5.499772E-03  7.667245E-04  2.794219E-19  2.113398E-01  0.000000E+00
  7.806630E-01  5.696487E-03  5.000000E-01  7.885436E-01  5.927506E-03  0.000000E+00  4.589211E-03  6.367820E-04 -1.213472E-18  2.488161E-01  0.000000E+00
  7.958970E-01  7.793053E-03  5.000000E-01  8.039314E-01  8.045237E-03  0.000000E+00  3.923597E-03  5.111232E-04 -2.894899E-19  2.851131E-01  0.000000E+00
  8.105170E-01  9.581291E-03  5.000000E-01  8.186990E-01  9.851526E-03  0.000000E+00  3.565167E-03  3.974728E-04 -9.838381E-20  3.175434E-01  0.000000E+00
  8.245160E-01  1.096952E-02  5.000000E-01  8.328393E-01  1.125377E-02  0.000000E+00  3.500917E-03  3.032665E-04 -5.800703E-19  3.407524E-01  0.000000E+00
  8.378940E-01  1.195579E-02  5.000000E-01  8.463523E-01  1.224999E-02  0.000000E+00  3.669861E-03  2.236686E-04  3.327472E-19  3.542284E-01  0.000000E+00
  8.506490E-01  1.258259E-02  5.000000E-01  8.592361E-01  1.288312E-02  0.000000E+00  4.006109E-03  1.495363E-04  1.089221E-18  3.609340E-01  0.000000E+00
  8.627850E-01  1.290850E-02  5.000000E-01  8.714946E-01  1.321232E-02  0.000000E+00  4.455510E-03  7.364901E-05  1.449089E-18  3.634004E-01  0.000000E+00
  8.743060E-01  1.299323E-02  5.000000E-01  8.831319E-01  1.329791E-02  0.000000E+00  4.974404E-03 -7.908834E-06  1.032489E-18  3.627705E-01  0.000000E+00
  8.852170E-01  1.288852E-02  5.000000E-01  8.941530E-01  1.319214E-02  0.000000E+00  5.528475E-03 -9.654228E-05  5.698061E-19  3.596825E-01  0.000000E+00
  8.955250E-01  1.263540E-02  5.000000E-01  9.045651E-01  1.293647E-02  0.000000E+00  6.093632E-03 -1.922611E-04  1.010993E-18  3.546599E-01  0.000000E+00
  9.052400E-01  1.226688E-02  5.000000E-01  9.143782E-01  1.256423E-02  0.000000E+00  6.656552E-03 -2.950448E-04  7.683346E-19  3.481098E-01  0.000000E+00
  9.143710E-01  1.180866E-02  5.000000E-01  9.236013E-01  1.210138E-02  0.000000E+00  7.216017E-03 -4.076819E-04  3.119160E-19  3.404640E-01  0.000000E+00
  9.143710E-01  1.180866E-02  5.000000E-01  9.236013E-01  1.210138E-02  0.000000E+00  7.216017E-03 -4.076819E-04  3.119160E-19  3.404640E-01  0.000000E+00
  9.229270E-01  1.127564E-02  5.000000E-01  9.322437E-01  1.156298E-02  0.000000E+00  7.782333E-03 -5.357141E-04  3.972283E-19  3.319617E-01  0.000000E+00
  9.309180E-01  1.067711E-02  5.000000E-01  9.403154E-01  1.095841E-02  0.000000E+00  8.372866E-03 -6.844239E-04  1.286555E-18  3.223512E-01  0.000000E+00
  9.383550E-01  1.002176E-02  5.000000E-01  9.478274E-01  1.029644E-02  0.000000E+00  9.008322E-03 -8.587568E-04  9.362098E-19  3.111682E-01  0.000000E+00
  9.452490E-01  9.318355E-03  5.000000E-01  9.547910E-01  9.585936E-03  0.000000E+00  9.712295E-03 -1.065476E-03 -3.048124E-18  2.980290E-01  0.000000E+00
  9.516100E-01  8.575378E-03  5.000000E-01  9.612163E-01  8.835459E-03  0.000000E+00  1.051136E-02 -1.313223E-03 -9.639556E-18  2.825349E-01  0.000000E+00
  9.574470E-01  7.802365E-03  5.000000E-01  9.671122E-01  8.054642E-03  0.000000E+00  1.143325E-02 -1.610900E-03 -5.616894E-18  2.640859E-01  0.000000E+00
  9.627730E-01  7.010585E-03  5.000000E-01  9.724919E-01  7.254869E-03  0.000000E+00  1.250624E-02 -1.968048E-03  3.409234E-17  2.419960E-01  0.000000E+00
  9.675950E-01  6.213498E-03  5.000000E-01  9.773626E-01  6.449736E-03  0.000000E+00  1.376155E-02 -2.394254E-03  1.049150E-16  2.155455E-01  0.000000E+00
  9.719240E-01  5.426234E-03  5.000000E-01  9.817353E-01  5.654525E-03  0.000000E+00  1.523980E-02 -2.899826E-03  8.755163E-17  1.839072E-01  0.000000E+00
  9.757700E-01  4.665230E-03  5.000000E-01  9.856201E-01  4.885839E-03  0.000000E+00  1.700468E-02 -3.501208E-03 -2.813679E-16  1.462502E-01  0.000000E+00
  9.791410E-01  3.947032E-03  5.000000E-01  9.890252E-01  4.160391E-03  0.000000E+00  1.915578E-02 -4.223962E-03 -1.084648E-15  1.016744E-01  0.000000E+00
  9.820450E-01  3.287563E-03  5.000000E-01  9.919585E-01  3.494265E-03  0.000000E+00  2.181155E-02 -5.099543E-03 -1.302870E-15  4.883596E-02  0.000000E+00
  9.844890E-01  2.701604E-03  5.000000E-01  9.944272E-01  2.902391E-03  0.000000E+00  2.503636E-02 -6.152333E-03  1.998750E-15 -1.397209E-02  0.000000E+00
  9.864800E-01  2.202482E-03  5.000000E-01  9.964383E-01  2.398230E-03  0.000000E+00  2.875894E-02 -7.337802E-03  1.132625E-14 -8.719731E-02  0.000000E+00
  9.880230E-01  1.801931E-03  5.000000E-01  9.979968E-01  1.993636E-03  0.000000E+00  3.246652E-02 -8.457702E-03  1.820757E-14 -1.778138E-01  0.000000E+00
  9.891220E-01  1.509203E-03  5.000000E-01  9.991069E-01  1.697953E-03  0.000000E+00  3.593992E-02 -9.743142E-03 -1.476456E-14 -2.866529E-01  0.000000E+00
  9.897810E-01  1.330849E-03  5.000000E-01  9.997726E-01  1.517799E-03  0.000000E+00  5.277822E-02 -1.246231E-02 -1.334439E-13 -3.054842E-01  0.000000E+00
  9.900000E-01  1.270976E-03  5.000000E-01  9.999938E-01  1.457321E-03  0.000000E+00  3.650485E-02 -2.271696E-03 -1.155035E-13 -6.802934E-01  0.000000E+00
  9.900000E-01  1.680479E-03  5.000000E-01  9.999938E-01  1.870958E-03  0.000000E+00  2.127855E-03 -7.784885E-03  1.812016E-14 -9.797271E-01  0.000000E+00
  9.900000E-01  2.089982E-03  5.000000E-01  9.999938E-01  2.284594E-03  0.000000E+00 -5.416374E-04 -2.193295E-02  6.900689E-14 -8.244974E-01  0.000000E+00
  9.900000E-01  2.499484E-03  5.000000E-01  9.999938E-01  2.698230E-03  0.000000E+00 -1.402038E-04 -1.348727E-02  1.003912E-13 -7.968306E-01  0.000000E+00
  9.900000E-01  2.908972E-03  5.000000E-01  9.999938E-01  3.111852E-03  0.000000E+00  3.202152E-04 -8.314640E-03  1.169617E-13 -8.268128E-01  0.000000E+00
  9.900000E-01  3.318474E-03  5.000000E-01  9.999938E-01  3.525488E-03  0.000000E+00  4.471666E-03 -6.759572E-03  1.273022E-13 -7.915252E-01  0.000000E+00
  9.900000E-01  3.318474E-03  5.000000E-01  9.999938E-01  3.525488E-03  0.000000E+00  4.471666E-03 -6.759572E-03  1.273022E-13 -7.915252E-01  0.000000E+00
  9.897980E-01  3.422614E-03  5.000000E-01  9.997897E-01  3.630679E-03  0.000000E+00  5.440417E-03 -3.343153E-03  1.184720E-13 -7.432819E-01  0.000000E+00
  9.891900E-01  3.735027E-03  5.000000E-01  9.991756E-01  3.946246E-03  0.000000E+00  1.129716E-03 -5.170459E-04  8.436974E-14 -7.513373E-01  0.000000E+00
  9.881780E-01  4.255028E-03  5.000000E-01  9.981534E-01  4.471496E-03  0.000000E+00 -1.264625E-03  6.523939E-04  4.664893E-14 -7.584263E-01  0.000000E+00
  9.867570E-01  4.981314E-03  5.000000E-01  9.967180E-01  5.205114E-03  0.000000E+00 -2.628936E-03  1.328595E-03  1.913896E-14 -7.652831E-01  0.000000E+00
  9.849260E-01  5.910370E-03  5.000000E-01  9.948686E-01  6.143548E-03  0.000000E+00 -3.237681E-03  1.632659E-03  4.593074E-15 -7.750943E-01  0.000000E+00
  9.826810E-01  7.035708E-03  5.000000E-01  9.926009E-01  7.280246E-03  0.000000E+00 -3.243830E-03  1.615536E-03 -7.208487E-16 -7.842857E-01  0.000000E+00
  9.800160E-01  8.347584E-03  5.000000E-01  9.899090E-01  8.605365E-03  0.000000E+00 -2.935707E-03  1.430713E-03 -1.507767E-15 -7.899030E-01  0.000000E+00
  9.769240E-01  9.831923E-03  5.000000E-01  9.867858E-01  1.010469E-02  0.000000E+00 -2.610744E-03  1.233252E-03 -9.193723E-16 -7.920836E-01  0.000000E+00
  9.733970E-01  1.146758E-02  5.000000E-01  9.832232E-01  1.175685E-02  0.000000E+00 -2.455822E-03  1.111467E-03 -3.327258E-16 -7.928313E-01  0.000000E+00
  9.694240E-01  1.322805E-02  5.000000E-01  9.792101E-01  1.353510E-02  0.000000E+00 -2.529822E-03  1.089200E-03 -4.748051E-17 -7.940697E-01  0.000000E+00
  9.649940E-01  1.508661E-02  5.000000E-01  9.747354E-01  1.541242E-02  0.000000E+00 -2.829620E-03  1.159278E-03  2.941075E-17 -7.954675E-01  0.000000E+00
  9.600960E-01  1.702305E-02  5.000000E-01  9.697879E-01  1.736841E-02  0.000000E+00 -3.346919E-03  1.292042E-03  2.584505E-17 -7.959441E-01  0.000000E+00
  9.547180E-01  1.901722E-02  5.000000E-01  9.643556E-01  1.938271E-02  0.000000E+00 -3.940447E-03  1.402997E-03  1.072533E-17 -8.035845E-01  0.000000E+00
  9.488510E-01  2.104971E-02  5.000000E-01  9.584294E-01  2.143571E-02  0.000000E+00 -4.028089E-03  1.313476E-03  3.226815E-18 -8.419428E-01  0.000000E+00
  9.424820E-01  2.310527E-02  5.000000E-01  9.519961E-01  2.351202E-02  0.000000E+00 -2.449382E-03  7.493533E-04  3.835792E-18 -9.293945E-01  0.000000E+00
  9.356020E-01  2.517340E-02  5.000000E-01  9.450467E-01  2.560103E-02  0.000000E+00  2.060274E-03 -5.492541E-04  1.066395E-17 -1.046619E+00  0.000000E+00
  9.282010E-01  2.724794E-02  5.000000E-01  9.375709E-01  2.769652E-02  0.000000E+00  9.430627E-03 -2.469088E-03  2.217450E-17 -1.143831E+00  0.000000E+00
  9.202710E-01  2.932376E-02  5.000000E-01  9.295609E-01  2.979329E-02  0.000000E+00  1.718453E-02 -4.284972E-03  3.328375E-17 -1.187475E+00  0.000000E+00
  9.118010E-01  3.138865E-02  5.000000E-01  9.210054E-01  3.187902E-02  0.000000E+00  2.230703E-02 -5.230331E-03  3.682478E-17 -1.183679E+00  0.000000E+00
  9.027810E-01  3.342654E-02  5.000000E-01  9.118943E-01  3.393749E-02  0.000000E+00  2.407568E-02 -5.237405E-03  3.227806E-17 -1.156473E+00  0.000000E+00
  8.932000E-01  3.542168E-02  5.000000E-01  9.022166E-01  3.595276E-02  0.000000E+00  2.386880E-02 -4.767073E-03  2.468905E-17 -1.122406E+00  0.000000E+00
  8.830490E-01  3.735575E-02  5.000000E-01  8.919631E-01  3.790636E-02  0.000000E+00  2.317425E-02 -4.211311E-03  1.783473E-17 -1.086977E+00  0.000000E+00
  8.723190E-01  3.920778E-02  5.000000E-01  8.811248E-01  3.977709E-02  0.000000E+00  2.263978E-02 -3.704824E-03  1.379987E-17 -1.050858E+00  0.000000E+00
  8.723190E-01  3.920778E-02  5.000000E-01  8.811248E-01  3.977709E-02  0.000000E+00  2.263978E-02 -3.704824E-03  1.379987E-17 -1.050858E+00  0.000000E+00
  8.610010E-01  4.095706E-02  5.000000E-01  8.696926E-01  4.154403E-02  0.000000E+00  2.229203E-02 -3.245801E-03  1.220749E-17 -1.013820E+00  0.000000E+00
  8.490890E-01  4.258434E-02  5.000000E-01  8.576603E-01  4.318773E-02  0.000000E+00  2.197089E-02 -2.808779E-03  1.066833E-17 -9.759422E-01  0.000000E+00
  8.365770E-01  4.407377E-02  5.000000E-01  8.450220E-01  4.469219E-02  0.000000E+00  2.155772E-02 -2.389320E-03  9.278240E-18 -9.381779E-01  0.000000E+00
  8.234620E-01  4.541898E-02  5.000000E-01  8.317746E-01  4.605099E-02  0.000000E+00  2.102413E-02 -2.006694E-03  9.079894E-18 -9.027869E-01  0.000000E+00
  8.097400E-01  4.662943E-02  5.000000E-01  8.179141E-01  4.727365E-02  0.000000E+00  2.040451E-02 -1.695270E-03  9.331201E-18 -8.736290E-01  0.000000E+00
  7.954150E-01  4.774227E-02  5.000000E-01  8.034445E-01  4.839773E-02  0.000000E+00  1.976484E-02 -1.496511E-03  9.097976E-18 -8.556919E-01  0.000000E+00
  7.804870E-01  4.883604E-02  5.000000E-01  7.883658E-01  4.950253E-02  0.000000E+00  1.920899E-02 -1.437674E-03  8.065053E-18 -8.524308E-01  0.000000E+00
  7.649630E-01  5.001910E-02  5.000000E-01  7.726851E-01  5.069754E-02  0.000000E+00  1.889644E-02 -1.490574E-03  5.741846E-18 -8.614563E-01  0.000000E+00
  7.488530E-01  5.133494E-02  5.000000E-01  7.564125E-01  5.202667E-02  0.000000E+00  1.892365E-02 -1.603602E-03  2.776160E-18 -8.770833E-01  0.000000E+00
  7.321700E-01  5.280043E-02  5.000000E-01  7.395611E-01  5.350694E-02  0.000000E+00  1.923348E-02 -1.751730E-03 -1.485284E-18 -8.953453E-01  0.000000E+00
  7.149290E-01  5.442529E-02  5.000000E-01  7.221460E-01  5.514821E-02  0.000000E+00  1.970445E-02 -1.916474E-03 -7.220454E-18 -9.134371E-01  0.000000E+00
  6.971500E-01  5.620644E-02  5.000000E-01  7.041876E-01  5.694734E-02  0.000000E+00  2.023596E-02 -2.072865E-03 -1.268633E-17 -9.287713E-01  0.000000E+00
  6.788570E-01  5.812115E-02  5.000000E-01  6.857099E-01  5.888138E-02  0.000000E+00  2.077579E-02 -2.189571E-03 -1.711512E-17 -9.387480E-01  0.000000E+00
  6.600760E-01  6.011634E-02  5.000000E-01  6.667393E-01  6.089671E-02  0.000000E+00  2.129310E-02 -2.239040E-03 -1.962411E-17 -9.415708E-01  0.000000E+00
  6.408370E-01  6.212052E-02  5.000000E-01  6.473061E-01  6.292112E-02  0.000000E+00  2.173954E-02 -2.218825E-03 -1.981547E-17 -9.377113E-01  0.000000E+00
  6.211780E-01  6.408568E-02  5.000000E-01  6.274486E-01  6.490612E-02  0.000000E+00  2.208395E-02 -2.143422E-03 -1.883711E-17 -9.288659E-01  0.000000E+00
  6.011430E-01  6.597246E-02  5.000000E-01  6.072114E-01  6.681194E-02  0.000000E+00  2.234350E-02 -2.024220E-03 -1.740801E-17 -9.162472E-01  0.000000E+00
  5.807790E-01  6.774484E-02  5.000000E-01  5.866418E-01  6.860222E-02  0.000000E+00  2.254812E-02 -1.872484E-03 -1.516446E-17 -9.008182E-01  0.000000E+00
  5.601410E-01  6.937684E-02  5.000000E-01  5.657955E-01  7.025070E-02  0.000000E+00  2.272371E-02 -1.697075E-03 -1.338783E-17 -8.832817E-01  0.000000E+00
  5.392850E-01  7.084376E-02  5.000000E-01  5.447290E-01  7.173242E-02  0.000000E+00  2.288461E-02 -1.504768E-03 -1.212673E-17 -8.642673E-01  0.000000E+00
  5.182680E-01  7.212971E-02  5.000000E-01  5.234998E-01  7.303136E-02  0.000000E+00  2.303009E-02 -1.306361E-03 -1.019020E-17 -8.447423E-01  0.000000E+00
  4.971500E-01  7.323327E-02  5.000000E-01  5.021686E-01  7.414606E-02  0.000000E+00  2.316700E-02 -1.108930E-03 -8.854921E-18 -8.253827E-01  0.000000E+00
  4.759900E-01  7.415356E-02  5.000000E-01  4.807950E-01  7.507563E-02  0.000000E+00  2.331131E-02 -9.125639E-04 -8.428870E-18 -8.063059E-01  0.000000E+00
  2.733630E-06 -4.855508E-04  5.000000E-01  2.813636E-06 -3.169374E-04  0.000000E+00  4.686337E-04 -1.840558E-02  9.557901E-18  1.096920E+00  0.000000E+00
  4.455870E-05 -1.426490E-03  5.000000E-01  4.506092E-05 -1.267375E-03  0.000000E+00  2.258756E-03 -2.190588E-02  3.452867E-17  1.067590E+00  0.000000E+00
  2.731490E-04 -2.958888E-03  5.000000E-01  2.759588E-04 -2.815242E-03  0.000000E+00  6.592987E-03 -2.486027E-02  4.427385E-17  9.467750E-01  0.000000E+00
  9.950900E-04 -4.913578E-03  5.000000E-01  1.005188E-03 -4.789664E-03  0.000000E+00  1.277732E-02 -2.521985E-02  4.097619E-17  7.369548E-01  0.000000E+00
  2.349870E-03 -6.988416E-03  5.000000E-01  2.373644E-03 -6.885447E-03  0.000000E+00  1.846842E-02 -2.401690E-02  3.737168E-17  5.277928E-01  0.000000E+00
  4.254460E-03 -9.116599E-03  5.000000E-01  4.297460E-03 -9.035114E-03  0.000000E+00  2.308437E-02 -2.270165E-02  2.615588E-17  3.564150E-01  0.000000E+00
  6.687140E-03 -1.123951E-02  5.000000E-01  6.754697E-03 -1.117946E-02  0.000000E+00  2.708517E-02 -2.121570E-02  6.763265E-18  1.937209E-01  0.000000E+00
  9.634000E-03 -1.331962E-02  5.000000E-01  9.731305E-03 -1.328056E-02  0.000000E+00  3.034938E-02 -1.921528E-02 -5.550587E-18  2.840589E-02  0.000000E+00
  1.310530E-02 -1.528931E-02  5.000000E-01  1.323765E-02 -1.527013E-02  0.000000E+00  3.258104E-02 -1.656247E-02 -1.476418E-18 -1.354991E-01  0.000000E+00
  1.710810E-02 -1.709686E-02  5.000000E-01  1.728085E-02 -1.709593E-02  0.000000E+00  3.384663E-02 -1.378876E-02  2.308656E-17 -2.755930E-01  0.000000E+00
  2.163760E-02 -1.874288E-02  5.000000E-01  2.185608E-02 -1.875856E-02  0.000000E+00  3.453632E-02 -1.137175E-02  5.568496E-17 -3.825107E-01  0.000000E+00
  2.669190E-02 -2.023703E-02  5.000000E-01  2.696140E-02 -2.026780E-02  0.000000E+00  3.479519E-02 -9.238457E-03  7.879174E-17 -4.687306E-01  0.000000E+00
  3.228310E-02 -2.155518E-02  5.000000E-01  3.260904E-02 -2.159926E-02  0.000000E+00  3.458164E-02 -7.265405E-03  8.807458E-17 -5.439396E-01  0.000000E+00
  3.842170E-02 -2.268525E-02  5.000000E-01  3.880961E-02 -2.274074E-02  0.000000E+00  3.397873E-02 -5.528981E-03  8.867789E-17 -6.070951E-01  0.000000E+00
  4.511710E-02 -2.362802E-02  5.000000E-01  4.557260E-02 -2.369302E-02  0.000000E+00  3.311473E-02 -4.075137E-03  8.448903E-17 -6.569353E-01  0.000000E+00
  5.237940E-02 -2.438881E-02  5.000000E-01  5.290821E-02 -2.446149E-02  0.000000E+00  3.211187E-02 -2.908646E-03  7.663292E-17 -6.930542E-01  0.000000E+00
  6.021800E-02 -2.498330E-02  5.000000E-01  6.082593E-02 -2.506199E-02  0.000000E+00  3.108853E-02 -2.021636E-03  6.679539E-17 -7.154023E-01  0.000000E+00
  6.864140E-02 -2.543677E-02  5.000000E-01  6.933437E-02 -2.552003E-02  0.000000E+00  3.009545E-02 -1.369759E-03  5.550439E-17 -7.255922E-01  0.000000E+00
  7.765990E-02 -2.577025E-02  5.000000E-01  7.844390E-02 -2.585687E-02  0.000000E+00  2.911805E-02 -9.020685E-04  4.433874E-17 -7.254315E-01  0.000000E+00
  8.728340E-02 -2.600887E-02  5.000000E-01  8.816455E-02 -2.609791E-02  0.000000E+00  2.810636E-02 -5.916141E-04  3.577173E-17 -7.152898E-01  0.000000E+00
  9.752070E-02 -2.618485E-02  5.000000E-01  9.850519E-02 -2.627567E-02  0.000000E+00  2.693634E-02 -4.121129E-04  2.908529E-17 -6.951166E-01  0.000000E+00
  1.083810E-01 -2.633016E-02  5.000000E-01  1.094751E-01 -2.642244E-02  0.000000E+00  2.544975E-02 -3.367912E-04  2.308427E-17 -6.642707E-01  0.000000E+00
  1.198710E-01 -2.648055E-02  5.000000E-01  1.210811E-01 -2.657435E-02  0.000000E+00  2.359404E-02 -3.440924E-04  1.787470E-17 -6.209666E-01  0.000000E+00
  1.319970E-01 -2.667594E-02  5.000000E-01  1.333295E-01 -2.677171E-02  0.000000E+00  2.155291E-02 -4.081861E-04  1.351274E-17 -5.634743E-01  0.000000E+00
  1.319970E-01 -2.667594E-02  5.000000E-01  1.333295E-01 -2.677171E-02  0.000000E+00  2.155291E-02 -4.081861E-04  1.351274E-17 -5.634743E-01  0.000000E+00
  1.447640E-01 -2.695376E-02  5.000000E-01  1.462254E-01 -2.705233E-02  0.000000E+00  1.976299E-02 -5.070111E-04  9.412749E-18 -4.923621E-01  0.000000E+00
  1.581750E-01 -2.734845E-02  5.000000E-01  1.597718E-01 -2.745101E-02  0.000000E+00  1.872088E-02 -6.310425E-04  5.570943E-18 -4.140113E-01  0.000000E+00
  1.722290E-01 -2.788051E-02  5.000000E-01  1.739676E-01 -2.798844E-02  0.000000E+00  1.867852E-02 -7.696581E-04  3.767889E-18 -3.427415E-01  0.000000E+00
  1.869240E-01 -2.853692E-02  5.000000E-01  1.888110E-01 -2.865148E-02  0.000000E+00  1.948728E-02 -8.786040E-04  2.505975E-18 -2.969693E-01  0.000000E+00
  2.022540E-01 -2.924543E-02  5.000000E-01  2.042957E-01 -2.936714E-02  0.000000E+00  2.068636E-02 -8.552298E-04  1.510028E-18 -2.903819E-01  0.000000E+00
  2.182110E-01 -2.984353E-02  5.000000E-01  2.204138E-01 -2.997127E-02  0.000000E+00  2.178749E-02 -6.415810E-04  1.483237E-18 -3.195626E-01  0.000000E+00
  2.347810E-01 -3.020409E-02  5.000000E-01  2.371511E-01 -3.033547E-02  0.000000E+00  2.249697E-02 -3.207493E-04  9.832155E-19 -3.633381E-01  0.000000E+00
  2.519470E-01 -3.031689E-02  5.000000E-01  2.544904E-01 -3.044941E-02  0.000000E+00  2.264874E-02  3.329964E-06  8.851748E-19 -4.011187E-01  0.000000E+00
  2.696890E-01 -3.019031E-02  5.000000E-01  2.724115E-01 -3.032156E-02  0.000000E+00  2.219001E-02  2.779450E-04  1.174175E-18 -4.220164E-01  0.000000E+00
  2.879810E-01 -2.985516E-02  5.000000E-01  2.908881E-01 -2.998303E-02  0.000000E+00  2.128859E-02  4.636689E-04  1.655323E-18 -4.213405E-01  0.000000E+00
  3.067920E-01 -2.937224E-02  5.000000E-01  3.098890E-01 -2.949523E-02  0.000000E+00  2.029352E-02  5.411904E-04  1.767426E-18 -3.999827E-01  0.000000E+00
  3.260870E-01 -2.883219E-02  5.000000E-01  3.293788E-01 -2.894973E-02  0.000000E+00  1.956059E-02  5.213500E-04  1.755922E-18 -3.650390E-01  0.000000E+00
  3.458260E-01 -2.833375E-02  5.000000E-01  3.493171E-01 -2.844626E-02  0.000000E+00  1.923965E-02  4.649849E-04  1.948658E-18 -3.302226E-01  0.000000E+00
  3.659650E-01 -2.787673E-02  5.000000E-01  3.696594E-01 -2.798462E-02  0.000000E+00  1.925772E-02  4.406974E-04  1.929763E-18 -3.083303E-01  0.000000E+00
  3.864540E-01 -2.741047E-02  5.000000E-01  3.903552E-01 -2.751366E-02  0.000000E+00  1.945003E-02  4.708613E-04  1.320523E-18 -3.026076E-01  0.000000E+00
  4.072410E-01 -2.688024E-02  5.000000E-01  4.113520E-01 -2.697808E-02  0.000000E+00  1.961208E-02  5.538000E-04 -6.056514E-20 -3.085088E-01  0.000000E+00
  4.282690E-01 -2.623062E-02  5.000000E-01  4.325923E-01 -2.632189E-02  0.000000E+00  1.952973E-02  6.812310E-04  2.336801E-19 -3.182478E-01  0.000000E+00
  4.494800E-01 -2.540448E-02  5.000000E-01  4.540174E-01 -2.548741E-02  0.000000E+00  1.907145E-02  8.249402E-04  8.866635E-19 -3.226818E-01  0.000000E+00
  4.708130E-01 -2.438192E-02  5.000000E-01  4.755658E-01 -2.445454E-02  0.000000E+00  1.827049E-02  9.414634E-04  9.520815E-19 -3.135268E-01  0.000000E+00
  4.922030E-01 -2.319270E-02  5.000000E-01  4.971717E-01 -2.325330E-02  0.000000E+00  1.729277E-02  1.013040E-03  4.313232E-19 -2.880505E-01  0.000000E+00
  5.135860E-01 -2.186909E-02  5.000000E-01  5.187705E-01 -2.191634E-02  0.000000E+00  1.634469E-02  1.052402E-03 -3.573842E-19 -2.502532E-01  0.000000E+00
  5.348990E-01 -2.044048E-02  5.000000E-01  5.402987E-01 -2.047331E-02  0.000000E+00  1.558781E-02  1.075936E-03  6.035966E-19 -2.077683E-01  0.000000E+00
  5.560760E-01 -1.893749E-02  5.000000E-01  5.616895E-01 -1.895514E-02  0.000000E+00  1.506798E-02  1.097803E-03  1.229421E-18 -1.687562E-01  0.000000E+00
  4.759900E-01  7.415356E-02  5.000000E-01  4.807950E-01  7.507563E-02  0.000000E+00  2.331131E-02 -9.125639E-04 -8.428870E-18 -8.063059E-01  0.000000E+00
  4.548480E-01  7.488950E-02  5.000000E-01  4.594396E-01  7.581900E-02  0.000000E+00  2.347049E-02 -7.169348E-04 -8.266960E-18 -7.874734E-01  0.000000E+00
  4.337860E-01  7.544295E-02  5.000000E-01  4.381650E-01  7.637804E-02  0.000000E+00  2.364609E-02 -5.188147E-04 -8.104574E-18 -7.684738E-01  0.000000E+00
  4.128620E-01  7.581192E-02  5.000000E-01  4.170298E-01  7.675073E-02  0.000000E+00  2.383959E-02 -3.067174E-04 -8.151454E-18 -7.481813E-01  0.000000E+00
  3.921340E-01  7.598107E-02  5.000000E-01  3.960925E-01  7.692158E-02  0.000000E+00  2.403734E-02 -6.972689E-05 -8.565443E-18 -7.254265E-01  0.000000E+00
  3.716590E-01  7.593401E-02  5.000000E-01  3.754108E-01  7.687405E-02  0.000000E+00  2.420859E-02  1.955598E-04 -8.375084E-18 -6.995811E-01  0.000000E+00
  3.514890E-01  7.565578E-02  5.000000E-01  3.550372E-01  7.659302E-02  0.000000E+00  2.432274E-02  4.879494E-04 -6.859641E-18 -6.705143E-01  0.000000E+00
  3.316730E-01  7.513540E-02  5.000000E-01  3.350212E-01  7.606739E-02  0.000000E+00  2.435444E-02  7.999007E-04 -5.364598E-18 -6.388528E-01  0.000000E+00
  3.122580E-01  7.437001E-02  5.000000E-01  3.154102E-01  7.529427E-02  0.000000E+00  2.427925E-02  1.109899E-03 -4.905808E-18 -6.064914E-01  0.000000E+00
  2.932850E-01  7.338178E-02  5.000000E-01  2.962457E-01  7.429606E-02  0.000000E+00  2.409290E-02  1.395908E-03 -4.394305E-18 -5.756180E-01  0.000000E+00
  2.747930E-01  7.220042E-02  5.000000E-01  2.775670E-01  7.310277E-02  0.000000E+00  2.382380E-02  1.653009E-03 -3.930052E-18 -5.473408E-01  0.000000E+00
  2.568150E-01  7.085275E-02  5.000000E-01  2.594075E-01  7.174150E-02  0.000000E+00  2.351000E-02  1.886215E-03 -3.666094E-18 -5.219598E-01  0.000000E+00
  2.393810E-01  6.936150E-02  5.000000E-01  2.417975E-01  7.023519E-02  0.000000E+00  2.318567E-02  2.103422E-03 -3.597426E-18 -4.996960E-01  0.000000E+00
  2.225160E-01  6.774519E-02  5.000000E-01  2.247623E-01  6.860257E-02  0.000000E+00  2.287829E-02  2.310449E-03 -3.158262E-18 -4.817782E-01  0.000000E+00
  2.062420E-01  6.601817E-02  5.000000E-01  2.083240E-01  6.685812E-02  0.000000E+00  2.259076E-02  2.478942E-03 -2.647208E-18 -4.730563E-01  0.000000E+00
  1.905750E-01  6.423709E-02  5.000000E-01  1.924988E-01  6.505905E-02  0.000000E+00  2.234390E-02  2.552063E-03 -1.807396E-18 -4.808142E-01  0.000000E+00
  1.755290E-01  6.250548E-02  5.000000E-01  1.773010E-01  6.330997E-02  0.000000E+00  2.228481E-02  2.549501E-03 -9.255243E-19 -5.056830E-01  0.000000E+00
  1.611160E-01  6.086600E-02  5.000000E-01  1.627425E-01  6.165394E-02  0.000000E+00  2.259532E-02  2.552794E-03 -6.728347E-19 -5.406634E-01  0.000000E+00
  1.473410E-01  5.932150E-02  5.000000E-01  1.488284E-01  6.009385E-02  0.000000E+00  2.331297E-02  2.610496E-03 -7.813809E-19 -5.780847E-01  0.000000E+00
  1.342110E-01  5.785472E-02  5.000000E-01  1.355659E-01  5.861226E-02  0.000000E+00  2.432307E-02  2.737843E-03 -9.631905E-20 -6.124270E-01  0.000000E+00
  1.217280E-01  5.644027E-02  5.000000E-01  1.229569E-01  5.718353E-02  0.000000E+00  2.544828E-02  2.934847E-03  1.704175E-18 -6.410214E-01  0.000000E+00
  1.098910E-01  5.505256E-02  5.000000E-01  1.110004E-01  5.578181E-02  0.000000E+00  2.655547E-02  3.207105E-03  3.620215E-18 -6.628670E-01  0.000000E+00
  9.869950E-02  5.366283E-02  5.000000E-01  9.969589E-02  5.437806E-02  0.000000E+00  2.759420E-02  3.569959E-03  6.425902E-18 -6.775997E-01  0.000000E+00
  8.814970E-02  5.224468E-02  5.000000E-01  8.903960E-02  5.294559E-02  0.000000E+00  2.857848E-02  4.049384E-03  9.916297E-18 -6.847578E-01  0.000000E+00
  8.814970E-02  5.224468E-02  5.000000E-01  8.903960E-02  5.294559E-02  0.000000E+00  2.857848E-02  4.049384E-03  9.916297E-18 -6.847578E-01  0.000000E+00
  7.823720E-02  5.077043E-02  5.000000E-01  7.902703E-02  5.145645E-02  0.000000E+00  2.954886E-02  4.688295E-03  1.473159E-17 -6.830520E-01  0.000000E+00
  6.895800E-02  4.920866E-02  5.000000E-01  6.965416E-02  4.987892E-02  0.000000E+00  3.051716E-02  5.528671E-03  1.959669E-17 -6.709782E-01  0.000000E+00
  6.030560E-02  4.753314E-02  5.000000E-01  6.091442E-02  4.818648E-02  0.000000E+00  3.146766E-02  6.624898E-03  2.110955E-17 -6.460694E-01  0.000000E+00
  5.227560E-02  4.571138E-02  5.000000E-01  5.280336E-02  4.634633E-02  0.000000E+00  3.234129E-02  8.038170E-03  1.901380E-17 -6.048119E-01  0.000000E+00
  4.486350E-02  4.371250E-02  5.000000E-01  4.531644E-02  4.432728E-02  0.000000E+00  3.299708E-02  9.789678E-03  1.487714E-17 -5.441757E-01  0.000000E+00
  3.806240E-02  4.151433E-02  5.000000E-01  3.844668E-02  4.210692E-02  0.000000E+00  3.325010E-02  1.187693E-02  7.997378E-18 -4.602816E-01  0.000000E+00
  3.186880E-02  3.909234E-02  5.000000E-01  3.219056E-02  3.966048E-02  0.000000E+00  3.285657E-02  1.420799E-02  9.738977E-20 -3.499350E-01  0.000000E+00
  2.627530E-02  3.643690E-02  5.000000E-01  2.654059E-02  3.697824E-02  0.000000E+00  3.156232E-02  1.655728E-02 -4.170609E-18 -2.123603E-01  0.000000E+00
  2.127350E-02  3.355041E-02  5.000000E-01  2.148830E-02  3.406261E-02  0.000000E+00  2.924155E-02  1.865000E-02 -6.436519E-18 -4.761098E-02  0.000000E+00
  1.685790E-02  3.044003E-02  5.000000E-01  1.702813E-02  3.092082E-02  0.000000E+00  2.594285E-02  2.012933E-02 -1.089851E-17  1.387574E-01  0.000000E+00
  1.301460E-02  2.714086E-02  5.000000E-01  1.314603E-02  2.758835E-02  0.000000E+00  2.192439E-02  2.070482E-02 -1.595268E-17  3.371523E-01  0.000000E+00
  9.730790E-03  2.369826E-02  5.000000E-01  9.829072E-03  2.411100E-02  0.000000E+00  1.758638E-02  2.030658E-02 -2.255489E-17  5.385151E-01  0.000000E+00
  6.996180E-03  2.016719E-02  5.000000E-01  7.066857E-03  2.054429E-02  0.000000E+00  1.333548E-02  1.891481E-02 -2.536910E-17  7.278304E-01  0.000000E+00
  4.781010E-03  1.663912E-02  5.000000E-01  4.829325E-03  1.698060E-02  0.000000E+00  9.485336E-03  1.662374E-02 -2.026193E-17  8.914993E-01  0.000000E+00
  3.054950E-03  1.320953E-02  5.000000E-01  3.085841E-03  1.351639E-02  0.000000E+00  6.194696E-03  1.364878E-02 -1.729288E-17  1.024939E+00  0.000000E+00
  1.789910E-03  9.973568E-03  5.000000E-01  1.808031E-03  1.024776E-02  0.000000E+00  3.552417E-03  1.011985E-02 -1.919620E-17  1.123534E+00  0.000000E+00
  9.331870E-04  7.040294E-03  5.000000E-01  9.426596E-04  7.284879E-03  0.000000E+00  1.620713E-03  6.118806E-03 -1.996198E-17  1.183566E+00  0.000000E+00
  4.085430E-04  4.518201E-03  5.000000E-01  4.127195E-04  4.737326E-03  0.000000E+00  3.811712E-04  1.735075E-03 -2.251630E-17  1.207881E+00  0.000000E+00
  1.354760E-04  2.494561E-03  5.000000E-01  1.368960E-04  2.693258E-03  0.000000E+00 -2.396806E-04 -2.994018E-03 -3.129436E-17  1.204190E+00  0.000000E+00
  2.683130E-05  1.021514E-03  5.000000E-01  2.715456E-05  1.205341E-03  0.000000E+00 -3.441402E-04 -8.061821E-03 -4.028187E-17  1.180840E+00  0.000000E+00
  1.320070E-06  1.276961E-04  5.000000E-01  1.385807E-06  3.025001E-04  0.000000E+00 -2.077744E-04 -1.298696E-02 -3.875657E-17  1.140480E+00  0.000000E+00
 -5.188750E-08 -1.717808E-04  5.000000E-01  0.000000E+00  0.000000E+00  0.000000E+00 -4.372890E-05 -1.611265E-02 -1.942080E-17  1.105514E+00  0.000000E+00
  2.733630E-06 -4.855508E-04  5.000000E-01  2.813636E-06 -3.169374E-04  0.000000E+00  4.686337E-04 -1.840558E-02  9.557901E-18  1.096920E+00  0.000000E+00
    1    2
    2    3
    3    4
    4    5
    5    6
    6    7
    7    8
    8    9
    9   10
   10   11
   11   12
   12   13
   13   14
   14   15
   15   16
   16   17
   17   18
   18   19
   19   20
   20   21
   21   22
   22   23
   23   24
   25   26
   26   27
   27   28
   28   29
   29   30
   30   31
   31   32
   32   33
   33   34
   34   35
   35   36
   36   37
   37   38
   38   39
   39   40
   40   41
   41   42
   42   43
   43   44
   44   45
   45   46
   46   47
   47   48
   49   50
   50   51
   51   52
   52   53
   53   54
   54   55
   55   56
   56   57
   57   58
   58   59
   59   60
   60   61
   61   62
   62   63
   63   64
   64   65
   65   66
   66   67
   67   68
   68   69
   69   70
   70   71
   71   72
   73   74
   74   75
   75   76
   76   77
   77   78
   78   79
   79   80
   80   81
   81   82
   82   83
   83   84
   84   85
   85   86
   86   87
   87   88
   88   89
   89   90
   90   91
   91   92
   92   93
   93   94
   94   95
   95   96
   97   98
   98   99
   99  100
  100  101
  101  102
  102  103
  103  104
  104  105
  105  106
  106  107
  107  108
  108  109
  109  110
  110  111
  111  112
  112  113
  113  114
  114  115
  115  116
  116  117
  117  118
  118  119
  119  120
  121  122
  122  123
  123  124
  124  125
  125  126
  126  127
  127  128
  128  129
  129  130
  130  131
  131  132
  132  133
  133  134
  134  135
  135  136
  136  137
  137  138
  138  139
  139  140
  140  141
  141  142
  142  143
  143  144
  145  146
  146  147
  147  148
  148  149
  149  150
  150  151
  151  152
  152  153
  153  154
  154  155
  155  156
  156  157
  157  158
  158  159
  159  160
  160  161
  161  162
  162  163
  163  164
  164  165
  165  166
  166  167
  167  168
  169  170
  170  171
  171  172
  172  173
  173  174
  174  175
  175  176
  176  177
  177  178
  178  179
  179  180
  180  181
  181  182
  182  183
  183  184
  184  185
  185  186
  186  187
  187  188
  188  189
  189  190
  190  191
  191  192
