 Title = "ADflow Slice Data"
Variables =  "CoordinateX"  "CoordinateY"  "CoordinateZ"  "XoC"  "YoC"  "ZoC" "VelocityX" "VelocityY" "VelocityZ" "CoefPressure" "Mach" 
Zone T= "Slice_0001 None Absolute Regular z = 0.50000000"
 Nodes =          192  Elements=          184  ZONETYPE=FELINESEG
 DATAPACKING=POINT
  5.560760E-01 -1.894600E-02  5.000000E-01  5.616895E-01 -1.896368E-02  0.000000E+00  1.292346E-02  9.518598E-04  3.222203E-18 -1.311099E-01  0.000000E+00
  5.770550E-01 -1.737865E-02  5.000000E-01  5.828802E-01 -1.738050E-02  0.000000E+00  1.296922E-02  1.003381E-03  1.359261E-18 -9.494863E-02  0.000000E+00
  5.977760E-01 -1.573457E-02  5.000000E-01  6.038104E-01 -1.571982E-02  0.000000E+00  1.305293E-02  1.074122E-03 -1.139949E-18 -8.624240E-02  0.000000E+00
  6.181820E-01 -1.399057E-02  5.000000E-01  6.244224E-01 -1.395822E-02  0.000000E+00  1.292739E-02  1.150609E-03 -6.585854E-18 -8.361217E-02  0.000000E+00
  6.382180E-01 -1.212282E-02  5.000000E-01  6.446607E-01 -1.207162E-02  0.000000E+00  1.248951E-02  1.215221E-03 -5.897318E-18 -7.074404E-02  0.000000E+00
  6.578350E-01 -1.012081E-02  5.000000E-01  6.644757E-01 -1.004940E-02  0.000000E+00  1.175626E-02  1.249823E-03  5.534206E-19 -4.281588E-02  0.000000E+00
  6.769910E-01 -7.994262E-03  5.000000E-01  6.838251E-01 -7.901381E-03  0.000000E+00  1.080643E-02  1.244704E-03 -2.213843E-18 -3.737143E-03  0.000000E+00
  6.956490E-01 -5.762517E-03  5.000000E-01  7.026714E-01 -5.647108E-03  0.000000E+00  9.726725E-03  1.198367E-03  2.167518E-19  4.028535E-02  0.000000E+00
  7.137810E-01 -3.458668E-03  5.000000E-01  7.209864E-01 -3.320002E-03  0.000000E+00  8.588116E-03  1.113663E-03  5.947147E-18  8.516875E-02  0.000000E+00
  7.313660E-01 -1.127154E-03  5.000000E-01  7.387490E-01 -9.649522E-04  0.000000E+00  7.440444E-03  9.993421E-04  1.997762E-18  1.290846E-01  0.000000E+00
  7.483850E-01  1.192617E-03  5.000000E-01  7.559398E-01  1.378237E-03  0.000000E+00  6.323991E-03  8.696579E-04 -1.318844E-18  1.711256E-01  0.000000E+00
  7.648220E-01  3.475088E-03  5.000000E-01  7.725427E-01  3.683748E-03  0.000000E+00  5.286990E-03  7.387814E-04 -2.369800E-19  2.105421E-01  0.000000E+00
  7.806630E-01  5.702694E-03  5.000000E-01  7.885436E-01  5.933841E-03  0.000000E+00  4.398919E-03  6.123910E-04  8.358460E-19  2.474350E-01  0.000000E+00
  7.958970E-01  7.807159E-03  5.000000E-01  8.039314E-01  8.059550E-03  0.000000E+00  3.749868E-03  4.905610E-04 -1.932547E-18  2.831623E-01  0.000000E+00
  8.105170E-01  9.603724E-03  5.000000E-01  8.186990E-01  9.874251E-03  0.000000E+00  3.400552E-03  3.810963E-04 -2.780113E-18  3.150789E-01  0.000000E+00
  8.245160E-01  1.099977E-02  5.000000E-01  8.328393E-01  1.128439E-02  0.000000E+00  3.338895E-03  2.910045E-04 -1.321959E-20  3.379844E-01  0.000000E+00
  8.378940E-01  1.199283E-02  5.000000E-01  8.463523E-01  1.228747E-02  0.000000E+00  3.506018E-03  2.152593E-04  7.599586E-20  3.514086E-01  0.000000E+00
  8.506490E-01  1.262514E-02  5.000000E-01  8.592361E-01  1.292617E-02  0.000000E+00  3.838182E-03  1.446711E-04 -9.962948E-19  3.582378E-01  0.000000E+00
  8.627850E-01  1.295521E-02  5.000000E-01  8.714946E-01  1.325957E-02  0.000000E+00  4.283020E-03  7.197793E-05 -6.242240E-19  3.609037E-01  0.000000E+00
  8.743060E-01  1.304277E-02  5.000000E-01  8.831319E-01  1.334801E-02  0.000000E+00  4.798208E-03 -6.776607E-06 -4.877045E-19  3.604864E-01  0.000000E+00
  8.852170E-01  1.293962E-02  5.000000E-01  8.941530E-01  1.324382E-02  0.000000E+00  5.350309E-03 -9.302043E-05 -6.955613E-19  3.575966E-01  0.000000E+00
  8.955250E-01  1.268691E-02  5.000000E-01  9.045651E-01  1.298856E-02  0.000000E+00  5.915687E-03 -1.867898E-04 -5.248196E-19  3.527440E-01  0.000000E+00
  9.052400E-01  1.231778E-02  5.000000E-01  9.143782E-01  1.261570E-02  0.000000E+00  6.481089E-03 -2.880758E-04  2.453598E-18  3.463247E-01  0.000000E+00
  9.143710E-01  1.185804E-02  5.000000E-01  9.236013E-01  1.215133E-02  0.000000E+00  7.045008E-03 -3.995977E-04  4.817826E-18  3.387626E-01  0.000000E+00
  9.143710E-01  1.185804E-02  5.000000E-01  9.236013E-01  1.215133E-02  0.000000E+00  7.045008E-03 -3.995977E-04  4.817826E-18  3.387626E-01  0.000000E+00
  9.229270E-01  1.132277E-02  5.000000E-01  9.322437E-01  1.161065E-02  0.000000E+00  7.617227E-03 -5.267865E-04  2.055480E-18  3.302967E-01  0.000000E+00
  9.309180E-01  1.072139E-02  5.000000E-01  9.403154E-01  1.100320E-02  0.000000E+00  8.214547E-03 -6.748654E-04 -6.555755E-19  3.206860E-01  0.000000E+00
  9.383550E-01  1.006270E-02  5.000000E-01  9.478274E-01  1.033786E-02  0.000000E+00  8.857167E-03 -8.487585E-04 -1.180072E-18  3.094799E-01  0.000000E+00
  9.452490E-01  9.355644E-03  5.000000E-01  9.547910E-01  9.623666E-03  0.000000E+00  9.568225E-03 -1.055200E-03 -2.170742E-18  2.963049E-01  0.000000E+00
  9.516100E-01  8.608801E-03  5.000000E-01  9.612162E-01  8.869284E-03  0.000000E+00  1.037389E-02 -1.302797E-03 -2.860235E-18  2.807705E-01  0.000000E+00
  9.574470E-01  7.831834E-03  5.000000E-01  9.671122E-01  8.084474E-03  0.000000E+00  1.130155E-02 -1.600433E-03 -8.786503E-19  2.622856E-01  0.000000E+00
  9.627730E-01  7.036114E-03  5.000000E-01  9.724919E-01  7.280722E-03  0.000000E+00  1.237922E-02 -1.957634E-03  1.240704E-18  2.401732E-01  0.000000E+00
  9.675950E-01  6.235198E-03  5.000000E-01  9.773626E-01  6.471721E-03  0.000000E+00  1.363799E-02 -2.383984E-03 -9.274408E-20  2.137226E-01  0.000000E+00
  9.719240E-01  5.444293E-03  5.000000E-01  9.817353E-01  5.672832E-03  0.000000E+00  1.511846E-02 -2.889827E-03 -1.836727E-18  1.821160E-01  0.000000E+00
  9.757700E-01  4.679901E-03  5.000000E-01  9.856201E-01  4.900723E-03  0.000000E+00  1.688429E-02 -3.491644E-03  2.948333E-18  1.445344E-01  0.000000E+00
  9.791410E-01  3.958620E-03  5.000000E-01  9.890252E-01  4.172161E-03  0.000000E+00  1.903422E-02 -4.214868E-03  4.172784E-18  1.000955E-01  0.000000E+00
  9.820450E-01  3.296415E-03  5.000000E-01  9.919585E-01  3.503271E-03  0.000000E+00  2.168329E-02 -5.090235E-03 -2.462486E-17  4.748528E-02  0.000000E+00
  9.844890E-01  2.708100E-03  5.000000E-01  9.944271E-01  2.909018E-03  0.000000E+00  2.488742E-02 -6.140020E-03 -1.091695E-16 -1.493583E-02  0.000000E+00
  9.864800E-01  2.207024E-03  5.000000E-01  9.964382E-01  2.402883E-03  0.000000E+00  2.855953E-02 -7.315026E-03 -2.168686E-16 -8.750237E-02  0.000000E+00
  9.880230E-01  1.804938E-03  5.000000E-01  9.979968E-01  1.996738E-03  0.000000E+00  3.215886E-02 -8.408416E-03 -6.548214E-17 -1.771425E-01  0.000000E+00
  9.891220E-01  1.511107E-03  5.000000E-01  9.991069E-01  1.699941E-03  0.000000E+00  3.541629E-02 -9.640725E-03  1.150962E-15 -2.846570E-01  0.000000E+00
  9.897810E-01  1.332088E-03  5.000000E-01  9.997726E-01  1.519115E-03  0.000000E+00  5.187456E-02 -1.229800E-02  4.323113E-15 -3.008877E-01  0.000000E+00
  9.900000E-01  1.271993E-03  5.000000E-01  9.999938E-01  1.458414E-03  0.000000E+00  3.587045E-02 -2.230031E-03  1.136039E-14 -6.719119E-01  0.000000E+00
  9.900000E-01  1.681501E-03  5.000000E-01  9.999938E-01  1.872056E-03  0.000000E+00  2.067575E-03 -7.777911E-03  3.333335E-14 -9.685656E-01  0.000000E+00
  9.900000E-01  2.091010E-03  5.000000E-01  9.999938E-01  2.285698E-03  0.000000E+00 -5.342225E-04 -2.173672E-02  6.468591E-14 -8.130694E-01  0.000000E+00
  9.900000E-01  2.500518E-03  5.000000E-01  9.999938E-01  2.699340E-03  0.000000E+00 -1.388362E-04 -1.323400E-02  8.920069E-14 -7.863649E-01  0.000000E+00
  9.900000E-01  2.910011E-03  5.000000E-01  9.999938E-01  3.112967E-03  0.000000E+00  3.205405E-04 -8.162443E-03  1.063763E-13 -8.172900E-01  0.000000E+00
  9.900000E-01  3.319519E-03  5.000000E-01  9.999938E-01  3.526609E-03  0.000000E+00  4.526599E-03 -6.761411E-03  1.190099E-13 -7.818619E-01  0.000000E+00
  9.900000E-01  3.319519E-03  5.000000E-01  9.999938E-01  3.526609E-03  0.000000E+00  4.526599E-03 -6.761411E-03  1.190099E-13 -7.818619E-01  0.000000E+00
  9.897980E-01  3.423870E-03  5.000000E-01  9.997897E-01  3.632013E-03  0.000000E+00  5.568971E-03 -3.418464E-03  1.118815E-13 -7.330861E-01  0.000000E+00
  9.891900E-01  3.736918E-03  5.000000E-01  9.991756E-01  3.948222E-03  0.000000E+00  1.303606E-03 -6.063265E-04  7.971327E-14 -7.410873E-01  0.000000E+00
  9.881780E-01  4.257977E-03  5.000000E-01  9.981534E-01  4.474540E-03  0.000000E+00 -1.071684E-03  5.546617E-04  4.413064E-14 -7.475375E-01  0.000000E+00
  9.867570E-01  4.985748E-03  5.000000E-01  9.967180E-01  5.209658E-03  0.000000E+00 -2.462073E-03  1.245765E-03  1.826251E-14 -7.536670E-01  0.000000E+00
  9.849260E-01  5.916715E-03  5.000000E-01  9.948686E-01  6.150022E-03  0.000000E+00 -3.124955E-03  1.578699E-03  4.558132E-15 -7.631047E-01  0.000000E+00
  9.826810E-01  7.044393E-03  5.000000E-01  9.926009E-01  7.289085E-03  0.000000E+00 -3.184302E-03  1.588972E-03 -5.315394E-16 -7.723374E-01  0.000000E+00
  9.800160E-01  8.359042E-03  5.000000E-01  9.899090E-01  8.617004E-03  0.000000E+00 -2.906553E-03  1.419433E-03 -1.368741E-15 -7.782672E-01  0.000000E+00
  9.769240E-01  9.846582E-03  5.000000E-01  9.867858E-01  1.011956E-02  0.000000E+00 -2.581557E-03  1.222558E-03 -8.716642E-16 -7.807778E-01  0.000000E+00
  9.733970E-01  1.148586E-02  5.000000E-01  9.832232E-01  1.177539E-02  0.000000E+00 -2.403231E-03  1.090864E-03 -3.333128E-16 -7.816024E-01  0.000000E+00
  9.694240E-01  1.325036E-02  5.000000E-01  9.792101E-01  1.355770E-02  0.000000E+00 -2.442485E-03  1.053094E-03 -5.872453E-17 -7.827366E-01  0.000000E+00
  9.649940E-01  1.511334E-02  5.000000E-01  9.747354E-01  1.543948E-02  0.000000E+00 -2.696213E-03  1.104595E-03  2.333365E-17 -7.844696E-01  0.000000E+00
  9.600960E-01  1.705454E-02  5.000000E-01  9.697879E-01  1.740028E-02  0.000000E+00 -3.159161E-03  1.223909E-03  2.485062E-17 -7.851879E-01  0.000000E+00
  9.547180E-01  1.905376E-02  5.000000E-01  9.643556E-01  1.941968E-02  0.000000E+00 -3.758645E-03  1.349176E-03  1.006085E-17 -7.891088E-01  0.000000E+00
  9.488510E-01  2.109152E-02  5.000000E-01  9.584294E-01  2.147801E-02  0.000000E+00 -4.073933E-03  1.337298E-03  3.562320E-18 -8.162088E-01  0.000000E+00
  9.424820E-01  2.315248E-02  5.000000E-01  9.519961E-01  2.355978E-02  0.000000E+00 -3.097512E-03  9.426865E-04  2.814862E-18 -8.902368E-01  0.000000E+00
  9.356020E-01  2.522605E-02  5.000000E-01  9.450467E-01  2.565428E-02  0.000000E+00  5.099952E-04 -1.198229E-04  7.624817E-18 -1.004435E+00  0.000000E+00
  9.282010E-01  2.730592E-02  5.000000E-01  9.375709E-01  2.775515E-02  0.000000E+00  7.204343E-03 -1.875919E-03  1.732616E-17 -1.113336E+00  0.000000E+00
  9.202710E-01  2.938682E-02  5.000000E-01  9.295609E-01  2.985706E-02  0.000000E+00  1.517881E-02 -3.773319E-03  2.963644E-17 -1.173773E+00  0.000000E+00
  9.118010E-01  3.145636E-02  5.000000E-01  9.210054E-01  3.194748E-02  0.000000E+00  2.125883E-02 -4.982492E-03  3.710257E-17 -1.181232E+00  0.000000E+00
  9.027810E-01  3.349825E-02  5.000000E-01  9.118943E-01  3.400999E-02  0.000000E+00  2.389939E-02 -5.205956E-03  3.456293E-17 -1.158110E+00  0.000000E+00
  8.932000E-01  3.549648E-02  5.000000E-01  9.022166E-01  3.602838E-02  0.000000E+00  2.407020E-02 -4.814859E-03  2.687111E-17 -1.124484E+00  0.000000E+00
  8.830490E-01  3.743242E-02  5.000000E-01  8.919631E-01  3.798387E-02  0.000000E+00  2.339132E-02 -4.254352E-03  2.004189E-17 -1.088517E+00  0.000000E+00
  8.723190E-01  3.928477E-02  5.000000E-01  8.811248E-01  3.985492E-02  0.000000E+00  2.276054E-02 -3.723904E-03  1.587201E-17 -1.051787E+00  0.000000E+00
  8.723190E-01  3.928477E-02  5.000000E-01  8.811248E-01  3.985492E-02  0.000000E+00  2.276054E-02 -3.723904E-03  1.587201E-17 -1.051787E+00  0.000000E+00
  8.610010E-01  4.103243E-02  5.000000E-01  8.696926E-01  4.162022E-02  0.000000E+00  2.233514E-02 -3.247009E-03  1.161633E-17 -1.014211E+00  0.000000E+00
  8.490890E-01  4.265575E-02  5.000000E-01  8.576603E-01  4.325993E-02  0.000000E+00  2.197876E-02 -2.800343E-03  7.695701E-18 -9.758356E-01  0.000000E+00
  8.365770E-01  4.413853E-02  5.000000E-01  8.450220E-01  4.475767E-02  0.000000E+00  2.155490E-02 -2.375402E-03  6.590176E-18 -9.375834E-01  0.000000E+00
  8.234620E-01  4.547417E-02  5.000000E-01  8.317746E-01  4.610680E-02  0.000000E+00  2.101643E-02 -1.988778E-03  8.970197E-18 -9.017231E-01  0.000000E+00
  8.097400E-01  4.667218E-02  5.000000E-01  8.179141E-01  4.731691E-02  0.000000E+00  2.038937E-02 -1.674442E-03  1.105558E-17 -8.721846E-01  0.000000E+00
  7.954150E-01  4.777042E-02  5.000000E-01  8.034445E-01  4.842623E-02  0.000000E+00  1.973895E-02 -1.474614E-03  1.106460E-17 -8.540774E-01  0.000000E+00
  7.804870E-01  4.884909E-02  5.000000E-01  7.883658E-01  4.951578E-02  0.000000E+00  1.917207E-02 -1.417200E-03  8.678156E-18 -8.509593E-01  0.000000E+00
  7.649630E-01  5.001911E-02  5.000000E-01  7.726851E-01  5.069761E-02  0.000000E+00  1.885290E-02 -1.473416E-03  5.632520E-18 -8.604011E-01  0.000000E+00
  7.488530E-01  5.132508E-02  5.000000E-01  7.564125E-01  5.201677E-02  0.000000E+00  1.888100E-02 -1.590643E-03  2.852497E-18 -8.765822E-01  0.000000E+00
  7.321700E-01  5.278427E-02  5.000000E-01  7.395611E-01  5.349069E-02  0.000000E+00  1.919844E-02 -1.743501E-03 -1.034212E-18 -8.954263E-01  0.000000E+00
  7.149290E-01  5.440652E-02  5.000000E-01  7.221460E-01  5.512932E-02  0.000000E+00  1.968065E-02 -1.913148E-03 -7.792046E-18 -9.140419E-01  0.000000E+00
  6.971500E-01  5.618847E-02  5.000000E-01  7.041876E-01  5.692926E-02  0.000000E+00  2.022396E-02 -2.073919E-03 -1.424266E-17 -9.297687E-01  0.000000E+00
  6.788570E-01  5.810649E-02  5.000000E-01  6.857099E-01  5.886664E-02  0.000000E+00  2.077427E-02 -2.193622E-03 -1.638492E-17 -9.399543E-01  0.000000E+00
  6.600760E-01  6.010598E-02  5.000000E-01  6.667393E-01  6.088631E-02  0.000000E+00  2.129964E-02 -2.244128E-03 -1.920896E-17 -9.427938E-01  0.000000E+00
  6.408370E-01  6.211375E-02  5.000000E-01  6.473061E-01  6.291435E-02  0.000000E+00  2.175051E-02 -2.223385E-03 -2.024430E-17 -9.388257E-01  0.000000E+00
  6.211780E-01  6.408142E-02  5.000000E-01  6.274486E-01  6.490188E-02  0.000000E+00  2.209568E-02 -2.146776E-03 -1.965143E-17 -9.298320E-01  0.000000E+00
  6.011430E-01  6.596963E-02  5.000000E-01  6.072114E-01  6.680916E-02  0.000000E+00  2.235406E-02 -2.026204E-03 -1.913394E-17 -9.170658E-01  0.000000E+00
  5.807790E-01  6.774241E-02  5.000000E-01  5.866418E-01  6.859983E-02  0.000000E+00  2.255728E-02 -1.873173E-03 -1.600876E-17 -9.015027E-01  0.000000E+00
  5.601410E-01  6.937387E-02  5.000000E-01  5.657955E-01  7.024775E-02  0.000000E+00  2.273195E-02 -1.696629E-03 -1.456333E-17 -8.838446E-01  0.000000E+00
  5.392850E-01  7.083938E-02  5.000000E-01  5.447290E-01  7.172806E-02  0.000000E+00  2.289247E-02 -1.503228E-03 -1.634406E-17 -8.647067E-01  0.000000E+00
  5.182680E-01  7.212298E-02  5.000000E-01  5.234998E-01  7.302462E-02  0.000000E+00  2.303782E-02 -1.303520E-03 -1.580510E-17 -8.450326E-01  0.000000E+00
  4.971500E-01  7.322291E-02  5.000000E-01  5.021686E-01  7.413565E-02  0.000000E+00  2.317420E-02 -1.104419E-03 -1.204013E-17 -8.254815E-01  0.000000E+00
  4.759900E-01  7.413798E-02  5.000000E-01  4.807950E-01  7.505996E-02  0.000000E+00  2.331694E-02 -9.059760E-04 -8.783405E-18 -8.061651E-01  0.000000E+00
  2.733630E-06 -4.857970E-04  5.000000E-01  2.813636E-06 -3.171208E-04  0.000000E+00  4.674628E-04 -1.837117E-02  4.027860E-18  1.097250E+00  0.000000E+00
  4.455870E-05 -1.427279E-03  5.000000E-01  4.506092E-05 -1.268107E-03  0.000000E+00  2.253894E-03 -2.187016E-02  3.280189E-17  1.067996E+00  0.000000E+00
  2.731490E-04 -2.960552E-03  5.000000E-01  2.759588E-04 -2.816857E-03  0.000000E+00  6.581109E-03 -2.482736E-02  4.286488E-17  9.473905E-01  0.000000E+00
  9.950900E-04 -4.916324E-03  5.000000E-01  1.005188E-03 -4.792372E-03  0.000000E+00  1.275923E-02 -2.519601E-02  4.097846E-17  7.378147E-01  0.000000E+00
  2.349870E-03 -6.992250E-03  5.000000E-01  2.373644E-03 -6.889254E-03  0.000000E+00  1.844890E-02 -2.400302E-02  3.775143E-17  5.287590E-01  0.000000E+00
  4.254460E-03 -9.121481E-03  5.000000E-01  4.297460E-03 -9.039979E-03  0.000000E+00  2.306647E-02 -2.269453E-02  2.520731E-17  3.573564E-01  0.000000E+00
  6.687140E-03 -1.124537E-02  5.000000E-01  6.754697E-03 -1.118531E-02  0.000000E+00  2.706941E-02 -2.121258E-02  2.971891E-18  1.945984E-01  0.000000E+00
  9.634000E-03 -1.332636E-02  5.000000E-01  9.731305E-03 -1.328730E-02  0.000000E+00  3.033570E-02 -1.921446E-02 -7.989704E-18  2.922489E-02  0.000000E+00
  1.310530E-02 -1.529683E-02  5.000000E-01  1.323765E-02 -1.527767E-02  0.000000E+00  3.256924E-02 -1.656292E-02 -1.020153E-18 -1.347142E-01  0.000000E+00
  1.710810E-02 -1.710509E-02  5.000000E-01  1.728085E-02 -1.710418E-02  0.000000E+00  3.383622E-02 -1.378995E-02  2.385537E-17 -2.748070E-01  0.000000E+00
  2.163760E-02 -1.875177E-02  5.000000E-01  2.185608E-02 -1.876749E-02  0.000000E+00  3.452669E-02 -1.137359E-02  5.687202E-17 -3.816854E-01  0.000000E+00
  2.669190E-02 -2.024665E-02  5.000000E-01  2.696140E-02 -2.027745E-02  0.000000E+00  3.478577E-02 -9.241113E-03  8.066397E-17 -4.678327E-01  0.000000E+00
  3.228310E-02 -2.156566E-02  5.000000E-01  3.260904E-02 -2.160978E-02  0.000000E+00  3.457178E-02 -7.269135E-03  8.970576E-17 -5.429375E-01  0.000000E+00
  3.842170E-02 -2.269684E-02  5.000000E-01  3.880961E-02 -2.275238E-02  0.000000E+00  3.396746E-02 -5.534082E-03  8.979993E-17 -6.059506E-01  0.000000E+00
  4.511710E-02 -2.364113E-02  5.000000E-01  4.557259E-02 -2.370620E-02  0.000000E+00  3.310075E-02 -4.081935E-03  8.441071E-17 -6.556024E-01  0.000000E+00
  5.237940E-02 -2.440400E-02  5.000000E-01  5.290821E-02 -2.447677E-02  0.000000E+00  3.209415E-02 -2.917550E-03  7.523276E-17 -6.914794E-01  0.000000E+00
  6.021800E-02 -2.500137E-02  5.000000E-01  6.082593E-02 -2.508017E-02  0.000000E+00  3.106778E-02 -2.033163E-03  6.597876E-17 -7.135272E-01  0.000000E+00
  6.864140E-02 -2.545874E-02  5.000000E-01  6.933437E-02 -2.554215E-02  0.000000E+00  3.007591E-02 -1.384461E-03  5.507860E-17 -7.233604E-01  0.000000E+00
  7.765990E-02 -2.579741E-02  5.000000E-01  7.844390E-02 -2.588425E-02  0.000000E+00  2.910716E-02 -9.203437E-04  4.286954E-17 -7.227974E-01  0.000000E+00
  8.728340E-02 -2.604286E-02  5.000000E-01  8.816455E-02 -2.613217E-02  0.000000E+00  2.810934E-02 -6.135589E-04  3.444809E-17 -7.122172E-01  0.000000E+00
  9.752070E-02 -2.622763E-02  5.000000E-01  9.850519E-02 -2.631881E-02  0.000000E+00  2.694534E-02 -4.374769E-04  3.075566E-17 -6.915381E-01  0.000000E+00
  1.083810E-01 -2.638410E-02  5.000000E-01  1.094751E-01 -2.647686E-02  0.000000E+00  2.543294E-02 -3.648886E-04  2.535202E-17 -6.599522E-01  0.000000E+00
  1.198710E-01 -2.654846E-02  5.000000E-01  1.210811E-01 -2.664287E-02  0.000000E+00  2.349454E-02 -3.733978E-04  1.899867E-17 -6.152631E-01  0.000000E+00
  1.319970E-01 -2.676105E-02  5.000000E-01  1.333295E-01 -2.685761E-02  0.000000E+00  2.130266E-02 -4.357751E-04  1.373564E-17 -5.550981E-01  0.000000E+00
  1.319970E-01 -2.676105E-02  5.000000E-01  1.333295E-01 -2.685761E-02  0.000000E+00  2.130266E-02 -4.357751E-04  1.373564E-17 -5.550981E-01  0.000000E+00
  1.447640E-01 -2.705973E-02  5.000000E-01  1.462254E-01 -2.715931E-02  0.000000E+00  1.930376E-02 -5.285516E-04  1.008785E-17 -4.794042E-01  0.000000E+00
  1.581750E-01 -2.747926E-02  5.000000E-01  1.597718E-01 -2.758307E-02  0.000000E+00  1.801687E-02 -6.420202E-04  8.231495E-18 -3.943304E-01  0.000000E+00
  1.722290E-01 -2.804014E-02  5.000000E-01  1.739676E-01 -2.814961E-02  0.000000E+00  1.772010E-02 -7.674307E-04  6.777748E-18 -3.144702E-01  0.000000E+00
  1.869240E-01 -2.872883E-02  5.000000E-01  1.888110E-01 -2.884526E-02  0.000000E+00  1.829831E-02 -8.654220E-04  4.300562E-18 -2.587334E-01  0.000000E+00
  2.022540E-01 -2.947153E-02  5.000000E-01  2.042957E-01 -2.959546E-02  0.000000E+00  1.934369E-02 -8.415553E-04  2.831155E-18 -2.413235E-01  0.000000E+00
  2.182110E-01 -3.010273E-02  5.000000E-01  2.204138E-01 -3.023303E-02  0.000000E+00  2.043627E-02 -6.408163E-04  1.681477E-18 -2.598555E-01  0.000000E+00
  2.347810E-01 -3.049253E-02  5.000000E-01  2.371511E-01 -3.062676E-02  0.000000E+00  2.133822E-02 -3.364408E-04  1.178221E-18 -2.954510E-01  0.000000E+00
  2.519470E-01 -3.062912E-02  5.000000E-01  2.544904E-01 -3.076473E-02  0.000000E+00  2.189458E-02 -1.942369E-05  3.483784E-19 -3.309741E-01  0.000000E+00
  2.696890E-01 -3.051918E-02  5.000000E-01  2.724115E-01 -3.065369E-02  0.000000E+00  2.198910E-02  2.636540E-04 -1.026822E-18 -3.585993E-01  0.000000E+00
  2.879810E-01 -3.019178E-02  5.000000E-01  2.908881E-01 -3.032298E-02  0.000000E+00  2.166319E-02  4.709471E-04 -5.187443E-19 -3.742356E-01  0.000000E+00
  3.067920E-01 -2.970608E-02  5.000000E-01  3.098890E-01 -2.983238E-02  0.000000E+00  2.114902E-02  5.737026E-04  2.183653E-20 -3.760358E-01  0.000000E+00
  3.260870E-01 -2.915152E-02  5.000000E-01  3.293788E-01 -2.927221E-02  0.000000E+00  2.077358E-02  5.739986E-04  1.263765E-18 -3.661677E-01  0.000000E+00
  3.458260E-01 -2.862660E-02  5.000000E-01  3.493171E-01 -2.874200E-02  0.000000E+00  2.075382E-02  5.323628E-04  1.260017E-18 -3.538461E-01  0.000000E+00
  3.659650E-01 -2.813332E-02  5.000000E-01  3.696594E-01 -2.824373E-02  0.000000E+00  2.111449E-02  5.232714E-04  1.802344E-18 -3.502994E-01  0.000000E+00
  3.864540E-01 -2.762447E-02  5.000000E-01  3.903552E-01 -2.772975E-02  0.000000E+00  2.172127E-02  5.729613E-04  2.448507E-18 -3.607836E-01  0.000000E+00
  4.072410E-01 -2.704927E-02  5.000000E-01  4.113520E-01 -2.714874E-02  0.000000E+00  2.224079E-02  6.776798E-04  1.526418E-19 -3.843601E-01  0.000000E+00
  4.282690E-01 -2.635659E-02  5.000000E-01  4.325923E-01 -2.644907E-02  0.000000E+00  2.215996E-02  8.171867E-04 -1.377694E-18 -4.145169E-01  0.000000E+00
  4.494800E-01 -2.549375E-02  5.000000E-01  4.540174E-01 -2.557752E-02  0.000000E+00  2.104695E-02  9.402186E-04 -5.537793E-20 -4.369890E-01  0.000000E+00
  4.708130E-01 -2.444285E-02  5.000000E-01  4.755658E-01 -2.451601E-02  0.000000E+00  1.894400E-02  9.895622E-04 -6.129601E-19 -4.314812E-01  0.000000E+00
  4.922030E-01 -2.323266E-02  5.000000E-01  4.971717E-01 -2.329360E-02  0.000000E+00  1.647573E-02  9.696698E-04 -9.564363E-19 -3.836873E-01  0.000000E+00
  5.135860E-01 -2.189422E-02  5.000000E-01  5.187705E-01 -2.194165E-02  0.000000E+00  1.444418E-02  9.355091E-04  1.278802E-18 -2.990348E-01  0.000000E+00
  5.348990E-01 -2.045557E-02  5.000000E-01  5.402987E-01 -2.048848E-02  0.000000E+00  1.328927E-02  9.273248E-04  3.004907E-18 -2.041889E-01  0.000000E+00
  5.560760E-01 -1.894600E-02  5.000000E-01  5.616895E-01 -1.896368E-02  0.000000E+00  1.292346E-02  9.518598E-04  3.222203E-18 -1.311099E-01  0.000000E+00
  4.759900E-01  7.413798E-02  5.000000E-01  4.807950E-01  7.505996E-02  0.000000E+00  2.331694E-02 -9.059760E-04 -8.783405E-18 -8.061651E-01  0.000000E+00
  4.548480E-01  7.486681E-02  5.000000E-01  4.594396E-01  7.579615E-02  0.000000E+00  2.347308E-02 -7.078899E-04 -7.341194E-18 -7.870507E-01  0.000000E+00
  4.337860E-01  7.541100E-02  5.000000E-01  4.381650E-01  7.634583E-02  0.000000E+00  2.364376E-02 -5.072632E-04 -7.493284E-18 -7.677636E-01  0.000000E+00
  4.128620E-01  7.576879E-02  5.000000E-01  4.170298E-01  7.670723E-02  0.000000E+00  2.383011E-02 -2.933821E-04 -7.030258E-18 -7.472521E-01  0.000000E+00
  3.921340E-01  7.592596E-02  5.000000E-01  3.960925E-01  7.686598E-02  0.000000E+00  2.401921E-02 -5.592533E-05 -6.772709E-18 -7.244083E-01  0.000000E+00
  3.716590E-01  7.586723E-02  5.000000E-01  3.754108E-01  7.680667E-02  0.000000E+00  2.418203E-02  2.083911E-04 -8.937086E-18 -6.986299E-01  0.000000E+00
  3.514890E-01  7.557868E-02  5.000000E-01  3.550372E-01  7.651520E-02  0.000000E+00  2.428948E-02  4.984169E-04 -1.017750E-17 -6.697958E-01  0.000000E+00
  3.316730E-01  7.505023E-02  5.000000E-01  3.350212E-01  7.598142E-02  0.000000E+00  2.431717E-02  8.068017E-04 -6.656320E-18 -6.385282E-01  0.000000E+00
  3.122580E-01  7.427975E-02  5.000000E-01  3.154102E-01  7.520316E-02  0.000000E+00  2.424141E-02  1.112605E-03 -4.219361E-18 -6.066888E-01  0.000000E+00
  2.932850E-01  7.328956E-02  5.000000E-01  2.962457E-01  7.420298E-02  0.000000E+00  2.405830E-02  1.394533E-03 -2.787902E-18 -5.764129E-01  0.000000E+00
  2.747930E-01  7.210918E-02  5.000000E-01  2.775670E-01  7.301068E-02  0.000000E+00  2.379593E-02  1.648145E-03 -1.303547E-18 -5.487627E-01  0.000000E+00
  2.568150E-01  7.076504E-02  5.000000E-01  2.594075E-01  7.165297E-02  0.000000E+00  2.349158E-02  1.878677E-03 -2.091858E-18 -5.240008E-01  0.000000E+00
  2.393810E-01  6.927941E-02  5.000000E-01  2.417975E-01  7.015235E-02  0.000000E+00  2.317847E-02  2.094071E-03 -2.253845E-18 -5.023163E-01  0.000000E+00
  2.225160E-01  6.767037E-02  5.000000E-01  2.247623E-01  6.852706E-02  0.000000E+00  2.288300E-02  2.300058E-03 -2.095319E-18 -4.849031E-01  0.000000E+00
  2.062420E-01  6.595185E-02  5.000000E-01  2.083240E-01  6.679119E-02  0.000000E+00  2.260698E-02  2.468173E-03 -2.582220E-18 -4.765614E-01  0.000000E+00
  1.905750E-01  6.418003E-02  5.000000E-01  1.924988E-01  6.500149E-02  0.000000E+00  2.237015E-02  2.541471E-03 -2.023538E-18 -4.845128E-01  0.000000E+00
  1.755290E-01  6.245785E-02  5.000000E-01  1.773010E-01  6.326192E-02  0.000000E+00  2.231850E-02  2.539371E-03  1.484055E-18 -5.093618E-01  0.000000E+00
  1.611160E-01  6.082743E-02  5.000000E-01  1.627425E-01  6.161504E-02  0.000000E+00  2.263270E-02  2.543028E-03  2.412174E-18 -5.441468E-01  0.000000E+00
  1.473410E-01  5.929130E-02  5.000000E-01  1.488284E-01  6.006340E-02  0.000000E+00  2.334956E-02  2.600794E-03  2.473500E-18 -5.812751E-01  0.000000E+00
  1.342110E-01  5.783205E-02  5.000000E-01  1.355659E-01  5.858943E-02  0.000000E+00  2.435500E-02  2.727956E-03  1.875900E-18 -6.153040E-01  0.000000E+00
  1.217280E-01  5.642425E-02  5.000000E-01  1.229569E-01  5.716742E-02  0.000000E+00  2.547358E-02  2.924720E-03  1.181269E-18 -6.436131E-01  0.000000E+00
  1.098910E-01  5.504235E-02  5.000000E-01  1.110004E-01  5.577156E-02  0.000000E+00  2.657429E-02  3.196877E-03  3.573846E-18 -6.652188E-01  0.000000E+00
  9.869950E-02  5.365766E-02  5.000000E-01  9.969589E-02  5.437289E-02  0.000000E+00  2.760808E-02  3.559874E-03  7.409843E-18 -6.797556E-01  0.000000E+00
  8.814970E-02  5.224383E-02  5.000000E-01  8.903960E-02  5.294480E-02  0.000000E+00  2.858930E-02  4.039696E-03  1.077572E-17 -6.867543E-01  0.000000E+00
  8.814970E-02  5.224383E-02  5.000000E-01  8.903960E-02  5.294480E-02  0.000000E+00  2.858930E-02  4.039696E-03  1.077572E-17 -6.867543E-01  0.000000E+00
  7.823720E-02  5.077329E-02  5.000000E-01  7.902703E-02  5.145941E-02  0.000000E+00  2.955818E-02  4.679235E-03  1.574642E-17 -6.849178E-01  0.000000E+00
  6.895800E-02  4.921467E-02  5.000000E-01  6.965416E-02  4.988506E-02  0.000000E+00  3.052605E-02  5.520466E-03  2.089935E-17 -6.727346E-01  0.000000E+00
  6.030560E-02  4.754178E-02  5.000000E-01  6.091442E-02  4.819528E-02  0.000000E+00  3.147690E-02  6.617840E-03  2.291588E-17 -6.477310E-01  0.000000E+00
  5.227560E-02  4.572218E-02  5.000000E-01  5.280336E-02  4.635731E-02  0.000000E+00  3.235149E-02  8.032681E-03  2.350014E-17 -6.063866E-01  0.000000E+00
  4.486350E-02  4.372500E-02  5.000000E-01  4.531643E-02  4.433997E-02  0.000000E+00  3.300869E-02  9.786335E-03  1.613828E-17 -5.456643E-01  0.000000E+00
  3.806240E-02  4.152808E-02  5.000000E-01  3.844668E-02  4.212087E-02  0.000000E+00  3.326330E-02  1.187644E-02  6.685780E-18 -4.616769E-01  0.000000E+00
  3.186880E-02  3.910690E-02  5.000000E-01  3.219056E-02  3.967525E-02  0.000000E+00  3.287107E-02  1.421104E-02 -1.309216E-18 -3.512221E-01  0.000000E+00
  2.627530E-02  3.645183E-02  5.000000E-01  2.654059E-02  3.699338E-02  0.000000E+00  3.157726E-02  1.656424E-02 -6.330683E-18 -2.135187E-01  0.000000E+00
  2.127350E-02  3.356529E-02  5.000000E-01  2.148830E-02  3.407770E-02  0.000000E+00  2.925567E-02  1.866067E-02 -9.250684E-18 -4.861952E-02  0.000000E+00
  1.685790E-02  3.045443E-02  5.000000E-01  1.702813E-02  3.093543E-02  0.000000E+00  2.595481E-02  2.014273E-02 -1.324533E-17  1.379124E-01  0.000000E+00
  1.301460E-02  2.715440E-02  5.000000E-01  1.314603E-02  2.760210E-02  0.000000E+00  2.193318E-02  2.071929E-02 -1.848296E-17  3.364706E-01  0.000000E+00
  9.730790E-03  2.371062E-02  5.000000E-01  9.829072E-03  2.412355E-02  0.000000E+00  1.759183E-02  2.032046E-02 -2.640293E-17  5.379821E-01  0.000000E+00
  6.996180E-03  2.017808E-02  5.000000E-01  7.066857E-03  2.055536E-02  0.000000E+00  1.333826E-02  1.892699E-02 -2.882748E-17  7.274200E-01  0.000000E+00
  4.781010E-03  1.664835E-02  5.000000E-01  4.829325E-03  1.698999E-02  0.000000E+00  9.486575E-03  1.663398E-02 -2.400912E-17  8.911832E-01  0.000000E+00
  3.054950E-03  1.321701E-02  5.000000E-01  3.085841E-03  1.352401E-02  0.000000E+00  6.195505E-03  1.365778E-02 -2.216893E-17  1.024698E+00  0.000000E+00
  1.789910E-03  9.979306E-03  5.000000E-01  1.808031E-03  1.025362E-02  0.000000E+00  3.553552E-03  1.012893E-02 -2.216979E-17  1.123363E+00  0.000000E+00
  9.331870E-04  7.044388E-03  5.000000E-01  9.426596E-04  7.289079E-03  0.000000E+00  1.622435E-03  6.129565E-03 -1.589637E-17  1.183467E+00  0.000000E+00
  4.085430E-04  4.520852E-03  5.000000E-01  4.127195E-04  4.740069E-03  0.000000E+00  3.832764E-04  1.749064E-03 -1.953161E-17  1.207863E+00  0.000000E+00
  1.354760E-04  2.496042E-03  5.000000E-01  1.368960E-04  2.694819E-03  0.000000E+00 -2.376840E-04 -2.975399E-03 -3.407737E-17  1.204262E+00  0.000000E+00
  2.683130E-05  1.022141E-03  5.000000E-01  2.715456E-05  1.206039E-03  0.000000E+00 -3.427644E-04 -8.037422E-03 -4.431898E-17  1.181005E+00  0.000000E+00
  1.320070E-06  1.278049E-04  5.000000E-01  1.385807E-06  3.026753E-04  0.000000E+00 -2.071586E-04 -1.295663E-02 -4.659307E-17  1.140731E+00  0.000000E+00
 -5.188750E-08 -1.718455E-04  5.000000E-01  0.000000E+00  0.000000E+00  0.000000E+00 -4.369957E-05 -1.607929E-02 -3.005283E-17  1.105820E+00  0.000000E+00
  2.733630E-06 -4.857970E-04  5.000000E-01  2.813636E-06 -3.171208E-04  0.000000E+00  4.674628E-04 -1.837117E-02  4.027860E-18  1.097250E+00  0.000000E+00
    1    2
    2    3
    3    4
    4    5
    5    6
    6    7
    7    8
    8    9
    9   10
   10   11
   11   12
   12   13
   13   14
   14   15
   15   16
   16   17
   17   18
   18   19
   19   20
   20   21
   21   22
   22   23
   23   24
   25   26
   26   27
   27   28
   28   29
   29   30
   30   31
   31   32
   32   33
   33   34
   34   35
   35   36
   36   37
   37   38
   38   39
   39   40
   40   41
   41   42
   42   43
   43   44
   44   45
   45   46
   46   47
   47   48
   49   50
   50   51
   51   52
   52   53
   53   54
   54   55
   55   56
   56   57
   57   58
   58   59
   59   60
   60   61
   61   62
   62   63
   63   64
   64   65
   65   66
   66   67
   67   68
   68   69
   69   70
   70   71
   71   72
   73   74
   74   75
   75   76
   76   77
   77   78
   78   79
   79   80
   80   81
   81   82
   82   83
   83   84
   84   85
   85   86
   86   87
   87   88
   88   89
   89   90
   90   91
   91   92
   92   93
   93   94
   94   95
   95   96
   97   98
   98   99
   99  100
  100  101
  101  102
  102  103
  103  104
  104  105
  105  106
  106  107
  107  108
  108  109
  109  110
  110  111
  111  112
  112  113
  113  114
  114  115
  115  116
  116  117
  117  118
  118  119
  119  120
  121  122
  122  123
  123  124
  124  125
  125  126
  126  127
  127  128
  128  129
  129  130
  130  131
  131  132
  132  133
  133  134
  134  135
  135  136
  136  137
  137  138
  138  139
  139  140
  140  141
  141  142
  142  143
  143  144
  145  146
  146  147
  147  148
  148  149
  149  150
  150  151
  151  152
  152  153
  153  154
  154  155
  155  156
  156  157
  157  158
  158  159
  159  160
  160  161
  161  162
  162  163
  163  164
  164  165
  165  166
  166  167
  167  168
  169  170
  170  171
  171  172
  172  173
  173  174
  174  175
  175  176
  176  177
  177  178
  178  179
  179  180
  180  181
  181  182
  182  183
  183  184
  184  185
  185  186
  186  187
  187  188
  188  189
  189  190
  190  191
  191  192
