 Title = "ADflow Slice Data"
Variables =  "CoordinateX"  "CoordinateY"  "CoordinateZ"  "XoC"  "YoC"  "ZoC" "VelocityX" "VelocityY" "VelocityZ" "CoefPressure" "Mach" 
Zone T= "Slice_0001 None Absolute Regular z = 0.50000000"
 Nodes =          192  Elements=          184  ZONETYPE=FELINESEG
 DATAPACKING=POINT
  5.560760E-01 -1.893738E-02  5.000000E-01  5.616895E-01 -1.895503E-02  0.000000E+00  1.506935E-02  1.097851E-03 -1.405415E-18 -1.687815E-01  0.000000E+00
  5.770550E-01 -1.737422E-02  5.000000E-01  5.828802E-01 -1.737609E-02  0.000000E+00  1.470345E-02  1.131724E-03 -9.111879E-19 -1.386940E-01  0.000000E+00
  5.977760E-01 -1.573236E-02  5.000000E-01  6.038104E-01 -1.571766E-02  0.000000E+00  1.434499E-02  1.180868E-03  1.188480E-18 -1.170544E-01  0.000000E+00
  6.181820E-01 -1.398904E-02  5.000000E-01  6.244224E-01 -1.395674E-02  0.000000E+00  1.386008E-02  1.236341E-03  5.602224E-19 -9.831521E-02  0.000000E+00
  6.382180E-01 -1.212082E-02  5.000000E-01  6.446607E-01 -1.206966E-02  0.000000E+00  1.317293E-02  1.283637E-03  3.835881E-20 -7.591632E-02  0.000000E+00
  6.578350E-01 -1.011752E-02  5.000000E-01  6.644757E-01 -1.004614E-02  0.000000E+00  1.228080E-02  1.306152E-03  7.480006E-19 -4.560719E-02  0.000000E+00
  6.769910E-01 -7.989225E-03  5.000000E-01  6.838251E-01 -7.896360E-03  0.000000E+00  1.122987E-02  1.293467E-03  7.513508E-19 -7.222200E-03  0.000000E+00
  6.956490E-01 -5.755920E-03  5.000000E-01  7.026714E-01 -5.640511E-03  0.000000E+00  1.008196E-02  1.242170E-03  6.318806E-19  3.650625E-02  0.000000E+00
  7.137810E-01 -3.451360E-03  5.000000E-01  7.209864E-01 -3.312686E-03  0.000000E+00  8.894285E-03  1.153375E-03  1.007561E-19  8.239053E-02  0.000000E+00
  7.313660E-01 -1.120504E-03  5.000000E-01  7.387490E-01 -9.583019E-04  0.000000E+00  7.709600E-03  1.035057E-03  8.754695E-19  1.278354E-01  0.000000E+00
  7.483850E-01  1.196891E-03  5.000000E-01  7.559398E-01  1.382487E-03  0.000000E+00  6.563114E-03  9.013867E-04  1.406924E-18  1.711206E-01  0.000000E+00
  7.648220E-01  3.475077E-03  5.000000E-01  7.725427E-01  3.683670E-03  0.000000E+00  5.499893E-03  7.667433E-04  1.167592E-20  2.113346E-01  0.000000E+00
  7.806630E-01  5.696429E-03  5.000000E-01  7.885436E-01  5.927446E-03  0.000000E+00  4.589294E-03  6.367980E-04 -1.959975E-18  2.488134E-01  0.000000E+00
  7.958970E-01  7.793010E-03  5.000000E-01  8.039314E-01  8.045191E-03  0.000000E+00  3.923651E-03  5.111349E-04 -1.401013E-18  2.851129E-01  0.000000E+00
  8.105170E-01  9.581264E-03  5.000000E-01  8.186990E-01  9.851498E-03  0.000000E+00  3.565200E-03  3.974806E-04 -8.066769E-19  3.175440E-01  0.000000E+00
  8.245160E-01  1.096951E-02  5.000000E-01  8.328393E-01  1.125376E-02  0.000000E+00  3.500936E-03  3.032720E-04 -1.336489E-18  3.407526E-01  0.000000E+00
  8.378940E-01  1.195579E-02  5.000000E-01  8.463523E-01  1.225000E-02  0.000000E+00  3.669868E-03  2.236733E-04 -9.652057E-19  3.542286E-01  0.000000E+00
  8.506490E-01  1.258261E-02  5.000000E-01  8.592361E-01  1.288314E-02  0.000000E+00  4.006106E-03  1.495408E-04 -4.637296E-19  3.609346E-01  0.000000E+00
  8.627850E-01  1.290853E-02  5.000000E-01  8.714946E-01  1.321235E-02  0.000000E+00  4.455499E-03  7.365318E-05  7.053300E-20  3.634017E-01  0.000000E+00
  8.743060E-01  1.299328E-02  5.000000E-01  8.831319E-01  1.329795E-02  0.000000E+00  4.974388E-03 -7.905128E-06 -8.288814E-19  3.627721E-01  0.000000E+00
  8.852170E-01  1.288857E-02  5.000000E-01  8.941530E-01  1.319219E-02  0.000000E+00  5.528455E-03 -9.653896E-05 -3.028948E-19  3.596841E-01  0.000000E+00
  8.955250E-01  1.263546E-02  5.000000E-01  9.045651E-01  1.293652E-02  0.000000E+00  6.093608E-03 -1.922581E-04  1.189667E-18  3.546615E-01  0.000000E+00
  9.052400E-01  1.226694E-02  5.000000E-01  9.143782E-01  1.256429E-02  0.000000E+00  6.656526E-03 -2.950422E-04  1.065860E-18  3.481116E-01  0.000000E+00
  9.143710E-01  1.180872E-02  5.000000E-01  9.236013E-01  1.210143E-02  0.000000E+00  7.215989E-03 -4.076800E-04  1.200234E-18  3.404660E-01  0.000000E+00
  9.143710E-01  1.180872E-02  5.000000E-01  9.236013E-01  1.210143E-02  0.000000E+00  7.215989E-03 -4.076800E-04  1.200234E-18  3.404660E-01  0.000000E+00
  9.229270E-01  1.127570E-02  5.000000E-01  9.322437E-01  1.156303E-02  0.000000E+00  7.782304E-03 -5.357132E-04  6.188903E-19  3.319639E-01  0.000000E+00
  9.309180E-01  1.067717E-02  5.000000E-01  9.403154E-01  1.095847E-02  0.000000E+00  8.372837E-03 -6.844242E-04  2.102811E-19  3.223535E-01  0.000000E+00
  9.383550E-01  1.002181E-02  5.000000E-01  9.478274E-01  1.029649E-02  0.000000E+00  9.008294E-03 -8.587585E-04  1.061394E-18  3.111705E-01  0.000000E+00
  9.452490E-01  9.318406E-03  5.000000E-01  9.547910E-01  9.585986E-03  0.000000E+00  9.712267E-03 -1.065479E-03  1.259251E-18  2.980312E-01  0.000000E+00
  9.516100E-01  8.575425E-03  5.000000E-01  9.612163E-01  8.835504E-03  0.000000E+00  1.051133E-02 -1.313228E-03  3.828145E-19  2.825372E-01  0.000000E+00
  9.574470E-01  7.802406E-03  5.000000E-01  9.671122E-01  8.054683E-03  0.000000E+00  1.143322E-02 -1.610907E-03 -2.932510E-21  2.640881E-01  0.000000E+00
  9.627730E-01  7.010621E-03  5.000000E-01  9.724919E-01  7.254904E-03  0.000000E+00  1.250622E-02 -1.968058E-03 -2.043954E-18  2.419982E-01  0.000000E+00
  9.675950E-01  6.213529E-03  5.000000E-01  9.773626E-01  6.449766E-03  0.000000E+00  1.376153E-02 -2.394267E-03 -6.792393E-18  2.155477E-01  0.000000E+00
  9.719240E-01  5.426260E-03  5.000000E-01  9.817353E-01  5.654550E-03  0.000000E+00  1.523978E-02 -2.899842E-03 -7.579161E-18  1.839093E-01  0.000000E+00
  9.757700E-01  4.665252E-03  5.000000E-01  9.856201E-01  4.885859E-03  0.000000E+00  1.700467E-02 -3.501228E-03  1.706568E-17  1.462522E-01  0.000000E+00
  9.791410E-01  3.947049E-03  5.000000E-01  9.890252E-01  4.160407E-03  0.000000E+00  1.915578E-02 -4.223987E-03  7.287475E-17  1.016762E-01  0.000000E+00
  9.820450E-01  3.287576E-03  5.000000E-01  9.919585E-01  3.494277E-03  0.000000E+00  2.181155E-02 -5.099574E-03  7.375755E-17  4.883761E-02  0.000000E+00
  9.844890E-01  2.701614E-03  5.000000E-01  9.944272E-01  2.902399E-03  0.000000E+00  2.503637E-02 -6.152372E-03 -2.220928E-16 -1.397069E-02  0.000000E+00
  9.864800E-01  2.202489E-03  5.000000E-01  9.964383E-01  2.398236E-03  0.000000E+00  2.875898E-02 -7.337854E-03 -1.023039E-15 -8.719630E-02  0.000000E+00
  9.880230E-01  1.801935E-03  5.000000E-01  9.979968E-01  1.993639E-03  0.000000E+00  3.246661E-02 -8.457776E-03 -1.501091E-15 -1.778134E-01  0.000000E+00
  9.891220E-01  1.509206E-03  5.000000E-01  9.991069E-01  1.697954E-03  0.000000E+00  3.594012E-02 -9.743248E-03  2.178618E-15 -2.866532E-01  0.000000E+00
  9.897810E-01  1.330851E-03  5.000000E-01  9.997726E-01  1.517799E-03  0.000000E+00  5.277856E-02 -1.246247E-02  1.545960E-14 -3.054858E-01  0.000000E+00
  9.900000E-01  1.270978E-03  5.000000E-01  9.999938E-01  1.457322E-03  0.000000E+00  3.650508E-02 -2.271769E-03  2.191873E-14 -6.802969E-01  0.000000E+00
  9.900000E-01  1.680481E-03  5.000000E-01  9.999938E-01  1.870958E-03  0.000000E+00  2.127882E-03 -7.784879E-03  3.647936E-14 -9.797321E-01  0.000000E+00
  9.900000E-01  2.089983E-03  5.000000E-01  9.999938E-01  2.284594E-03  0.000000E+00 -5.416405E-04 -2.193302E-02  6.950100E-14 -8.245027E-01  0.000000E+00
  9.900000E-01  2.499486E-03  5.000000E-01  9.999938E-01  2.698231E-03  0.000000E+00 -1.402048E-04 -1.348736E-02  9.584533E-14 -7.968356E-01  0.000000E+00
  9.900000E-01  2.908973E-03  5.000000E-01  9.999938E-01  3.111852E-03  0.000000E+00  3.202155E-04 -8.314707E-03  1.144369E-13 -8.268174E-01  0.000000E+00
  9.900000E-01  3.318476E-03  5.000000E-01  9.999938E-01  3.525488E-03  0.000000E+00  4.471658E-03 -6.759595E-03  1.279118E-13 -7.915298E-01  0.000000E+00
  9.900000E-01  3.318476E-03  5.000000E-01  9.999938E-01  3.525488E-03  0.000000E+00  4.471658E-03 -6.759595E-03  1.279118E-13 -7.915298E-01  0.000000E+00
  9.897980E-01  3.422616E-03  5.000000E-01  9.997897E-01  3.630679E-03  0.000000E+00  5.440388E-03 -3.343146E-03  1.199233E-13 -7.432867E-01  0.000000E+00
  9.891900E-01  3.735030E-03  5.000000E-01  9.991756E-01  3.946247E-03  0.000000E+00  1.129663E-03 -5.170209E-04  8.507726E-14 -7.513421E-01  0.000000E+00
  9.881780E-01  4.255032E-03  5.000000E-01  9.981534E-01  4.471499E-03  0.000000E+00 -1.264689E-03  6.524290E-04  4.670730E-14 -7.584313E-01  0.000000E+00
  9.867570E-01  4.981321E-03  5.000000E-01  9.967180E-01  5.205119E-03  0.000000E+00 -2.628988E-03  1.328626E-03  1.898803E-14 -7.652884E-01  0.000000E+00
  9.849260E-01  5.910379E-03  5.000000E-01  9.948686E-01  6.143556E-03  0.000000E+00 -3.237706E-03  1.632676E-03  4.490378E-15 -7.750996E-01  0.000000E+00
  9.826810E-01  7.035720E-03  5.000000E-01  9.926009E-01  7.280257E-03  0.000000E+00 -3.243827E-03  1.615539E-03 -7.408607E-16 -7.842910E-01  0.000000E+00
  9.800160E-01  8.347601E-03  5.000000E-01  9.899090E-01  8.605381E-03  0.000000E+00 -2.935690E-03  1.430709E-03 -1.494293E-15 -7.899081E-01  0.000000E+00
  9.769240E-01  9.831944E-03  5.000000E-01  9.867858E-01  1.010471E-02  0.000000E+00 -2.610734E-03  1.233251E-03 -9.082773E-16 -7.920885E-01  0.000000E+00
  9.733970E-01  1.146760E-02  5.000000E-01  9.832232E-01  1.175688E-02  0.000000E+00 -2.455836E-03  1.111477E-03 -3.299344E-16 -7.928363E-01  0.000000E+00
  9.694240E-01  1.322808E-02  5.000000E-01  9.792101E-01  1.353513E-02  0.000000E+00 -2.529870E-03  1.089224E-03 -4.910565E-17 -7.940749E-01  0.000000E+00
  9.649940E-01  1.508665E-02  5.000000E-01  9.747354E-01  1.541246E-02  0.000000E+00 -2.829711E-03  1.159321E-03  2.659174E-17 -7.954724E-01  0.000000E+00
  9.600960E-01  1.702310E-02  5.000000E-01  9.697879E-01  1.736846E-02  0.000000E+00 -3.347061E-03  1.292101E-03  2.465885E-17 -7.959485E-01  0.000000E+00
  9.547180E-01  1.901727E-02  5.000000E-01  9.643556E-01  1.938276E-02  0.000000E+00 -3.940605E-03  1.403054E-03  1.154544E-17 -8.035907E-01  0.000000E+00
  9.488510E-01  2.104976E-02  5.000000E-01  9.584294E-01  2.143577E-02  0.000000E+00 -4.028115E-03  1.313486E-03  4.608391E-18 -8.419557E-01  0.000000E+00
  9.424820E-01  2.310533E-02  5.000000E-01  9.519961E-01  2.351209E-02  0.000000E+00 -2.449021E-03  7.492485E-04  4.518668E-18 -9.294157E-01  0.000000E+00
  9.356020E-01  2.517347E-02  5.000000E-01  9.450467E-01  2.560110E-02  0.000000E+00  2.061198E-03 -5.495134E-04  1.059540E-17 -1.046643E+00  0.000000E+00
  9.282010E-01  2.724802E-02  5.000000E-01  9.375709E-01  2.769659E-02  0.000000E+00  9.431914E-03 -2.469440E-03  2.215010E-17 -1.143847E+00  0.000000E+00
  9.202710E-01  2.932384E-02  5.000000E-01  9.295609E-01  2.979337E-02  0.000000E+00  1.718559E-02 -4.285255E-03  3.386028E-17 -1.187481E+00  0.000000E+00
  9.118010E-01  3.138873E-02  5.000000E-01  9.210054E-01  3.187910E-02  0.000000E+00  2.230747E-02 -5.230445E-03  3.702087E-17 -1.183680E+00  0.000000E+00
  9.027810E-01  3.342662E-02  5.000000E-01  9.118943E-01  3.393757E-02  0.000000E+00  2.407567E-02 -5.237402E-03  3.169256E-17 -1.156471E+00  0.000000E+00
  8.932000E-01  3.542176E-02  5.000000E-01  9.022166E-01  3.595284E-02  0.000000E+00  2.386867E-02 -4.767038E-03  2.425476E-17 -1.122403E+00  0.000000E+00
  8.830490E-01  3.735582E-02  5.000000E-01  8.919631E-01  3.790643E-02  0.000000E+00  2.317419E-02 -4.211284E-03  1.919693E-17 -1.086974E+00  0.000000E+00
  8.723190E-01  3.920785E-02  5.000000E-01  8.811248E-01  3.977715E-02  0.000000E+00  2.263980E-02 -3.704805E-03  1.481768E-17 -1.050855E+00  0.000000E+00
  8.723190E-01  3.920785E-02  5.000000E-01  8.811248E-01  3.977715E-02  0.000000E+00  2.263980E-02 -3.704805E-03  1.481768E-17 -1.050855E+00  0.000000E+00
  8.610010E-01  4.095712E-02  5.000000E-01  8.696926E-01  4.154408E-02  0.000000E+00  2.229208E-02 -3.245779E-03  1.197360E-17 -1.013816E+00  0.000000E+00
  8.490890E-01  4.258437E-02  5.000000E-01  8.576603E-01  4.318776E-02  0.000000E+00  2.197093E-02 -2.808746E-03  1.052851E-17 -9.759372E-01  0.000000E+00
  8.365770E-01  4.407378E-02  5.000000E-01  8.450220E-01  4.469220E-02  0.000000E+00  2.155772E-02 -2.389275E-03  9.305058E-18 -9.381718E-01  0.000000E+00
  8.234620E-01  4.541896E-02  5.000000E-01  8.317746E-01  4.605097E-02  0.000000E+00  2.102408E-02 -2.006640E-03  9.409262E-18 -9.027799E-01  0.000000E+00
  8.097400E-01  4.662937E-02  5.000000E-01  8.179141E-01  4.727360E-02  0.000000E+00  2.040442E-02 -1.695212E-03  1.013522E-17 -8.736214E-01  0.000000E+00
  7.954150E-01  4.774218E-02  5.000000E-01  8.034445E-01  4.839764E-02  0.000000E+00  1.976471E-02 -1.496455E-03  1.035309E-17 -8.556844E-01  0.000000E+00
  7.804870E-01  4.883591E-02  5.000000E-01  7.883658E-01  4.950241E-02  0.000000E+00  1.920884E-02 -1.437627E-03  9.097268E-18 -8.524244E-01  0.000000E+00
  7.649630E-01  5.001895E-02  5.000000E-01  7.726851E-01  5.069739E-02  0.000000E+00  1.889629E-02 -1.490540E-03  6.683176E-18 -8.614517E-01  0.000000E+00
  7.488530E-01  5.133478E-02  5.000000E-01  7.564125E-01  5.202650E-02  0.000000E+00  1.892352E-02 -1.603585E-03  2.774974E-18 -8.770809E-01  0.000000E+00
  7.321700E-01  5.280027E-02  5.000000E-01  7.395611E-01  5.350678E-02  0.000000E+00  1.923338E-02 -1.751731E-03 -2.085638E-18 -8.953450E-01  0.000000E+00
  7.149290E-01  5.442514E-02  5.000000E-01  7.221460E-01  5.514806E-02  0.000000E+00  1.970439E-02 -1.916491E-03 -7.218835E-18 -9.134386E-01  0.000000E+00
  6.971500E-01  5.620633E-02  5.000000E-01  7.041876E-01  5.694722E-02  0.000000E+00  2.023594E-02 -2.072896E-03 -1.138245E-17 -9.287739E-01  0.000000E+00
  6.788570E-01  5.812107E-02  5.000000E-01  6.857099E-01  5.888130E-02  0.000000E+00  2.077581E-02 -2.189609E-03 -1.440971E-17 -9.387510E-01  0.000000E+00
  6.600760E-01  6.011629E-02  5.000000E-01  6.667393E-01  6.089666E-02  0.000000E+00  2.129314E-02 -2.239076E-03 -1.765318E-17 -9.415733E-01  0.000000E+00
  6.408370E-01  6.212049E-02  5.000000E-01  6.473061E-01  6.292109E-02  0.000000E+00  2.173959E-02 -2.218854E-03 -1.901537E-17 -9.377130E-01  0.000000E+00
  6.211780E-01  6.408567E-02  5.000000E-01  6.274486E-01  6.490611E-02  0.000000E+00  2.208399E-02 -2.143443E-03 -1.813511E-17 -9.288668E-01  0.000000E+00
  6.011430E-01  6.597246E-02  5.000000E-01  6.072114E-01  6.681195E-02  0.000000E+00  2.234352E-02 -2.024236E-03 -1.764594E-17 -9.162477E-01  0.000000E+00
  5.807790E-01  6.774486E-02  5.000000E-01  5.866418E-01  6.860223E-02  0.000000E+00  2.254813E-02 -1.872500E-03 -1.605866E-17 -9.008188E-01  0.000000E+00
  5.601410E-01  6.937687E-02  5.000000E-01  5.657955E-01  7.025073E-02  0.000000E+00  2.272371E-02 -1.697096E-03 -1.320568E-17 -8.832827E-01  0.000000E+00
  5.392850E-01  7.084381E-02  5.000000E-01  5.447290E-01  7.173247E-02  0.000000E+00  2.288461E-02 -1.504795E-03 -1.181809E-17 -8.642690E-01  0.000000E+00
  5.182680E-01  7.212979E-02  5.000000E-01  5.234998E-01  7.303143E-02  0.000000E+00  2.303012E-02 -1.306392E-03 -1.099843E-17 -8.447443E-01  0.000000E+00
  4.971500E-01  7.323338E-02  5.000000E-01  5.021686E-01  7.414616E-02  0.000000E+00  2.316704E-02 -1.108960E-03 -9.738920E-18 -8.253846E-01  0.000000E+00
  4.759900E-01  7.415369E-02  5.000000E-01  4.807950E-01  7.507577E-02  0.000000E+00  2.331137E-02 -9.125877E-04 -9.788672E-18 -8.063071E-01  0.000000E+00
  2.733630E-06 -4.855490E-04  5.000000E-01  2.813636E-06 -3.169369E-04  0.000000E+00  4.686381E-04 -1.840573E-02  1.919078E-18  1.096919E+00  0.000000E+00
  4.455870E-05 -1.426487E-03  5.000000E-01  4.506092E-05 -1.267373E-03  0.000000E+00  2.258775E-03 -2.190604E-02  2.906574E-17  1.067589E+00  0.000000E+00
  2.731490E-04 -2.958882E-03  5.000000E-01  2.759588E-04 -2.815238E-03  0.000000E+00  6.593037E-03 -2.486043E-02  4.199196E-17  9.467723E-01  0.000000E+00
  9.950900E-04 -4.913569E-03  5.000000E-01  1.005188E-03 -4.789656E-03  0.000000E+00  1.277741E-02 -2.521997E-02  4.198262E-17  7.369508E-01  0.000000E+00
  2.349870E-03 -6.988403E-03  5.000000E-01  2.373644E-03 -6.885435E-03  0.000000E+00  1.846852E-02 -2.401698E-02  3.955614E-17  5.277879E-01  0.000000E+00
  4.254460E-03 -9.116581E-03  5.000000E-01  4.297460E-03 -9.035097E-03  0.000000E+00  2.308448E-02 -2.270171E-02  2.624690E-17  3.564099E-01  0.000000E+00
  6.687140E-03 -1.123949E-02  5.000000E-01  6.754697E-03 -1.117944E-02  0.000000E+00  2.708528E-02 -2.121572E-02  5.186579E-18  1.937157E-01  0.000000E+00
  9.634000E-03 -1.331959E-02  5.000000E-01  9.731305E-03 -1.328053E-02  0.000000E+00  3.034949E-02 -1.921529E-02 -6.471116E-18  2.840064E-02  0.000000E+00
  1.310530E-02 -1.528927E-02  5.000000E-01  1.323765E-02 -1.527010E-02  0.000000E+00  3.258114E-02 -1.656246E-02 -1.147674E-18 -1.355044E-01  0.000000E+00
  1.710810E-02 -1.709682E-02  5.000000E-01  1.728085E-02 -1.709589E-02  0.000000E+00  3.384672E-02 -1.378874E-02  2.349770E-17 -2.755982E-01  0.000000E+00
  2.163760E-02 -1.874282E-02  5.000000E-01  2.185608E-02 -1.875851E-02  0.000000E+00  3.453639E-02 -1.137171E-02  5.602089E-17 -3.825160E-01  0.000000E+00
  2.669190E-02 -2.023697E-02  5.000000E-01  2.696140E-02 -2.026774E-02  0.000000E+00  3.479524E-02 -9.238415E-03  7.886498E-17 -4.687359E-01  0.000000E+00
  3.228310E-02 -2.155511E-02  5.000000E-01  3.260904E-02 -2.159919E-02  0.000000E+00  3.458167E-02 -7.265356E-03  8.793452E-17 -5.439447E-01  0.000000E+00
  3.842170E-02 -2.268517E-02  5.000000E-01  3.880961E-02 -2.274066E-02  0.000000E+00  3.397872E-02 -5.528928E-03  8.931270E-17 -6.071002E-01  0.000000E+00
  4.511710E-02 -2.362793E-02  5.000000E-01  4.557260E-02 -2.369294E-02  0.000000E+00  3.311470E-02 -4.075082E-03  8.495631E-17 -6.569403E-01  0.000000E+00
  5.237940E-02 -2.438871E-02  5.000000E-01  5.290821E-02 -2.446139E-02  0.000000E+00  3.211182E-02 -2.908592E-03  7.678850E-17 -6.930591E-01  0.000000E+00
  6.021800E-02 -2.498319E-02  5.000000E-01  6.082593E-02 -2.506188E-02  0.000000E+00  3.108849E-02 -2.021584E-03  6.636451E-17 -7.154071E-01  0.000000E+00
  6.864140E-02 -2.543665E-02  5.000000E-01  6.933437E-02 -2.551991E-02  0.000000E+00  3.009544E-02 -1.369711E-03  5.480203E-17 -7.255970E-01  0.000000E+00
  7.765990E-02 -2.577011E-02  5.000000E-01  7.844390E-02 -2.585673E-02  0.000000E+00  2.911810E-02 -9.020216E-04  4.464983E-17 -7.254365E-01  0.000000E+00
  8.728340E-02 -2.600871E-02  5.000000E-01  8.816455E-02 -2.609775E-02  0.000000E+00  2.810644E-02 -5.915678E-04  3.613827E-17 -7.152952E-01  0.000000E+00
  9.752070E-02 -2.618468E-02  5.000000E-01  9.850519E-02 -2.627549E-02  0.000000E+00  2.693644E-02 -4.120670E-04  2.910574E-17 -6.951228E-01  0.000000E+00
  1.083810E-01 -2.632996E-02  5.000000E-01  1.094751E-01 -2.642224E-02  0.000000E+00  2.544986E-02 -3.367466E-04  2.313572E-17 -6.642779E-01  0.000000E+00
  1.198710E-01 -2.648034E-02  5.000000E-01  1.210811E-01 -2.657413E-02  0.000000E+00  2.359415E-02 -3.440506E-04  1.829249E-17 -6.209745E-01  0.000000E+00
  1.319970E-01 -2.667570E-02  5.000000E-01  1.333295E-01 -2.677147E-02  0.000000E+00  2.155300E-02 -4.081479E-04  1.428529E-17 -5.634830E-01  0.000000E+00
  1.319970E-01 -2.667570E-02  5.000000E-01  1.333295E-01 -2.677147E-02  0.000000E+00  2.155300E-02 -4.081479E-04  1.428529E-17 -5.634830E-01  0.000000E+00
  1.447640E-01 -2.695350E-02  5.000000E-01  1.462254E-01 -2.705207E-02  0.000000E+00  1.976303E-02 -5.069760E-04  1.055649E-17 -4.923717E-01  0.000000E+00
  1.581750E-01 -2.734817E-02  5.000000E-01  1.597718E-01 -2.745072E-02  0.000000E+00  1.872084E-02 -6.310087E-04  7.170933E-18 -4.140216E-01  0.000000E+00
  1.722290E-01 -2.788020E-02  5.000000E-01  1.739676E-01 -2.798813E-02  0.000000E+00  1.867840E-02 -7.696250E-04  4.637326E-18 -3.427515E-01  0.000000E+00
  1.869240E-01 -2.853659E-02  5.000000E-01  1.888110E-01 -2.865115E-02  0.000000E+00  1.948717E-02 -8.785767E-04  3.256850E-18 -2.969775E-01  0.000000E+00
  2.022540E-01 -2.924509E-02  5.000000E-01  2.042957E-01 -2.936680E-02  0.000000E+00  2.068641E-02 -8.552196E-04  2.035560E-18 -2.903879E-01  0.000000E+00
  2.182110E-01 -2.984318E-02  5.000000E-01  2.204138E-01 -2.997092E-02  0.000000E+00  2.178784E-02 -6.415941E-04  1.243861E-18 -3.195684E-01  0.000000E+00
  2.347810E-01 -3.020375E-02  5.000000E-01  2.371511E-01 -3.033514E-02  0.000000E+00  2.249766E-02 -3.207792E-04  1.312096E-18 -3.633481E-01  0.000000E+00
  2.519470E-01 -3.031658E-02  5.000000E-01  2.544904E-01 -3.044910E-02  0.000000E+00  2.264963E-02  3.295959E-06  1.455864E-18 -4.011368E-01  0.000000E+00
  2.696890E-01 -3.019003E-02  5.000000E-01  2.724115E-01 -3.032127E-02  0.000000E+00  2.219079E-02  2.779142E-04  8.839176E-19 -4.220429E-01  0.000000E+00
  2.879810E-01 -2.985492E-02  5.000000E-01  2.908881E-01 -2.998278E-02  0.000000E+00  2.128897E-02  4.636426E-04  7.583643E-19 -4.213713E-01  0.000000E+00
  3.067920E-01 -2.937202E-02  5.000000E-01  3.098890E-01 -2.949501E-02  0.000000E+00  2.029341E-02  5.411730E-04  1.439075E-18 -4.000109E-01  0.000000E+00
  3.260870E-01 -2.883197E-02  5.000000E-01  3.293788E-01 -2.894950E-02  0.000000E+00  1.956008E-02  5.213540E-04  9.359435E-19 -3.650589E-01  0.000000E+00
  3.458260E-01 -2.833349E-02  5.000000E-01  3.493171E-01 -2.844600E-02  0.000000E+00  1.923888E-02  4.650168E-04 -3.887017E-19 -3.302317E-01  0.000000E+00
  3.659650E-01 -2.787640E-02  5.000000E-01  3.696594E-01 -2.798429E-02  0.000000E+00  1.925677E-02  4.407467E-04 -1.197512E-18 -3.083278E-01  0.000000E+00
  3.864540E-01 -2.741006E-02  5.000000E-01  3.903552E-01 -2.751324E-02  0.000000E+00  1.944883E-02  4.709059E-04 -1.552428E-18 -3.025918E-01  0.000000E+00
  4.072410E-01 -2.687976E-02  5.000000E-01  4.113520E-01 -2.697759E-02  0.000000E+00  1.961054E-02  5.538132E-04 -1.180430E-18 -3.084750E-01  0.000000E+00
  4.282690E-01 -2.623008E-02  5.000000E-01  4.325923E-01 -2.632136E-02  0.000000E+00  1.952792E-02  6.811899E-04  7.728841E-19 -3.181907E-01  0.000000E+00
  4.494800E-01 -2.540394E-02  5.000000E-01  4.540174E-01 -2.548687E-02  0.000000E+00  1.906975E-02  8.248467E-04  1.038423E-18 -3.226027E-01  0.000000E+00
  4.708130E-01 -2.438144E-02  5.000000E-01  4.755658E-01 -2.445405E-02  0.000000E+00  1.826942E-02  9.413551E-04 -3.844053E-19 -3.134402E-01  0.000000E+00
  4.922030E-01 -2.319230E-02  5.000000E-01  4.971717E-01 -2.325290E-02  0.000000E+00  1.729267E-02  1.012963E-03 -2.143076E-19 -2.879800E-01  0.000000E+00
  5.135860E-01 -2.186880E-02  5.000000E-01  5.187705E-01 -2.191604E-02  0.000000E+00  1.634551E-02  1.052378E-03 -8.618855E-19 -2.502184E-01  0.000000E+00
  5.348990E-01 -2.044029E-02  5.000000E-01  5.402987E-01 -2.047311E-02  0.000000E+00  1.558914E-02  1.075958E-03 -1.478732E-18 -2.077713E-01  0.000000E+00
  5.560760E-01 -1.893738E-02  5.000000E-01  5.616895E-01 -1.895503E-02  0.000000E+00  1.506935E-02  1.097851E-03 -1.405415E-18 -1.687815E-01  0.000000E+00
  4.759900E-01  7.415369E-02  5.000000E-01  4.807950E-01  7.507577E-02  0.000000E+00  2.331137E-02 -9.125877E-04 -9.788672E-18 -8.063071E-01  0.000000E+00
  4.548480E-01  7.488964E-02  5.000000E-01  4.594396E-01  7.581914E-02  0.000000E+00  2.347055E-02 -7.169464E-04 -9.886942E-18 -7.874733E-01  0.000000E+00
  4.337860E-01  7.544310E-02  5.000000E-01  4.381650E-01  7.637819E-02  0.000000E+00  2.364614E-02 -5.188109E-04 -9.139731E-18 -7.684719E-01  0.000000E+00
  4.128620E-01  7.581206E-02  5.000000E-01  4.170298E-01  7.675087E-02  0.000000E+00  2.383963E-02 -3.067002E-04 -8.698500E-18 -7.481780E-01  0.000000E+00
  3.921340E-01  7.598118E-02  5.000000E-01  3.960925E-01  7.692170E-02  0.000000E+00  2.403735E-02 -6.970238E-05 -8.815702E-18 -7.254222E-01  0.000000E+00
  3.716590E-01  7.593410E-02  5.000000E-01  3.754108E-01  7.687415E-02  0.000000E+00  2.420856E-02  1.955847E-04 -8.298920E-18 -6.995766E-01  0.000000E+00
  3.514890E-01  7.565586E-02  5.000000E-01  3.550372E-01  7.659309E-02  0.000000E+00  2.432269E-02  4.879682E-04 -6.727341E-18 -6.705103E-01  0.000000E+00
  3.316730E-01  7.513547E-02  5.000000E-01  3.350212E-01  7.606745E-02  0.000000E+00  2.435439E-02  7.999084E-04 -6.145952E-18 -6.388499E-01  0.000000E+00
  3.122580E-01  7.437007E-02  5.000000E-01  3.154102E-01  7.529433E-02  0.000000E+00  2.427920E-02  1.109896E-03 -5.666112E-18 -6.064900E-01  0.000000E+00
  2.932850E-01  7.338184E-02  5.000000E-01  2.962457E-01  7.429612E-02  0.000000E+00  2.409288E-02  1.395898E-03 -5.012165E-18 -5.756176E-01  0.000000E+00
  2.747930E-01  7.220049E-02  5.000000E-01  2.775670E-01  7.310285E-02  0.000000E+00  2.382381E-02  1.652998E-03 -4.412421E-18 -5.473410E-01  0.000000E+00
  2.568150E-01  7.085283E-02  5.000000E-01  2.594075E-01  7.174158E-02  0.000000E+00  2.351003E-02  1.886206E-03 -3.670199E-18 -5.219599E-01  0.000000E+00
  2.393810E-01  6.936159E-02  5.000000E-01  2.417975E-01  7.023528E-02  0.000000E+00  2.318572E-02  2.103418E-03 -3.979870E-18 -4.996957E-01  0.000000E+00
  2.225160E-01  6.774529E-02  5.000000E-01  2.247623E-01  6.860267E-02  0.000000E+00  2.287834E-02  2.310450E-03 -3.445552E-18 -4.817770E-01  0.000000E+00
  2.062420E-01  6.601827E-02  5.000000E-01  2.083240E-01  6.685821E-02  0.000000E+00  2.259080E-02  2.478948E-03 -2.254944E-18 -4.730542E-01  0.000000E+00
  1.905750E-01  6.423718E-02  5.000000E-01  1.924988E-01  6.505915E-02  0.000000E+00  2.234393E-02  2.552073E-03 -9.413334E-19 -4.808111E-01  0.000000E+00
  1.755290E-01  6.250557E-02  5.000000E-01  1.773010E-01  6.331006E-02  0.000000E+00  2.228482E-02  2.549512E-03 -3.938242E-19 -5.056793E-01  0.000000E+00
  1.611160E-01  6.086608E-02  5.000000E-01  1.627425E-01  6.165402E-02  0.000000E+00  2.259532E-02  2.552806E-03 -8.323916E-19 -5.406592E-01  0.000000E+00
  1.473410E-01  5.932157E-02  5.000000E-01  1.488284E-01  6.009392E-02  0.000000E+00  2.331295E-02  2.610510E-03 -7.394901E-19 -5.780803E-01  0.000000E+00
  1.342110E-01  5.785479E-02  5.000000E-01  1.355659E-01  5.861233E-02  0.000000E+00  2.432304E-02  2.737858E-03 -1.121128E-19 -6.124225E-01  0.000000E+00
  1.217280E-01  5.644033E-02  5.000000E-01  1.229569E-01  5.718359E-02  0.000000E+00  2.544825E-02  2.934865E-03  1.639327E-18 -6.410170E-01  0.000000E+00
  1.098910E-01  5.505260E-02  5.000000E-01  1.110004E-01  5.578185E-02  0.000000E+00  2.655545E-02  3.207124E-03  3.533363E-18 -6.628626E-01  0.000000E+00
  9.869950E-02  5.366287E-02  5.000000E-01  9.969589E-02  5.437809E-02  0.000000E+00  2.759419E-02  3.569980E-03  6.246289E-18 -6.775954E-01  0.000000E+00
  8.814970E-02  5.224470E-02  5.000000E-01  8.903960E-02  5.294561E-02  0.000000E+00  2.857847E-02  4.049406E-03  1.032928E-17 -6.847535E-01  0.000000E+00
  8.814970E-02  5.224470E-02  5.000000E-01  8.903960E-02  5.294561E-02  0.000000E+00  2.857847E-02  4.049406E-03  1.032928E-17 -6.847535E-01  0.000000E+00
  7.823720E-02  5.077044E-02  5.000000E-01  7.902703E-02  5.145647E-02  0.000000E+00  2.954885E-02  4.688318E-03  1.524492E-17 -6.830479E-01  0.000000E+00
  6.895800E-02  4.920867E-02  5.000000E-01  6.965416E-02  4.987893E-02  0.000000E+00  3.051715E-02  5.528693E-03  2.004280E-17 -6.709741E-01  0.000000E+00
  6.030560E-02  4.753314E-02  5.000000E-01  6.091442E-02  4.818648E-02  0.000000E+00  3.146764E-02  6.624919E-03  2.203618E-17 -6.460654E-01  0.000000E+00
  5.227560E-02  4.571137E-02  5.000000E-01  5.280336E-02  4.634633E-02  0.000000E+00  3.234127E-02  8.038188E-03  2.099685E-17 -6.048079E-01  0.000000E+00
  4.486350E-02  4.371249E-02  5.000000E-01  4.531644E-02  4.432727E-02  0.000000E+00  3.299705E-02  9.789692E-03  1.669511E-17 -5.441719E-01  0.000000E+00
  3.806240E-02  4.151432E-02  5.000000E-01  3.844668E-02  4.210690E-02  0.000000E+00  3.325006E-02  1.187694E-02  8.005249E-18 -4.602779E-01  0.000000E+00
  3.186880E-02  3.909232E-02  5.000000E-01  3.219056E-02  3.966046E-02  0.000000E+00  3.285653E-02  1.420799E-02 -1.300071E-18 -3.499315E-01  0.000000E+00
  2.627530E-02  3.643688E-02  5.000000E-01  2.654059E-02  3.697821E-02  0.000000E+00  3.156228E-02  1.655727E-02 -5.151169E-18 -2.123570E-01  0.000000E+00
  2.127350E-02  3.355039E-02  5.000000E-01  2.148830E-02  3.406259E-02  0.000000E+00  2.924150E-02  1.864998E-02 -7.737998E-18 -4.760794E-02  0.000000E+00
  1.685790E-02  3.044000E-02  5.000000E-01  1.702813E-02  3.092080E-02  0.000000E+00  2.594280E-02  2.012930E-02 -1.231212E-17  1.387601E-01  0.000000E+00
  1.301460E-02  2.714084E-02  5.000000E-01  1.314603E-02  2.758833E-02  0.000000E+00  2.192435E-02  2.070478E-02 -1.902790E-17  3.371546E-01  0.000000E+00
  9.730790E-03  2.369824E-02  5.000000E-01  9.829072E-03  2.411098E-02  0.000000E+00  1.758635E-02  2.030654E-02 -2.627191E-17  5.385170E-01  0.000000E+00
  6.996180E-03  2.016718E-02  5.000000E-01  7.066857E-03  2.054427E-02  0.000000E+00  1.333546E-02  1.891477E-02 -2.707623E-17  7.278320E-01  0.000000E+00
  4.781010E-03  1.663910E-02  5.000000E-01  4.829325E-03  1.698058E-02  0.000000E+00  9.485321E-03  1.662370E-02 -2.098460E-17  8.915006E-01  0.000000E+00
  3.054950E-03  1.320951E-02  5.000000E-01  3.085841E-03  1.351637E-02  0.000000E+00  6.194684E-03  1.364874E-02 -1.698369E-17  1.024940E+00  0.000000E+00
  1.789910E-03  9.973558E-03  5.000000E-01  1.808031E-03  1.024775E-02  0.000000E+00  3.552407E-03  1.011981E-02 -1.833357E-17  1.123535E+00  0.000000E+00
  9.331870E-04  7.040287E-03  5.000000E-01  9.426596E-04  7.284870E-03  0.000000E+00  1.620703E-03  6.118759E-03 -1.892232E-17  1.183567E+00  0.000000E+00
  4.085430E-04  4.518197E-03  5.000000E-01  4.127195E-04  4.737320E-03  0.000000E+00  3.811617E-04  1.735016E-03 -2.173966E-17  1.207881E+00  0.000000E+00
  1.354760E-04  2.494559E-03  5.000000E-01  1.368960E-04  2.693254E-03  0.000000E+00 -2.396884E-04 -2.994093E-03 -2.908941E-17  1.204190E+00  0.000000E+00
  2.683130E-05  1.021514E-03  5.000000E-01  2.715456E-05  1.205339E-03  0.000000E+00 -3.441453E-04 -8.061918E-03 -3.797831E-17  1.180839E+00  0.000000E+00
  1.320070E-06  1.276971E-04  5.000000E-01  1.385807E-06  3.024997E-04  0.000000E+00 -2.077767E-04 -1.298708E-02 -4.070015E-17  1.140479E+00  0.000000E+00
 -5.188750E-08 -1.717795E-04  5.000000E-01  0.000000E+00  0.000000E+00  0.000000E+00 -4.372901E-05 -1.611278E-02 -2.600016E-17  1.105512E+00  0.000000E+00
  2.733630E-06 -4.855490E-04  5.000000E-01  2.813636E-06 -3.169369E-04  0.000000E+00  4.686381E-04 -1.840573E-02  1.919078E-18  1.096919E+00  0.000000E+00
    1    2
    2    3
    3    4
    4    5
    5    6
    6    7
    7    8
    8    9
    9   10
   10   11
   11   12
   12   13
   13   14
   14   15
   15   16
   16   17
   17   18
   18   19
   19   20
   20   21
   21   22
   22   23
   23   24
   25   26
   26   27
   27   28
   28   29
   29   30
   30   31
   31   32
   32   33
   33   34
   34   35
   35   36
   36   37
   37   38
   38   39
   39   40
   40   41
   41   42
   42   43
   43   44
   44   45
   45   46
   46   47
   47   48
   49   50
   50   51
   51   52
   52   53
   53   54
   54   55
   55   56
   56   57
   57   58
   58   59
   59   60
   60   61
   61   62
   62   63
   63   64
   64   65
   65   66
   66   67
   67   68
   68   69
   69   70
   70   71
   71   72
   73   74
   74   75
   75   76
   76   77
   77   78
   78   79
   79   80
   80   81
   81   82
   82   83
   83   84
   84   85
   85   86
   86   87
   87   88
   88   89
   89   90
   90   91
   91   92
   92   93
   93   94
   94   95
   95   96
   97   98
   98   99
   99  100
  100  101
  101  102
  102  103
  103  104
  104  105
  105  106
  106  107
  107  108
  108  109
  109  110
  110  111
  111  112
  112  113
  113  114
  114  115
  115  116
  116  117
  117  118
  118  119
  119  120
  121  122
  122  123
  123  124
  124  125
  125  126
  126  127
  127  128
  128  129
  129  130
  130  131
  131  132
  132  133
  133  134
  134  135
  135  136
  136  137
  137  138
  138  139
  139  140
  140  141
  141  142
  142  143
  143  144
  145  146
  146  147
  147  148
  148  149
  149  150
  150  151
  151  152
  152  153
  153  154
  154  155
  155  156
  156  157
  157  158
  158  159
  159  160
  160  161
  161  162
  162  163
  163  164
  164  165
  165  166
  166  167
  167  168
  169  170
  170  171
  171  172
  172  173
  173  174
  174  175
  175  176
  176  177
  177  178
  178  179
  179  180
  180  181
  181  182
  182  183
  183  184
  184  185
  185  186
  186  187
  187  188
  188  189
  189  190
  190  191
  191  192
