 Title = "ADflow Slice Data"
Variables =  "CoordinateX"  "CoordinateY"  "CoordinateZ"  "XoC"  "YoC"  "ZoC" "VelocityX" "VelocityY" "VelocityZ" "CoefPressure" "Mach" 
Zone T= "Slice_0001 None Absolute Regular z = 0.50000000"
 Nodes =          192  Elements=          184  ZONETYPE=FELINESEG
 DATAPACKING=POINT
  5.560760E-01 -1.894246E-02  5.000000E-01  5.616895E-01 -1.896010E-02  0.000000E+00  1.295804E-02  9.529425E-04 -1.236551E-19 -1.303334E-01  0.000000E+00
  5.770550E-01 -1.737687E-02  5.000000E-01  5.828802E-01 -1.737870E-02  0.000000E+00  1.300923E-02  1.005393E-03  2.739161E-18 -9.536139E-02  0.000000E+00
  5.977760E-01 -1.573383E-02  5.000000E-01  6.038104E-01 -1.571908E-02  0.000000E+00  1.308924E-02  1.076499E-03  8.401467E-18 -8.714281E-02  0.000000E+00
  6.181820E-01 -1.399035E-02  5.000000E-01  6.244224E-01 -1.395800E-02  0.000000E+00  1.295610E-02  1.152948E-03  6.680552E-18 -8.438886E-02  0.000000E+00
  6.382180E-01 -1.212281E-02  5.000000E-01  6.446607E-01 -1.207160E-02  0.000000E+00  1.251049E-02  1.217254E-03  3.023555E-18 -7.117264E-02  0.000000E+00
  6.578350E-01 -1.012083E-02  5.000000E-01  6.644757E-01 -1.004942E-02  0.000000E+00  1.177130E-02  1.251453E-03  2.241341E-19 -4.297509E-02  0.000000E+00
  6.769910E-01 -7.994279E-03  5.000000E-01  6.838251E-01 -7.901398E-03  0.000000E+00  1.081755E-02  1.245986E-03 -2.357310E-18 -3.790122E-03  0.000000E+00
  6.956490E-01 -5.762536E-03  5.000000E-01  7.026714E-01 -5.647126E-03  0.000000E+00  9.735414E-03  1.199419E-03 -9.799423E-19  4.023748E-02  0.000000E+00
  7.137810E-01 -3.458686E-03  5.000000E-01  7.209864E-01 -3.320020E-03  0.000000E+00  8.595239E-03  1.114572E-03  4.076395E-19  8.510981E-02  0.000000E+00
  7.313660E-01 -1.127172E-03  5.000000E-01  7.387490E-01 -9.649696E-04  0.000000E+00  7.446452E-03  1.000147E-03  7.832751E-19  1.290360E-01  0.000000E+00
  7.483850E-01  1.192602E-03  5.000000E-01  7.559398E-01  1.378222E-03  0.000000E+00  6.329130E-03  8.703690E-04  2.699261E-18  1.711026E-01  0.000000E+00
  7.648220E-01  3.475078E-03  5.000000E-01  7.725427E-01  3.683738E-03  0.000000E+00  5.291396E-03  7.394013E-04  3.454090E-18  2.105444E-01  0.000000E+00
  7.806630E-01  5.702691E-03  5.000000E-01  7.885436E-01  5.933839E-03  0.000000E+00  4.402697E-03  6.129198E-04 -1.445751E-18  2.474565E-01  0.000000E+00
  7.958970E-01  7.807165E-03  5.000000E-01  8.039314E-01  8.059556E-03  0.000000E+00  3.753154E-03  4.909927E-04 -4.262801E-18  2.831991E-01  0.000000E+00
  8.105170E-01  9.603739E-03  5.000000E-01  8.186990E-01  9.874267E-03  0.000000E+00  3.403510E-03  3.814295E-04 -2.133664E-18  3.151285E-01  0.000000E+00
  8.245160E-01  1.099979E-02  5.000000E-01  8.328393E-01  1.128441E-02  0.000000E+00  3.341677E-03  2.912498E-04 -1.021071E-18  3.380424E-01  0.000000E+00
  8.378940E-01  1.199286E-02  5.000000E-01  8.463523E-01  1.228750E-02  0.000000E+00  3.508727E-03  2.154293E-04 -1.250168E-19  3.514700E-01  0.000000E+00
  8.506490E-01  1.262518E-02  5.000000E-01  8.592361E-01  1.292621E-02  0.000000E+00  3.840878E-03  1.447761E-04 -3.350199E-19  3.582991E-01  0.000000E+00
  8.627850E-01  1.295525E-02  5.000000E-01  8.714946E-01  1.325961E-02  0.000000E+00  4.285724E-03  7.202620E-05 -6.660613E-19  3.609633E-01  0.000000E+00
  8.743060E-01  1.304281E-02  5.000000E-01  8.831319E-01  1.334806E-02  0.000000E+00  4.800916E-03 -6.777985E-06  2.933953E-18  3.605439E-01  0.000000E+00
  8.852170E-01  1.293967E-02  5.000000E-01  8.941530E-01  1.324387E-02  0.000000E+00  5.353002E-03 -9.306531E-05  2.640635E-18  3.576523E-01  0.000000E+00
  8.955250E-01  1.268696E-02  5.000000E-01  9.045651E-01  1.298861E-02  0.000000E+00  5.918340E-03 -1.868723E-04  6.592067E-19  3.527980E-01  0.000000E+00
  9.052400E-01  1.231783E-02  5.000000E-01  9.143782E-01  1.261575E-02  0.000000E+00  6.483675E-03 -2.881903E-04  1.069731E-18  3.463775E-01  0.000000E+00
  9.143710E-01  1.185809E-02  5.000000E-01  9.236013E-01  1.215138E-02  0.000000E+00  7.047506E-03 -3.997397E-04  3.946340E-18  3.388148E-01  0.000000E+00
  9.143710E-01  1.185809E-02  5.000000E-01  9.236013E-01  1.215138E-02  0.000000E+00  7.047506E-03 -3.997397E-04  3.946340E-18  3.388148E-01  0.000000E+00
  9.229270E-01  1.132282E-02  5.000000E-01  9.322437E-01  1.161070E-02  0.000000E+00  7.619623E-03 -5.269534E-04  3.320996E-18  3.303488E-01  0.000000E+00
  9.309180E-01  1.072143E-02  5.000000E-01  9.403154E-01  1.100324E-02  0.000000E+00  8.216835E-03 -6.750555E-04 -2.190124E-19  3.207384E-01  0.000000E+00
  9.383550E-01  1.006275E-02  5.000000E-01  9.478274E-01  1.033791E-02  0.000000E+00  8.859347E-03 -8.489706E-04  3.148885E-19  3.095327E-01  0.000000E+00
  9.452490E-01  9.355681E-03  5.000000E-01  9.547910E-01  9.623704E-03  0.000000E+00  9.570304E-03 -1.055433E-03  2.270919E-18  2.963582E-01  0.000000E+00
  9.516100E-01  8.608834E-03  5.000000E-01  9.612162E-01  8.869318E-03  0.000000E+00  1.037588E-02 -1.303053E-03  2.628110E-18  2.808242E-01  0.000000E+00
  9.574470E-01  7.831863E-03  5.000000E-01  9.671122E-01  8.084504E-03  0.000000E+00  1.130346E-02 -1.600711E-03  8.601886E-20  2.623396E-01  0.000000E+00
  9.627730E-01  7.036140E-03  5.000000E-01  9.724919E-01  7.280748E-03  0.000000E+00  1.238108E-02 -1.957936E-03 -1.497698E-18  2.402271E-01  0.000000E+00
  9.675950E-01  6.235220E-03  5.000000E-01  9.773626E-01  6.471743E-03  0.000000E+00  1.363981E-02 -2.384312E-03 -2.246691E-18  2.137760E-01  0.000000E+00
  9.719240E-01  5.444311E-03  5.000000E-01  9.817353E-01  5.672850E-03  0.000000E+00  1.512025E-02 -2.890183E-03 -1.842471E-18  1.821684E-01  0.000000E+00
  9.757700E-01  4.679915E-03  5.000000E-01  9.856201E-01  4.900738E-03  0.000000E+00  1.688608E-02 -3.492030E-03  1.837910E-18  1.445850E-01  0.000000E+00
  9.791410E-01  3.958631E-03  5.000000E-01  9.890252E-01  4.172173E-03  0.000000E+00  1.903605E-02 -4.215290E-03  1.901760E-18  1.001434E-01  0.000000E+00
  9.820450E-01  3.296424E-03  5.000000E-01  9.919585E-01  3.503281E-03  0.000000E+00  2.168523E-02 -5.090712E-03 -2.290866E-17  4.752906E-02  0.000000E+00
  9.844890E-01  2.708106E-03  5.000000E-01  9.944271E-01  2.909025E-03  0.000000E+00  2.488968E-02 -6.140599E-03 -1.050881E-16 -1.489853E-02  0.000000E+00
  9.864800E-01  2.207028E-03  5.000000E-01  9.964382E-01  2.402888E-03  0.000000E+00  2.856250E-02 -7.315817E-03 -2.176057E-16 -8.747553E-02  0.000000E+00
  9.880230E-01  1.804941E-03  5.000000E-01  9.979968E-01  1.996742E-03  0.000000E+00  3.216330E-02 -8.409629E-03 -6.906983E-17 -1.771309E-01  0.000000E+00
  9.891220E-01  1.511109E-03  5.000000E-01  9.991069E-01  1.699944E-03  0.000000E+00  3.542358E-02 -9.642691E-03  1.150519E-15 -2.846652E-01  0.000000E+00
  9.897810E-01  1.332089E-03  5.000000E-01  9.997726E-01  1.519116E-03  0.000000E+00  5.188664E-02 -1.230094E-02  4.326295E-15 -3.009330E-01  0.000000E+00
  9.900000E-01  1.271994E-03  5.000000E-01  9.999938E-01  1.458415E-03  0.000000E+00  3.587882E-02 -2.231075E-03  1.136953E-14 -6.720148E-01  0.000000E+00
  9.900000E-01  1.681502E-03  5.000000E-01  9.999938E-01  1.872057E-03  0.000000E+00  2.068398E-03 -7.778143E-03  3.336383E-14 -9.687104E-01  0.000000E+00
  9.900000E-01  2.091011E-03  5.000000E-01  9.999938E-01  2.285699E-03  0.000000E+00 -5.343243E-04 -2.173939E-02  6.474985E-14 -8.132160E-01  0.000000E+00
  9.900000E-01  2.500519E-03  5.000000E-01  9.999938E-01  2.699341E-03  0.000000E+00 -1.388640E-04 -1.323717E-02  8.929082E-14 -7.864988E-01  0.000000E+00
  9.900000E-01  2.910012E-03  5.000000E-01  9.999938E-01  3.112968E-03  0.000000E+00  3.205470E-04 -8.164357E-03  1.064830E-13 -8.174138E-01  0.000000E+00
  9.900000E-01  3.319520E-03  5.000000E-01  9.999938E-01  3.526611E-03  0.000000E+00  4.526189E-03 -6.761671E-03  1.191251E-13 -7.819870E-01  0.000000E+00
  9.900000E-01  3.319520E-03  5.000000E-01  9.999938E-01  3.526611E-03  0.000000E+00  4.526189E-03 -6.761671E-03  1.191251E-13 -7.819870E-01  0.000000E+00
  9.897980E-01  3.423871E-03  5.000000E-01  9.997897E-01  3.632015E-03  0.000000E+00  5.567868E-03 -3.417878E-03  1.119842E-13 -7.332161E-01  0.000000E+00
  9.891900E-01  3.736920E-03  5.000000E-01  9.991756E-01  3.948224E-03  0.000000E+00  1.301899E-03 -6.054632E-04  7.978183E-14 -7.412173E-01  0.000000E+00
  9.881780E-01  4.257980E-03  5.000000E-01  9.981534E-01  4.474543E-03  0.000000E+00 -1.073696E-03  5.556949E-04  4.416458E-14 -7.476741E-01  0.000000E+00
  9.867570E-01  4.985752E-03  5.000000E-01  9.967180E-01  5.209663E-03  0.000000E+00 -2.463867E-03  1.246687E-03  1.827092E-14 -7.538115E-01  0.000000E+00
  9.849260E-01  5.916721E-03  5.000000E-01  9.948686E-01  6.150029E-03  0.000000E+00 -3.126188E-03  1.579329E-03  4.556060E-15 -7.632536E-01  0.000000E+00
  9.826810E-01  7.044402E-03  5.000000E-01  9.926009E-01  7.289094E-03  0.000000E+00 -3.184957E-03  1.589305E-03 -5.335375E-16 -7.724860E-01  0.000000E+00
  9.800160E-01  8.359054E-03  5.000000E-01  9.899090E-01  8.617016E-03  0.000000E+00 -2.906871E-03  1.419592E-03 -1.369859E-15 -7.784126E-01  0.000000E+00
  9.769240E-01  9.846597E-03  5.000000E-01  9.867858E-01  1.011958E-02  0.000000E+00 -2.581876E-03  1.222708E-03 -8.704868E-16 -7.809195E-01  0.000000E+00
  9.733970E-01  1.148588E-02  5.000000E-01  9.832232E-01  1.177541E-02  0.000000E+00 -2.403823E-03  1.091126E-03 -3.298881E-16 -7.817431E-01  0.000000E+00
  9.694240E-01  1.325039E-02  5.000000E-01  9.792101E-01  1.355773E-02  0.000000E+00 -2.443476E-03  1.053530E-03 -5.385302E-17 -7.828790E-01  0.000000E+00
  9.649940E-01  1.511337E-02  5.000000E-01  9.747354E-01  1.543951E-02  0.000000E+00 -2.697706E-03  1.105242E-03  2.507518E-17 -7.846093E-01  0.000000E+00
  9.600960E-01  1.705458E-02  5.000000E-01  9.697879E-01  1.740032E-02  0.000000E+00 -3.161278E-03  1.224728E-03  2.297176E-17 -7.853224E-01  0.000000E+00
  9.547180E-01  1.905380E-02  5.000000E-01  9.643556E-01  1.941972E-02  0.000000E+00 -3.760900E-03  1.349905E-03  8.065894E-18 -7.892761E-01  0.000000E+00
  9.488510E-01  2.109156E-02  5.000000E-01  9.584294E-01  2.147805E-02  0.000000E+00 -4.074122E-03  1.337288E-03  2.604638E-18 -8.164964E-01  0.000000E+00
  9.424820E-01  2.315253E-02  5.000000E-01  9.519961E-01  2.355983E-02  0.000000E+00 -3.091474E-03  9.409129E-04  3.421247E-18 -8.906874E-01  0.000000E+00
  9.356020E-01  2.522611E-02  5.000000E-01  9.450467E-01  2.565434E-02  0.000000E+00  5.264978E-04 -1.243879E-04  9.083422E-18 -1.004947E+00  0.000000E+00
  9.282010E-01  2.730598E-02  5.000000E-01  9.375709E-01  2.775521E-02  0.000000E+00  7.229951E-03 -1.882792E-03  1.878827E-17 -1.113731E+00  0.000000E+00
  9.202710E-01  2.938689E-02  5.000000E-01  9.295609E-01  2.985712E-02  0.000000E+00  1.520349E-02 -3.779717E-03  2.782547E-17 -1.173969E+00  0.000000E+00
  9.118010E-01  3.145643E-02  5.000000E-01  9.210054E-01  3.194755E-02  0.000000E+00  2.127301E-02 -4.985994E-03  3.317376E-17 -1.181281E+00  0.000000E+00
  9.027810E-01  3.349833E-02  5.000000E-01  9.118943E-01  3.401006E-02  0.000000E+00  2.390283E-02 -5.206754E-03  3.181184E-17 -1.158099E+00  0.000000E+00
  8.932000E-01  3.549655E-02  5.000000E-01  9.022166E-01  3.602846E-02  0.000000E+00  2.406845E-02 -4.814498E-03  2.660087E-17 -1.124461E+00  0.000000E+00
  8.830490E-01  3.743250E-02  5.000000E-01  8.919631E-01  3.798395E-02  0.000000E+00  2.338901E-02 -4.253921E-03  1.981678E-17 -1.088497E+00  0.000000E+00
  8.723190E-01  3.928485E-02  5.000000E-01  8.811248E-01  3.985500E-02  0.000000E+00  2.275932E-02 -3.723695E-03  1.361972E-17 -1.051770E+00  0.000000E+00
  8.723190E-01  3.928485E-02  5.000000E-01  8.811248E-01  3.985500E-02  0.000000E+00  2.275932E-02 -3.723695E-03  1.361972E-17 -1.051770E+00  0.000000E+00
  8.610010E-01  4.103251E-02  5.000000E-01  8.696926E-01  4.162030E-02  0.000000E+00  2.233488E-02 -3.246961E-03  1.078950E-17 -1.014195E+00  0.000000E+00
  8.490890E-01  4.265582E-02  5.000000E-01  8.576603E-01  4.326000E-02  0.000000E+00  2.197890E-02 -2.800350E-03  9.472671E-18 -9.758199E-01  0.000000E+00
  8.365770E-01  4.413859E-02  5.000000E-01  8.450220E-01  4.475774E-02  0.000000E+00  2.155507E-02 -2.375407E-03  8.133401E-18 -9.375669E-01  0.000000E+00
  8.234620E-01  4.547422E-02  5.000000E-01  8.317746E-01  4.610685E-02  0.000000E+00  2.101651E-02 -1.988767E-03  8.958807E-18 -9.017055E-01  0.000000E+00
  8.097400E-01  4.667223E-02  5.000000E-01  8.179141E-01  4.731695E-02  0.000000E+00  2.038933E-02 -1.674418E-03  1.168517E-17 -8.721659E-01  0.000000E+00
  7.954150E-01  4.777045E-02  5.000000E-01  8.034445E-01  4.842626E-02  0.000000E+00  1.973884E-02 -1.474584E-03  1.156832E-17 -8.540581E-01  0.000000E+00
  7.804870E-01  4.884909E-02  5.000000E-01  7.883658E-01  4.951579E-02  0.000000E+00  1.917192E-02 -1.417169E-03  8.399182E-18 -8.509399E-01  0.000000E+00
  7.649630E-01  5.001910E-02  5.000000E-01  7.726851E-01  5.069761E-02  0.000000E+00  1.885271E-02 -1.473386E-03  6.249275E-18 -8.603822E-01  0.000000E+00
  7.488530E-01  5.132506E-02  5.000000E-01  7.564125E-01  5.201676E-02  0.000000E+00  1.888080E-02 -1.590615E-03  1.924847E-18 -8.765642E-01  0.000000E+00
  7.321700E-01  5.278424E-02  5.000000E-01  7.395611E-01  5.349066E-02  0.000000E+00  1.919822E-02 -1.743475E-03 -3.056529E-18 -8.954093E-01  0.000000E+00
  7.149290E-01  5.440650E-02  5.000000E-01  7.221460E-01  5.512929E-02  0.000000E+00  1.968041E-02 -1.913122E-03 -8.278681E-18 -9.140258E-01  0.000000E+00
  6.971500E-01  5.618844E-02  5.000000E-01  7.041876E-01  5.692923E-02  0.000000E+00  2.022370E-02 -2.073892E-03 -1.080410E-17 -9.297532E-01  0.000000E+00
  6.788570E-01  5.810647E-02  5.000000E-01  6.857099E-01  5.886661E-02  0.000000E+00  2.077396E-02 -2.193590E-03 -1.428409E-17 -9.399392E-01  0.000000E+00
  6.600760E-01  6.010596E-02  5.000000E-01  6.667393E-01  6.088629E-02  0.000000E+00  2.129927E-02 -2.244094E-03 -1.963119E-17 -9.427796E-01  0.000000E+00
  6.408370E-01  6.211373E-02  5.000000E-01  6.473061E-01  6.291433E-02  0.000000E+00  2.175007E-02 -2.223373E-03 -2.073730E-17 -9.388147E-01  0.000000E+00
  6.211780E-01  6.408145E-02  5.000000E-01  6.274486E-01  6.490192E-02  0.000000E+00  2.209518E-02 -2.146833E-03 -2.192739E-17 -9.298287E-01  0.000000E+00
  6.011430E-01  6.596980E-02  5.000000E-01  6.072114E-01  6.680933E-02  0.000000E+00  2.235357E-02 -2.026388E-03 -1.904682E-17 -9.170760E-01  0.000000E+00
  5.807790E-01  6.774286E-02  5.000000E-01  5.866418E-01  6.860028E-02  0.000000E+00  2.255690E-02 -1.873548E-03 -1.414600E-17 -9.015323E-01  0.000000E+00
  5.601410E-01  6.937477E-02  5.000000E-01  5.657955E-01  7.024867E-02  0.000000E+00  2.273181E-02 -1.697249E-03 -1.313772E-17 -8.838984E-01  0.000000E+00
  5.392850E-01  7.084097E-02  5.000000E-01  5.447290E-01  7.172967E-02  0.000000E+00  2.289276E-02 -1.504090E-03 -1.278207E-17 -8.647836E-01  0.000000E+00
  5.182680E-01  7.212543E-02  5.000000E-01  5.234998E-01  7.302709E-02  0.000000E+00  2.303874E-02 -1.304519E-03 -1.254917E-17 -8.451219E-01  0.000000E+00
  4.971500E-01  7.322624E-02  5.000000E-01  5.021686E-01  7.413902E-02  0.000000E+00  2.317581E-02 -1.105384E-03 -1.038787E-17 -8.255659E-01  0.000000E+00
  4.759900E-01  7.414206E-02  5.000000E-01  4.807950E-01  7.506408E-02  0.000000E+00  2.331910E-02 -9.067236E-04 -7.355503E-18 -8.062250E-01  0.000000E+00
  2.733630E-06 -4.857976E-04  5.000000E-01  2.813636E-06 -3.171209E-04  0.000000E+00  4.674773E-04 -1.837174E-02  1.922156E-18  1.097244E+00  0.000000E+00
  4.455870E-05 -1.427280E-03  5.000000E-01  4.506092E-05 -1.268108E-03  0.000000E+00  2.253949E-03 -2.187073E-02  3.004081E-17  1.067987E+00  0.000000E+00
  2.731490E-04 -2.960553E-03  5.000000E-01  2.759588E-04 -2.816859E-03  0.000000E+00  6.581237E-03 -2.482789E-02  3.997808E-17  9.473785E-01  0.000000E+00
  9.950900E-04 -4.916327E-03  5.000000E-01  1.005188E-03 -4.792375E-03  0.000000E+00  1.275942E-02 -2.519644E-02  3.813355E-17  7.377988E-01  0.000000E+00
  2.349870E-03 -6.992254E-03  5.000000E-01  2.373644E-03 -6.889258E-03  0.000000E+00  1.844913E-02 -2.400334E-02  3.663119E-17  5.287410E-01  0.000000E+00
  4.254460E-03 -9.121487E-03  5.000000E-01  4.297460E-03 -9.039985E-03  0.000000E+00  2.306671E-02 -2.269477E-02  2.511040E-17  3.573381E-01  0.000000E+00
  6.687140E-03 -1.124538E-02  5.000000E-01  6.754697E-03 -1.118531E-02  0.000000E+00  2.706964E-02 -2.121278E-02  6.254999E-18  1.945801E-01  0.000000E+00
  9.634000E-03 -1.332637E-02  5.000000E-01  9.731305E-03 -1.328731E-02  0.000000E+00  3.033593E-02 -1.921462E-02 -4.137737E-18  2.920668E-02  0.000000E+00
  1.310530E-02 -1.529684E-02  5.000000E-01  1.323765E-02 -1.527768E-02  0.000000E+00  3.256944E-02 -1.656303E-02  1.503934E-18 -1.347323E-01  0.000000E+00
  1.710810E-02 -1.710510E-02  5.000000E-01  1.728085E-02 -1.710419E-02  0.000000E+00  3.383638E-02 -1.379003E-02  2.405570E-17 -2.748252E-01  0.000000E+00
  2.163760E-02 -1.875179E-02  5.000000E-01  2.185608E-02 -1.876750E-02  0.000000E+00  3.452680E-02 -1.137364E-02  5.492143E-17 -3.817034E-01  0.000000E+00
  2.669190E-02 -2.024667E-02  5.000000E-01  2.696140E-02 -2.027747E-02  0.000000E+00  3.478584E-02 -9.241149E-03  8.008634E-17 -4.678505E-01  0.000000E+00
  3.228310E-02 -2.156568E-02  5.000000E-01  3.260904E-02 -2.160980E-02  0.000000E+00  3.457183E-02 -7.269161E-03  8.860327E-17 -5.429548E-01  0.000000E+00
  3.842170E-02 -2.269687E-02  5.000000E-01  3.880961E-02 -2.275240E-02  0.000000E+00  3.396749E-02 -5.534102E-03  8.802003E-17 -6.059675E-01  0.000000E+00
  4.511710E-02 -2.364115E-02  5.000000E-01  4.557259E-02 -2.370622E-02  0.000000E+00  3.310077E-02 -4.081956E-03  8.421381E-17 -6.556188E-01  0.000000E+00
  5.237940E-02 -2.440403E-02  5.000000E-01  5.290821E-02 -2.447680E-02  0.000000E+00  3.209418E-02 -2.917573E-03  7.577141E-17 -6.914956E-01  0.000000E+00
  6.021800E-02 -2.500141E-02  5.000000E-01  6.082593E-02 -2.508021E-02  0.000000E+00  3.106784E-02 -2.033189E-03  6.658508E-17 -7.135433E-01  0.000000E+00
  6.864140E-02 -2.545878E-02  5.000000E-01  6.933437E-02 -2.554219E-02  0.000000E+00  3.007596E-02 -1.384489E-03  5.597218E-17 -7.233765E-01  0.000000E+00
  7.765990E-02 -2.579746E-02  5.000000E-01  7.844390E-02 -2.588430E-02  0.000000E+00  2.910710E-02 -9.203702E-04  4.589690E-17 -7.228131E-01  0.000000E+00
  8.728340E-02 -2.604292E-02  5.000000E-01  8.816455E-02 -2.613223E-02  0.000000E+00  2.810902E-02 -6.135841E-04  3.752354E-17 -7.122319E-01  0.000000E+00
  9.752070E-02 -2.622770E-02  5.000000E-01  9.850519E-02 -2.631888E-02  0.000000E+00  2.694467E-02 -4.375016E-04  3.115684E-17 -6.915510E-01  0.000000E+00
  1.083810E-01 -2.638419E-02  5.000000E-01  1.094751E-01 -2.647695E-02  0.000000E+00  2.543208E-02 -3.649148E-04  2.453714E-17 -6.599636E-01  0.000000E+00
  1.198710E-01 -2.654856E-02  5.000000E-01  1.210811E-01 -2.664298E-02  0.000000E+00  2.349408E-02 -3.734321E-04  1.699468E-17 -6.152758E-01  0.000000E+00
  1.319970E-01 -2.676117E-02  5.000000E-01  1.333295E-01 -2.685774E-02  0.000000E+00  2.130363E-02 -4.358385E-04  9.700932E-18 -5.551208E-01  0.000000E+00
  1.319970E-01 -2.676117E-02  5.000000E-01  1.333295E-01 -2.685774E-02  0.000000E+00  2.130363E-02 -4.358385E-04  9.700932E-18 -5.551208E-01  0.000000E+00
  1.447640E-01 -2.705989E-02  5.000000E-01  1.462254E-01 -2.715947E-02  0.000000E+00  1.930726E-02 -5.286918E-04  5.441625E-18 -4.794548E-01  0.000000E+00
  1.581750E-01 -2.747944E-02  5.000000E-01  1.597718E-01 -2.758325E-02  0.000000E+00  1.802353E-02 -6.422993E-04  6.339392E-18 -3.944381E-01  0.000000E+00
  1.722290E-01 -2.804035E-02  5.000000E-01  1.739676E-01 -2.814983E-02  0.000000E+00  1.772965E-02 -7.678844E-04  6.897456E-18 -3.146697E-01  0.000000E+00
  1.869240E-01 -2.872908E-02  5.000000E-01  1.888110E-01 -2.884551E-02  0.000000E+00  1.830962E-02 -8.660022E-04  3.906920E-18 -2.590510E-01  0.000000E+00
  2.022540E-01 -2.947182E-02  5.000000E-01  2.042957E-01 -2.959575E-02  0.000000E+00  1.935510E-02 -8.421078E-04  1.054708E-18 -2.417605E-01  0.000000E+00
  2.182110E-01 -3.010306E-02  5.000000E-01  2.204138E-01 -3.023336E-02  0.000000E+00  2.044615E-02 -6.411757E-04 -1.148172E-18 -2.603795E-01  0.000000E+00
  2.347810E-01 -3.049286E-02  5.000000E-01  2.371511E-01 -3.062710E-02  0.000000E+00  2.134568E-02 -3.365308E-04 -2.203961E-19 -2.960052E-01  0.000000E+00
  2.519470E-01 -3.062936E-02  5.000000E-01  2.544904E-01 -3.076497E-02  0.000000E+00  2.189992E-02 -1.921130E-05  1.564622E-18 -3.315034E-01  0.000000E+00
  2.696890E-01 -3.051915E-02  5.000000E-01  2.724115E-01 -3.065365E-02  0.000000E+00  2.199367E-02  2.642506E-04 -1.267327E-18 -3.590796E-01  0.000000E+00
  2.879810E-01 -3.019114E-02  5.000000E-01  2.908881E-01 -3.032233E-02  0.000000E+00  2.166889E-02  4.720759E-04 -5.856623E-19 -3.746892E-01  0.000000E+00
  3.067920E-01 -2.970435E-02  5.000000E-01  3.098890E-01 -2.983062E-02  0.000000E+00  2.115743E-02  5.755328E-04  2.841096E-18 -3.765205E-01  0.000000E+00
  3.260870E-01 -2.914801E-02  5.000000E-01  3.293788E-01 -2.926867E-02  0.000000E+00  2.078541E-02  5.766342E-04  2.362701E-18 -3.667425E-01  0.000000E+00
  3.458260E-01 -2.862053E-02  5.000000E-01  3.493171E-01 -2.873586E-02  0.000000E+00  2.076849E-02  5.356885E-04  9.873803E-19 -3.545300E-01  0.000000E+00
  3.659650E-01 -2.812413E-02  5.000000E-01  3.696594E-01 -2.823446E-02  0.000000E+00  2.112919E-02  5.269052E-04  1.591729E-18 -3.510574E-01  0.000000E+00
  3.864540E-01 -2.761212E-02  5.000000E-01  3.903552E-01 -2.771727E-02  0.000000E+00  2.172945E-02  5.762836E-04  1.115265E-18 -3.615384E-01  0.000000E+00
  4.072410E-01 -2.703421E-02  5.000000E-01  4.113520E-01 -2.713353E-02  0.000000E+00  2.223206E-02  6.797275E-04  2.913903E-19 -3.849762E-01  0.000000E+00
  4.282690E-01 -2.633984E-02  5.000000E-01  4.325923E-01 -2.643215E-02  0.000000E+00  2.212464E-02  8.167028E-04 -1.515617E-19 -4.147459E-01  0.000000E+00
  4.494800E-01 -2.547690E-02  5.000000E-01  4.540174E-01 -2.556050E-02  0.000000E+00  2.098564E-02  9.365855E-04 -6.958522E-19 -4.364588E-01  0.000000E+00
  4.708130E-01 -2.442756E-02  5.000000E-01  4.755658E-01 -2.450057E-02  0.000000E+00  1.887401E-02  9.839514E-04  1.071591E-18 -4.298679E-01  0.000000E+00
  4.922030E-01 -2.322005E-02  5.000000E-01  4.971717E-01 -2.328087E-02  0.000000E+00  1.642350E-02  9.644956E-04 -8.385558E-19 -3.810702E-01  0.000000E+00
  5.135860E-01 -2.188484E-02  5.000000E-01  5.187705E-01 -2.193218E-02  0.000000E+00  1.442662E-02  9.325142E-04 -2.234228E-18 -2.961261E-01  0.000000E+00
  5.348990E-01 -2.044940E-02  5.000000E-01  5.402987E-01 -2.048225E-02  0.000000E+00  1.330445E-02  9.267088E-04 -6.529442E-20 -2.020295E-01  0.000000E+00
  5.560760E-01 -1.894246E-02  5.000000E-01  5.616895E-01 -1.896010E-02  0.000000E+00  1.295804E-02  9.529425E-04 -1.236551E-19 -1.303334E-01  0.000000E+00
  4.759900E-01  7.414206E-02  5.000000E-01  4.807950E-01  7.506408E-02  0.000000E+00  2.331910E-02 -9.067236E-04 -7.355503E-18 -8.062250E-01  0.000000E+00
  4.548480E-01  7.487135E-02  5.000000E-01  4.594396E-01  7.580074E-02  0.000000E+00  2.347550E-02 -7.082429E-04 -7.676267E-18 -7.870670E-01  0.000000E+00
  4.337860E-01  7.541559E-02  5.000000E-01  4.381650E-01  7.635047E-02  0.000000E+00  2.364602E-02 -5.071113E-04 -7.045496E-18 -7.677243E-01  0.000000E+00
  4.128620E-01  7.577298E-02  5.000000E-01  4.170298E-01  7.671146E-02  0.000000E+00  2.383172E-02 -2.927698E-04 -6.284695E-18 -7.471597E-01  0.000000E+00
  3.921340E-01  7.592943E-02  5.000000E-01  3.960925E-01  7.686950E-02  0.000000E+00  2.401980E-02 -5.501412E-05 -6.015435E-18 -7.242772E-01  0.000000E+00
  3.716590E-01  7.586985E-02  5.000000E-01  3.754108E-01  7.680931E-02  0.000000E+00  2.418157E-02  2.094164E-04 -5.158601E-18 -6.984789E-01  0.000000E+00
  3.514890E-01  7.558042E-02  5.000000E-01  3.550372E-01  7.651696E-02  0.000000E+00  2.428815E-02  4.993764E-04 -5.443924E-18 -6.696445E-01  0.000000E+00
  3.316730E-01  7.505121E-02  5.000000E-01  3.350212E-01  7.598241E-02  0.000000E+00  2.431530E-02  8.075456E-04 -6.330389E-18 -6.383943E-01  0.000000E+00
  3.122580E-01  7.428018E-02  5.000000E-01  3.154102E-01  7.520360E-02  0.000000E+00  2.423940E-02  1.113078E-03 -5.604748E-18 -6.065821E-01  0.000000E+00
  2.932850E-01  7.328965E-02  5.000000E-01  2.962457E-01  7.420307E-02  0.000000E+00  2.405652E-02  1.394781E-03 -3.940646E-18 -5.763339E-01  0.000000E+00
  2.747930E-01  7.210907E-02  5.000000E-01  2.775670E-01  7.301057E-02  0.000000E+00  2.379458E-02  1.648243E-03 -4.971328E-18 -5.487071E-01  0.000000E+00
  2.568150E-01  7.076484E-02  5.000000E-01  2.594075E-01  7.165277E-02  0.000000E+00  2.349069E-02  1.878689E-03 -6.077022E-18 -5.239625E-01  0.000000E+00
  2.393810E-01  6.927918E-02  5.000000E-01  2.417975E-01  7.015211E-02  0.000000E+00  2.317796E-02  2.094042E-03 -4.593443E-18 -5.022894E-01  0.000000E+00
  2.225160E-01  6.767015E-02  5.000000E-01  2.247623E-01  6.852684E-02  0.000000E+00  2.288274E-02  2.300016E-03 -2.404267E-18 -4.848827E-01  0.000000E+00
  2.062420E-01  6.595164E-02  5.000000E-01  2.083240E-01  6.679098E-02  0.000000E+00  2.260687E-02  2.468132E-03 -7.100499E-19 -4.765439E-01  0.000000E+00
  1.905750E-01  6.417984E-02  5.000000E-01  1.924988E-01  6.500130E-02  0.000000E+00  2.237009E-02  2.541433E-03 -1.165278E-18 -4.844965E-01  0.000000E+00
  1.755290E-01  6.245769E-02  5.000000E-01  1.773010E-01  6.326176E-02  0.000000E+00  2.231844E-02  2.539333E-03 -1.683833E-18 -5.093461E-01  0.000000E+00
  1.611160E-01  6.082728E-02  5.000000E-01  1.627425E-01  6.161489E-02  0.000000E+00  2.263263E-02  2.542988E-03 -9.019876E-19 -5.441317E-01  0.000000E+00
  1.473410E-01  5.929117E-02  5.000000E-01  1.488284E-01  6.006328E-02  0.000000E+00  2.334949E-02  2.600755E-03 -1.253031E-18 -5.812607E-01  0.000000E+00
  1.342110E-01  5.783194E-02  5.000000E-01  1.355659E-01  5.858932E-02  0.000000E+00  2.435494E-02  2.727917E-03 -6.652384E-19 -6.152902E-01  0.000000E+00
  1.217280E-01  5.642416E-02  5.000000E-01  1.229569E-01  5.716733E-02  0.000000E+00  2.547352E-02  2.924683E-03  1.774362E-18 -6.435998E-01  0.000000E+00
  1.098910E-01  5.504227E-02  5.000000E-01  1.110004E-01  5.577149E-02  0.000000E+00  2.657426E-02  3.196842E-03  3.417380E-18 -6.652058E-01  0.000000E+00
  9.869950E-02  5.365759E-02  5.000000E-01  9.969589E-02  5.437283E-02  0.000000E+00  2.760806E-02  3.559841E-03  5.740234E-18 -6.797429E-01  0.000000E+00
  8.814970E-02  5.224378E-02  5.000000E-01  8.903960E-02  5.294475E-02  0.000000E+00  2.858929E-02  4.039664E-03  8.944329E-18 -6.867418E-01  0.000000E+00
  8.814970E-02  5.224378E-02  5.000000E-01  8.903960E-02  5.294475E-02  0.000000E+00  2.858929E-02  4.039664E-03  8.944329E-18 -6.867418E-01  0.000000E+00
  7.823720E-02  5.077325E-02  5.000000E-01  7.902703E-02  5.145937E-02  0.000000E+00  2.955817E-02  4.679205E-03  1.322100E-17 -6.849055E-01  0.000000E+00
  6.895800E-02  4.921464E-02  5.000000E-01  6.965416E-02  4.988502E-02  0.000000E+00  3.052605E-02  5.520436E-03  1.919328E-17 -6.727224E-01  0.000000E+00
  6.030560E-02  4.754175E-02  5.000000E-01  6.091442E-02  4.819525E-02  0.000000E+00  3.147688E-02  6.617810E-03  2.206280E-17 -6.477188E-01  0.000000E+00
  5.227560E-02  4.572216E-02  5.000000E-01  5.280336E-02  4.635729E-02  0.000000E+00  3.235147E-02  8.032649E-03  2.108904E-17 -6.063744E-01  0.000000E+00
  4.486350E-02  4.372499E-02  5.000000E-01  4.531643E-02  4.433996E-02  0.000000E+00  3.300866E-02  9.786299E-03  1.718052E-17 -5.456519E-01  0.000000E+00
  3.806240E-02  4.152807E-02  5.000000E-01  3.844668E-02  4.212086E-02  0.000000E+00  3.326324E-02  1.187640E-02  7.843584E-18 -4.616644E-01  0.000000E+00
  3.186880E-02  3.910689E-02  5.000000E-01  3.219056E-02  3.967525E-02  0.000000E+00  3.287099E-02  1.421099E-02 -2.197957E-18 -3.512094E-01  0.000000E+00
  2.627530E-02  3.645183E-02  5.000000E-01  2.654059E-02  3.699338E-02  0.000000E+00  3.157714E-02  1.656416E-02 -6.149329E-18 -2.135057E-01  0.000000E+00
  2.127350E-02  3.356529E-02  5.000000E-01  2.148830E-02  3.407770E-02  0.000000E+00  2.925553E-02  1.866057E-02 -8.456284E-18 -4.860641E-02  0.000000E+00
  1.685790E-02  3.045443E-02  5.000000E-01  1.702813E-02  3.093544E-02  0.000000E+00  2.595464E-02  2.014259E-02 -1.242289E-17  1.379255E-01  0.000000E+00
  1.301460E-02  2.715441E-02  5.000000E-01  1.314603E-02  2.760210E-02  0.000000E+00  2.193301E-02  2.071912E-02 -1.990094E-17  3.364833E-01  0.000000E+00
  9.730790E-03  2.371063E-02  5.000000E-01  9.829072E-03  2.412356E-02  0.000000E+00  1.759166E-02  2.032026E-02 -2.852003E-17  5.379940E-01  0.000000E+00
  6.996180E-03  2.017809E-02  5.000000E-01  7.066857E-03  2.055536E-02  0.000000E+00  1.333810E-02  1.892676E-02 -3.183562E-17  7.274307E-01  0.000000E+00
  4.781010E-03  1.664836E-02  5.000000E-01  4.829325E-03  1.699000E-02  0.000000E+00  9.486432E-03  1.663373E-02 -2.633385E-17  8.911925E-01  0.000000E+00
  3.054950E-03  1.321702E-02  5.000000E-01  3.085841E-03  1.352402E-02  0.000000E+00  6.195381E-03  1.365750E-02 -1.750099E-17  1.024705E+00  0.000000E+00
  1.789910E-03  9.979310E-03  5.000000E-01  1.808031E-03  1.025363E-02  0.000000E+00  3.553448E-03  1.012862E-02 -1.994014E-17  1.123368E+00  0.000000E+00
  9.331870E-04  7.044391E-03  5.000000E-01  9.426596E-04  7.289082E-03  0.000000E+00  1.622350E-03  6.129225E-03 -2.482204E-17  1.183470E+00  0.000000E+00
  4.085430E-04  4.520854E-03  5.000000E-01  4.127195E-04  4.740071E-03  0.000000E+00  3.832119E-04  1.748684E-03 -2.519884E-17  1.207864E+00  0.000000E+00
  1.354760E-04  2.496043E-03  5.000000E-01  1.368960E-04  2.694821E-03  0.000000E+00 -2.377274E-04 -2.975824E-03 -3.236661E-17  1.204260E+00  0.000000E+00
  2.683130E-05  1.022141E-03  5.000000E-01  2.715456E-05  1.206040E-03  0.000000E+00 -3.427881E-04 -8.037898E-03 -4.165029E-17  1.181001E+00  0.000000E+00
  1.320070E-06  1.278046E-04  5.000000E-01  1.385807E-06  3.026754E-04  0.000000E+00 -2.071674E-04 -1.295716E-02 -4.222234E-17  1.140726E+00  0.000000E+00
 -5.188750E-08 -1.718459E-04  5.000000E-01  0.000000E+00  0.000000E+00  0.000000E+00 -4.369962E-05 -1.607984E-02 -2.724171E-17  1.105813E+00  0.000000E+00
  2.733630E-06 -4.857976E-04  5.000000E-01  2.813636E-06 -3.171209E-04  0.000000E+00  4.674773E-04 -1.837174E-02  1.922156E-18  1.097244E+00  0.000000E+00
    1    2
    2    3
    3    4
    4    5
    5    6
    6    7
    7    8
    8    9
    9   10
   10   11
   11   12
   12   13
   13   14
   14   15
   15   16
   16   17
   17   18
   18   19
   19   20
   20   21
   21   22
   22   23
   23   24
   25   26
   26   27
   27   28
   28   29
   29   30
   30   31
   31   32
   32   33
   33   34
   34   35
   35   36
   36   37
   37   38
   38   39
   39   40
   40   41
   41   42
   42   43
   43   44
   44   45
   45   46
   46   47
   47   48
   49   50
   50   51
   51   52
   52   53
   53   54
   54   55
   55   56
   56   57
   57   58
   58   59
   59   60
   60   61
   61   62
   62   63
   63   64
   64   65
   65   66
   66   67
   67   68
   68   69
   69   70
   70   71
   71   72
   73   74
   74   75
   75   76
   76   77
   77   78
   78   79
   79   80
   80   81
   81   82
   82   83
   83   84
   84   85
   85   86
   86   87
   87   88
   88   89
   89   90
   90   91
   91   92
   92   93
   93   94
   94   95
   95   96
   97   98
   98   99
   99  100
  100  101
  101  102
  102  103
  103  104
  104  105
  105  106
  106  107
  107  108
  108  109
  109  110
  110  111
  111  112
  112  113
  113  114
  114  115
  115  116
  116  117
  117  118
  118  119
  119  120
  121  122
  122  123
  123  124
  124  125
  125  126
  126  127
  127  128
  128  129
  129  130
  130  131
  131  132
  132  133
  133  134
  134  135
  135  136
  136  137
  137  138
  138  139
  139  140
  140  141
  141  142
  142  143
  143  144
  145  146
  146  147
  147  148
  148  149
  149  150
  150  151
  151  152
  152  153
  153  154
  154  155
  155  156
  156  157
  157  158
  158  159
  159  160
  160  161
  161  162
  162  163
  163  164
  164  165
  165  166
  166  167
  167  168
  169  170
  170  171
  171  172
  172  173
  173  174
  174  175
  175  176
  176  177
  177  178
  178  179
  179  180
  180  181
  181  182
  182  183
  183  184
  184  185
  185  186
  186  187
  187  188
  188  189
  189  190
  190  191
  191  192
