 Title = "ADflow Slice Data"
Variables =  "CoordinateX"  "CoordinateY"  "CoordinateZ"  "XoC"  "YoC"  "ZoC" "VelocityX" "VelocityY" "VelocityZ" "CoefPressure" "Mach" 
Zone T= "Slice_0001 None Absolute Regular z = 0.50000000"
 Nodes =          192  Elements=          184  ZONETYPE=FELINESEG
 DATAPACKING=POINT
  5.560760E-01 -1.893741E-02  5.000000E-01  5.616895E-01 -1.895506E-02  0.000000E+00  1.506829E-02  1.097792E-03 -3.073766E-17 -1.687406E-01  0.000000E+00
  5.770550E-01 -1.737423E-02  5.000000E-01  5.828802E-01 -1.737611E-02  0.000000E+00  1.470258E-02  1.131667E-03 -4.167947E-17 -1.386532E-01  0.000000E+00
  5.977760E-01 -1.573237E-02  5.000000E-01  6.038104E-01 -1.571767E-02  0.000000E+00  1.434442E-02  1.180824E-03 -4.099459E-17 -1.170286E-01  0.000000E+00
  6.181820E-01 -1.398904E-02  5.000000E-01  6.244224E-01 -1.395674E-02  0.000000E+00  1.385977E-02  1.236312E-03 -3.375829E-17 -9.830586E-02  0.000000E+00
  6.382180E-01 -1.212082E-02  5.000000E-01  6.446607E-01 -1.206966E-02  0.000000E+00  1.317278E-02  1.283622E-03 -2.862014E-17 -7.591632E-02  0.000000E+00
  6.578350E-01 -1.011752E-02  5.000000E-01  6.644757E-01 -1.004614E-02  0.000000E+00  1.228072E-02  1.306144E-03 -2.125442E-17 -4.560927E-02  0.000000E+00
  6.769910E-01 -7.989225E-03  5.000000E-01  6.838251E-01 -7.896360E-03  0.000000E+00  1.122983E-02  1.293463E-03 -1.246922E-17 -7.223338E-03  0.000000E+00
  6.956490E-01 -5.755919E-03  5.000000E-01  7.026714E-01 -5.640510E-03  0.000000E+00  1.008193E-02  1.242167E-03 -4.113474E-18  3.650597E-02  0.000000E+00
  7.137810E-01 -3.451358E-03  5.000000E-01  7.209864E-01 -3.312684E-03  0.000000E+00  8.894253E-03  1.153371E-03  2.095776E-18  8.239051E-02  0.000000E+00
  7.313660E-01 -1.120501E-03  5.000000E-01  7.387490E-01 -9.582986E-04  0.000000E+00  7.709565E-03  1.035053E-03  5.398906E-18  1.278356E-01  0.000000E+00
  7.483850E-01  1.196895E-03  5.000000E-01  7.559398E-01  1.382491E-03  0.000000E+00  6.563076E-03  9.013825E-04  7.768817E-18  1.711209E-01  0.000000E+00
  7.648220E-01  3.475083E-03  5.000000E-01  7.725427E-01  3.683677E-03  0.000000E+00  5.499856E-03  7.667391E-04  1.085047E-17  2.113349E-01  0.000000E+00
  7.806630E-01  5.696438E-03  5.000000E-01  7.885436E-01  5.927455E-03  0.000000E+00  4.589258E-03  6.367940E-04  8.613137E-18  2.488136E-01  0.000000E+00
  7.958970E-01  7.793021E-03  5.000000E-01  8.039314E-01  8.045203E-03  0.000000E+00  3.923614E-03  5.111312E-04  3.322094E-18  2.851132E-01  0.000000E+00
  8.105170E-01  9.581278E-03  5.000000E-01  8.186990E-01  9.851512E-03  0.000000E+00  3.565162E-03  3.974771E-04 -9.651789E-19  3.175444E-01  0.000000E+00
  8.245160E-01  1.096953E-02  5.000000E-01  8.328393E-01  1.125377E-02  0.000000E+00  3.500895E-03  3.032688E-04 -5.667724E-18  3.407531E-01  0.000000E+00
  8.378940E-01  1.195581E-02  5.000000E-01  8.463523E-01  1.225002E-02  0.000000E+00  3.669822E-03  2.236707E-04 -1.050402E-17  3.542287E-01  0.000000E+00
  8.506490E-01  1.258263E-02  5.000000E-01  8.592361E-01  1.288316E-02  0.000000E+00  4.006055E-03  1.495389E-04 -1.542468E-17  3.609345E-01  0.000000E+00
  8.627850E-01  1.290855E-02  5.000000E-01  8.714946E-01  1.321238E-02  0.000000E+00  4.455444E-03  7.365238E-05 -1.924849E-17  3.634014E-01  0.000000E+00
  8.743060E-01  1.299330E-02  5.000000E-01  8.831319E-01  1.329797E-02  0.000000E+00  4.974329E-03 -7.904957E-06 -2.353369E-17  3.627719E-01  0.000000E+00
  8.852170E-01  1.288859E-02  5.000000E-01  8.941530E-01  1.319221E-02  0.000000E+00  5.528394E-03 -9.653798E-05 -2.743467E-17  3.596839E-01  0.000000E+00
  8.955250E-01  1.263548E-02  5.000000E-01  9.045651E-01  1.293654E-02  0.000000E+00  6.093547E-03 -1.922564E-04 -3.181181E-17  3.546614E-01  0.000000E+00
  9.052400E-01  1.226696E-02  5.000000E-01  9.143782E-01  1.256431E-02  0.000000E+00  6.656466E-03 -2.950400E-04 -3.479335E-17  3.481114E-01  0.000000E+00
  9.143710E-01  1.180874E-02  5.000000E-01  9.236013E-01  1.210145E-02  0.000000E+00  7.215930E-03 -4.076774E-04 -2.422167E-17  3.404659E-01  0.000000E+00
  9.143710E-01  1.180874E-02  5.000000E-01  9.236013E-01  1.210145E-02  0.000000E+00  7.215930E-03 -4.076774E-04 -2.422167E-17  3.404659E-01  0.000000E+00
  9.229270E-01  1.127571E-02  5.000000E-01  9.322437E-01  1.156305E-02  0.000000E+00  7.782248E-03 -5.357103E-04  7.632859E-18  3.319639E-01  0.000000E+00
  9.309180E-01  1.067719E-02  5.000000E-01  9.403154E-01  1.095848E-02  0.000000E+00  8.372782E-03 -6.844211E-04  9.237496E-17  3.223535E-01  0.000000E+00
  9.383550E-01  1.002183E-02  5.000000E-01  9.478274E-01  1.029651E-02  0.000000E+00  9.008241E-03 -8.587552E-04  3.009620E-16  3.111705E-01  0.000000E+00
  9.452490E-01  9.318420E-03  5.000000E-01  9.547910E-01  9.586000E-03  0.000000E+00  9.712217E-03 -1.065475E-03  7.298597E-16  2.980312E-01  0.000000E+00
  9.516100E-01  8.575437E-03  5.000000E-01  9.612163E-01  8.835517E-03  0.000000E+00  1.051128E-02 -1.313224E-03  1.488125E-15  2.825371E-01  0.000000E+00
  9.574470E-01  7.802417E-03  5.000000E-01  9.671122E-01  8.054694E-03  0.000000E+00  1.143318E-02 -1.610903E-03  2.581339E-15  2.640881E-01  0.000000E+00
  9.627730E-01  7.010630E-03  5.000000E-01  9.724919E-01  7.254914E-03  0.000000E+00  1.250617E-02 -1.968054E-03  3.584772E-15  2.419982E-01  0.000000E+00
  9.675950E-01  6.213537E-03  5.000000E-01  9.773626E-01  6.449774E-03  0.000000E+00  1.376149E-02 -2.394264E-03  3.010285E-15  2.155478E-01  0.000000E+00
  9.719240E-01  5.426266E-03  5.000000E-01  9.817353E-01  5.654557E-03  0.000000E+00  1.523974E-02 -2.899838E-03 -2.361635E-15  1.839094E-01  0.000000E+00
  9.757700E-01  4.665257E-03  5.000000E-01  9.856201E-01  4.885865E-03  0.000000E+00  1.700463E-02 -3.501225E-03 -1.676876E-14  1.462523E-01  0.000000E+00
  9.791410E-01  3.947054E-03  5.000000E-01  9.890252E-01  4.160412E-03  0.000000E+00  1.915574E-02 -4.223984E-03 -4.036507E-14  1.016764E-01  0.000000E+00
  9.820450E-01  3.287579E-03  5.000000E-01  9.919585E-01  3.494280E-03  0.000000E+00  2.181151E-02 -5.099572E-03 -5.858278E-14  4.883781E-02  0.000000E+00
  9.844890E-01  2.701616E-03  5.000000E-01  9.944272E-01  2.902402E-03  0.000000E+00  2.503633E-02 -6.152370E-03 -3.858661E-14 -1.397037E-02  0.000000E+00
  9.864800E-01  2.202490E-03  5.000000E-01  9.964383E-01  2.398237E-03  0.000000E+00  2.875892E-02 -7.337850E-03  3.261209E-14 -8.719577E-02  0.000000E+00
  9.880230E-01  1.801936E-03  5.000000E-01  9.979968E-01  1.993640E-03  0.000000E+00  3.246652E-02 -8.457762E-03  6.265605E-14 -1.778125E-01  0.000000E+00
  9.891220E-01  1.509207E-03  5.000000E-01  9.991069E-01  1.697955E-03  0.000000E+00  3.593994E-02 -9.743214E-03 -1.420723E-13 -2.866520E-01  0.000000E+00
  9.897810E-01  1.330851E-03  5.000000E-01  9.997726E-01  1.517800E-03  0.000000E+00  5.277825E-02 -1.246242E-02 -5.361461E-13 -3.054836E-01  0.000000E+00
  9.900000E-01  1.270978E-03  5.000000E-01  9.999938E-01  1.457322E-03  0.000000E+00  3.650486E-02 -2.271749E-03 -6.485511E-13 -6.802937E-01  0.000000E+00
  9.900000E-01  1.680481E-03  5.000000E-01  9.999938E-01  1.870959E-03  0.000000E+00  2.127863E-03 -7.784867E-03 -3.048073E-13 -9.797280E-01  0.000000E+00
  9.900000E-01  2.089983E-03  5.000000E-01  9.999938E-01  2.284595E-03  0.000000E+00 -5.416373E-04 -2.193294E-02  1.829145E-14 -8.244985E-01  0.000000E+00
  9.900000E-01  2.499486E-03  5.000000E-01  9.999938E-01  2.698231E-03  0.000000E+00 -1.402047E-04 -1.348725E-02  7.928609E-14 -7.968318E-01  0.000000E+00
  9.900000E-01  2.908974E-03  5.000000E-01  9.999938E-01  3.111853E-03  0.000000E+00  3.202159E-04 -8.314635E-03  4.603819E-14 -8.268141E-01  0.000000E+00
  9.900000E-01  3.318476E-03  5.000000E-01  9.999938E-01  3.525489E-03  0.000000E+00  4.471688E-03 -6.759597E-03  3.384136E-14 -7.915265E-01  0.000000E+00
  9.900000E-01  3.318476E-03  5.000000E-01  9.999938E-01  3.525489E-03  0.000000E+00  4.471688E-03 -6.759597E-03  3.384136E-14 -7.915265E-01  0.000000E+00
  9.897980E-01  3.422616E-03  5.000000E-01  9.997897E-01  3.630680E-03  0.000000E+00  5.440454E-03 -3.343184E-03  4.900154E-14 -7.432830E-01  0.000000E+00
  9.891900E-01  3.735031E-03  5.000000E-01  9.991756E-01  3.946248E-03  0.000000E+00  1.129745E-03 -5.170630E-04  4.765517E-14 -7.513384E-01  0.000000E+00
  9.881780E-01  4.255033E-03  5.000000E-01  9.981534E-01  4.471500E-03  0.000000E+00 -1.264600E-03  6.523841E-04  3.082014E-14 -7.584273E-01  0.000000E+00
  9.867570E-01  4.981323E-03  5.000000E-01  9.967180E-01  5.205121E-03  0.000000E+00 -2.628914E-03  1.328589E-03  1.482249E-14 -7.652841E-01  0.000000E+00
  9.849260E-01  5.910381E-03  5.000000E-01  9.948686E-01  6.143559E-03  0.000000E+00 -3.237661E-03  1.632655E-03  5.316056E-15 -7.750951E-01  0.000000E+00
  9.826810E-01  7.035723E-03  5.000000E-01  9.926009E-01  7.280261E-03  0.000000E+00 -3.243810E-03  1.615531E-03  1.372408E-15 -7.842866E-01  0.000000E+00
  9.800160E-01  8.347605E-03  5.000000E-01  9.899090E-01  8.605385E-03  0.000000E+00 -2.935688E-03  1.430709E-03  4.199626E-16 -7.899038E-01  0.000000E+00
  9.769240E-01  9.831949E-03  5.000000E-01  9.867858E-01  1.010471E-02  0.000000E+00 -2.610730E-03  1.233250E-03  4.452955E-16 -7.920844E-01  0.000000E+00
  9.733970E-01  1.146761E-02  5.000000E-01  9.832232E-01  1.175689E-02  0.000000E+00 -2.455815E-03  1.111468E-03  5.249764E-16 -7.928322E-01  0.000000E+00
  9.694240E-01  1.322809E-02  5.000000E-01  9.792101E-01  1.353514E-02  0.000000E+00 -2.529824E-03  1.089205E-03  4.647104E-16 -7.940707E-01  0.000000E+00
  9.649940E-01  1.508666E-02  5.000000E-01  9.747354E-01  1.541247E-02  0.000000E+00 -2.829633E-03  1.159290E-03  3.311109E-16 -7.954685E-01  0.000000E+00
  9.600960E-01  1.702311E-02  5.000000E-01  9.697879E-01  1.736847E-02  0.000000E+00 -3.346950E-03  1.292060E-03  2.021970E-16 -7.959447E-01  0.000000E+00
  9.547180E-01  1.901728E-02  5.000000E-01  9.643556E-01  1.938277E-02  0.000000E+00 -3.940497E-03  1.403020E-03  1.099899E-16 -8.035850E-01  0.000000E+00
  9.488510E-01  2.104978E-02  5.000000E-01  9.584294E-01  2.143578E-02  0.000000E+00 -4.028131E-03  1.313495E-03  5.345007E-17 -8.419445E-01  0.000000E+00
  9.424820E-01  2.310535E-02  5.000000E-01  9.519961E-01  2.351210E-02  0.000000E+00 -2.449360E-03  7.493493E-04  3.256795E-17 -9.293981E-01  0.000000E+00
  9.356020E-01  2.517349E-02  5.000000E-01  9.450467E-01  2.560112E-02  0.000000E+00  2.060405E-03 -5.492926E-04  4.686653E-17 -1.046624E+00  0.000000E+00
  9.282010E-01  2.724804E-02  5.000000E-01  9.375709E-01  2.769661E-02  0.000000E+00  9.430833E-03 -2.469151E-03  8.141453E-17 -1.143834E+00  0.000000E+00
  9.202710E-01  2.932386E-02  5.000000E-01  9.295609E-01  2.979339E-02  0.000000E+00  1.718469E-02 -4.285026E-03  1.409596E-16 -1.187477E+00  0.000000E+00
  9.118010E-01  3.138875E-02  5.000000E-01  9.210054E-01  3.187913E-02  0.000000E+00  2.230709E-02 -5.230355E-03  2.214304E-16 -1.183680E+00  0.000000E+00
  9.027810E-01  3.342665E-02  5.000000E-01  9.118943E-01  3.393760E-02  0.000000E+00  2.407568E-02 -5.237407E-03  2.305684E-16 -1.156472E+00  0.000000E+00
  8.932000E-01  3.542179E-02  5.000000E-01  9.022166E-01  3.595287E-02  0.000000E+00  2.386880E-02 -4.767068E-03  1.530235E-16 -1.122405E+00  0.000000E+00
  8.830490E-01  3.735586E-02  5.000000E-01  8.919631E-01  3.790646E-02  0.000000E+00  2.317428E-02 -4.211304E-03  8.952542E-17 -1.086975E+00  0.000000E+00
  8.723190E-01  3.920788E-02  5.000000E-01  8.811248E-01  3.977718E-02  0.000000E+00  2.263983E-02 -3.704811E-03  8.828434E-17 -1.050856E+00  0.000000E+00
  8.723190E-01  3.920788E-02  5.000000E-01  8.811248E-01  3.977718E-02  0.000000E+00  2.263983E-02 -3.704811E-03  8.828434E-17 -1.050856E+00  0.000000E+00
  8.610010E-01  4.095715E-02  5.000000E-01  8.696926E-01  4.154411E-02  0.000000E+00  2.229207E-02 -3.245778E-03  1.251184E-16 -1.013817E+00  0.000000E+00
  8.490890E-01  4.258441E-02  5.000000E-01  8.576603E-01  4.318780E-02  0.000000E+00  2.197091E-02 -2.808743E-03  1.654350E-16 -9.759379E-01  0.000000E+00
  8.365770E-01  4.407381E-02  5.000000E-01  8.450220E-01  4.469223E-02  0.000000E+00  2.155772E-02 -2.389273E-03  1.828773E-16 -9.381724E-01  0.000000E+00
  8.234620E-01  4.541899E-02  5.000000E-01  8.317746E-01  4.605100E-02  0.000000E+00  2.102409E-02 -2.006638E-03  1.851201E-16 -9.027805E-01  0.000000E+00
  8.097400E-01  4.662940E-02  5.000000E-01  8.179141E-01  4.727362E-02  0.000000E+00  2.040444E-02 -1.695209E-03  2.070336E-16 -8.736220E-01  0.000000E+00
  7.954150E-01  4.774220E-02  5.000000E-01  8.034445E-01  4.839766E-02  0.000000E+00  1.976473E-02 -1.496451E-03  2.323758E-16 -8.556849E-01  0.000000E+00
  7.804870E-01  4.883593E-02  5.000000E-01  7.883658E-01  4.950243E-02  0.000000E+00  1.920885E-02 -1.437622E-03  2.257518E-16 -8.524248E-01  0.000000E+00
  7.649630E-01  5.001896E-02  5.000000E-01  7.726851E-01  5.069740E-02  0.000000E+00  1.889627E-02 -1.490534E-03  1.780895E-16 -8.614521E-01  0.000000E+00
  7.488530E-01  5.133479E-02  5.000000E-01  7.564125E-01  5.202652E-02  0.000000E+00  1.892347E-02 -1.603577E-03  1.034515E-16 -8.770811E-01  0.000000E+00
  7.321700E-01  5.280028E-02  5.000000E-01  7.395611E-01  5.350679E-02  0.000000E+00  1.923331E-02 -1.751721E-03  2.409267E-17 -8.953452E-01  0.000000E+00
  7.149290E-01  5.442515E-02  5.000000E-01  7.221460E-01  5.514807E-02  0.000000E+00  1.970432E-02 -1.916481E-03 -4.002130E-17 -9.134388E-01  0.000000E+00
  6.971500E-01  5.620633E-02  5.000000E-01  7.041876E-01  5.694723E-02  0.000000E+00  2.023588E-02 -2.072887E-03 -7.353676E-17 -9.287742E-01  0.000000E+00
  6.788570E-01  5.812107E-02  5.000000E-01  6.857099E-01  5.888130E-02  0.000000E+00  2.077577E-02 -2.189603E-03 -7.367324E-17 -9.387514E-01  0.000000E+00
  6.600760E-01  6.011629E-02  5.000000E-01  6.667393E-01  6.089666E-02  0.000000E+00  2.129314E-02 -2.239075E-03 -5.643498E-17 -9.415738E-01  0.000000E+00
  6.408370E-01  6.212049E-02  5.000000E-01  6.473061E-01  6.292109E-02  0.000000E+00  2.173963E-02 -2.218856E-03 -3.873876E-17 -9.377136E-01  0.000000E+00
  6.211780E-01  6.408567E-02  5.000000E-01  6.274486E-01  6.490611E-02  0.000000E+00  2.208405E-02 -2.143447E-03 -2.941259E-17 -9.288674E-01  0.000000E+00
  6.011430E-01  6.597246E-02  5.000000E-01  6.072114E-01  6.681194E-02  0.000000E+00  2.234359E-02 -2.024240E-03 -3.044229E-17 -9.162482E-01  0.000000E+00
  5.807790E-01  6.774485E-02  5.000000E-01  5.866418E-01  6.860223E-02  0.000000E+00  2.254819E-02 -1.872502E-03 -3.383221E-17 -9.008191E-01  0.000000E+00
  5.601410E-01  6.937687E-02  5.000000E-01  5.657955E-01  7.025072E-02  0.000000E+00  2.272376E-02 -1.697093E-03 -3.061404E-17 -8.832828E-01  0.000000E+00
  5.392850E-01  7.084380E-02  5.000000E-01  5.447290E-01  7.173246E-02  0.000000E+00  2.288464E-02 -1.504788E-03 -1.843184E-17 -8.642687E-01  0.000000E+00
  5.182680E-01  7.212977E-02  5.000000E-01  5.234998E-01  7.303141E-02  0.000000E+00  2.303012E-02 -1.306383E-03 -4.355100E-18 -8.447439E-01  0.000000E+00
  4.971500E-01  7.323335E-02  5.000000E-01  5.021686E-01  7.414613E-02  0.000000E+00  2.316703E-02 -1.108951E-03  3.355496E-18 -8.253841E-01  0.000000E+00
  4.759900E-01  7.415366E-02  5.000000E-01  4.807950E-01  7.507573E-02  0.000000E+00  2.331136E-02 -9.125806E-04  8.220669E-18 -8.063069E-01  0.000000E+00
  2.733630E-06 -4.855493E-04  5.000000E-01  2.813636E-06 -3.169371E-04  0.000000E+00  4.686372E-04 -1.840570E-02  1.193457E-14  1.096919E+00  0.000000E+00
  4.455870E-05 -1.426488E-03  5.000000E-01  4.506092E-05 -1.267374E-03  0.000000E+00  2.258772E-03 -2.190601E-02  1.561686E-14  1.067589E+00  0.000000E+00
  2.731490E-04 -2.958884E-03  5.000000E-01  2.759588E-04 -2.815239E-03  0.000000E+00  6.593028E-03 -2.486040E-02  1.883420E-14  9.467729E-01  0.000000E+00
  9.950900E-04 -4.913571E-03  5.000000E-01  1.005188E-03 -4.789659E-03  0.000000E+00  1.277739E-02 -2.521996E-02  2.076083E-14  7.369515E-01  0.000000E+00
  2.349870E-03 -6.988406E-03  5.000000E-01  2.373644E-03 -6.885438E-03  0.000000E+00  1.846850E-02 -2.401697E-02  2.044773E-14  5.277886E-01  0.000000E+00
  4.254460E-03 -9.116586E-03  5.000000E-01  4.297460E-03 -9.035101E-03  0.000000E+00  2.308446E-02 -2.270170E-02  1.863313E-14  3.564105E-01  0.000000E+00
  6.687140E-03 -1.123950E-02  5.000000E-01  6.754697E-03 -1.117944E-02  0.000000E+00  2.708526E-02 -2.121572E-02  1.642129E-14  1.937163E-01  0.000000E+00
  9.634000E-03 -1.331960E-02  5.000000E-01  9.731305E-03 -1.328054E-02  0.000000E+00  3.034947E-02 -1.921529E-02  1.474888E-14  2.840118E-02  0.000000E+00
  1.310530E-02 -1.528928E-02  5.000000E-01  1.323765E-02 -1.527010E-02  0.000000E+00  3.258113E-02 -1.656246E-02  1.399969E-14 -1.355038E-01  0.000000E+00
  1.710810E-02 -1.709683E-02  5.000000E-01  1.728085E-02 -1.709590E-02  0.000000E+00  3.384671E-02 -1.378874E-02  1.355778E-14 -2.755977E-01  0.000000E+00
  2.163760E-02 -1.874283E-02  5.000000E-01  2.185608E-02 -1.875852E-02  0.000000E+00  3.453639E-02 -1.137172E-02  1.280013E-14 -3.825154E-01  0.000000E+00
  2.669190E-02 -2.023698E-02  5.000000E-01  2.696140E-02 -2.026775E-02  0.000000E+00  3.479524E-02 -9.238420E-03  1.173086E-14 -4.687352E-01  0.000000E+00
  3.228310E-02 -2.155512E-02  5.000000E-01  3.260904E-02 -2.159920E-02  0.000000E+00  3.458167E-02 -7.265364E-03  1.054667E-14 -5.439441E-01  0.000000E+00
  3.842170E-02 -2.268519E-02  5.000000E-01  3.880961E-02 -2.274067E-02  0.000000E+00  3.397875E-02 -5.528938E-03  9.271492E-15 -6.070996E-01  0.000000E+00
  4.511710E-02 -2.362795E-02  5.000000E-01  4.557260E-02 -2.369295E-02  0.000000E+00  3.311475E-02 -4.075094E-03  7.932142E-15 -6.569397E-01  0.000000E+00
  5.237940E-02 -2.438872E-02  5.000000E-01  5.290821E-02 -2.446140E-02  0.000000E+00  3.211190E-02 -2.908605E-03  6.619878E-15 -6.930585E-01  0.000000E+00
  6.021800E-02 -2.498321E-02  5.000000E-01  6.082593E-02 -2.506189E-02  0.000000E+00  3.108858E-02 -2.021597E-03  5.391801E-15 -7.154065E-01  0.000000E+00
  6.864140E-02 -2.543666E-02  5.000000E-01  6.933437E-02 -2.551993E-02  0.000000E+00  3.009553E-02 -1.369722E-03  4.286385E-15 -7.255963E-01  0.000000E+00
  7.765990E-02 -2.577013E-02  5.000000E-01  7.844390E-02 -2.585675E-02  0.000000E+00  2.911817E-02 -9.020321E-04  3.333960E-15 -7.254358E-01  0.000000E+00
  8.728340E-02 -2.600874E-02  5.000000E-01  8.816455E-02 -2.609777E-02  0.000000E+00  2.810648E-02 -5.915776E-04  2.528951E-15 -7.152945E-01  0.000000E+00
  9.752070E-02 -2.618471E-02  5.000000E-01  9.850519E-02 -2.627552E-02  0.000000E+00  2.693643E-02 -4.120766E-04  1.854155E-15 -6.951221E-01  0.000000E+00
  1.083810E-01 -2.633000E-02  5.000000E-01  1.094751E-01 -2.642227E-02  0.000000E+00  2.544977E-02 -3.367561E-04  1.304545E-15 -6.642770E-01  0.000000E+00
  1.198710E-01 -2.648037E-02  5.000000E-01  1.210811E-01 -2.657417E-02  0.000000E+00  2.359399E-02 -3.440596E-04  8.659029E-16 -6.209733E-01  0.000000E+00
  1.319970E-01 -2.667574E-02  5.000000E-01  1.333295E-01 -2.677151E-02  0.000000E+00  2.155281E-02 -4.081558E-04  5.205518E-16 -5.634810E-01  0.000000E+00
  1.319970E-01 -2.667574E-02  5.000000E-01  1.333295E-01 -2.677151E-02  0.000000E+00  2.155281E-02 -4.081558E-04  5.205518E-16 -5.634810E-01  0.000000E+00
  1.447640E-01 -2.695355E-02  5.000000E-01  1.462254E-01 -2.705212E-02  0.000000E+00  1.976285E-02 -5.069829E-04  2.711363E-16 -4.923686E-01  0.000000E+00
  1.581750E-01 -2.734822E-02  5.000000E-01  1.597718E-01 -2.745078E-02  0.000000E+00  1.872070E-02 -6.310152E-04  1.087012E-16 -4.140173E-01  0.000000E+00
  1.722290E-01 -2.788027E-02  5.000000E-01  1.739676E-01 -2.798820E-02  0.000000E+00  1.867828E-02 -7.696307E-04 -4.233809E-18 -3.427465E-01  0.000000E+00
  1.869240E-01 -2.853667E-02  5.000000E-01  1.888110E-01 -2.865122E-02  0.000000E+00  1.948697E-02 -8.785782E-04 -8.715348E-17 -2.969723E-01  0.000000E+00
  2.022540E-01 -2.924517E-02  5.000000E-01  2.042957E-01 -2.936688E-02  0.000000E+00  2.068602E-02 -8.552127E-04 -1.353570E-16 -2.903821E-01  0.000000E+00
  2.182110E-01 -2.984327E-02  5.000000E-01  2.204138E-01 -2.997101E-02  0.000000E+00  2.178716E-02 -6.415809E-04 -1.481426E-16 -3.195593E-01  0.000000E+00
  2.347810E-01 -3.020384E-02  5.000000E-01  2.371511E-01 -3.033523E-02  0.000000E+00  2.249672E-02 -3.207681E-04 -1.250887E-16 -3.633319E-01  0.000000E+00
  2.519470E-01 -3.031667E-02  5.000000E-01  2.544904E-01 -3.044919E-02  0.000000E+00  2.264863E-02  3.298743E-06 -8.326670E-17 -4.011112E-01  0.000000E+00
  2.696890E-01 -3.019011E-02  5.000000E-01  2.724115E-01 -3.032136E-02  0.000000E+00  2.219006E-02  2.779120E-04 -5.310123E-17 -4.220096E-01  0.000000E+00
  2.879810E-01 -2.985500E-02  5.000000E-01  2.908881E-01 -2.998286E-02  0.000000E+00  2.128876E-02  4.636452E-04 -4.486675E-17 -4.213364E-01  0.000000E+00
  3.067920E-01 -2.937210E-02  5.000000E-01  3.098890E-01 -2.949509E-02  0.000000E+00  2.029374E-02  5.411843E-04 -4.393542E-17 -3.999829E-01  0.000000E+00
  3.260870E-01 -2.883205E-02  5.000000E-01  3.293788E-01 -2.894958E-02  0.000000E+00  1.956079E-02  5.213665E-04 -3.210218E-17 -3.650444E-01  0.000000E+00
  3.458260E-01 -2.833359E-02  5.000000E-01  3.493171E-01 -2.844609E-02  0.000000E+00  1.923973E-02  4.650221E-04 -6.371719E-18 -3.302326E-01  0.000000E+00
  3.659650E-01 -2.787651E-02  5.000000E-01  3.696594E-01 -2.798440E-02  0.000000E+00  1.925764E-02  4.407460E-04  1.652521E-17 -3.083425E-01  0.000000E+00
  3.864540E-01 -2.741019E-02  5.000000E-01  3.903552E-01 -2.751338E-02  0.000000E+00  1.944977E-02  4.709085E-04  1.792617E-17 -3.026183E-01  0.000000E+00
  4.072410E-01 -2.687991E-02  5.000000E-01  4.113520E-01 -2.697774E-02  0.000000E+00  1.961168E-02  5.538315E-04 -3.809134E-19 -3.085140E-01  0.000000E+00
  4.282690E-01 -2.623025E-02  5.000000E-01  4.325923E-01 -2.632152E-02  0.000000E+00  1.952930E-02  6.812346E-04 -1.922514E-17 -3.182446E-01  0.000000E+00
  4.494800E-01 -2.540410E-02  5.000000E-01  4.540174E-01 -2.548704E-02  0.000000E+00  1.907113E-02  8.249144E-04 -1.782827E-17 -3.226700E-01  0.000000E+00
  4.708130E-01 -2.438158E-02  5.000000E-01  4.755658E-01 -2.445419E-02  0.000000E+00  1.827040E-02  9.414216E-04 -5.782881E-19 -3.135098E-01  0.000000E+00
  4.922030E-01 -2.319241E-02  5.000000E-01  4.971717E-01 -2.325302E-02  0.000000E+00  1.729292E-02  1.012999E-03  1.179857E-17 -2.880326E-01  0.000000E+00
  5.135860E-01 -2.186888E-02  5.000000E-01  5.187705E-01 -2.191613E-02  0.000000E+00  1.634500E-02  1.052369E-03  6.811322E-18 -2.502366E-01  0.000000E+00
  5.348990E-01 -2.044034E-02  5.000000E-01  5.402987E-01 -2.047317E-02  0.000000E+00  1.558816E-02  1.075914E-03 -1.286756E-17 -2.077525E-01  0.000000E+00
  5.560760E-01 -1.893741E-02  5.000000E-01  5.616895E-01 -1.895506E-02  0.000000E+00  1.506829E-02  1.097792E-03 -3.073766E-17 -1.687406E-01  0.000000E+00
  4.759900E-01  7.415366E-02  5.000000E-01  4.807950E-01  7.507573E-02  0.000000E+00  2.331136E-02 -9.125806E-04  8.220669E-18 -8.063069E-01  0.000000E+00
  4.548480E-01  7.488960E-02  5.000000E-01  4.594396E-01  7.581910E-02  0.000000E+00  2.347056E-02 -7.169429E-04  1.132463E-17 -7.874734E-01  0.000000E+00
  4.337860E-01  7.544306E-02  5.000000E-01  4.381650E-01  7.637815E-02  0.000000E+00  2.364616E-02 -5.188119E-04  1.397302E-17 -7.684726E-01  0.000000E+00
  4.128620E-01  7.581201E-02  5.000000E-01  4.170298E-01  7.675082E-02  0.000000E+00  2.383967E-02 -3.067050E-04  1.968387E-17 -7.481791E-01  0.000000E+00
  3.921340E-01  7.598115E-02  5.000000E-01  3.960925E-01  7.692166E-02  0.000000E+00  2.403740E-02 -6.970892E-05  2.634540E-17 -7.254235E-01  0.000000E+00
  3.716590E-01  7.593407E-02  5.000000E-01  3.754108E-01  7.687411E-02  0.000000E+00  2.420861E-02  1.955783E-04  3.396728E-17 -6.995780E-01  0.000000E+00
  3.514890E-01  7.565583E-02  5.000000E-01  3.550372E-01  7.659306E-02  0.000000E+00  2.432273E-02  4.879634E-04  4.246169E-17 -6.705115E-01  0.000000E+00
  3.316730E-01  7.513544E-02  5.000000E-01  3.350212E-01  7.606743E-02  0.000000E+00  2.435441E-02  7.999061E-04  4.781887E-17 -6.388508E-01  0.000000E+00
  3.122580E-01  7.437005E-02  5.000000E-01  3.154102E-01  7.529431E-02  0.000000E+00  2.427921E-02  1.109896E-03  4.406914E-17 -6.064904E-01  0.000000E+00
  2.932850E-01  7.338182E-02  5.000000E-01  2.962457E-01  7.429610E-02  0.000000E+00  2.409287E-02  1.395898E-03  3.083101E-17 -5.756177E-01  0.000000E+00
  2.747930E-01  7.220047E-02  5.000000E-01  2.775670E-01  7.310282E-02  0.000000E+00  2.382379E-02  1.652998E-03  1.208889E-17 -5.473410E-01  0.000000E+00
  2.568150E-01  7.085281E-02  5.000000E-01  2.594075E-01  7.174156E-02  0.000000E+00  2.351001E-02  1.886206E-03 -6.866179E-18 -5.219600E-01  0.000000E+00
  2.393810E-01  6.936156E-02  5.000000E-01  2.417975E-01  7.023526E-02  0.000000E+00  2.318572E-02  2.103419E-03 -1.685212E-17 -4.996960E-01  0.000000E+00
  2.225160E-01  6.774526E-02  5.000000E-01  2.247623E-01  6.860264E-02  0.000000E+00  2.287836E-02  2.310451E-03 -1.153306E-17 -4.817777E-01  0.000000E+00
  2.062420E-01  6.601824E-02  5.000000E-01  2.083240E-01  6.685819E-02  0.000000E+00  2.259084E-02  2.478950E-03  1.237219E-17 -4.730552E-01  0.000000E+00
  1.905750E-01  6.423716E-02  5.000000E-01  1.924988E-01  6.505913E-02  0.000000E+00  2.234399E-02  2.552076E-03  5.573660E-17 -4.808123E-01  0.000000E+00
  1.755290E-01  6.250555E-02  5.000000E-01  1.773010E-01  6.331004E-02  0.000000E+00  2.228489E-02  2.549516E-03  1.174612E-16 -5.056806E-01  0.000000E+00
  1.611160E-01  6.086607E-02  5.000000E-01  1.627425E-01  6.165400E-02  0.000000E+00  2.259539E-02  2.552810E-03  2.006928E-16 -5.406605E-01  0.000000E+00
  1.473410E-01  5.932156E-02  5.000000E-01  1.488284E-01  6.009390E-02  0.000000E+00  2.331302E-02  2.610512E-03  3.125001E-16 -5.780816E-01  0.000000E+00
  1.342110E-01  5.785478E-02  5.000000E-01  1.355659E-01  5.861232E-02  0.000000E+00  2.432310E-02  2.737859E-03  4.438640E-16 -6.124237E-01  0.000000E+00
  1.217280E-01  5.644032E-02  5.000000E-01  1.229569E-01  5.718358E-02  0.000000E+00  2.544829E-02  2.934863E-03  5.793061E-16 -6.410181E-01  0.000000E+00
  1.098910E-01  5.505260E-02  5.000000E-01  1.110004E-01  5.578185E-02  0.000000E+00  2.655547E-02  3.207121E-03  7.544892E-16 -6.628638E-01  0.000000E+00
  9.869950E-02  5.366287E-02  5.000000E-01  9.969589E-02  5.437809E-02  0.000000E+00  2.759420E-02  3.569975E-03  9.618425E-16 -6.775965E-01  0.000000E+00
  8.814970E-02  5.224470E-02  5.000000E-01  8.903960E-02  5.294561E-02  0.000000E+00  2.857847E-02  4.049400E-03  1.159903E-15 -6.847546E-01  0.000000E+00
  8.814970E-02  5.224470E-02  5.000000E-01  8.903960E-02  5.294561E-02  0.000000E+00  2.857847E-02  4.049400E-03  1.159903E-15 -6.847546E-01  0.000000E+00
  7.823720E-02  5.077044E-02  5.000000E-01  7.902703E-02  5.145647E-02  0.000000E+00  2.954886E-02  4.688312E-03  1.325743E-15 -6.830489E-01  0.000000E+00
  6.895800E-02  4.920867E-02  5.000000E-01  6.965416E-02  4.987893E-02  0.000000E+00  3.051715E-02  5.528687E-03  1.473920E-15 -6.709751E-01  0.000000E+00
  6.030560E-02  4.753314E-02  5.000000E-01  6.091442E-02  4.818649E-02  0.000000E+00  3.146764E-02  6.624913E-03  1.638816E-15 -6.460663E-01  0.000000E+00
  5.227560E-02  4.571138E-02  5.000000E-01  5.280336E-02  4.634633E-02  0.000000E+00  3.234127E-02  8.038183E-03  1.832961E-15 -6.048088E-01  0.000000E+00
  4.486350E-02  4.371250E-02  5.000000E-01  4.531644E-02  4.432728E-02  0.000000E+00  3.299705E-02  9.789688E-03  2.069759E-15 -5.441727E-01  0.000000E+00
  3.806240E-02  4.151433E-02  5.000000E-01  3.844668E-02  4.210691E-02  0.000000E+00  3.325007E-02  1.187694E-02  2.318259E-15 -4.602787E-01  0.000000E+00
  3.186880E-02  3.909233E-02  5.000000E-01  3.219056E-02  3.966047E-02  0.000000E+00  3.285654E-02  1.420799E-02  2.564339E-15 -3.499322E-01  0.000000E+00
  2.627530E-02  3.643689E-02  5.000000E-01  2.654059E-02  3.697822E-02  0.000000E+00  3.156229E-02  1.655727E-02  2.829902E-15 -2.123576E-01  0.000000E+00
  2.127350E-02  3.355040E-02  5.000000E-01  2.148830E-02  3.406260E-02  0.000000E+00  2.924151E-02  1.864999E-02  3.071778E-15 -4.760852E-02  0.000000E+00
  1.685790E-02  3.044001E-02  5.000000E-01  1.702813E-02  3.092081E-02  0.000000E+00  2.594281E-02  2.012931E-02  3.153931E-15  1.387596E-01  0.000000E+00
  1.301460E-02  2.714084E-02  5.000000E-01  1.314603E-02  2.758834E-02  0.000000E+00  2.192436E-02  2.070479E-02  2.943537E-15  3.371542E-01  0.000000E+00
  9.730790E-03  2.369825E-02  5.000000E-01  9.829072E-03  2.411099E-02  0.000000E+00  1.758636E-02  2.030655E-02  2.422980E-15  5.385167E-01  0.000000E+00
  6.996180E-03  2.016718E-02  5.000000E-01  7.066857E-03  2.054428E-02  0.000000E+00  1.333546E-02  1.891478E-02  1.727341E-15  7.278318E-01  0.000000E+00
  4.781010E-03  1.663911E-02  5.000000E-01  4.829325E-03  1.698059E-02  0.000000E+00  9.485319E-03  1.662371E-02  1.033732E-15  8.915004E-01  0.000000E+00
  3.054950E-03  1.320952E-02  5.000000E-01  3.085841E-03  1.351638E-02  0.000000E+00  6.194681E-03  1.364874E-02  4.441025E-16  1.024939E+00  0.000000E+00
  1.789910E-03  9.973562E-03  5.000000E-01  1.808031E-03  1.024776E-02  0.000000E+00  3.552404E-03  1.011980E-02 -1.219538E-17  1.123535E+00  0.000000E+00
  9.331870E-04  7.040290E-03  5.000000E-01  9.426596E-04  7.284873E-03  0.000000E+00  1.620701E-03  6.118753E-03 -3.239271E-16  1.183567E+00  0.000000E+00
  4.085430E-04  4.518198E-03  5.000000E-01  4.127195E-04  4.737322E-03  0.000000E+00  3.811609E-04  1.735013E-03 -4.485710E-16  1.207881E+00  0.000000E+00
  1.354760E-04  2.494560E-03  5.000000E-01  1.368960E-04  2.693256E-03  0.000000E+00 -2.396884E-04 -2.994093E-03 -3.457552E-16  1.204190E+00  0.000000E+00
  2.683130E-05  1.021514E-03  5.000000E-01  2.715456E-05  1.205340E-03  0.000000E+00 -3.441449E-04 -8.061911E-03  2.001330E-16  1.180839E+00  0.000000E+00
  1.320070E-06  1.276970E-04  5.000000E-01  1.385807E-06  3.024998E-04  0.000000E+00 -2.077764E-04 -1.298706E-02  2.420003E-15  1.140479E+00  0.000000E+00
 -5.188750E-08 -1.717796E-04  5.000000E-01  0.000000E+00  0.000000E+00  0.000000E+00 -4.372918E-05 -1.611276E-02  7.069275E-15  1.105513E+00  0.000000E+00
  2.733630E-06 -4.855493E-04  5.000000E-01  2.813636E-06 -3.169371E-04  0.000000E+00  4.686372E-04 -1.840570E-02  1.193457E-14  1.096919E+00  0.000000E+00
    1    2
    2    3
    3    4
    4    5
    5    6
    6    7
    7    8
    8    9
    9   10
   10   11
   11   12
   12   13
   13   14
   14   15
   15   16
   16   17
   17   18
   18   19
   19   20
   20   21
   21   22
   22   23
   23   24
   25   26
   26   27
   27   28
   28   29
   29   30
   30   31
   31   32
   32   33
   33   34
   34   35
   35   36
   36   37
   37   38
   38   39
   39   40
   40   41
   41   42
   42   43
   43   44
   44   45
   45   46
   46   47
   47   48
   49   50
   50   51
   51   52
   52   53
   53   54
   54   55
   55   56
   56   57
   57   58
   58   59
   59   60
   60   61
   61   62
   62   63
   63   64
   64   65
   65   66
   66   67
   67   68
   68   69
   69   70
   70   71
   71   72
   73   74
   74   75
   75   76
   76   77
   77   78
   78   79
   79   80
   80   81
   81   82
   82   83
   83   84
   84   85
   85   86
   86   87
   87   88
   88   89
   89   90
   90   91
   91   92
   92   93
   93   94
   94   95
   95   96
   97   98
   98   99
   99  100
  100  101
  101  102
  102  103
  103  104
  104  105
  105  106
  106  107
  107  108
  108  109
  109  110
  110  111
  111  112
  112  113
  113  114
  114  115
  115  116
  116  117
  117  118
  118  119
  119  120
  121  122
  122  123
  123  124
  124  125
  125  126
  126  127
  127  128
  128  129
  129  130
  130  131
  131  132
  132  133
  133  134
  134  135
  135  136
  136  137
  137  138
  138  139
  139  140
  140  141
  141  142
  142  143
  143  144
  145  146
  146  147
  147  148
  148  149
  149  150
  150  151
  151  152
  152  153
  153  154
  154  155
  155  156
  156  157
  157  158
  158  159
  159  160
  160  161
  161  162
  162  163
  163  164
  164  165
  165  166
  166  167
  167  168
  169  170
  170  171
  171  172
  172  173
  173  174
  174  175
  175  176
  176  177
  177  178
  178  179
  179  180
  180  181
  181  182
  182  183
  183  184
  184  185
  185  186
  186  187
  187  188
  188  189
  189  190
  190  191
  191  192
