 Title = "ADflow Slice Data"
Variables =  "CoordinateX"  "CoordinateY"  "CoordinateZ"  "XoC"  "YoC"  "ZoC" "VelocityX" "VelocityY" "VelocityZ" "CoefPressure" "Mach" 
Zone T= "Slice_0001 None Absolute Regular z = 0.50000000"
 Nodes =          192  Elements=          184  ZONETYPE=FELINESEG
 DATAPACKING=POINT
  5.560760E-01 -1.980088E-02  5.000000E-01  5.616892E-01 -1.982056E-02  0.000000E+00  1.800265E-02  1.772788E-03  4.160090E-18 -8.411315E-01  0.000000E+00
  5.770550E-01 -1.781799E-02  5.000000E-01  5.828800E-01 -1.781766E-02  0.000000E+00  1.819265E-02  1.677883E-03  4.716543E-18 -8.148534E-01  0.000000E+00
  5.977760E-01 -1.595347E-02  5.000000E-01  6.038102E-01 -1.593432E-02  0.000000E+00  1.865116E-02  1.667146E-03  4.974291E-18 -7.988303E-01  0.000000E+00
  6.181820E-01 -1.414225E-02  5.000000E-01  6.244222E-01 -1.410482E-02  0.000000E+00  1.946997E-02  1.749972E-03  2.988316E-18 -7.932619E-01  0.000000E+00
  6.382180E-01 -1.232180E-02  5.000000E-01  6.446604E-01 -1.226599E-02  0.000000E+00  2.061615E-02  1.924581E-03 -8.078550E-19 -7.976005E-01  0.000000E+00
  6.578350E-01 -1.044723E-02  5.000000E-01  6.644754E-01 -1.037250E-02  0.000000E+00  2.166161E-02  2.146188E-03 -5.117101E-18 -8.096602E-01  0.000000E+00
  6.769910E-01 -8.493377E-03  5.000000E-01  6.838248E-01 -8.398924E-03  0.000000E+00  2.153018E-02  2.300545E-03 -8.335725E-18 -8.244330E-01  0.000000E+00
  6.956490E-01 -6.416321E-03  5.000000E-01  7.026711E-01 -6.300901E-03  0.000000E+00  1.891459E-02  2.200871E-03 -7.804271E-18 -8.278909E-01  0.000000E+00
  7.137810E-01 -4.182922E-03  5.000000E-01  7.209862E-01 -4.044958E-03  0.000000E+00  1.358518E-02  1.719756E-03 -3.986945E-18 -7.937192E-01  0.000000E+00
  7.313660E-01 -1.786183E-03  5.000000E-01  7.387487E-01 -1.624026E-03  0.000000E+00  7.218266E-03  9.923354E-04 -5.126033E-19 -7.007931E-01  0.000000E+00
  7.483850E-01  7.690975E-04  5.000000E-01  7.559395E-01  9.570489E-04  0.000000E+00  2.051221E-03  3.105554E-04  1.207021E-18 -5.626305E-01  0.000000E+00
  7.648220E-01  3.476208E-03  5.000000E-01  7.725424E-01  3.691485E-03  0.000000E+00 -9.868299E-04 -1.586663E-04  1.134658E-18 -4.288970E-01  0.000000E+00
  7.806630E-01  6.323605E-03  5.000000E-01  7.885433E-01  6.567625E-03  0.000000E+00 -2.318818E-03 -4.164509E-04  1.703494E-18 -3.435208E-01  0.000000E+00
  7.958970E-01  9.209410E-03  5.000000E-01  8.039311E-01  9.482561E-03  0.000000E+00 -2.771115E-03 -5.108255E-04  1.718666E-18 -3.094291E-01  0.000000E+00
  8.105170E-01  1.182960E-02  5.000000E-01  8.186986E-01  1.212920E-02  0.000000E+00 -2.943463E-03 -4.971610E-04  2.211957E-19 -3.013076E-01  0.000000E+00
  8.245160E-01  1.399871E-02  5.000000E-01  8.328389E-01  1.432021E-02  0.000000E+00 -3.100636E-03 -4.351183E-04 -1.267855E-19 -2.971523E-01  0.000000E+00
  8.378940E-01  1.566291E-02  5.000000E-01  8.463520E-01  1.600120E-02  0.000000E+00 -3.296448E-03 -3.556210E-04 -1.522094E-19 -2.896590E-01  0.000000E+00
  8.506490E-01  1.684009E-02  5.000000E-01  8.592357E-01  1.719027E-02  0.000000E+00 -3.512662E-03 -2.671612E-04  2.753187E-19 -2.792505E-01  0.000000E+00
  8.627850E-01  1.758105E-02  5.000000E-01  8.714942E-01  1.793871E-02  0.000000E+00 -3.724244E-03 -1.714104E-04  8.859798E-20 -2.667504E-01  0.000000E+00
  8.743060E-01  1.794746E-02  5.000000E-01  8.831315E-01  1.830882E-02  0.000000E+00 -3.905782E-03 -7.038861E-05 -2.931836E-19 -2.519709E-01  0.000000E+00
  8.852170E-01  1.799852E-02  5.000000E-01  8.941527E-01  1.836039E-02  0.000000E+00 -4.027698E-03  3.248830E-05 -9.965387E-20 -2.346859E-01  0.000000E+00
  8.955250E-01  1.778594E-02  5.000000E-01  9.045647E-01  1.814566E-02  0.000000E+00 -4.061058E-03  1.317176E-04  2.812190E-20 -2.151852E-01  0.000000E+00
  9.052400E-01  1.735546E-02  5.000000E-01  9.143778E-01  1.771084E-02  0.000000E+00 -3.985064E-03  2.203973E-04  1.543345E-19 -1.941488E-01  0.000000E+00
  9.143710E-01  1.674660E-02  5.000000E-01  9.236010E-01  1.709584E-02  0.000000E+00 -3.789671E-03  2.929291E-04  2.165725E-19 -1.723883E-01  0.000000E+00
  9.143710E-01  1.674660E-02  5.000000E-01  9.236010E-01  1.709584E-02  0.000000E+00 -3.789671E-03  2.929291E-04  2.165725E-19 -1.723883E-01  0.000000E+00
  9.229270E-01  1.598824E-02  5.000000E-01  9.322433E-01  1.632981E-02  0.000000E+00 -3.473153E-03  3.441232E-04 -8.206408E-20 -1.507761E-01  0.000000E+00
  9.309180E-01  1.510366E-02  5.000000E-01  9.403150E-01  1.543630E-02  0.000000E+00 -3.037958E-03  3.672487E-04 -1.323950E-19 -1.301363E-01  0.000000E+00
  9.383550E-01  1.411550E-02  5.000000E-01  9.478271E-01  1.443817E-02  0.000000E+00 -2.486413E-03  3.546996E-04 -1.172799E-19 -1.112318E-01  0.000000E+00
  9.452490E-01  1.304606E-02  5.000000E-01  9.547907E-01  1.335794E-02  0.000000E+00 -1.818363E-03  2.984471E-04 -2.266663E-19 -9.483811E-02  0.000000E+00
  9.516100E-01  1.191651E-02  5.000000E-01  9.612159E-01  1.221699E-02  0.000000E+00 -1.030446E-03  1.898608E-04  2.875063E-21 -8.167462E-02  0.000000E+00
  9.574470E-01  1.074817E-02  5.000000E-01  9.671118E-01  1.103685E-02  0.000000E+00 -1.151541E-04  1.894959E-05  1.485728E-18 -7.244144E-02  0.000000E+00
  9.627730E-01  9.562614E-03  5.000000E-01  9.724915E-01  9.839329E-03  0.000000E+00  9.414133E-04 -2.261262E-04  4.208064E-18 -6.785475E-02  0.000000E+00
  9.675950E-01  8.382735E-03  5.000000E-01  9.773622E-01  8.647540E-03  0.000000E+00  2.165752E-03 -5.598142E-04  8.510536E-18 -6.853297E-02  0.000000E+00
  9.719240E-01  7.231447E-03  5.000000E-01  9.817349E-01  7.484631E-03  0.000000E+00  3.605221E-03 -1.002456E-03  1.620801E-17 -7.510731E-02  0.000000E+00
  9.757700E-01  6.131670E-03  5.000000E-01  9.856197E-01  6.373752E-03  0.000000E+00  5.331933E-03 -1.582647E-03  3.265695E-17 -8.816780E-02  0.000000E+00
  9.791410E-01  5.105285E-03  5.000000E-01  9.890248E-01  5.337007E-03  0.000000E+00  7.429586E-03 -2.333427E-03  7.105544E-17 -1.081798E-01  0.000000E+00
  9.820450E-01  4.172364E-03  5.000000E-01  9.919581E-01  4.394669E-03  0.000000E+00  9.938574E-03 -3.276484E-03  1.501850E-16 -1.356285E-01  0.000000E+00
  9.844890E-01  3.350882E-03  5.000000E-01  9.944268E-01  3.564894E-03  0.000000E+00  1.276167E-02 -4.384251E-03  2.822329E-16 -1.702859E-01  0.000000E+00
  9.864800E-01  2.656448E-03  5.000000E-01  9.964379E-01  2.863451E-03  0.000000E+00  1.554436E-02 -5.491449E-03  4.471909E-16 -2.118719E-01  0.000000E+00
  9.880230E-01  2.102514E-03  5.000000E-01  9.979964E-01  2.303925E-03  0.000000E+00  1.730851E-02 -6.209863E-03  5.806662E-16 -2.679582E-01  0.000000E+00
  9.891220E-01  1.699510E-03  5.000000E-01  9.991065E-01  1.896853E-03  0.000000E+00  1.710168E-02 -6.442280E-03  5.948007E-16 -3.301459E-01  0.000000E+00
  9.897810E-01  1.454633E-03  5.000000E-01  9.997722E-01  1.649505E-03  0.000000E+00  2.377837E-02 -7.738851E-03  4.743469E-16 -2.941785E-01  0.000000E+00
  9.900000E-01  1.372589E-03  5.000000E-01  9.999934E-01  1.566632E-03  0.000000E+00  1.666769E-02 -8.633645E-05  3.565737E-16 -5.419279E-01  0.000000E+00
  9.900000E-01  1.782660E-03  5.000000E-01  9.999934E-01  1.980842E-03  0.000000E+00  8.158692E-04 -4.110850E-03  7.832039E-16 -7.484968E-01  0.000000E+00
  9.900000E-01  2.192731E-03  5.000000E-01  9.999934E-01  2.395053E-03  0.000000E+00 -2.956801E-04 -1.338005E-02  1.577285E-15 -6.262030E-01  0.000000E+00
  9.900000E-01  2.602802E-03  5.000000E-01  9.999934E-01  2.809263E-03  0.000000E+00 -6.294167E-05 -6.421816E-03  2.261654E-15 -6.271752E-01  0.000000E+00
  9.900000E-01  3.012858E-03  5.000000E-01  9.999934E-01  3.223459E-03  0.000000E+00  2.547978E-04 -4.337136E-03  2.981096E-15 -6.648626E-01  0.000000E+00
  9.900000E-01  3.422929E-03  5.000000E-01  9.999934E-01  3.637669E-03  0.000000E+00  3.911580E-03 -5.554822E-03  3.708471E-15 -6.356984E-01  0.000000E+00
  9.900000E-01  3.422929E-03  5.000000E-01  9.999934E-01  3.637669E-03  0.000000E+00  3.911580E-03 -5.554822E-03  3.708471E-15 -6.356984E-01  0.000000E+00
  9.897980E-01  3.548168E-03  5.000000E-01  9.997893E-01  3.764172E-03  0.000000E+00  5.487620E-03 -3.895086E-03  3.806117E-15 -5.930140E-01  0.000000E+00
  9.891900E-01  3.924085E-03  5.000000E-01  9.991752E-01  4.143884E-03  0.000000E+00  3.102760E-03 -1.843489E-03  3.056667E-15 -6.018094E-01  0.000000E+00
  9.881780E-01  4.549782E-03  5.000000E-01  9.981530E-01  4.775897E-03  0.000000E+00  1.953229E-03 -1.200544E-03  2.093495E-15 -6.001187E-01  0.000000E+00
  9.867570E-01  5.424449E-03  5.000000E-01  9.967176E-01  5.659393E-03  0.000000E+00  1.005830E-03 -6.281803E-04  1.265133E-15 -5.944412E-01  0.000000E+00
  9.849260E-01  6.544590E-03  5.000000E-01  9.948682E-01  6.790841E-03  0.000000E+00  9.358615E-05 -5.934291E-05  6.710149E-16 -5.926539E-01  0.000000E+00
  9.826810E-01  7.903927E-03  5.000000E-01  9.926005E-01  8.163900E-03  0.000000E+00 -6.460353E-04  3.870001E-04  2.898549E-16 -5.940802E-01  0.000000E+00
  9.800160E-01  9.492889E-03  5.000000E-01  9.899086E-01  9.768901E-03  0.000000E+00 -1.148839E-03  6.762487E-04  7.574915E-17 -5.974142E-01  0.000000E+00
  9.769240E-01  1.129726E-02  5.000000E-01  9.867854E-01  1.159149E-02  0.000000E+00 -1.419975E-03  8.158428E-04 -1.706673E-17 -6.017709E-01  0.000000E+00
  9.733970E-01  1.329519E-02  5.000000E-01  9.832228E-01  1.360958E-02  0.000000E+00 -1.505226E-03  8.366171E-04 -3.676079E-17 -6.061391E-01  0.000000E+00
  9.694240E-01  1.545874E-02  5.000000E-01  9.792097E-01  1.579498E-02  0.000000E+00 -1.476520E-03  7.863058E-04 -2.600305E-17 -6.096418E-01  0.000000E+00
  9.649940E-01  1.775860E-02  5.000000E-01  9.747350E-01  1.811805E-02  0.000000E+00 -1.414559E-03  7.161396E-04 -1.040272E-17 -6.119848E-01  0.000000E+00
  9.600960E-01  2.017079E-02  5.000000E-01  9.697875E-01  2.055459E-02  0.000000E+00 -1.389692E-03  6.650606E-04 -1.174976E-18 -6.135415E-01  0.000000E+00
  9.547180E-01  2.266994E-02  5.000000E-01  9.643552E-01  2.307896E-02  0.000000E+00 -1.450037E-03  6.524430E-04  1.592909E-18 -6.149338E-01  0.000000E+00
  9.488510E-01  2.522948E-02  5.000000E-01  9.584290E-01  2.566434E-02  0.000000E+00 -1.618007E-03  6.801165E-04  1.729977E-18 -6.167946E-01  0.000000E+00
  9.424820E-01  2.782554E-02  5.000000E-01  9.519957E-01  2.828660E-02  0.000000E+00 -1.889022E-03  7.394593E-04  1.852468E-18 -6.197726E-01  0.000000E+00
  9.356020E-01  3.043687E-02  5.000000E-01  9.450463E-01  3.092429E-02  0.000000E+00 -2.244406E-03  8.221239E-04  8.436778E-19 -6.232392E-01  0.000000E+00
  9.282010E-01  3.304471E-02  5.000000E-01  9.375706E-01  3.355846E-02  0.000000E+00 -2.685352E-03  9.199894E-04 -8.467571E-19 -6.242257E-01  0.000000E+00
  9.202710E-01  3.562894E-02  5.000000E-01  9.295605E-01  3.616877E-02  0.000000E+00 -3.186703E-03  9.975928E-04 -8.502579E-19 -6.246946E-01  0.000000E+00
  9.118010E-01  3.815908E-02  5.000000E-01  9.210050E-01  3.872446E-02  0.000000E+00 -3.460316E-03  9.620371E-04 -5.176686E-19 -6.451268E-01  0.000000E+00
  9.027810E-01  4.059709E-02  5.000000E-01  9.118940E-01  4.118707E-02  0.000000E+00 -2.664418E-03  6.557379E-04  1.051263E-18 -7.169077E-01  0.000000E+00
  8.932000E-01  4.290141E-02  5.000000E-01  9.022163E-01  4.351466E-02  0.000000E+00  5.305696E-04 -8.891628E-05  1.054846E-17 -8.409535E-01  0.000000E+00
  8.830490E-01  4.502360E-02  5.000000E-01  8.919628E-01  4.565827E-02  0.000000E+00  6.931441E-03 -1.227177E-03  3.434796E-17 -9.654115E-01  0.000000E+00
  8.723190E-01  4.690814E-02  5.000000E-01  8.811245E-01  4.756183E-02  0.000000E+00  1.515434E-02 -2.278192E-03  6.379551E-17 -1.029124E+00  0.000000E+00
  8.723190E-01  4.690814E-02  5.000000E-01  8.811245E-01  4.756183E-02  0.000000E+00  1.515434E-02 -2.278192E-03  6.379551E-17 -1.029124E+00  0.000000E+00
  8.610010E-01  4.849630E-02  5.000000E-01  8.696922E-01  4.916603E-02  0.000000E+00  2.171264E-02 -2.596121E-03  7.455107E-17 -1.016013E+00  0.000000E+00
  8.490890E-01  4.972944E-02  5.000000E-01  8.576600E-01  5.041161E-02  0.000000E+00  2.423800E-02 -2.059510E-03  5.798183E-17 -9.511131E-01  0.000000E+00
  8.365770E-01  5.055558E-02  5.000000E-01  8.450217E-01  5.124609E-02  0.000000E+00  2.335298E-02 -1.138604E-03  3.199013E-17 -8.641600E-01  0.000000E+00
  8.234620E-01  5.094525E-02  5.000000E-01  8.317743E-01  5.163969E-02  0.000000E+00  2.089168E-02 -3.069757E-04  1.380328E-17 -7.746749E-01  0.000000E+00
  8.097400E-01  5.091495E-02  5.000000E-01  8.179138E-01  5.160909E-02  0.000000E+00  1.814043E-02  2.215818E-04  6.557470E-18 -6.993828E-01  0.000000E+00
  7.954150E-01  5.056930E-02  5.000000E-01  8.034442E-01  5.125995E-02  0.000000E+00  1.565636E-02  3.921110E-04  5.961924E-18 -6.580536E-01  0.000000E+00
  7.804870E-01  5.015465E-02  5.000000E-01  7.883655E-01  5.084111E-02  0.000000E+00  1.373781E-02  2.431523E-04  7.918743E-18 -6.659363E-01  0.000000E+00
  7.649630E-01  5.003469E-02  5.000000E-01  7.726848E-01  5.071994E-02  0.000000E+00  1.275631E-02 -7.730611E-05  9.447822E-18 -7.176482E-01  0.000000E+00
  7.488530E-01  5.036368E-02  5.000000E-01  7.564122E-01  5.105225E-02  0.000000E+00  1.298267E-02 -4.618513E-04  8.382683E-18 -7.938410E-01  0.000000E+00
  7.321700E-01  5.119837E-02  5.000000E-01  7.395608E-01  5.189537E-02  0.000000E+00  1.431234E-02 -9.351491E-04  3.315201E-18 -8.774154E-01  0.000000E+00
  7.149290E-01  5.256126E-02  5.000000E-01  7.221457E-01  5.327202E-02  0.000000E+00  1.630997E-02 -1.508556E-03 -6.187043E-18 -9.539260E-01  0.000000E+00
  6.971500E-01  5.441930E-02  5.000000E-01  7.041873E-01  5.514882E-02  0.000000E+00  1.842909E-02 -2.097399E-03 -1.829626E-17 -1.012012E+00  0.000000E+00
  6.788570E-01  5.666209E-02  5.000000E-01  6.857096E-01  5.741424E-02  0.000000E+00  2.027283E-02 -2.545319E-03 -2.912183E-17 -1.044677E+00  0.000000E+00
  6.600760E-01  5.908414E-02  5.000000E-01  6.667390E-01  5.986074E-02  0.000000E+00  2.166167E-02 -2.722299E-03 -3.488353E-17 -1.051033E+00  0.000000E+00
  6.408370E-01  6.144561E-02  5.000000E-01  6.473058E-01  6.224604E-02  0.000000E+00  2.250567E-02 -2.651236E-03 -3.570200E-17 -1.039013E+00  0.000000E+00
  6.211780E-01  6.366031E-02  5.000000E-01  6.274484E-01  6.448310E-02  0.000000E+00  2.287154E-02 -2.448022E-03 -3.482666E-17 -1.018660E+00  0.000000E+00
  6.011430E-01  6.568918E-02  5.000000E-01  6.072112E-01  6.653245E-02  0.000000E+00  2.300241E-02 -2.188293E-03 -3.276672E-17 -9.948400E-01  0.000000E+00
  5.807790E-01  6.750036E-02  5.000000E-01  5.866416E-01  6.836191E-02  0.000000E+00  2.309160E-02 -1.908685E-03 -2.973573E-17 -9.694662E-01  0.000000E+00
  5.601410E-01  6.907563E-02  5.000000E-01  5.657953E-01  6.995309E-02  0.000000E+00  2.321152E-02 -1.622845E-03 -2.695794E-17 -9.430919E-01  0.000000E+00
  5.392850E-01  7.040024E-02  5.000000E-01  5.447287E-01  7.129107E-02  0.000000E+00  2.336316E-02 -1.323362E-03 -2.422601E-17 -9.149902E-01  0.000000E+00
  5.182680E-01  7.144764E-02  5.000000E-01  5.234996E-01  7.234904E-02  0.000000E+00  2.350857E-02 -9.955424E-04 -2.098112E-17 -8.838814E-01  0.000000E+00
  4.971500E-01  7.218511E-02  5.000000E-01  5.021684E-01  7.309396E-02  0.000000E+00  2.358994E-02 -6.317789E-04 -1.721946E-17 -8.487488E-01  0.000000E+00
  4.759900E-01  7.258077E-02  5.000000E-01  4.807948E-01  7.349361E-02  0.000000E+00  2.355812E-02 -2.320279E-04 -1.330371E-17 -8.090080E-01  0.000000E+00
  2.733630E-06 -5.103764E-04  5.000000E-01  2.813635E-06 -3.353404E-04  0.000000E+00  2.284141E-04 -9.656920E-03 -2.493177E-17  1.171447E+00  0.000000E+00
  4.455870E-05 -1.505806E-03  5.000000E-01  4.506090E-05 -1.340818E-03  0.000000E+00  1.258953E-03 -1.266871E-02 -1.445385E-17  1.164124E+00  0.000000E+00
  2.731490E-04 -3.126001E-03  5.000000E-01  2.759587E-04 -2.977368E-03  0.000000E+00  4.057949E-03 -1.582149E-02 -1.067489E-17  1.101463E+00  0.000000E+00
  9.950900E-04 -5.189324E-03  5.000000E-01  1.005187E-03 -5.061518E-03  0.000000E+00  8.550180E-03 -1.754589E-02 -1.401961E-17  9.661981E-01  0.000000E+00
  2.349870E-03 -7.373486E-03  5.000000E-01  2.373643E-03 -7.267728E-03  0.000000E+00  1.318473E-02 -1.793245E-02 -1.802062E-17  8.086000E-01  0.000000E+00
  4.254460E-03 -9.607047E-03  5.000000E-01  4.297458E-03 -9.523836E-03  0.000000E+00  1.720548E-02 -1.769608E-02 -2.564428E-17  6.642396E-01  0.000000E+00
  6.687140E-03 -1.182791E-02  5.000000E-01  6.754694E-03 -1.176712E-02  0.000000E+00  2.069337E-02 -1.691862E-02 -3.550102E-17  5.237956E-01  0.000000E+00
  9.634000E-03 -1.399738E-02  5.000000E-01  9.731301E-03 -1.395849E-02  0.000000E+00  2.349444E-02 -1.548796E-02 -3.652980E-17  3.859821E-01  0.000000E+00
  1.310530E-02 -1.604643E-02  5.000000E-01  1.323764E-02 -1.602822E-02  0.000000E+00  2.534264E-02 -1.339357E-02 -2.552077E-17  2.585889E-01  0.000000E+00
  1.710810E-02 -1.792468E-02  5.000000E-01  1.728085E-02 -1.792543E-02  0.000000E+00  2.619732E-02 -1.110583E-02 -3.087613E-18  1.639662E-01  0.000000E+00
  2.163760E-02 -1.963861E-02  5.000000E-01  2.185607E-02 -1.965666E-02  0.000000E+00  2.628592E-02 -9.052279E-03  2.176793E-17  1.110577E-01  0.000000E+00
  2.669190E-02 -2.120593E-02  5.000000E-01  2.696139E-02 -2.123980E-02  0.000000E+00  2.571625E-02 -7.227777E-03  3.502291E-17  8.738322E-02  0.000000E+00
  3.228310E-02 -2.261107E-02  5.000000E-01  3.260903E-02 -2.265912E-02  0.000000E+00  2.452093E-02 -5.582465E-03  3.529433E-17  8.378437E-02  0.000000E+00
  3.842170E-02 -2.385353E-02  5.000000E-01  3.880959E-02 -2.391413E-02  0.000000E+00  2.288880E-02 -4.207583E-03  2.941930E-17  1.008174E-01  0.000000E+00
  4.511710E-02 -2.494878E-02  5.000000E-01  4.557258E-02 -2.502043E-02  0.000000E+00  2.107858E-02 -3.147007E-03  2.189190E-17  1.357968E-01  0.000000E+00
  5.237940E-02 -2.591970E-02  5.000000E-01  5.290818E-02 -2.600115E-02  0.000000E+00  1.930368E-02 -2.386583E-03  1.437709E-17  1.822100E-01  0.000000E+00
  6.021800E-02 -2.680288E-02  5.000000E-01  6.082591E-02 -2.689324E-02  0.000000E+00  1.770221E-02 -1.888718E-03  8.461348E-18  2.330458E-01  0.000000E+00
  6.864140E-02 -2.764789E-02  5.000000E-01  6.933434E-02 -2.774679E-02  0.000000E+00  1.633035E-02 -1.594238E-03  4.971086E-18  2.818920E-01  0.000000E+00
  7.765990E-02 -2.850347E-02  5.000000E-01  7.844387E-02 -2.861100E-02  0.000000E+00  1.519677E-02 -1.449093E-03  3.195715E-18  3.250571E-01  0.000000E+00
  8.728340E-02 -2.942631E-02  5.000000E-01  8.816451E-02 -2.954315E-02  0.000000E+00  1.431196E-02 -1.424537E-03  1.873841E-18  3.619021E-01  0.000000E+00
  9.752070E-02 -3.048433E-02  5.000000E-01  9.850515E-02 -3.061186E-02  0.000000E+00  1.369806E-02 -1.503964E-03  5.406459E-19  3.918942E-01  0.000000E+00
  1.083810E-01 -3.174912E-02  5.000000E-01  1.094751E-01 -3.188942E-02  0.000000E+00  1.339438E-02 -1.683110E-03 -1.367498E-19  4.138114E-01  0.000000E+00
  1.198710E-01 -3.329928E-02  5.000000E-01  1.210811E-01 -3.345522E-02  0.000000E+00  1.347197E-02 -1.977325E-03  3.827843E-20  4.261694E-01  0.000000E+00
  1.319970E-01 -3.521918E-02  5.000000E-01  1.333295E-01 -3.539451E-02  0.000000E+00  1.403415E-02 -2.419101E-03 -6.830513E-19  4.265801E-01  0.000000E+00
  1.319970E-01 -3.521918E-02  5.000000E-01  1.333295E-01 -3.539451E-02  0.000000E+00  1.403415E-02 -2.419101E-03 -6.830513E-19  4.265801E-01  0.000000E+00
  1.447640E-01 -3.758798E-02  5.000000E-01  1.462253E-01 -3.778722E-02  0.000000E+00  1.519665E-02 -3.054482E-03 -1.807742E-18  4.114286E-01  0.000000E+00
  1.581750E-01 -4.047066E-02  5.000000E-01  1.597717E-01 -4.069899E-02  0.000000E+00  1.703819E-02 -3.919680E-03 -1.481986E-18  3.754408E-01  0.000000E+00
  1.722290E-01 -4.389033E-02  5.000000E-01  1.739676E-01 -4.415318E-02  0.000000E+00  1.952667E-02 -4.974343E-03 -7.401762E-19  3.115129E-01  0.000000E+00
  1.869240E-01 -4.778009E-02  5.000000E-01  1.888109E-01 -4.808221E-02  0.000000E+00  2.245310E-02 -5.996125E-03  3.523317E-19  2.115560E-01  0.000000E+00
  2.022540E-01 -5.191264E-02  5.000000E-01  2.042957E-01 -5.225647E-02  0.000000E+00  2.541143E-02 -6.515954E-03 -8.737070E-20  6.731567E-02  0.000000E+00
  2.182110E-01 -5.582509E-02  5.000000E-01  2.204137E-01 -5.620841E-02  0.000000E+00  2.799718E-02 -6.185431E-03 -1.825520E-18 -1.140001E-01  0.000000E+00
  2.347810E-01 -5.911114E-02  5.000000E-01  2.371510E-01 -5.952763E-02  0.000000E+00  3.006857E-02 -5.146636E-03 -9.078931E-19 -3.045048E-01  0.000000E+00
  2.519470E-01 -6.160270E-02  5.000000E-01  2.544903E-01 -6.204435E-02  0.000000E+00  3.150792E-02 -3.636026E-03  1.471030E-18 -4.851836E-01  0.000000E+00
  2.696890E-01 -6.313950E-02  5.000000E-01  2.724114E-01 -6.359666E-02  0.000000E+00  3.208770E-02 -1.770214E-03  3.946236E-18 -6.537092E-01  0.000000E+00
  2.879810E-01 -6.357649E-02  5.000000E-01  2.908880E-01 -6.403806E-02  0.000000E+00  3.172210E-02  2.516404E-04  6.999146E-18 -8.084950E-01  0.000000E+00
  3.067920E-01 -6.281271E-02  5.000000E-01  3.098889E-01 -6.326657E-02  0.000000E+00  3.053442E-02  2.171982E-03  8.410406E-18 -9.449886E-01  0.000000E+00
  3.260870E-01 -6.082011E-02  5.000000E-01  3.293787E-01 -6.125385E-02  0.000000E+00  2.878814E-02  3.750831E-03  8.100277E-18 -1.057311E+00  0.000000E+00
  3.458260E-01 -5.767486E-02  5.000000E-01  3.493169E-01 -5.807686E-02  0.000000E+00  2.681887E-02  4.829236E-03  9.340800E-18 -1.140359E+00  0.000000E+00
  3.659650E-01 -5.359456E-02  5.000000E-01  3.696592E-01 -5.395537E-02  0.000000E+00  2.486410E-02  5.369154E-03  1.402851E-17 -1.192471E+00  0.000000E+00
  3.864540E-01 -4.887349E-02  5.000000E-01  3.903550E-01 -4.918665E-02  0.000000E+00  2.298390E-02  5.419170E-03  1.856004E-17 -1.214797E+00  0.000000E+00
  4.072410E-01 -4.384863E-02  5.000000E-01  4.113519E-01 -4.411106E-02  0.000000E+00  2.127701E-02  5.074346E-03  1.822156E-17 -1.207957E+00  0.000000E+00
  4.282690E-01 -3.889323E-02  5.000000E-01  4.325921E-01 -3.910564E-02  0.000000E+00  1.998391E-02  4.473591E-03  1.311787E-17 -1.172338E+00  0.000000E+00
  4.494800E-01 -3.439365E-02  5.000000E-01  4.540172E-01 -3.456065E-02  0.000000E+00  1.918901E-02  3.780030E-03  7.645458E-18 -1.114139E+00  0.000000E+00
  4.708130E-01 -3.052905E-02  5.000000E-01  4.755656E-01 -3.065703E-02  0.000000E+00  1.869200E-02  3.141079E-03  4.006743E-18 -1.047025E+00  0.000000E+00
  4.922030E-01 -2.723263E-02  5.000000E-01  4.971715E-01 -2.732734E-02  0.000000E+00  1.833619E-02  2.625342E-03  2.854473E-18 -9.823721E-01  0.000000E+00
  5.135860E-01 -2.441326E-02  5.000000E-01  5.187703E-01 -2.447951E-02  0.000000E+00  1.810279E-02  2.233033E-03  3.572878E-18 -9.251910E-01  0.000000E+00
  5.348990E-01 -2.196991E-02  5.000000E-01  5.402985E-01 -2.201150E-02  0.000000E+00  1.798918E-02  1.953493E-03  3.901888E-18 -8.778342E-01  0.000000E+00
  5.560760E-01 -1.980088E-02  5.000000E-01  5.616892E-01 -1.982056E-02  0.000000E+00  1.800265E-02  1.772788E-03  4.160090E-18 -8.411315E-01  0.000000E+00
  4.759900E-01  7.258077E-02  5.000000E-01  4.807948E-01  7.349361E-02  0.000000E+00  2.355812E-02 -2.320279E-04 -1.330371E-17 -8.090080E-01  0.000000E+00
  4.548480E-01  7.260398E-02  5.000000E-01  4.594394E-01  7.351705E-02  0.000000E+00  2.338397E-02  1.956703E-04 -9.705278E-18 -7.650545E-01  0.000000E+00
  4.337860E-01  7.222952E-02  5.000000E-01  4.381648E-01  7.313881E-02  0.000000E+00  2.303736E-02  6.144947E-04 -6.820916E-18 -7.201592E-01  0.000000E+00
  4.128620E-01  7.148071E-02  5.000000E-01  4.170296E-01  7.238245E-02  0.000000E+00  2.249937E-02  9.565865E-04 -4.940416E-18 -6.808259E-01  0.000000E+00
  3.921340E-01  7.045270E-02  5.000000E-01  3.960924E-01  7.134406E-02  0.000000E+00  2.184257E-02  1.185705E-03 -3.333188E-18 -6.524439E-01  0.000000E+00
  3.716590E-01  6.924041E-02  5.000000E-01  3.754107E-01  7.011953E-02  0.000000E+00  2.121344E-02  1.315245E-03 -1.575701E-18 -6.371087E-01  0.000000E+00
  3.514890E-01  6.793045E-02  5.000000E-01  3.550371E-01  6.879635E-02  0.000000E+00  2.073575E-02  1.366531E-03 -3.746836E-19 -6.352709E-01  0.000000E+00
  3.316730E-01  6.660317E-02  5.000000E-01  3.350211E-01  6.745567E-02  0.000000E+00  2.048230E-02  1.357627E-03  1.050022E-19 -6.460078E-01  0.000000E+00
  3.122580E-01  6.532851E-02  5.000000E-01  3.154101E-01  6.616814E-02  0.000000E+00  2.048577E-02  1.311826E-03 -2.933586E-19 -6.664275E-01  0.000000E+00
  2.932850E-01  6.414421E-02  5.000000E-01  2.962456E-01  6.497189E-02  0.000000E+00  2.073654E-02  1.255428E-03 -1.080267E-18 -6.922633E-01  0.000000E+00
  2.747930E-01  6.305971E-02  5.000000E-01  2.775669E-01  6.387644E-02  0.000000E+00  2.117489E-02  1.207298E-03 -1.826874E-18 -7.194562E-01  0.000000E+00
  2.568150E-01  6.206444E-02  5.000000E-01  2.594074E-01  6.287112E-02  0.000000E+00  2.171279E-02  1.179964E-03 -2.102878E-18 -7.449782E-01  0.000000E+00
  2.393810E-01  6.113558E-02  5.000000E-01  2.417974E-01  6.193289E-02  0.000000E+00  2.226775E-02  1.181870E-03 -1.814177E-18 -7.671823E-01  0.000000E+00
  2.225160E-01  6.024602E-02  5.000000E-01  2.247622E-01  6.103434E-02  0.000000E+00  2.278133E-02  1.215176E-03 -1.354257E-18 -7.860960E-01  0.000000E+00
  2.062420E-01  5.936916E-02  5.000000E-01  2.083239E-01  6.014864E-02  0.000000E+00  2.320364E-02  1.253877E-03 -8.346928E-19 -8.044942E-01  0.000000E+00
  1.905750E-01  5.851620E-02  5.000000E-01  1.924988E-01  5.928707E-02  0.000000E+00  2.352717E-02  1.254051E-03 -3.012185E-19 -8.263143E-01  0.000000E+00
  1.755290E-01  5.772841E-02  5.000000E-01  1.773009E-01  5.849133E-02  0.000000E+00  2.386921E-02  1.231672E-03  1.994438E-19 -8.510385E-01  0.000000E+00
  1.611160E-01  5.699643E-02  5.000000E-01  1.627424E-01  5.775195E-02  0.000000E+00  2.436130E-02  1.243680E-03  7.732550E-19 -8.746810E-01  0.000000E+00
  1.473410E-01  5.629088E-02  5.000000E-01  1.488284E-01  5.703928E-02  0.000000E+00  2.501167E-02  1.319989E-03  2.081248E-18 -8.945142E-01  0.000000E+00
  1.342110E-01  5.557886E-02  5.000000E-01  1.355658E-01  5.632008E-02  0.000000E+00  2.574903E-02  1.470164E-03  4.593174E-18 -9.095430E-01  0.000000E+00
  1.217280E-01  5.483132E-02  5.000000E-01  1.229568E-01  5.556499E-02  0.000000E+00  2.650075E-02  1.696007E-03  8.014381E-18 -9.199361E-01  0.000000E+00
  1.098910E-01  5.402614E-02  5.000000E-01  1.110003E-01  5.475169E-02  0.000000E+00  2.724653E-02  2.005611E-03  1.136963E-17 -9.259142E-01  0.000000E+00
  9.869950E-02  5.314114E-02  5.000000E-01  9.969585E-02  5.385774E-02  0.000000E+00  2.800724E-02  2.414797E-03  1.473895E-17 -9.273681E-01  0.000000E+00
  8.814970E-02  5.215771E-02  5.000000E-01  8.903956E-02  5.286439E-02  0.000000E+00  2.881803E-02  2.948931E-03  1.943930E-17 -9.236753E-01  0.000000E+00
  8.814970E-02  5.215771E-02  5.000000E-01  8.903956E-02  5.286439E-02  0.000000E+00  2.881803E-02  2.948931E-03  1.943930E-17 -9.236753E-01  0.000000E+00
  7.823720E-02  5.105559E-02  5.000000E-01  7.902700E-02  5.175114E-02  0.000000E+00  2.971444E-02  3.651944E-03  2.559096E-17 -9.132602E-01  0.000000E+00
  6.895800E-02  4.980953E-02  5.000000E-01  6.965413E-02  5.049250E-02  0.000000E+00  3.069773E-02  4.571372E-03  3.067288E-17 -8.942439E-01  0.000000E+00
  6.030560E-02  4.839837E-02  5.000000E-01  6.091439E-02  4.906710E-02  0.000000E+00  3.175059E-02  5.773915E-03  3.119592E-17 -8.637774E-01  0.000000E+00
  5.227560E-02  4.679295E-02  5.000000E-01  5.280334E-02  4.744548E-02  0.000000E+00  3.281829E-02  7.340912E-03  2.686595E-17 -8.179396E-01  0.000000E+00
  4.486350E-02  4.496444E-02  5.000000E-01  4.531642E-02  4.559851E-02  0.000000E+00  3.375500E-02  9.319878E-03  1.989943E-17 -7.531107E-01  0.000000E+00
  3.806240E-02  4.289197E-02  5.000000E-01  3.844666E-02  4.350512E-02  0.000000E+00  3.435841E-02  1.173701E-02  9.215189E-18 -6.646762E-01  0.000000E+00
  3.186880E-02  4.055130E-02  5.000000E-01  3.219054E-02  4.114082E-02  0.000000E+00  3.433945E-02  1.451696E-02 -9.169016E-19 -5.485558E-01  0.000000E+00
  2.627530E-02  3.793330E-02  5.000000E-01  2.654058E-02  3.849639E-02  0.000000E+00  3.337016E-02  1.742023E-02 -4.639727E-18 -4.030933E-01  0.000000E+00
  2.127350E-02  3.504129E-02  5.000000E-01  2.148829E-02  3.557519E-02  0.000000E+00  3.125122E-02  2.012064E-02 -7.793613E-18 -2.278276E-01  0.000000E+00
  1.685790E-02  3.188373E-02  5.000000E-01  1.702812E-02  3.238576E-02  0.000000E+00  2.796800E-02  2.215795E-02 -1.438175E-17 -2.841146E-02  0.000000E+00
  1.301460E-02  2.849910E-02  5.000000E-01  1.314603E-02  2.896697E-02  0.000000E+00  2.376987E-02  2.313189E-02 -2.239607E-17  1.848781E-01  0.000000E+00
  9.730790E-03  2.493735E-02  5.000000E-01  9.829068E-03  2.536926E-02  0.000000E+00  1.913325E-02  2.293669E-02 -3.090779E-17  4.021333E-01  0.000000E+00
  6.996180E-03  2.125930E-02  5.000000E-01  7.066854E-03  2.165408E-02  0.000000E+00  1.457499E-02  2.159414E-02 -3.267165E-17  6.074658E-01  0.000000E+00
  4.781010E-03  1.756523E-02  5.000000E-01  4.829323E-03  1.792273E-02  0.000000E+00  1.049098E-02  1.930677E-02 -2.479128E-17  7.870940E-01  0.000000E+00
  3.054950E-03  1.396017E-02  5.000000E-01  3.085840E-03  1.428128E-02  0.000000E+00  7.061325E-03  1.642570E-02 -2.042219E-17  9.376388E-01  0.000000E+00
  1.789910E-03  1.054893E-02  5.000000E-01  1.808030E-03  1.083560E-02  0.000000E+00  4.346969E-03  1.317412E-02 -2.227341E-17  1.055835E+00  0.000000E+00
  9.331870E-04  7.450850E-03  5.000000E-01  9.426593E-04  7.706249E-03  0.000000E+00  2.362516E-03  9.672545E-03 -2.330421E-17  1.138200E+00  0.000000E+00
  4.085430E-04  4.784026E-03  5.000000E-01  4.127194E-04  5.012505E-03  0.000000E+00  1.039997E-03  6.018261E-03 -2.553320E-17  1.187154E+00  0.000000E+00
  1.354760E-04  2.643047E-03  5.000000E-01  1.368959E-04  2.849914E-03  0.000000E+00  2.740116E-04  2.241708E-03 -3.149464E-17  1.209545E+00  0.000000E+00
  2.683130E-05  1.084300E-03  5.000000E-01  2.715455E-05  1.275433E-03  0.000000E+00 -2.936436E-05 -1.673578E-03 -3.891660E-17  1.211908E+00  0.000000E+00
  1.320070E-06  1.384925E-04  5.000000E-01  1.385806E-06  3.200784E-04  0.000000E+00 -7.755587E-05 -5.382727E-03 -4.213628E-17  1.193592E+00  0.000000E+00
 -5.188750E-08 -1.783872E-04  5.000000E-01  0.000000E+00  0.000000E+00  0.000000E+00 -3.806130E-05 -7.766383E-03 -3.638808E-17  1.172529E+00  0.000000E+00
  2.733630E-06 -5.103764E-04  5.000000E-01  2.813635E-06 -3.353404E-04  0.000000E+00  2.284141E-04 -9.656920E-03 -2.493177E-17  1.171447E+00  0.000000E+00
    1    2
    2    3
    3    4
    4    5
    5    6
    6    7
    7    8
    8    9
    9   10
   10   11
   11   12
   12   13
   13   14
   14   15
   15   16
   16   17
   17   18
   18   19
   19   20
   20   21
   21   22
   22   23
   23   24
   25   26
   26   27
   27   28
   28   29
   29   30
   30   31
   31   32
   32   33
   33   34
   34   35
   35   36
   36   37
   37   38
   38   39
   39   40
   40   41
   41   42
   42   43
   43   44
   44   45
   45   46
   46   47
   47   48
   49   50
   50   51
   51   52
   52   53
   53   54
   54   55
   55   56
   56   57
   57   58
   58   59
   59   60
   60   61
   61   62
   62   63
   63   64
   64   65
   65   66
   66   67
   67   68
   68   69
   69   70
   70   71
   71   72
   73   74
   74   75
   75   76
   76   77
   77   78
   78   79
   79   80
   80   81
   81   82
   82   83
   83   84
   84   85
   85   86
   86   87
   87   88
   88   89
   89   90
   90   91
   91   92
   92   93
   93   94
   94   95
   95   96
   97   98
   98   99
   99  100
  100  101
  101  102
  102  103
  103  104
  104  105
  105  106
  106  107
  107  108
  108  109
  109  110
  110  111
  111  112
  112  113
  113  114
  114  115
  115  116
  116  117
  117  118
  118  119
  119  120
  121  122
  122  123
  123  124
  124  125
  125  126
  126  127
  127  128
  128  129
  129  130
  130  131
  131  132
  132  133
  133  134
  134  135
  135  136
  136  137
  137  138
  138  139
  139  140
  140  141
  141  142
  142  143
  143  144
  145  146
  146  147
  147  148
  148  149
  149  150
  150  151
  151  152
  152  153
  153  154
  154  155
  155  156
  156  157
  157  158
  158  159
  159  160
  160  161
  161  162
  162  163
  163  164
  164  165
  165  166
  166  167
  167  168
  169  170
  170  171
  171  172
  172  173
  173  174
  174  175
  175  176
  176  177
  177  178
  178  179
  179  180
  180  181
  181  182
  182  183
  183  184
  184  185
  185  186
  186  187
  187  188
  188  189
  189  190
  190  191
  191  192
