 Title = "ADflow Slice Data"
Variables =  "CoordinateX"  "CoordinateY"  "CoordinateZ"  "XoC"  "YoC"  "ZoC" "VelocityX" "VelocityY" "VelocityZ" "CoefPressure" "Mach" 
Zone T= "Slice_0001 None Absolute Regular z = 0.50000000"
 Nodes =          192  Elements=          184  ZONETYPE=FELINESEG
 DATAPACKING=POINT
  5.560760E-01 -1.893844E-02  5.000000E-01  5.616895E-01 -1.895611E-02  0.000000E+00  1.505915E-02  1.097611E-03 -5.616017E-19 -1.687548E-01  0.000000E+00
  5.770550E-01 -1.737476E-02  5.000000E-01  5.828802E-01 -1.737664E-02  0.000000E+00  1.469309E-02  1.131252E-03 -9.936071E-19 -1.384686E-01  0.000000E+00
  5.977760E-01 -1.573260E-02  5.000000E-01  6.038104E-01 -1.571790E-02  0.000000E+00  1.433646E-02  1.180333E-03 -3.119295E-19 -1.168057E-01  0.000000E+00
  6.181820E-01 -1.398913E-02  5.000000E-01  6.244224E-01 -1.395683E-02  0.000000E+00  1.385393E-02  1.235846E-03 -3.053329E-19 -9.814637E-02  0.000000E+00
  6.382180E-01 -1.212087E-02  5.000000E-01  6.446607E-01 -1.206971E-02  0.000000E+00  1.316882E-02  1.283233E-03 -7.378255E-19 -7.583753E-02  0.000000E+00
  6.578350E-01 -1.011759E-02  5.000000E-01  6.644757E-01 -1.004621E-02  0.000000E+00  1.227809E-02  1.305844E-03 -1.124849E-18 -4.557857E-02  0.000000E+00
  6.769910E-01 -7.989331E-03  5.000000E-01  6.838251E-01 -7.896466E-03  0.000000E+00  1.122801E-02  1.293236E-03 -1.184084E-18 -7.206004E-03  0.000000E+00
  6.956490E-01 -5.756059E-03  5.000000E-01  7.026714E-01 -5.640650E-03  0.000000E+00  1.008058E-02  1.241990E-03 -2.082739E-18  3.652282E-02  0.000000E+00
  7.137810E-01 -3.451513E-03  5.000000E-01  7.209864E-01 -3.312840E-03  0.000000E+00  8.893172E-03  1.153230E-03 -2.083023E-18  8.240304E-02  0.000000E+00
  7.313660E-01 -1.120644E-03  5.000000E-01  7.387490E-01 -9.584418E-04  0.000000E+00  7.708620E-03  1.034937E-03 -9.115120E-19  1.278392E-01  0.000000E+00
  7.483850E-01  1.196801E-03  5.000000E-01  7.559398E-01  1.382397E-03  0.000000E+00  6.562171E-03  9.012832E-04 -2.274026E-19  1.711179E-01  0.000000E+00
  7.648220E-01  3.475077E-03  5.000000E-01  7.725427E-01  3.683671E-03  0.000000E+00  5.498934E-03  7.666476E-04  2.449272E-19  2.113307E-01  0.000000E+00
  7.806630E-01  5.696560E-03  5.000000E-01  7.885436E-01  5.927580E-03  0.000000E+00  4.588301E-03  6.367045E-04 -3.240819E-19  2.488107E-01  0.000000E+00
  7.958970E-01  7.793307E-03  5.000000E-01  8.039314E-01  8.045493E-03  0.000000E+00  3.922613E-03  5.110450E-04  3.947378E-20  2.851110E-01  0.000000E+00
  8.105170E-01  9.581736E-03  5.000000E-01  8.186990E-01  9.851976E-03  0.000000E+00  3.564107E-03  3.974016E-04  1.812593E-18  3.175421E-01  0.000000E+00
  8.245160E-01  1.097014E-02  5.000000E-01  8.328393E-01  1.125440E-02  0.000000E+00  3.499774E-03  3.032108E-04  1.165953E-18  3.407512E-01  0.000000E+00
  8.378940E-01  1.195657E-02  5.000000E-01  8.463523E-01  1.225079E-02  0.000000E+00  3.668631E-03  2.236339E-04  6.324347E-19  3.542288E-01  0.000000E+00
  8.506490E-01  1.258351E-02  5.000000E-01  8.592361E-01  1.288405E-02  0.000000E+00  4.004795E-03  1.495238E-04  1.192913E-19  3.609374E-01  0.000000E+00
  8.627850E-01  1.290951E-02  5.000000E-01  8.714946E-01  1.321335E-02  0.000000E+00  4.454122E-03  7.365712E-05 -7.919837E-19  3.634073E-01  0.000000E+00
  8.743060E-01  1.299432E-02  5.000000E-01  8.831319E-01  1.329901E-02  0.000000E+00  4.972960E-03 -7.883483E-06 -3.442421E-19  3.627803E-01  0.000000E+00
  8.852170E-01  1.288964E-02  5.000000E-01  8.941530E-01  1.319328E-02  0.000000E+00  5.526997E-03 -9.650375E-05 -1.513533E-19  3.596946E-01  0.000000E+00
  8.955250E-01  1.263654E-02  5.000000E-01  9.045651E-01  1.293762E-02  0.000000E+00  6.092141E-03 -1.922141E-04  1.307875E-19  3.546741E-01  0.000000E+00
  9.052400E-01  1.226801E-02  5.000000E-01  9.143782E-01  1.256537E-02  0.000000E+00  6.655074E-03 -2.949945E-04  1.057780E-19  3.481258E-01  0.000000E+00
  9.143710E-01  1.180975E-02  5.000000E-01  9.236013E-01  1.210248E-02  0.000000E+00  7.214572E-03 -4.076331E-04 -8.233803E-20  3.404813E-01  0.000000E+00
  9.143710E-01  1.180975E-02  5.000000E-01  9.236013E-01  1.210248E-02  0.000000E+00  7.214572E-03 -4.076331E-04 -8.233803E-20  3.404813E-01  0.000000E+00
  9.229270E-01  1.127669E-02  5.000000E-01  9.322437E-01  1.156403E-02  0.000000E+00  7.780938E-03 -5.356707E-04  3.310613E-19  3.319798E-01  0.000000E+00
  9.309180E-01  1.067810E-02  5.000000E-01  9.403154E-01  1.095941E-02  0.000000E+00  8.371532E-03 -6.843892E-04  2.201169E-19  3.223694E-01  0.000000E+00
  9.383550E-01  1.002267E-02  5.000000E-01  9.478274E-01  1.029736E-02  0.000000E+00  9.007059E-03 -8.587342E-04  4.548706E-19  3.111862E-01  0.000000E+00
  9.452490E-01  9.319189E-03  5.000000E-01  9.547910E-01  9.586778E-03  0.000000E+00  9.711106E-03 -1.065468E-03  1.472197E-18  2.980464E-01  0.000000E+00
  9.516100E-01  8.576126E-03  5.000000E-01  9.612163E-01  8.836214E-03  0.000000E+00  1.051024E-02 -1.313234E-03  2.216587E-18  2.825517E-01  0.000000E+00
  9.574470E-01  7.803025E-03  5.000000E-01  9.671122E-01  8.055309E-03  0.000000E+00  1.143221E-02 -1.610934E-03  1.764159E-18  2.641019E-01  0.000000E+00
  9.627730E-01  7.011157E-03  5.000000E-01  9.724919E-01  7.255447E-03  0.000000E+00  1.250527E-02 -1.968110E-03 -1.929227E-18  2.420110E-01  0.000000E+00
  9.675950E-01  6.213984E-03  5.000000E-01  9.773626E-01  6.450227E-03  0.000000E+00  1.376064E-02 -2.394349E-03 -8.855947E-18  2.155597E-01  0.000000E+00
  9.719240E-01  5.426639E-03  5.000000E-01  9.817353E-01  5.654934E-03  0.000000E+00  1.523895E-02 -2.899959E-03 -8.684556E-18  1.839204E-01  0.000000E+00
  9.757700E-01  4.665559E-03  5.000000E-01  9.856201E-01  4.886172E-03  0.000000E+00  1.700389E-02 -3.501388E-03  1.965375E-17  1.462625E-01  0.000000E+00
  9.791410E-01  3.947293E-03  5.000000E-01  9.890252E-01  4.160654E-03  0.000000E+00  1.915504E-02 -4.224198E-03  8.703464E-17  1.016858E-01  0.000000E+00
  9.820450E-01  3.287762E-03  5.000000E-01  9.919585E-01  3.494466E-03  0.000000E+00  2.181085E-02 -5.099848E-03  1.065067E-16  4.884663E-02  0.000000E+00
  9.844890E-01  2.701750E-03  5.000000E-01  9.944272E-01  2.902538E-03  0.000000E+00  2.503570E-02 -6.152717E-03 -2.201926E-16 -1.396203E-02  0.000000E+00
  9.864800E-01  2.202584E-03  5.000000E-01  9.964383E-01  2.398333E-03  0.000000E+00  2.875828E-02 -7.338271E-03 -1.214251E-15 -8.718764E-02  0.000000E+00
  9.880230E-01  1.801998E-03  5.000000E-01  9.979968E-01  1.993704E-03  0.000000E+00  3.246578E-02 -8.458238E-03 -1.994053E-15 -1.778044E-01  0.000000E+00
  9.891220E-01  1.509246E-03  5.000000E-01  9.991069E-01  1.697996E-03  0.000000E+00  3.593890E-02 -9.743683E-03  2.285244E-15 -2.866434E-01  0.000000E+00
  9.897810E-01  1.330877E-03  5.000000E-01  9.997726E-01  1.517827E-03  0.000000E+00  5.277616E-02 -1.246297E-02  1.933511E-14 -3.054739E-01  0.000000E+00
  9.900000E-01  1.270999E-03  5.000000E-01  9.999938E-01  1.457345E-03  0.000000E+00  3.650333E-02 -2.272206E-03  2.527548E-14 -6.802815E-01  0.000000E+00
  9.900000E-01  1.680502E-03  5.000000E-01  9.999938E-01  1.870981E-03  0.000000E+00  2.127785E-03 -7.784820E-03  3.634967E-14 -9.797137E-01  0.000000E+00
  9.900000E-01  2.090005E-03  5.000000E-01  9.999938E-01  2.284617E-03  0.000000E+00 -5.416258E-04 -2.193238E-02  6.945917E-14 -8.244846E-01  0.000000E+00
  9.900000E-01  2.499507E-03  5.000000E-01  9.999938E-01  2.698254E-03  0.000000E+00 -1.402127E-04 -1.348645E-02  9.585272E-14 -7.968202E-01  0.000000E+00
  9.900000E-01  2.908995E-03  5.000000E-01  9.999938E-01  3.111875E-03  0.000000E+00  3.202283E-04 -8.314192E-03  1.144574E-13 -8.268065E-01  0.000000E+00
  9.900000E-01  3.318498E-03  5.000000E-01  9.999938E-01  3.525512E-03  0.000000E+00  4.472126E-03 -6.759904E-03  1.279234E-13 -7.915184E-01  0.000000E+00
  9.900000E-01  3.318498E-03  5.000000E-01  9.999938E-01  3.525512E-03  0.000000E+00  4.472126E-03 -6.759904E-03  1.279234E-13 -7.915184E-01  0.000000E+00
  9.897980E-01  3.422642E-03  5.000000E-01  9.997897E-01  3.630707E-03  0.000000E+00  5.441338E-03 -3.343785E-03  1.199242E-13 -7.432721E-01  0.000000E+00
  9.891900E-01  3.735070E-03  5.000000E-01  9.991756E-01  3.946289E-03  0.000000E+00  1.130719E-03 -5.175800E-04  8.507281E-14 -7.513264E-01  0.000000E+00
  9.881780E-01  4.255094E-03  5.000000E-01  9.981534E-01  4.471563E-03  0.000000E+00 -1.263662E-03  6.519300E-04  4.670372E-14 -7.584120E-01  0.000000E+00
  9.867570E-01  4.981414E-03  5.000000E-01  9.967180E-01  5.205215E-03  0.000000E+00 -2.628188E-03  1.328273E-03  1.898729E-14 -7.652657E-01  0.000000E+00
  9.849260E-01  5.910512E-03  5.000000E-01  9.948686E-01  6.143692E-03  0.000000E+00 -3.237228E-03  1.632505E-03  4.490451E-15 -7.750756E-01  0.000000E+00
  9.826810E-01  7.035903E-03  5.000000E-01  9.926009E-01  7.280443E-03  0.000000E+00 -3.243630E-03  1.615511E-03 -7.404730E-16 -7.842676E-01  0.000000E+00
  9.800160E-01  8.347841E-03  5.000000E-01  9.899090E-01  8.605625E-03  0.000000E+00 -2.935638E-03  1.430747E-03 -1.493961E-15 -7.898865E-01  0.000000E+00
  9.769240E-01  9.832252E-03  5.000000E-01  9.867858E-01  1.010502E-02  0.000000E+00 -2.610671E-03  1.233280E-03 -9.077769E-16 -7.920685E-01  0.000000E+00
  9.733970E-01  1.146799E-02  5.000000E-01  9.832232E-01  1.175727E-02  0.000000E+00 -2.455653E-03  1.111449E-03 -3.299889E-16 -7.928166E-01  0.000000E+00
  9.694240E-01  1.322855E-02  5.000000E-01  9.792101E-01  1.353560E-02  0.000000E+00 -2.529518E-03  1.089121E-03 -4.844319E-17 -7.940548E-01  0.000000E+00
  9.649940E-01  1.508721E-02  5.000000E-01  9.747354E-01  1.541302E-02  0.000000E+00 -2.829146E-03  1.159138E-03  2.854733E-17 -7.954539E-01  0.000000E+00
  9.600960E-01  1.702376E-02  5.000000E-01  9.697879E-01  1.736912E-02  0.000000E+00 -3.346278E-03  1.291875E-03  2.608663E-17 -7.959299E-01  0.000000E+00
  9.547180E-01  1.901804E-02  5.000000E-01  9.643556E-01  1.938353E-02  0.000000E+00 -3.939947E-03  1.402927E-03  1.059567E-17 -8.035530E-01  0.000000E+00
  9.488510E-01  2.105064E-02  5.000000E-01  9.584294E-01  2.143666E-02  0.000000E+00 -4.028642E-03  1.313747E-03  2.389301E-18 -8.418681E-01  0.000000E+00
  9.424820E-01  2.310632E-02  5.000000E-01  9.519961E-01  2.351309E-02  0.000000E+00 -2.452357E-03  7.502772E-04  3.161046E-18 -9.292751E-01  0.000000E+00
  9.356020E-01  2.517458E-02  5.000000E-01  9.450467E-01  2.560222E-02  0.000000E+00  2.054090E-03 -5.475590E-04  1.115468E-17 -1.046497E+00  0.000000E+00
  9.282010E-01  2.724923E-02  5.000000E-01  9.375709E-01  2.769782E-02  0.000000E+00  9.422541E-03 -2.467041E-03  2.338846E-17 -1.143754E+00  0.000000E+00
  9.202710E-01  2.932516E-02  5.000000E-01  9.295609E-01  2.979471E-02  0.000000E+00  1.717788E-02 -4.283456E-03  3.410529E-17 -1.187454E+00  0.000000E+00
  9.118010E-01  3.139015E-02  5.000000E-01  9.210054E-01  3.188054E-02  0.000000E+00  2.230405E-02 -5.229830E-03  3.713752E-17 -1.183691E+00  0.000000E+00
  9.027810E-01  3.342813E-02  5.000000E-01  9.118943E-01  3.393909E-02  0.000000E+00  2.407567E-02 -5.237590E-03  3.128834E-17 -1.156493E+00  0.000000E+00
  8.932000E-01  3.542333E-02  5.000000E-01  9.022166E-01  3.595443E-02  0.000000E+00  2.386995E-02 -4.767426E-03  2.360796E-17 -1.122423E+00  0.000000E+00
  8.830490E-01  3.735743E-02  5.000000E-01  8.919631E-01  3.790806E-02  0.000000E+00  2.317540E-02 -4.211562E-03  1.788672E-17 -1.086987E+00  0.000000E+00
  8.723190E-01  3.920946E-02  5.000000E-01  8.811248E-01  3.977879E-02  0.000000E+00  2.264062E-02 -3.704915E-03  1.357756E-17 -1.050861E+00  0.000000E+00
  8.723190E-01  3.920946E-02  5.000000E-01  8.811248E-01  3.977879E-02  0.000000E+00  2.264062E-02 -3.704915E-03  1.357756E-17 -1.050861E+00  0.000000E+00
  8.610010E-01  4.095870E-02  5.000000E-01  8.696926E-01  4.154568E-02  0.000000E+00  2.229259E-02 -3.245744E-03  1.145768E-17 -1.013814E+00  0.000000E+00
  8.490890E-01  4.258587E-02  5.000000E-01  8.576603E-01  4.318928E-02  0.000000E+00  2.197126E-02 -2.808590E-03  1.017995E-17 -9.759254E-01  0.000000E+00
  8.365770E-01  4.407514E-02  5.000000E-01  8.450220E-01  4.469358E-02  0.000000E+00  2.155789E-02 -2.389010E-03  9.072296E-18 -9.381499E-01  0.000000E+00
  8.234620E-01  4.542012E-02  5.000000E-01  8.317746E-01  4.605214E-02  0.000000E+00  2.102405E-02 -2.006278E-03  9.140380E-18 -9.027478E-01  0.000000E+00
  8.097400E-01  4.663027E-02  5.000000E-01  8.179141E-01  4.727451E-02  0.000000E+00  2.040414E-02 -1.694778E-03  9.408492E-18 -8.735810E-01  0.000000E+00
  7.954150E-01  4.774278E-02  5.000000E-01  8.034445E-01  4.839824E-02  0.000000E+00  1.976415E-02 -1.495994E-03  8.548233E-18 -8.556403E-01  0.000000E+00
  7.804870E-01  4.883619E-02  5.000000E-01  7.883658E-01  4.950269E-02  0.000000E+00  1.920804E-02 -1.437194E-03  7.946678E-18 -8.523833E-01  0.000000E+00
  7.649630E-01  5.001895E-02  5.000000E-01  7.726851E-01  5.069739E-02  0.000000E+00  1.889534E-02 -1.490176E-03  6.745349E-18 -8.614195E-01  0.000000E+00
  7.488530E-01  5.133458E-02  5.000000E-01  7.564125E-01  5.202630E-02  0.000000E+00  1.892260E-02 -1.603310E-03  3.328154E-18 -8.770607E-01  0.000000E+00
  7.321700E-01  5.279993E-02  5.000000E-01  7.395611E-01  5.350645E-02  0.000000E+00  1.923263E-02 -1.751556E-03 -1.684463E-18 -8.953375E-01  0.000000E+00
  7.149290E-01  5.442475E-02  5.000000E-01  7.221460E-01  5.514767E-02  0.000000E+00  1.970390E-02 -1.916421E-03 -7.170205E-18 -9.134426E-01  0.000000E+00
  6.971500E-01  5.620595E-02  5.000000E-01  7.041876E-01  5.694685E-02  0.000000E+00  2.023571E-02 -2.072920E-03 -1.262940E-17 -9.287866E-01  0.000000E+00
  6.788570E-01  5.812076E-02  5.000000E-01  6.857099E-01  5.888099E-02  0.000000E+00  2.077581E-02 -2.189698E-03 -1.748561E-17 -9.387685E-01  0.000000E+00
  6.600760E-01  6.011608E-02  5.000000E-01  6.667393E-01  6.089644E-02  0.000000E+00  2.129334E-02 -2.239187E-03 -1.960844E-17 -9.415913E-01  0.000000E+00
  6.408370E-01  6.212035E-02  5.000000E-01  6.473061E-01  6.292095E-02  0.000000E+00  2.173989E-02 -2.218947E-03 -2.067465E-17 -9.377282E-01  0.000000E+00
  6.211780E-01  6.408557E-02  5.000000E-01  6.274486E-01  6.490601E-02  0.000000E+00  2.208431E-02 -2.143493E-03 -1.983970E-17 -9.288771E-01  0.000000E+00
  6.011430E-01  6.597235E-02  5.000000E-01  6.072114E-01  6.681184E-02  0.000000E+00  2.234379E-02 -2.024223E-03 -1.705194E-17 -9.162517E-01  0.000000E+00
  5.807790E-01  6.774468E-02  5.000000E-01  5.866418E-01  6.860206E-02  0.000000E+00  2.254831E-02 -1.872410E-03 -1.560066E-17 -9.008152E-01  0.000000E+00
  5.601410E-01  6.937658E-02  5.000000E-01  5.657955E-01  7.025042E-02  0.000000E+00  2.272378E-02 -1.696920E-03 -1.409620E-17 -8.832708E-01  0.000000E+00
  5.392850E-01  7.084331E-02  5.000000E-01  5.447290E-01  7.173197E-02  0.000000E+00  2.288453E-02 -1.504540E-03 -1.221169E-17 -8.642494E-01  0.000000E+00
  5.182680E-01  7.212904E-02  5.000000E-01  5.234998E-01  7.303067E-02  0.000000E+00  2.302984E-02 -1.306093E-03 -1.069042E-17 -8.447207E-01  0.000000E+00
  4.971500E-01  7.323236E-02  5.000000E-01  5.021686E-01  7.414513E-02  0.000000E+00  2.316655E-02 -1.108671E-03 -9.418356E-18 -8.253622E-01  0.000000E+00
  4.759900E-01  7.415245E-02  5.000000E-01  4.807950E-01  7.507451E-02  0.000000E+00  2.331072E-02 -9.123628E-04 -9.370329E-18 -8.062921E-01  0.000000E+00
  2.733630E-06 -4.855542E-04  5.000000E-01  2.813636E-06 -3.169408E-04  0.000000E+00  4.686219E-04 -1.840533E-02  1.785592E-18  1.096922E+00  0.000000E+00
  4.455870E-05 -1.426503E-03  5.000000E-01  4.506092E-05 -1.267389E-03  0.000000E+00  2.258707E-03 -2.190562E-02  2.950565E-17  1.067593E+00  0.000000E+00
  2.731490E-04 -2.958917E-03  5.000000E-01  2.759588E-04 -2.815272E-03  0.000000E+00  6.592871E-03 -2.486006E-02  4.261066E-17  9.467784E-01  0.000000E+00
  9.950900E-04 -4.913627E-03  5.000000E-01  1.005188E-03 -4.789713E-03  0.000000E+00  1.277717E-02 -2.521976E-02  4.240866E-17  7.369595E-01  0.000000E+00
  2.349870E-03 -6.988483E-03  5.000000E-01  2.373644E-03 -6.885515E-03  0.000000E+00  1.846830E-02 -2.401693E-02  3.788407E-17  5.277969E-01  0.000000E+00
  4.254460E-03 -9.116683E-03  5.000000E-01  4.297460E-03 -9.035198E-03  0.000000E+00  2.308433E-02 -2.270176E-02  2.424555E-17  3.564171E-01  0.000000E+00
  6.687140E-03 -1.123961E-02  5.000000E-01  6.754697E-03 -1.117956E-02  0.000000E+00  2.708520E-02 -2.121583E-02  3.672289E-18  1.937204E-01  0.000000E+00
  9.634000E-03 -1.331972E-02  5.000000E-01  9.731305E-03 -1.328067E-02  0.000000E+00  3.034948E-02 -1.921541E-02 -6.922834E-18  2.840252E-02  0.000000E+00
  1.310530E-02 -1.528942E-02  5.000000E-01  1.323765E-02 -1.527024E-02  0.000000E+00  3.258119E-02 -1.656256E-02 -2.258618E-19 -1.355052E-01  0.000000E+00
  1.710810E-02 -1.709697E-02  5.000000E-01  1.728085E-02 -1.709604E-02  0.000000E+00  3.384680E-02 -1.378880E-02  2.413762E-17 -2.756014E-01  0.000000E+00
  2.163760E-02 -1.874298E-02  5.000000E-01  2.185608E-02 -1.875867E-02  0.000000E+00  3.453649E-02 -1.137173E-02  5.635807E-17 -3.825209E-01  0.000000E+00
  2.669190E-02 -2.023712E-02  5.000000E-01  2.696140E-02 -2.026789E-02  0.000000E+00  3.479534E-02 -9.238398E-03  7.825104E-17 -4.687420E-01  0.000000E+00
  3.228310E-02 -2.155525E-02  5.000000E-01  3.260904E-02 -2.159933E-02  0.000000E+00  3.458175E-02 -7.265310E-03  8.826059E-17 -5.439517E-01  0.000000E+00
  3.842170E-02 -2.268530E-02  5.000000E-01  3.880961E-02 -2.274079E-02  0.000000E+00  3.397879E-02 -5.528862E-03  8.958170E-17 -6.071074E-01  0.000000E+00
  4.511710E-02 -2.362804E-02  5.000000E-01  4.557260E-02 -2.369305E-02  0.000000E+00  3.311475E-02 -4.075005E-03  8.440853E-17 -6.569474E-01  0.000000E+00
  5.237940E-02 -2.438880E-02  5.000000E-01  5.290821E-02 -2.446148E-02  0.000000E+00  3.211185E-02 -2.908513E-03  7.614655E-17 -6.930657E-01  0.000000E+00
  6.021800E-02 -2.498326E-02  5.000000E-01  6.082593E-02 -2.506195E-02  0.000000E+00  3.108849E-02 -2.021508E-03  6.552664E-17 -7.154127E-01  0.000000E+00
  6.864140E-02 -2.543670E-02  5.000000E-01  6.933437E-02 -2.551996E-02  0.000000E+00  3.009541E-02 -1.369644E-03  5.399949E-17 -7.256012E-01  0.000000E+00
  7.765990E-02 -2.577014E-02  5.000000E-01  7.844390E-02 -2.585677E-02  0.000000E+00  2.911802E-02 -9.019691E-04  4.361965E-17 -7.254388E-01  0.000000E+00
  8.728340E-02 -2.600873E-02  5.000000E-01  8.816455E-02 -2.609777E-02  0.000000E+00  2.810632E-02 -5.915328E-04  3.571835E-17 -7.152952E-01  0.000000E+00
  9.752070E-02 -2.618469E-02  5.000000E-01  9.850519E-02 -2.627550E-02  0.000000E+00  2.693624E-02 -4.120517E-04  2.918078E-17 -6.951201E-01  0.000000E+00
  1.083810E-01 -2.632997E-02  5.000000E-01  1.094751E-01 -2.642225E-02  0.000000E+00  2.544952E-02 -3.367514E-04  2.339683E-17 -6.642720E-01  0.000000E+00
  1.198710E-01 -2.648036E-02  5.000000E-01  1.210811E-01 -2.657415E-02  0.000000E+00  2.359366E-02 -3.440739E-04  1.806326E-17 -6.209641E-01  0.000000E+00
  1.319970E-01 -2.667574E-02  5.000000E-01  1.333295E-01 -2.677151E-02  0.000000E+00  2.155242E-02 -4.081862E-04  1.263802E-17 -5.634660E-01  0.000000E+00
  1.319970E-01 -2.667574E-02  5.000000E-01  1.333295E-01 -2.677151E-02  0.000000E+00  2.155242E-02 -4.081862E-04  1.263802E-17 -5.634660E-01  0.000000E+00
  1.447640E-01 -2.695358E-02  5.000000E-01  1.462254E-01 -2.705215E-02  0.000000E+00  1.976249E-02 -5.070265E-04  8.964602E-18 -4.923458E-01  0.000000E+00
  1.581750E-01 -2.734829E-02  5.000000E-01  1.597718E-01 -2.745085E-02  0.000000E+00  1.872044E-02 -6.310711E-04  5.618313E-18 -4.139864E-01  0.000000E+00
  1.722290E-01 -2.788039E-02  5.000000E-01  1.739676E-01 -2.798832E-02  0.000000E+00  1.867812E-02 -7.696978E-04  3.297247E-18 -3.427101E-01  0.000000E+00
  1.869240E-01 -2.853685E-02  5.000000E-01  1.888110E-01 -2.865141E-02  0.000000E+00  1.948681E-02 -8.786476E-04  2.681957E-18 -2.969347E-01  0.000000E+00
  2.022540E-01 -2.924542E-02  5.000000E-01  2.042957E-01 -2.936713E-02  0.000000E+00  2.068569E-02 -8.552635E-04  1.510353E-18 -2.903460E-01  0.000000E+00
  2.182110E-01 -2.984355E-02  5.000000E-01  2.204138E-01 -2.997130E-02  0.000000E+00  2.178649E-02 -6.415970E-04  1.386075E-18 -3.195233E-01  0.000000E+00
  2.347810E-01 -3.020414E-02  5.000000E-01  2.371511E-01 -3.033552E-02  0.000000E+00  2.249552E-02 -3.207627E-04  1.759339E-18 -3.632885E-01  0.000000E+00
  2.519470E-01 -3.031696E-02  5.000000E-01  2.544904E-01 -3.044948E-02  0.000000E+00  2.264657E-02  3.279729E-06  1.691468E-18 -4.010489E-01  0.000000E+00
  2.696890E-01 -3.019043E-02  5.000000E-01  2.724115E-01 -3.032168E-02  0.000000E+00  2.218666E-02  2.777974E-04  1.579966E-18 -4.219139E-01  0.000000E+00
  2.879810E-01 -2.985540E-02  5.000000E-01  2.908881E-01 -2.998326E-02  0.000000E+00  2.128354E-02  4.633522E-04  1.504408E-18 -4.211891E-01  0.000000E+00
  3.067920E-01 -2.937272E-02  5.000000E-01  3.098890E-01 -2.949571E-02  0.000000E+00  2.028661E-02  5.406522E-04  1.110184E-18 -3.997633E-01  0.000000E+00
  3.260870E-01 -2.883308E-02  5.000000E-01  3.293788E-01 -2.895063E-02  0.000000E+00  1.955249E-02  5.205928E-04 -1.377829E-19 -3.647387E-01  0.000000E+00
  3.458260E-01 -2.833531E-02  5.000000E-01  3.493171E-01 -2.844783E-02  0.000000E+00  1.923200E-02  4.640861E-04 -1.104864E-18 -3.298509E-01  0.000000E+00
  3.659650E-01 -2.787911E-02  5.000000E-01  3.696594E-01 -2.798702E-02  0.000000E+00  1.925300E-02  4.397952E-04 -7.353087E-19 -3.079322E-01  0.000000E+00
  3.864540E-01 -2.741371E-02  5.000000E-01  3.903552E-01 -2.751693E-02  0.000000E+00  1.945094E-02  4.701402E-04 -9.986458E-21 -3.022652E-01  0.000000E+00
  4.072410E-01 -2.688423E-02  5.000000E-01  4.113520E-01 -2.698210E-02  0.000000E+00  1.962041E-02  5.534896E-04  1.249023E-18 -3.083313E-01  0.000000E+00
  4.282690E-01 -2.623508E-02  5.000000E-01  4.325923E-01 -2.632640E-02  0.000000E+00  1.954492E-02  6.815487E-04  9.156415E-19 -3.183434E-01  0.000000E+00
  4.494800E-01 -2.540898E-02  5.000000E-01  4.540174E-01 -2.549196E-02  0.000000E+00  1.908995E-02  8.259033E-04 -4.030535E-19 -3.231027E-01  0.000000E+00
  4.708130E-01 -2.438602E-02  5.000000E-01  4.755658E-01 -2.445867E-02  0.000000E+00  1.828692E-02  9.427531E-04 -5.455801E-19 -3.142127E-01  0.000000E+00
  4.922030E-01 -2.319608E-02  5.000000E-01  4.971717E-01 -2.325672E-02  0.000000E+00  1.730252E-02  1.014197E-03 -1.360796E-18 -2.888220E-01  0.000000E+00
  5.135860E-01 -2.187161E-02  5.000000E-01  5.187705E-01 -2.191888E-02  0.000000E+00  1.634612E-02  1.053119E-03 -1.751773E-18 -2.508812E-01  0.000000E+00
  5.348990E-01 -2.044214E-02  5.000000E-01  5.402987E-01 -2.047498E-02  0.000000E+00  1.558249E-02  1.076146E-03 -3.156284E-19 -2.080884E-01  0.000000E+00
  5.560760E-01 -1.893844E-02  5.000000E-01  5.616895E-01 -1.895611E-02  0.000000E+00  1.505915E-02  1.097611E-03 -5.616017E-19 -1.687548E-01  0.000000E+00
  4.759900E-01  7.415245E-02  5.000000E-01  4.807950E-01  7.507451E-02  0.000000E+00  2.331072E-02 -9.123628E-04 -9.370329E-18 -8.062921E-01  0.000000E+00
  4.548480E-01  7.488826E-02  5.000000E-01  4.594396E-01  7.581775E-02  0.000000E+00  2.346983E-02 -7.168404E-04 -9.611965E-18 -7.874714E-01  0.000000E+00
  4.337860E-01  7.544170E-02  5.000000E-01  4.381650E-01  7.637678E-02  0.000000E+00  2.364547E-02 -5.188572E-04 -8.329161E-18 -7.684867E-01  0.000000E+00
  4.128620E-01  7.581078E-02  5.000000E-01  4.170298E-01  7.674958E-02  0.000000E+00  2.383916E-02 -3.068841E-04 -7.543631E-18 -7.482086E-01  0.000000E+00
  3.921340E-01  7.598012E-02  5.000000E-01  3.960925E-01  7.692063E-02  0.000000E+00  2.403718E-02 -6.997259E-05 -8.304294E-18 -7.254639E-01  0.000000E+00
  3.716590E-01  7.593329E-02  5.000000E-01  3.754108E-01  7.687333E-02  0.000000E+00  2.420870E-02  1.952865E-04 -8.418954E-18 -6.996235E-01  0.000000E+00
  3.514890E-01  7.565530E-02  5.000000E-01  3.550372E-01  7.659253E-02  0.000000E+00  2.432308E-02  4.876988E-04 -7.311404E-18 -6.705562E-01  0.000000E+00
  3.316730E-01  7.513512E-02  5.000000E-01  3.350212E-01  7.606709E-02  0.000000E+00  2.435491E-02  7.997138E-04 -5.529244E-18 -6.388892E-01  0.000000E+00
  3.122580E-01  7.436985E-02  5.000000E-01  3.154102E-01  7.529411E-02  0.000000E+00  2.427974E-02  1.109789E-03 -4.301721E-18 -6.065201E-01  0.000000E+00
  2.932850E-01  7.338170E-02  5.000000E-01  2.962457E-01  7.429598E-02  0.000000E+00  2.409330E-02  1.395855E-03 -4.114912E-18 -5.756393E-01  0.000000E+00
  2.747930E-01  7.220038E-02  5.000000E-01  2.775670E-01  7.310273E-02  0.000000E+00  2.382406E-02  1.652990E-03 -2.994687E-18 -5.473567E-01  0.000000E+00
  2.568150E-01  7.085273E-02  5.000000E-01  2.594075E-01  7.174148E-02  0.000000E+00  2.351012E-02  1.886208E-03 -2.372823E-18 -5.219724E-01  0.000000E+00
  2.393810E-01  6.936148E-02  5.000000E-01  2.417975E-01  7.023518E-02  0.000000E+00  2.318570E-02  2.103416E-03 -3.199707E-18 -4.997075E-01  0.000000E+00
  2.225160E-01  6.774518E-02  5.000000E-01  2.247623E-01  6.860256E-02  0.000000E+00  2.287827E-02  2.310435E-03 -2.025314E-18 -4.817903E-01  0.000000E+00
  2.062420E-01  6.601817E-02  5.000000E-01  2.083240E-01  6.685812E-02  0.000000E+00  2.259073E-02  2.478920E-03 -1.074486E-18 -4.730699E-01  0.000000E+00
  1.905750E-01  6.423710E-02  5.000000E-01  1.924988E-01  6.505907E-02  0.000000E+00  2.234389E-02  2.552035E-03 -1.355036E-18 -4.808293E-01  0.000000E+00
  1.755290E-01  6.250552E-02  5.000000E-01  1.773010E-01  6.331001E-02  0.000000E+00  2.228484E-02  2.549470E-03 -1.668076E-19 -5.056993E-01  0.000000E+00
  1.611160E-01  6.086606E-02  5.000000E-01  1.627425E-01  6.165400E-02  0.000000E+00  2.259539E-02  2.552761E-03  6.000317E-19 -5.406801E-01  0.000000E+00
  1.473410E-01  5.932159E-02  5.000000E-01  1.488284E-01  6.009393E-02  0.000000E+00  2.331305E-02  2.610459E-03  7.293065E-19 -5.781013E-01  0.000000E+00
  1.342110E-01  5.785484E-02  5.000000E-01  1.355659E-01  5.861238E-02  0.000000E+00  2.432315E-02  2.737801E-03  1.846766E-18 -6.124434E-01  0.000000E+00
  1.217280E-01  5.644041E-02  5.000000E-01  1.229569E-01  5.718368E-02  0.000000E+00  2.544834E-02  2.934800E-03  3.366501E-18 -6.410375E-01  0.000000E+00
  1.098910E-01  5.505273E-02  5.000000E-01  1.110004E-01  5.578198E-02  0.000000E+00  2.655552E-02  3.207051E-03  5.184906E-18 -6.628830E-01  0.000000E+00
  9.869950E-02  5.366303E-02  5.000000E-01  9.969589E-02  5.437825E-02  0.000000E+00  2.759424E-02  3.569900E-03  7.397973E-18 -6.776155E-01  0.000000E+00
  8.814970E-02  5.224490E-02  5.000000E-01  8.903960E-02  5.294581E-02  0.000000E+00  2.857852E-02  4.049322E-03  1.123589E-17 -6.847736E-01  0.000000E+00
  8.814970E-02  5.224490E-02  5.000000E-01  8.903960E-02  5.294581E-02  0.000000E+00  2.857852E-02  4.049322E-03  1.123589E-17 -6.847736E-01  0.000000E+00
  7.823720E-02  5.077067E-02  5.000000E-01  7.902703E-02  5.145670E-02  0.000000E+00  2.954891E-02  4.688233E-03  1.561706E-17 -6.830678E-01  0.000000E+00
  6.895800E-02  4.920892E-02  5.000000E-01  6.965416E-02  4.987919E-02  0.000000E+00  3.051722E-02  5.528611E-03  1.879920E-17 -6.709940E-01  0.000000E+00
  6.030560E-02  4.753342E-02  5.000000E-01  6.091442E-02  4.818677E-02  0.000000E+00  3.146772E-02  6.624846E-03  2.093408E-17 -6.460850E-01  0.000000E+00
  5.227560E-02  4.571167E-02  5.000000E-01  5.280336E-02  4.634663E-02  0.000000E+00  3.234137E-02  8.038132E-03  1.956547E-17 -6.048272E-01  0.000000E+00
  4.486350E-02  4.371281E-02  5.000000E-01  4.531644E-02  4.432759E-02  0.000000E+00  3.299718E-02  9.789664E-03  1.554116E-17 -5.441905E-01  0.000000E+00
  3.806240E-02  4.151465E-02  5.000000E-01  3.844668E-02  4.210724E-02  0.000000E+00  3.325022E-02  1.187695E-02  8.798423E-18 -4.602955E-01  0.000000E+00
  3.186880E-02  3.909266E-02  5.000000E-01  3.219056E-02  3.966080E-02  0.000000E+00  3.285671E-02  1.420805E-02 -6.425640E-19 -3.499477E-01  0.000000E+00
  2.627530E-02  3.643722E-02  5.000000E-01  2.654059E-02  3.697856E-02  0.000000E+00  3.156246E-02  1.655739E-02 -4.972831E-18 -2.123712E-01  0.000000E+00
  2.127350E-02  3.355072E-02  5.000000E-01  2.148830E-02  3.406292E-02  0.000000E+00  2.924165E-02  1.865014E-02 -6.059030E-18 -4.761977E-02  0.000000E+00
  1.685790E-02  3.044032E-02  5.000000E-01  1.702813E-02  3.092112E-02  0.000000E+00  2.594291E-02  2.012949E-02 -1.071655E-17  1.387510E-01  0.000000E+00
  1.301460E-02  2.714113E-02  5.000000E-01  1.314603E-02  2.758862E-02  0.000000E+00  2.192440E-02  2.070498E-02 -1.783041E-17  3.371481E-01  0.000000E+00
  9.730790E-03  2.369851E-02  5.000000E-01  9.829072E-03  2.411125E-02  0.000000E+00  1.758635E-02  2.030670E-02 -2.544677E-17  5.385127E-01  0.000000E+00
  6.996180E-03  2.016741E-02  5.000000E-01  7.066857E-03  2.054451E-02  0.000000E+00  1.333542E-02  1.891489E-02 -2.636725E-17  7.278293E-01  0.000000E+00
  4.781010E-03  1.663930E-02  5.000000E-01  4.829325E-03  1.698078E-02  0.000000E+00  9.485263E-03  1.662378E-02 -2.043323E-17  8.914989E-01  0.000000E+00
  3.054950E-03  1.320967E-02  5.000000E-01  3.085841E-03  1.351653E-02  0.000000E+00  6.194633E-03  1.364878E-02 -1.817581E-17  1.024938E+00  0.000000E+00
  1.789910E-03  9.973679E-03  5.000000E-01  1.808031E-03  1.024788E-02  0.000000E+00  3.552375E-03  1.011984E-02 -1.966989E-17  1.123534E+00  0.000000E+00
  9.331870E-04  7.040373E-03  5.000000E-01  9.426596E-04  7.284958E-03  0.000000E+00  1.620695E-03  6.118807E-03 -1.944718E-17  1.183566E+00  0.000000E+00
  4.085430E-04  4.518253E-03  5.000000E-01  4.127195E-04  4.737378E-03  0.000000E+00  3.811723E-04  1.735111E-03 -2.068664E-17  1.207881E+00  0.000000E+00
  1.354760E-04  2.494590E-03  5.000000E-01  1.368960E-04  2.693287E-03  0.000000E+00 -2.396695E-04 -2.993927E-03 -2.882880E-17  1.204190E+00  0.000000E+00
  2.683130E-05  1.021527E-03  5.000000E-01  2.715456E-05  1.205354E-03  0.000000E+00 -3.441292E-04 -8.061662E-03 -3.924366E-17  1.180841E+00  0.000000E+00
  1.320070E-06  1.276994E-04  5.000000E-01  1.385807E-06  3.025033E-04  0.000000E+00 -2.077686E-04 -1.298673E-02 -4.162210E-17  1.140482E+00  0.000000E+00
 -5.188750E-08 -1.717808E-04  5.000000E-01  0.000000E+00  0.000000E+00  0.000000E+00 -4.372847E-05 -1.611240E-02 -2.690805E-17  1.105515E+00  0.000000E+00
  2.733630E-06 -4.855542E-04  5.000000E-01  2.813636E-06 -3.169408E-04  0.000000E+00  4.686219E-04 -1.840533E-02  1.785592E-18  1.096922E+00  0.000000E+00
    1    2
    2    3
    3    4
    4    5
    5    6
    6    7
    7    8
    8    9
    9   10
   10   11
   11   12
   12   13
   13   14
   14   15
   15   16
   16   17
   17   18
   18   19
   19   20
   20   21
   21   22
   22   23
   23   24
   25   26
   26   27
   27   28
   28   29
   29   30
   30   31
   31   32
   32   33
   33   34
   34   35
   35   36
   36   37
   37   38
   38   39
   39   40
   40   41
   41   42
   42   43
   43   44
   44   45
   45   46
   46   47
   47   48
   49   50
   50   51
   51   52
   52   53
   53   54
   54   55
   55   56
   56   57
   57   58
   58   59
   59   60
   60   61
   61   62
   62   63
   63   64
   64   65
   65   66
   66   67
   67   68
   68   69
   69   70
   70   71
   71   72
   73   74
   74   75
   75   76
   76   77
   77   78
   78   79
   79   80
   80   81
   81   82
   82   83
   83   84
   84   85
   85   86
   86   87
   87   88
   88   89
   89   90
   90   91
   91   92
   92   93
   93   94
   94   95
   95   96
   97   98
   98   99
   99  100
  100  101
  101  102
  102  103
  103  104
  104  105
  105  106
  106  107
  107  108
  108  109
  109  110
  110  111
  111  112
  112  113
  113  114
  114  115
  115  116
  116  117
  117  118
  118  119
  119  120
  121  122
  122  123
  123  124
  124  125
  125  126
  126  127
  127  128
  128  129
  129  130
  130  131
  131  132
  132  133
  133  134
  134  135
  135  136
  136  137
  137  138
  138  139
  139  140
  140  141
  141  142
  142  143
  143  144
  145  146
  146  147
  147  148
  148  149
  149  150
  150  151
  151  152
  152  153
  153  154
  154  155
  155  156
  156  157
  157  158
  158  159
  159  160
  160  161
  161  162
  162  163
  163  164
  164  165
  165  166
  166  167
  167  168
  169  170
  170  171
  171  172
  172  173
  173  174
  174  175
  175  176
  176  177
  177  178
  178  179
  179  180
  180  181
  181  182
  182  183
  183  184
  184  185
  185  186
  186  187
  187  188
  188  189
  189  190
  190  191
  191  192
