 Title = "ADflow Slice Data"
Variables =  "CoordinateX"  "CoordinateY"  "CoordinateZ"  "XoC"  "YoC"  "ZoC" "VelocityX" "VelocityY" "VelocityZ" "CoefPressure" "Mach" 
Zone T= "Slice_0001 None Absolute Regular z = 0.50000000"
 Nodes =          192  Elements=          184  ZONETYPE=FELINESEG
 DATAPACKING=POINT
  5.560760E-01 -2.400310E-02  5.000000E-01  5.616896E-01 -2.399739E-02  0.000000E+00  1.830123E-02  4.052455E-03  4.912136E-17 -1.044258E+00  0.000000E+00
  5.770550E-01 -1.992844E-02  5.000000E-01  5.828803E-01 -1.988161E-02  0.000000E+00  1.842354E-02  3.215959E-03  1.031134E-16 -9.469308E-01  0.000000E+00
  5.977760E-01 -1.673686E-02  5.000000E-01  6.038105E-01 -1.665781E-02  0.000000E+00  1.930617E-02  2.752478E-03  1.876984E-16 -8.724752E-01  0.000000E+00
  6.181820E-01 -1.407517E-02  5.000000E-01  6.244225E-01 -1.396924E-02  0.000000E+00  2.003248E-02  2.553456E-03  2.600272E-16 -8.339703E-01  0.000000E+00
  6.382180E-01 -1.160684E-02  5.000000E-01  6.446608E-01 -1.147599E-02  0.000000E+00  1.920608E-02  2.446938E-03  2.683392E-16 -8.246195E-01  0.000000E+00
  6.578350E-01 -9.032789E-03  5.000000E-01  6.644758E-01 -8.875961E-03  0.000000E+00  1.570949E-02  2.172129E-03  2.362345E-16 -8.160231E-01  0.000000E+00
  6.769910E-01 -6.152446E-03  5.000000E-01  6.838252E-01 -5.966542E-03  0.000000E+00  1.009129E-02  1.537220E-03  1.671336E-16 -7.646460E-01  0.000000E+00
  6.956490E-01 -3.078855E-03  5.000000E-01  7.026715E-01 -2.861924E-03  0.000000E+00  4.458494E-03  7.248936E-04  4.287850E-17 -6.502482E-01  0.000000E+00
  7.137810E-01 -2.765099E-05  5.000000E-01  7.209866E-01  2.200821E-04  0.000000E+00  5.201169E-04  1.019926E-04 -2.848757E-17 -5.050235E-01  0.000000E+00
  7.313660E-01  2.808955E-03  5.000000E-01  7.387491E-01  3.085324E-03  0.000000E+00 -1.530548E-03 -2.124846E-04  4.178394E-17 -3.839053E-01  0.000000E+00
  7.483850E-01  5.285731E-03  5.000000E-01  7.559399E-01  5.587102E-03  0.000000E+00 -2.353383E-03 -3.080555E-04  1.125345E-16 -3.145882E-01  0.000000E+00
  7.648220E-01  7.312417E-03  5.000000E-01  7.725428E-01  7.634247E-03  0.000000E+00 -2.604818E-03 -2.904067E-04  4.563928E-17 -2.839295E-01  0.000000E+00
  7.806630E-01  8.840978E-03  5.000000E-01  7.885437E-01  9.178239E-03  0.000000E+00 -2.646539E-03 -2.215251E-04 -5.816566E-17 -2.653499E-01  0.000000E+00
  7.958970E-01  9.853368E-03  5.000000E-01  8.039315E-01  1.020085E-02  0.000000E+00 -2.582260E-03 -1.353982E-04 -4.076703E-17 -2.444597E-01  0.000000E+00
  8.105170E-01  1.038039E-02  5.000000E-01  8.186991E-01  1.073320E-02  0.000000E+00 -2.404336E-03 -5.594030E-05  2.202571E-17 -2.200598E-01  0.000000E+00
  8.245160E-01  1.050497E-02  5.000000E-01  8.328394E-01  1.085902E-02  0.000000E+00 -2.097620E-03  2.317239E-06 -8.337486E-18 -1.949130E-01  0.000000E+00
  8.378940E-01  1.032784E-02  5.000000E-01  8.463525E-01  1.068011E-02  0.000000E+00 -1.667068E-03  3.353155E-05  9.962769E-18 -1.710926E-01  0.000000E+00
  8.506490E-01  9.945698E-03  5.000000E-01  8.592362E-01  1.029411E-02  0.000000E+00 -1.131704E-03  3.844400E-05  4.837207E-17 -1.497819E-01  0.000000E+00
  8.627850E-01  9.440712E-03  5.000000E-01  8.714947E-01  9.784027E-03  0.000000E+00 -5.182401E-04  2.207528E-05  2.866137E-17 -1.319729E-01  0.000000E+00
  8.743060E-01  8.878235E-03  5.000000E-01  8.831320E-01  9.215872E-03  0.000000E+00  1.423850E-04 -8.113252E-06  1.061227E-17 -1.183591E-01  0.000000E+00
  8.852170E-01  8.305020E-03  5.000000E-01  8.941532E-01  8.636871E-03  0.000000E+00  8.208214E-04 -4.415015E-05  1.653096E-17 -1.089962E-01  0.000000E+00
  8.955250E-01  7.750845E-03  5.000000E-01  9.045653E-01  8.077101E-03  0.000000E+00  1.495732E-03 -8.029928E-05  4.003080E-17 -1.035329E-01  0.000000E+00
  9.052400E-01  7.233479E-03  5.000000E-01  9.143783E-01  7.554512E-03  0.000000E+00  2.156388E-03 -1.133709E-04  1.608353E-17 -1.013652E-01  0.000000E+00
  9.143710E-01  6.761140E-03  5.000000E-01  9.236015E-01  7.077405E-03  0.000000E+00  2.801753E-03 -1.432703E-04 -2.179623E-17 -1.017445E-01  0.000000E+00
  9.143710E-01  6.761140E-03  5.000000E-01  9.236015E-01  7.077405E-03  0.000000E+00  2.801753E-03 -1.432703E-04 -2.179623E-17 -1.017445E-01  0.000000E+00
  9.229270E-01  6.330470E-03  5.000000E-01  9.322439E-01  6.642387E-03  0.000000E+00  3.437482E-03 -1.726227E-04 -4.114805E-17 -1.039583E-01  0.000000E+00
  9.309180E-01  5.932014E-03  5.000000E-01  9.403155E-01  6.239909E-03  0.000000E+00  4.071908E-03 -2.050873E-04 -3.582966E-17 -1.075947E-01  0.000000E+00
  9.383550E-01  5.555548E-03  5.000000E-01  9.478276E-01  5.859643E-03  0.000000E+00  4.714343E-03 -2.445525E-04  1.728978E-17 -1.125438E-01  0.000000E+00
  9.452490E-01  5.191399E-03  5.000000E-01  9.547912E-01  5.491818E-03  0.000000E+00  5.376994E-03 -2.955923E-04  1.115274E-17 -1.188084E-01  0.000000E+00
  9.516100E-01  4.830485E-03  5.000000E-01  9.612164E-01  5.127261E-03  0.000000E+00  6.076780E-03 -3.634834E-04 -1.647615E-19 -1.264970E-01  0.000000E+00
  9.574470E-01  4.465952E-03  5.000000E-01  9.671123E-01  4.759047E-03  0.000000E+00  6.834381E-03 -4.534712E-04  1.888530E-17 -1.358910E-01  0.000000E+00
  9.627730E-01  4.094429E-03  5.000000E-01  9.724921E-01  4.383774E-03  0.000000E+00  7.672721E-03 -5.708312E-04  4.755797E-17 -1.473415E-01  0.000000E+00
  9.675950E-01  3.716001E-03  5.000000E-01  9.773628E-01  4.001526E-03  0.000000E+00  8.617368E-03 -7.204103E-04  6.419874E-17 -1.611988E-01  0.000000E+00
  9.719240E-01  3.334491E-03  5.000000E-01  9.817355E-01  3.616164E-03  0.000000E+00  9.698576E-03 -9.066429E-04  4.915398E-19 -1.778085E-01  0.000000E+00
  9.757700E-01  2.956784E-03  5.000000E-01  9.856203E-01  3.234644E-03  0.000000E+00  1.095162E-02 -1.134757E-03 -2.469568E-17 -1.973868E-01  0.000000E+00
  9.791410E-01  2.591454E-03  5.000000E-01  9.890253E-01  2.865626E-03  0.000000E+00  1.240044E-02 -1.408531E-03 -3.424474E-17 -2.200494E-01  0.000000E+00
  9.820450E-01  2.248073E-03  5.000000E-01  9.919587E-01  2.518780E-03  0.000000E+00  1.400577E-02 -1.724941E-03 -7.610427E-17 -2.458459E-01  0.000000E+00
  9.844890E-01  1.936433E-03  5.000000E-01  9.944273E-01  2.203993E-03  0.000000E+00  1.559844E-02 -2.061344E-03 -6.974368E-17 -2.740307E-01  0.000000E+00
  9.864800E-01  1.666148E-03  5.000000E-01  9.964384E-01  1.930980E-03  0.000000E+00  1.682499E-02 -2.328085E-03 -6.378982E-18 -3.037215E-01  0.000000E+00
  9.880230E-01  1.446126E-03  5.000000E-01  9.979970E-01  1.708737E-03  0.000000E+00  1.692191E-02 -2.397234E-03 -5.818866E-18 -3.410283E-01  0.000000E+00
  9.891220E-01  1.283619E-03  5.000000E-01  9.991071E-01  1.544589E-03  0.000000E+00  1.590250E-02 -2.549629E-03 -1.088661E-16 -3.763566E-01  0.000000E+00
  9.897810E-01  1.183987E-03  5.000000E-01  9.997728E-01  1.443952E-03  0.000000E+00  2.426473E-02 -2.746365E-03 -3.396912E-16 -3.174231E-01  0.000000E+00
  9.900000E-01  1.150380E-03  5.000000E-01  9.999940E-01  1.410005E-03  0.000000E+00  1.752173E-02  1.844408E-03 -3.177652E-16 -5.109402E-01  0.000000E+00
  9.900000E-01  1.559225E-03  5.000000E-01  9.999940E-01  1.822977E-03  0.000000E+00  6.044636E-04 -5.174529E-03  3.175835E-16 -6.711454E-01  0.000000E+00
  9.900000E-01  1.968069E-03  5.000000E-01  9.999940E-01  2.235949E-03  0.000000E+00 -2.838974E-04 -1.311740E-02  1.056513E-15 -5.480840E-01  0.000000E+00
  9.900000E-01  2.376914E-03  5.000000E-01  9.999940E-01  2.648921E-03  0.000000E+00 -6.745505E-05 -6.104824E-03  1.659987E-15 -5.491920E-01  0.000000E+00
  9.900000E-01  2.785744E-03  5.000000E-01  9.999940E-01  3.061878E-03  0.000000E+00  2.575378E-04 -3.889872E-03  2.330876E-15 -5.886680E-01  0.000000E+00
  9.900000E-01  3.194588E-03  5.000000E-01  9.999940E-01  3.474850E-03  0.000000E+00  3.871710E-03 -4.456214E-03  3.052920E-15 -5.552961E-01  0.000000E+00
  9.900000E-01  3.194588E-03  5.000000E-01  9.999940E-01  3.474850E-03  0.000000E+00  3.871710E-03 -4.456214E-03  3.052920E-15 -5.552961E-01  0.000000E+00
  9.897980E-01  3.273735E-03  5.000000E-01  9.997899E-01  3.554795E-03  0.000000E+00  5.139370E-03 -2.520246E-03  3.228732E-15 -5.087889E-01  0.000000E+00
  9.891900E-01  3.510997E-03  5.000000E-01  9.991758E-01  3.794452E-03  0.000000E+00  2.555658E-03 -9.273188E-04  2.648547E-15 -5.208676E-01  0.000000E+00
  9.881780E-01  3.906160E-03  5.000000E-01  9.981536E-01  4.193605E-03  0.000000E+00  1.591204E-03 -6.103404E-04  1.860564E-15 -5.221166E-01  0.000000E+00
  9.867570E-01  4.457721E-03  5.000000E-01  9.967182E-01  4.750733E-03  0.000000E+00  8.006127E-04 -3.202198E-04  1.168771E-15 -5.170613E-01  0.000000E+00
  9.849260E-01  5.162679E-03  5.000000E-01  9.948687E-01  5.462808E-03  0.000000E+00 -8.839578E-05  3.152960E-05  6.646702E-16 -5.154075E-01  0.000000E+00
  9.826810E-01  6.015043E-03  5.000000E-01  9.926011E-01  6.323776E-03  0.000000E+00 -9.117857E-04  3.418885E-04  3.199038E-16 -5.168582E-01  0.000000E+00
  9.800160E-01  7.005825E-03  5.000000E-01  9.899092E-01  7.324560E-03  0.000000E+00 -1.581609E-03  5.779044E-04  9.146654E-17 -5.202108E-01  0.000000E+00
  9.769240E-01  8.122320E-03  5.000000E-01  9.867860E-01  8.452326E-03  0.000000E+00 -2.073850E-03  7.323126E-04 -8.236858E-18 -5.251448E-01  0.000000E+00
  9.733970E-01  9.345746E-03  5.000000E-01  9.832234E-01  9.688103E-03  0.000000E+00 -2.386890E-03  8.055010E-04 -1.045672E-17 -5.312268E-01  0.000000E+00
  9.694240E-01  1.065314E-02  5.000000E-01  9.792103E-01  1.100869E-02  0.000000E+00 -2.535434E-03  8.089963E-04 -6.148490E-18 -5.376387E-01  0.000000E+00
  9.649940E-01  1.202308E-02  5.000000E-01  9.747355E-01  1.239247E-02  0.000000E+00 -2.551285E-03  7.645565E-04 -1.765767E-17 -5.434321E-01  0.000000E+00
  9.600960E-01  1.344251E-02  5.000000E-01  9.697881E-01  1.382623E-02  0.000000E+00 -2.476814E-03  6.951070E-04 -2.820983E-17 -5.480205E-01  0.000000E+00
  9.547180E-01  1.490059E-02  5.000000E-01  9.643558E-01  1.529902E-02  0.000000E+00 -2.352602E-03  6.179359E-04 -5.214954E-18 -5.512948E-01  0.000000E+00
  9.488510E-01  1.639007E-02  5.000000E-01  9.584296E-01  1.680354E-02  0.000000E+00 -2.209152E-03  5.442474E-04  1.979614E-17 -5.534001E-01  0.000000E+00
  9.424820E-01  1.791023E-02  5.000000E-01  9.519963E-01  1.833904E-02  0.000000E+00 -2.065499E-03  4.802863E-04  4.338633E-17 -5.546120E-01  0.000000E+00
  9.356020E-01  1.946819E-02  5.000000E-01  9.450468E-01  1.991273E-02  0.000000E+00 -1.931813E-03  4.285432E-04  6.921247E-17 -5.552459E-01  0.000000E+00
  9.282010E-01  2.107840E-02  5.000000E-01  9.375711E-01  2.153920E-02  0.000000E+00 -1.813767E-03  3.890477E-04  3.785689E-17 -5.556070E-01  0.000000E+00
  9.202710E-01  2.275999E-02  5.000000E-01  9.295611E-01  2.323776E-02  0.000000E+00 -1.717175E-03  3.607494E-04  1.820072E-17 -5.559627E-01  0.000000E+00
  9.118010E-01  2.452969E-02  5.000000E-01  9.210056E-01  2.502533E-02  0.000000E+00 -1.651809E-03  3.435293E-04  4.795809E-17 -5.565107E-01  0.000000E+00
  9.027810E-01  2.640560E-02  5.000000E-01  9.118945E-01  2.692017E-02  0.000000E+00 -1.633101E-03  3.399338E-04  3.021673E-17 -5.574006E-01  0.000000E+00
  8.932000E-01  2.841130E-02  5.000000E-01  9.022168E-01  2.894612E-02  0.000000E+00 -1.680728E-03  3.544184E-04 -7.037608E-17 -5.587573E-01  0.000000E+00
  8.830490E-01  3.057334E-02  5.000000E-01  8.919633E-01  3.112998E-02  0.000000E+00 -1.813510E-03  3.908288E-04 -1.231924E-16 -5.607132E-01  0.000000E+00
  8.723190E-01  3.292046E-02  5.000000E-01  8.811250E-01  3.350080E-02  0.000000E+00 -2.037439E-03  4.514482E-04 -2.559949E-17 -5.638858E-01  0.000000E+00
  8.723190E-01  3.292046E-02  5.000000E-01  8.811250E-01  3.350080E-02  0.000000E+00 -2.037439E-03  4.514482E-04 -2.559949E-17 -5.638858E-01  0.000000E+00
  8.610010E-01  3.548436E-02  5.000000E-01  8.696927E-01  3.609059E-02  0.000000E+00 -2.335851E-03  5.392612E-04 -1.061519E-17 -5.688399E-01  0.000000E+00
  8.490890E-01  3.829595E-02  5.000000E-01  8.576605E-01  3.893056E-02  0.000000E+00 -2.689098E-03  6.566661E-04 -5.650616E-17 -5.731611E-01  0.000000E+00
  8.365770E-01  4.137812E-02  5.000000E-01  8.450222E-01  4.204384E-02  0.000000E+00 -3.089245E-03  7.888145E-04 -4.941429E-17 -5.731364E-01  0.000000E+00
  8.234620E-01  4.473348E-02  5.000000E-01  8.317748E-01  4.543307E-02  0.000000E+00 -3.418414E-03  8.761075E-04 -3.985203E-17 -5.792454E-01  0.000000E+00
  8.097400E-01  4.831997E-02  5.000000E-01  8.179143E-01  4.905576E-02  0.000000E+00 -3.169177E-03  7.847448E-04 -6.143153E-17 -6.269305E-01  0.000000E+00
  7.954150E-01  5.201099E-02  5.000000E-01  8.034447E-01  5.278404E-02  0.000000E+00 -1.251693E-03  2.999876E-04 -1.003502E-16 -7.416402E-01  0.000000E+00
  7.804870E-01  5.554461E-02  5.000000E-01  7.883660E-01  5.635333E-02  0.000000E+00  3.632643E-03 -6.814636E-04 -6.901466E-17 -8.844670E-01  0.000000E+00
  7.649630E-01  5.854640E-02  5.000000E-01  7.726852E-01  5.938543E-02  0.000000E+00  1.147067E-02 -1.764943E-03  2.766508E-18 -9.752929E-01  0.000000E+00
  7.488530E-01  6.084966E-02  5.000000E-01  7.564126E-01  6.171194E-02  0.000000E+00  1.934316E-02 -2.178917E-03  2.602856E-17 -9.728863E-01  0.000000E+00
  7.321700E-01  6.240719E-02  5.000000E-01  7.395612E-01  6.328520E-02  0.000000E+00  2.372307E-02 -1.664462E-03 -7.784844E-18 -9.001831E-01  0.000000E+00
  7.149290E-01  6.324434E-02  5.000000E-01  7.221462E-01  6.413079E-02  0.000000E+00  2.408066E-02 -7.733879E-04 -1.649042E-17 -8.070751E-01  0.000000E+00
  6.971500E-01  6.349294E-02  5.000000E-01  7.041877E-01  6.438190E-02  0.000000E+00  2.221319E-02 -1.336878E-04 -1.516869E-17 -7.354471E-01  0.000000E+00
  6.788570E-01  6.341945E-02  5.000000E-01  6.857100E-01  6.430767E-02  0.000000E+00  1.989557E-02  2.312636E-05 -2.126148E-17 -7.107963E-01  0.000000E+00
  6.600760E-01  6.342551E-02  5.000000E-01  6.667394E-01  6.431379E-02  0.000000E+00  1.818248E-02 -2.222879E-04 -4.699757E-18 -7.372522E-01  0.000000E+00
  6.408370E-01  6.389687E-02  5.000000E-01  6.473062E-01  6.478991E-02  0.000000E+00  1.772495E-02 -6.093648E-04  1.162616E-17 -7.899720E-01  0.000000E+00
  6.211780E-01  6.478186E-02  5.000000E-01  6.274488E-01  6.568384E-02  0.000000E+00  1.858122E-02 -9.318003E-04  6.168710E-19 -8.368543E-01  0.000000E+00
  6.011430E-01  6.589499E-02  5.000000E-01  6.072115E-01  6.680820E-02  0.000000E+00  2.009440E-02 -1.112264E-03 -1.082504E-17 -8.608493E-01  0.000000E+00
  5.807790E-01  6.702802E-02  5.000000E-01  5.866419E-01  6.795267E-02  0.000000E+00  2.146736E-02 -1.071375E-03  9.684652E-18 -8.556658E-01  0.000000E+00
  5.601410E-01  6.795981E-02  5.000000E-01  5.657956E-01  6.889387E-02  0.000000E+00  2.223858E-02 -7.624758E-04  2.434822E-17 -8.226938E-01  0.000000E+00
  5.392850E-01  6.846276E-02  5.000000E-01  5.447291E-01  6.940189E-02  0.000000E+00  2.226277E-02 -3.096819E-04  1.293536E-18 -7.756287E-01  0.000000E+00
  5.182680E-01  6.853016E-02  5.000000E-01  5.234999E-01  6.946998E-02  0.000000E+00  2.162478E-02  3.411391E-05 -8.658448E-18 -7.375949E-01  0.000000E+00
  4.971500E-01  6.837903E-02  5.000000E-01  5.021687E-01  6.931732E-02  0.000000E+00  2.070741E-02  1.424278E-04  3.896017E-18 -7.247951E-01  0.000000E+00
  4.759900E-01  6.823072E-02  5.000000E-01  4.807951E-01  6.916751E-02  0.000000E+00  1.997834E-02  3.295708E-05 -5.990951E-18 -7.419566E-01  0.000000E+00
  2.733630E-06 -5.780107E-04  5.000000E-01  2.813637E-06 -3.358334E-04  0.000000E+00  2.443866E-04 -1.033147E-02  1.968588E-18  1.165658E+00  0.000000E+00
  4.455870E-05 -1.577195E-03  5.000000E-01  4.506093E-05 -1.345104E-03  0.000000E+00  1.294516E-03 -1.320557E-02  3.910119E-17  1.155597E+00  0.000000E+00
  2.731490E-04 -3.214825E-03  5.000000E-01  2.759588E-04 -2.999266E-03  0.000000E+00  4.037332E-03 -1.615486E-02  4.554390E-17  1.088119E+00  0.000000E+00
  9.950900E-04 -5.331960E-03  5.000000E-01  1.005188E-03 -5.137773E-03  0.000000E+00  8.318738E-03 -1.775478E-02  2.482763E-17  9.515906E-01  0.000000E+00
  2.349870E-03 -7.618699E-03  5.000000E-01  2.373644E-03 -7.447597E-03  0.000000E+00  1.269358E-02 -1.824855E-02 -1.150075E-17  7.970676E-01  0.000000E+00
  4.254460E-03 -1.000022E-02  5.000000E-01  4.297461E-03 -9.853154E-03  0.000000E+00  1.658530E-02 -1.835502E-02 -3.225749E-17  6.546033E-01  0.000000E+00
  6.687140E-03 -1.241440E-02  5.000000E-01  6.754698E-03 -1.229171E-02  0.000000E+00  2.017275E-02 -1.809695E-02 -4.645865E-17  5.110510E-01  0.000000E+00
  9.634000E-03 -1.482206E-02  5.000000E-01  9.731306E-03 -1.472368E-02  0.000000E+00  2.337481E-02 -1.728516E-02 -6.906255E-17  3.627976E-01  0.000000E+00
  1.310530E-02 -1.715380E-02  5.000000E-01  1.323765E-02 -1.707895E-02  0.000000E+00  2.597930E-02 -1.581390E-02 -1.015298E-16  2.152923E-01  0.000000E+00
  1.710810E-02 -1.935685E-02  5.000000E-01  1.728086E-02 -1.930425E-02  0.000000E+00  2.791261E-02 -1.405369E-02 -7.887873E-17  8.860333E-02  0.000000E+00
  2.163760E-02 -2.143322E-02  5.000000E-01  2.185608E-02 -2.140157E-02  0.000000E+00  2.929252E-02 -1.237729E-02 -1.160308E-17 -8.416459E-03  0.000000E+00
  2.669190E-02 -2.339487E-02  5.000000E-01  2.696140E-02 -2.338303E-02  0.000000E+00  3.009115E-02 -1.073459E-02  1.947216E-17 -8.642612E-02  0.000000E+00
  3.228310E-02 -2.521881E-02  5.000000E-01  3.260905E-02 -2.522538E-02  0.000000E+00  3.016616E-02 -9.042929E-03  1.412105E-17 -1.514705E-01  0.000000E+00
  3.842170E-02 -2.689473E-02  5.000000E-01  3.880961E-02 -2.691822E-02  0.000000E+00  2.951940E-02 -7.418136E-03  8.285147E-18 -1.976591E-01  0.000000E+00
  4.511710E-02 -2.842590E-02  5.000000E-01  4.557260E-02 -2.846484E-02  0.000000E+00  2.829731E-02 -5.968152E-03  2.204141E-17 -2.200072E-01  0.000000E+00
  5.237940E-02 -2.982032E-02  5.000000E-01  5.290822E-02 -2.987334E-02  0.000000E+00  2.674425E-02 -4.760185E-03  2.203809E-17 -2.173824E-01  0.000000E+00
  6.021800E-02 -3.109689E-02  5.000000E-01  6.082594E-02 -3.116279E-02  0.000000E+00  2.514153E-02 -3.828756E-03  8.125285E-18 -1.929207E-01  0.000000E+00
  6.864140E-02 -3.228434E-02  5.000000E-01  6.933438E-02 -3.236224E-02  0.000000E+00  2.368848E-02 -3.147699E-03  5.178324E-19 -1.550917E-01  0.000000E+00
  7.765990E-02 -3.340647E-02  5.000000E-01  7.844392E-02 -3.349570E-02  0.000000E+00  2.247495E-02 -2.665920E-03  5.673339E-18 -1.139630E-01  0.000000E+00
  8.728340E-02 -3.449044E-02  5.000000E-01  8.816457E-02 -3.459060E-02  0.000000E+00  2.153330E-02 -2.347842E-03  1.958995E-17 -7.684713E-02  0.000000E+00
  9.752070E-02 -3.556937E-02  5.000000E-01  9.850521E-02 -3.568043E-02  0.000000E+00  2.087088E-02 -2.160634E-03  2.848749E-17 -4.832669E-02  0.000000E+00
  1.083810E-01 -3.667359E-02  5.000000E-01  1.094751E-01 -3.679579E-02  0.000000E+00  2.052478E-02 -2.079381E-03  1.872359E-17 -3.074353E-02  0.000000E+00
  1.198710E-01 -3.783321E-02  5.000000E-01  1.210811E-01 -3.796711E-02  0.000000E+00  2.061741E-02 -2.097892E-03  9.635898E-18 -2.522688E-02  0.000000E+00
  1.319970E-01 -3.907633E-02  5.000000E-01  1.333295E-01 -3.922279E-02  0.000000E+00  2.136097E-02 -2.218542E-03  2.741539E-17 -3.392152E-02  0.000000E+00
  1.319970E-01 -3.907633E-02  5.000000E-01  1.333295E-01 -3.922279E-02  0.000000E+00  2.136097E-02 -2.218542E-03  2.741539E-17 -3.392152E-02  0.000000E+00
  1.447640E-01 -4.041798E-02  5.000000E-01  1.462254E-01 -4.057798E-02  0.000000E+00  2.299496E-02 -2.440218E-03  1.501701E-17 -6.079294E-02  0.000000E+00
  1.581750E-01 -4.185363E-02  5.000000E-01  1.597718E-01 -4.202812E-02  0.000000E+00  2.560203E-02 -2.720454E-03 -5.037384E-18 -1.115645E-01  0.000000E+00
  1.722290E-01 -4.333870E-02  5.000000E-01  1.739677E-01 -4.352818E-02  0.000000E+00  2.876427E-02 -2.893679E-03 -2.406048E-17 -1.929843E-01  0.000000E+00
  1.869240E-01 -4.475603E-02  5.000000E-01  1.888110E-01 -4.495982E-02  0.000000E+00  3.113101E-02 -2.612158E-03 -2.923639E-17 -3.094058E-01  0.000000E+00
  2.022540E-01 -4.587645E-02  5.000000E-01  2.042958E-01 -4.609156E-02  0.000000E+00  3.022023E-02 -1.553553E-03 -2.592431E-17 -4.527350E-01  0.000000E+00
  2.182110E-01 -4.632774E-02  5.000000E-01  2.204139E-01 -4.654740E-02  0.000000E+00  2.399678E-02 -1.643130E-04 -2.918412E-17 -5.739301E-01  0.000000E+00
  2.347810E-01 -4.587399E-02  5.000000E-01  2.371511E-01 -4.608907E-02  0.000000E+00  1.387994E-02  5.270694E-04 -2.503494E-17 -5.905726E-01  0.000000E+00
  2.519470E-01 -4.458473E-02  5.000000E-01  2.544904E-01 -4.478679E-02  0.000000E+00  4.398597E-03  3.164234E-04 -4.060192E-18 -4.684877E-01  0.000000E+00
  2.696890E-01 -4.266906E-02  5.000000E-01  2.724115E-01 -4.285178E-02  0.000000E+00 -1.364802E-03 -1.438129E-04  8.614306E-17 -2.694347E-01  0.000000E+00
  2.879810E-01 -4.051064E-02  5.000000E-01  2.908882E-01 -4.067158E-02  0.000000E+00 -3.543395E-03 -3.488558E-04  1.132301E-16 -9.449946E-02  0.000000E+00
  3.067920E-01 -3.869587E-02  5.000000E-01  3.098891E-01 -3.883849E-02  0.000000E+00 -3.298933E-03 -2.340300E-04  8.910655E-17  9.376053E-03  0.000000E+00
  3.260870E-01 -3.799593E-02  5.000000E-01  3.293789E-01 -3.813148E-02  0.000000E+00 -1.331273E-03 -6.700680E-05  5.944771E-17  7.127110E-02  0.000000E+00
  3.458260E-01 -3.914204E-02  5.000000E-01  3.493171E-01 -3.928916E-02  0.000000E+00  2.120229E-03 -2.863111E-04  2.726494E-17  1.203210E-01  0.000000E+00
  3.659650E-01 -4.182227E-02  5.000000E-01  3.696594E-01 -4.199644E-02  0.000000E+00  6.849572E-03 -1.046078E-03  6.497317E-19  1.270177E-01  0.000000E+00
  3.864540E-01 -4.517978E-02  5.000000E-01  3.903553E-01 -4.538785E-02  0.000000E+00  1.249447E-02 -1.906741E-03 -5.210883E-17  4.018520E-02  0.000000E+00
  4.072410E-01 -4.825487E-02  5.000000E-01  4.113521E-01 -4.849398E-02  0.000000E+00  1.831330E-02 -2.007541E-03 -1.765789E-18 -1.604792E-01  0.000000E+00
  4.282690E-01 -5.001357E-02  5.000000E-01  4.325924E-01 -5.027044E-02  0.000000E+00  2.296763E-02 -5.247585E-04  7.910386E-17 -4.533375E-01  0.000000E+00
  4.494800E-01 -4.940247E-02  5.000000E-01  4.540175E-01 -4.965316E-02  0.000000E+00  2.540603E-02  2.271415E-03  7.969234E-17 -7.631595E-01  0.000000E+00
  4.708130E-01 -4.620382E-02  5.000000E-01  4.755658E-01 -4.642223E-02  0.000000E+00  2.574674E-02  4.897328E-03  6.686893E-17 -9.976657E-01  0.000000E+00
  4.922030E-01 -4.120218E-02  5.000000E-01  4.971718E-01 -4.137010E-02  0.000000E+00  2.442451E-02  6.214856E-03  4.235484E-17 -1.125507E+00  0.000000E+00
  5.135860E-01 -3.526321E-02  5.000000E-01  5.187706E-01 -3.537117E-02  0.000000E+00  2.194325E-02  6.126602E-03  1.073002E-17 -1.163543E+00  0.000000E+00
  5.348990E-01 -2.925124E-02  5.000000E-01  5.402988E-01 -2.929851E-02  0.000000E+00  1.951351E-02  5.171598E-03  1.670622E-17 -1.129215E+00  0.000000E+00
  5.560760E-01 -2.400310E-02  5.000000E-01  5.616896E-01 -2.399739E-02  0.000000E+00  1.830123E-02  4.052455E-03  4.912136E-17 -1.044258E+00  0.000000E+00
  4.759900E-01  6.823072E-02  5.000000E-01  4.807951E-01  6.916751E-02  0.000000E+00  1.997834E-02  3.295708E-05 -5.990951E-18 -7.419566E-01  0.000000E+00
  4.548480E-01  6.829891E-02  5.000000E-01  4.594397E-01  6.923639E-02  0.000000E+00  1.975168E-02 -2.673870E-04 -1.428219E-17 -7.862724E-01  0.000000E+00
  4.337860E-01  6.878877E-02  5.000000E-01  4.381651E-01  6.973119E-02  0.000000E+00  2.023889E-02 -6.898505E-04 -2.176969E-17 -8.435565E-01  0.000000E+00
  4.128620E-01  6.972688E-02  5.000000E-01  4.170298E-01  7.067878E-02  0.000000E+00  2.152378E-02 -1.058359E-03 -1.597983E-17 -8.894867E-01  0.000000E+00
  3.921340E-01  7.084416E-02  5.000000E-01  3.960926E-01  7.180734E-02  0.000000E+00  2.327415E-02 -1.198105E-03 -1.647230E-17 -9.062197E-01  0.000000E+00
  3.716590E-01  7.185912E-02  5.000000E-01  3.754109E-01  7.283254E-02  0.000000E+00  2.488137E-02 -1.009728E-03 -3.980291E-17 -8.885084E-01  0.000000E+00
  3.514890E-01  7.251265E-02  5.000000E-01  3.550373E-01  7.349267E-02  0.000000E+00  2.594717E-02 -4.468581E-04 -3.436468E-17 -8.361988E-01  0.000000E+00
  3.316730E-01  7.257300E-02  5.000000E-01  3.350212E-01  7.355363E-02  0.000000E+00  2.633232E-02  4.275841E-04 -2.250192E-17 -7.548227E-01  0.000000E+00
  3.122580E-01  7.188741E-02  5.000000E-01  3.154103E-01  7.286112E-02  0.000000E+00  2.591760E-02  1.326241E-03 -5.679715E-18 -6.634263E-01  0.000000E+00
  2.932850E-01  7.059698E-02  5.000000E-01  2.962457E-01  7.155766E-02  0.000000E+00  2.475953E-02  1.949305E-03 -5.462339E-19 -5.853319E-01  0.000000E+00
  2.747930E-01  6.892326E-02  5.000000E-01  2.775670E-01  6.986705E-02  0.000000E+00  2.324582E-02  2.255859E-03  1.406337E-17 -5.322798E-01  0.000000E+00
  2.568150E-01  6.704862E-02  5.000000E-01  2.594076E-01  6.797348E-02  0.000000E+00  2.181383E-02  2.349348E-03  1.854131E-17 -5.063144E-01  0.000000E+00
  2.393810E-01  6.510562E-02  5.000000E-01  2.417976E-01  6.601087E-02  0.000000E+00  2.076511E-02  2.343055E-03 -1.548364E-18 -5.044170E-01  0.000000E+00
  2.225160E-01  6.317955E-02  5.000000E-01  2.247623E-01  6.406535E-02  0.000000E+00  2.023080E-02  2.313373E-03  1.793408E-17 -5.215357E-01  0.000000E+00
  2.062420E-01  6.131744E-02  5.000000E-01  2.083240E-01  6.218445E-02  0.000000E+00  2.017935E-02  2.271681E-03  1.140760E-17 -5.545389E-01  0.000000E+00
  1.905750E-01  5.957879E-02  5.000000E-01  1.924989E-01  6.042824E-02  0.000000E+00  2.050709E-02  2.183628E-03 -2.157642E-17 -6.021831E-01  0.000000E+00
  1.755290E-01  5.804031E-02  5.000000E-01  1.773010E-01  5.887423E-02  0.000000E+00  2.118001E-02  2.062266E-03 -1.280420E-17 -6.588012E-01  0.000000E+00
  1.611160E-01  5.670668E-02  5.000000E-01  1.627425E-01  5.752714E-02  0.000000E+00  2.217917E-02  1.961842E-03 -2.221714E-17 -7.152887E-01  0.000000E+00
  1.473410E-01  5.554403E-02  5.000000E-01  1.488284E-01  5.635275E-02  0.000000E+00  2.338572E-02  1.912921E-03 -1.698458E-17 -7.652220E-01  0.000000E+00
  1.342110E-01  5.450406E-02  5.000000E-01  1.355659E-01  5.530229E-02  0.000000E+00  2.462777E-02  1.928663E-03  1.231057E-17 -8.058516E-01  0.000000E+00
  1.217280E-01  5.353747E-02  5.000000E-01  1.229569E-01  5.432593E-02  0.000000E+00  2.577221E-02  2.017236E-03  2.615157E-17 -8.371050E-01  0.000000E+00
  1.098910E-01  5.260126E-02  5.000000E-01  1.110004E-01  5.338027E-02  0.000000E+00  2.678666E-02  2.194016E-03  2.453273E-17 -8.596970E-01  0.000000E+00
  9.869950E-02  5.165381E-02  5.000000E-01  9.969591E-02  5.242326E-02  0.000000E+00  2.771724E-02  2.480473E-03  1.215322E-17 -8.741969E-01  0.000000E+00
  8.814970E-02  5.065976E-02  5.000000E-01  8.903961E-02  5.141917E-02  0.000000E+00  2.863635E-02  2.904884E-03  1.367349E-17 -8.806233E-01  0.000000E+00
  8.814970E-02  5.065976E-02  5.000000E-01  8.903961E-02  5.141917E-02  0.000000E+00  2.863635E-02  2.904884E-03  1.367349E-17 -8.806233E-01  0.000000E+00
  7.823720E-02  4.958490E-02  5.000000E-01  7.902705E-02  5.033346E-02  0.000000E+00  2.960825E-02  3.511764E-03  1.139114E-17 -8.779576E-01  0.000000E+00
  6.895800E-02  4.839272E-02  5.000000E-01  6.965417E-02  4.912925E-02  0.000000E+00  3.064893E-02  4.347085E-03  1.203843E-17 -8.648441E-01  0.000000E+00
  6.030560E-02  4.705364E-02  5.000000E-01  6.091443E-02  4.777665E-02  0.000000E+00  3.174839E-02  5.475322E-03  1.954546E-17 -8.388535E-01  0.000000E+00
  5.227560E-02  4.553206E-02  5.000000E-01  5.280337E-02  4.623971E-02  0.000000E+00  3.285696E-02  6.976013E-03  2.034973E-17 -7.963804E-01  0.000000E+00
  4.486350E-02  4.379465E-02  5.000000E-01  4.531644E-02  4.448476E-02  0.000000E+00  3.383176E-02  8.895289E-03  1.590433E-17 -7.341275E-01  0.000000E+00
  3.806240E-02  4.181784E-02  5.000000E-01  3.844669E-02  4.248800E-02  0.000000E+00  3.447372E-02  1.126070E-02  1.312191E-17 -6.477338E-01  0.000000E+00
  3.186880E-02  3.957551E-02  5.000000E-01  3.219056E-02  4.022303E-02  0.000000E+00  3.449563E-02  1.400133E-02  3.845829E-18 -5.333034E-01  0.000000E+00
  2.627530E-02  3.705766E-02  5.000000E-01  2.654060E-02  3.767976E-02  0.000000E+00  3.356757E-02  1.688447E-02 -1.601183E-17 -3.892777E-01  0.000000E+00
  2.127350E-02  3.426708E-02  5.000000E-01  2.148831E-02  3.486101E-02  0.000000E+00  3.148454E-02  1.959239E-02 -1.941108E-17 -2.150663E-01  0.000000E+00
  1.685790E-02  3.121126E-02  5.000000E-01  1.702813E-02  3.177434E-02  0.000000E+00  2.822331E-02  2.166900E-02  2.603144E-18 -1.617155E-02  0.000000E+00
  1.301460E-02  2.792774E-02  5.000000E-01  1.314603E-02  2.845768E-02  0.000000E+00  2.402556E-02  2.271020E-02  2.377178E-18  1.972405E-01  0.000000E+00
  9.730790E-03  2.446463E-02  5.000000E-01  9.829073E-03  2.495961E-02  0.000000E+00  1.936184E-02  2.259552E-02  4.898514E-18  4.152939E-01  0.000000E+00
  6.996180E-03  2.087988E-02  5.000000E-01  7.066858E-03  2.133867E-02  0.000000E+00  1.474764E-02  2.131773E-02 -3.573807E-18  6.216308E-01  0.000000E+00
  4.781010E-03  1.727118E-02  5.000000E-01  4.829326E-03  1.769355E-02  0.000000E+00  1.058759E-02  1.905196E-02 -4.330767E-18  8.018116E-01  0.000000E+00
  3.054950E-03  1.374042E-02  5.000000E-01  3.085842E-03  1.412713E-02  0.000000E+00  7.078048E-03  1.613726E-02  7.128831E-19  9.519874E-01  0.000000E+00
  1.789910E-03  1.038896E-02  5.000000E-01  1.808031E-03  1.074184E-02  0.000000E+00  4.298364E-03  1.279907E-02 -3.787377E-17  1.068484E+00  0.000000E+00
  9.331870E-04  7.334502E-03  5.000000E-01  9.426598E-04  7.656555E-03  0.000000E+00  2.277017E-03  9.175043E-03 -4.087004E-17  1.147804E+00  0.000000E+00
  4.085430E-04  4.695813E-03  5.000000E-01  4.127196E-04  4.991229E-03  0.000000E+00  9.493058E-04  5.388218E-03 -2.460451E-17  1.192865E+00  0.000000E+00
  1.354760E-04  2.569714E-03  5.000000E-01  1.368960E-04  2.843667E-03  0.000000E+00  2.034523E-04  1.496135E-03 -4.386273E-17  1.211150E+00  0.000000E+00
  2.683130E-05  1.016525E-03  5.000000E-01  2.715457E-05  1.274798E-03  0.000000E+00 -6.890242E-05 -2.490835E-03 -4.311177E-17  1.209820E+00  0.000000E+00
  1.320070E-06  7.154128E-05  5.000000E-01  1.385807E-06  3.202757E-04  0.000000E+00 -9.185128E-05 -6.206478E-03 -1.665083E-17  1.189078E+00  0.000000E+00
 -5.188750E-08 -2.455336E-04  5.000000E-01  0.000000E+00  0.000000E+00  0.000000E+00 -3.843963E-05 -8.532359E-03 -1.994677E-17  1.167218E+00  0.000000E+00
  2.733630E-06 -5.780107E-04  5.000000E-01  2.813637E-06 -3.358334E-04  0.000000E+00  2.443866E-04 -1.033147E-02  1.968588E-18  1.165658E+00  0.000000E+00
    1    2
    2    3
    3    4
    4    5
    5    6
    6    7
    7    8
    8    9
    9   10
   10   11
   11   12
   12   13
   13   14
   14   15
   15   16
   16   17
   17   18
   18   19
   19   20
   20   21
   21   22
   22   23
   23   24
   25   26
   26   27
   27   28
   28   29
   29   30
   30   31
   31   32
   32   33
   33   34
   34   35
   35   36
   36   37
   37   38
   38   39
   39   40
   40   41
   41   42
   42   43
   43   44
   44   45
   45   46
   46   47
   47   48
   49   50
   50   51
   51   52
   52   53
   53   54
   54   55
   55   56
   56   57
   57   58
   58   59
   59   60
   60   61
   61   62
   62   63
   63   64
   64   65
   65   66
   66   67
   67   68
   68   69
   69   70
   70   71
   71   72
   73   74
   74   75
   75   76
   76   77
   77   78
   78   79
   79   80
   80   81
   81   82
   82   83
   83   84
   84   85
   85   86
   86   87
   87   88
   88   89
   89   90
   90   91
   91   92
   92   93
   93   94
   94   95
   95   96
   97   98
   98   99
   99  100
  100  101
  101  102
  102  103
  103  104
  104  105
  105  106
  106  107
  107  108
  108  109
  109  110
  110  111
  111  112
  112  113
  113  114
  114  115
  115  116
  116  117
  117  118
  118  119
  119  120
  121  122
  122  123
  123  124
  124  125
  125  126
  126  127
  127  128
  128  129
  129  130
  130  131
  131  132
  132  133
  133  134
  134  135
  135  136
  136  137
  137  138
  138  139
  139  140
  140  141
  141  142
  142  143
  143  144
  145  146
  146  147
  147  148
  148  149
  149  150
  150  151
  151  152
  152  153
  153  154
  154  155
  155  156
  156  157
  157  158
  158  159
  159  160
  160  161
  161  162
  162  163
  163  164
  164  165
  165  166
  166  167
  167  168
  169  170
  170  171
  171  172
  172  173
  173  174
  174  175
  175  176
  176  177
  177  178
  178  179
  179  180
  180  181
  181  182
  182  183
  183  184
  184  185
  185  186
  186  187
  187  188
  188  189
  189  190
  190  191
  191  192
