 Title = "ADflow Slice Data"
Variables =  "CoordinateX"  "CoordinateY"  "CoordinateZ"  "XoC"  "YoC"  "ZoC" "VelocityX" "VelocityY" "VelocityZ" "CoefPressure" "Mach" 
Zone T= "Slice_0001 None Absolute Regular z = 0.50000000"
 Nodes =          192  Elements=          184  ZONETYPE=FELINESEG
 DATAPACKING=POINT
  5.560760E-01 -1.893794E-02  5.000000E-01  5.616895E-01 -1.895566E-02  0.000000E+00  1.506491E-02  1.097754E-03  4.966465E-19 -1.686457E-01  0.000000E+00
  5.770550E-01 -1.737447E-02  5.000000E-01  5.828802E-01 -1.737640E-02  0.000000E+00  1.469994E-02  1.131695E-03  1.423281E-18 -1.385785E-01  0.000000E+00
  5.977760E-01 -1.573224E-02  5.000000E-01  6.038104E-01 -1.571759E-02  0.000000E+00  1.434197E-02  1.180902E-03  4.110191E-19 -1.169806E-01  0.000000E+00
  6.181820E-01 -1.398844E-02  5.000000E-01  6.244224E-01 -1.395620E-02  0.000000E+00  1.385674E-02  1.236396E-03  1.158932E-20 -9.826437E-02  0.000000E+00
  6.382180E-01 -1.211963E-02  5.000000E-01  6.446607E-01 -1.206851E-02  0.000000E+00  1.316846E-02  1.283646E-03 -7.417101E-20 -7.585177E-02  0.000000E+00
  6.578350E-01 -1.011557E-02  5.000000E-01  6.644757E-01 -1.004422E-02  0.000000E+00  1.227468E-02  1.306028E-03  9.555083E-19 -4.549814E-02  0.000000E+00
  6.769910E-01 -7.986355E-03  5.000000E-01  6.838251E-01 -7.893518E-03  0.000000E+00  1.122230E-02  1.293096E-03  1.282324E-18 -7.053316E-03  0.000000E+00
  6.956490E-01 -5.752270E-03  5.000000E-01  7.026714E-01 -5.636880E-03  0.000000E+00  1.007385E-02  1.241470E-03  1.663170E-18  3.673043E-02  0.000000E+00
  7.137810E-01 -3.447421E-03  5.000000E-01  7.209864E-01 -3.308764E-03  0.000000E+00  8.887007E-03  1.152399E-03  1.289571E-18  8.264301E-02  0.000000E+00
  7.313660E-01 -1.117039E-03  5.000000E-01  7.387490E-01 -9.548585E-04  0.000000E+00  7.704566E-03  1.033977E-03 -2.721183E-20  1.280779E-01  0.000000E+00
  7.483850E-01  1.198937E-03  5.000000E-01  7.559398E-01  1.384497E-03  0.000000E+00  6.561425E-03  9.004117E-04 -4.479492E-19  1.713175E-01  0.000000E+00
  7.648220E-01  3.474664E-03  5.000000E-01  7.725427E-01  3.683197E-03  0.000000E+00  5.502169E-03  7.660552E-04  5.378005E-19  2.114615E-01  0.000000E+00
  7.806630E-01  5.692488E-03  5.000000E-01  7.885436E-01  5.923409E-03  0.000000E+00  4.595633E-03  6.365151E-04  1.859391E-18  2.488559E-01  0.000000E+00
  7.958970E-01  7.784662E-03  5.000000E-01  8.039314E-01  8.036703E-03  0.000000E+00  3.933705E-03  5.112409E-04  3.284498E-19  2.850621E-01  0.000000E+00
  8.105170E-01  9.568293E-03  5.000000E-01  8.186990E-01  9.838339E-03  0.000000E+00  3.578401E-03  3.978020E-04 -3.258943E-19  3.174026E-01  0.000000E+00
  8.245160E-01  1.095221E-02  5.000000E-01  8.328393E-01  1.123623E-02  0.000000E+00  3.516755E-03  3.035875E-04  1.178079E-18  3.405358E-01  0.000000E+00
  8.378940E-01  1.193475E-02  5.000000E-01  8.463523E-01  1.222869E-02  0.000000E+00  3.687923E-03  2.238200E-04  2.486706E-18  3.539475E-01  0.000000E+00
  8.506490E-01  1.255854E-02  5.000000E-01  8.592361E-01  1.285877E-02  0.000000E+00  4.026107E-03  1.494413E-04  1.440706E-18  3.605915E-01  0.000000E+00
  8.627850E-01  1.288218E-02  5.000000E-01  8.714946E-01  1.318568E-02  0.000000E+00  4.477147E-03  7.330498E-05  2.984352E-19  3.629957E-01  0.000000E+00
  8.743060E-01  1.296539E-02  5.000000E-01  8.831319E-01  1.326973E-02  0.000000E+00  4.997331E-03 -8.452200E-06  8.742135E-19  3.623055E-01  0.000000E+00
  8.852170E-01  1.285985E-02  5.000000E-01  8.941530E-01  1.316312E-02  0.000000E+00  5.552288E-03 -9.720545E-05  2.480302E-19  3.591628E-01  0.000000E+00
  8.955250E-01  1.260654E-02  5.000000E-01  9.045651E-01  1.290726E-02  0.000000E+00  6.117892E-03 -1.929496E-04  8.658322E-21  3.540939E-01  0.000000E+00
  9.052400E-01  1.223840E-02  5.000000E-01  9.143782E-01  1.253540E-02  0.000000E+00  6.680818E-03 -2.956590E-04  5.994660E-19  3.475074E-01  0.000000E+00
  9.143710E-01  1.178104E-02  5.000000E-01  9.236013E-01  1.207342E-02  0.000000E+00  7.239877E-03 -4.081301E-04 -7.128502E-19  3.398360E-01  0.000000E+00
  9.143710E-01  1.178104E-02  5.000000E-01  9.236013E-01  1.207342E-02  0.000000E+00  7.239877E-03 -4.081301E-04 -7.128502E-19  3.398360E-01  0.000000E+00
  9.229270E-01  1.124930E-02  5.000000E-01  9.322437E-01  1.153631E-02  0.000000E+00  7.805440E-03 -5.359178E-04 -1.670744E-18  3.313189E-01  0.000000E+00
  9.309180E-01  1.065239E-02  5.000000E-01  9.403154E-01  1.093338E-02  0.000000E+00  8.394947E-03 -6.843094E-04 -1.210061E-18  3.217031E-01  0.000000E+00
  9.383550E-01  9.998901E-03  5.000000E-01  9.478274E-01  1.027329E-02  0.000000E+00  9.029185E-03 -8.582488E-04 -3.133154E-19  3.105228E-01  0.000000E+00
  9.452490E-01  9.297553E-03  5.000000E-01  9.547910E-01  9.564866E-03  0.000000E+00  9.731817E-03 -1.064495E-03  7.390494E-19  2.973926E-01  0.000000E+00
  9.516100E-01  8.556740E-03  5.000000E-01  9.612163E-01  8.816574E-03  0.000000E+00  1.052948E-02 -1.311683E-03  1.252113E-18  2.819128E-01  0.000000E+00
  9.574470E-01  7.785937E-03  5.000000E-01  9.671122E-01  8.037991E-03  0.000000E+00  1.144997E-02 -1.608703E-03  7.762076E-19  2.634821E-01  0.000000E+00
  9.627730E-01  6.996356E-03  5.000000E-01  9.724919E-01  7.240439E-03  0.000000E+00  1.252158E-02 -1.965082E-03  2.027273E-18  2.414135E-01  0.000000E+00
  9.675950E-01  6.201406E-03  5.000000E-01  9.773626E-01  6.437465E-03  0.000000E+00  1.377557E-02 -2.390389E-03  3.832741E-18  2.149867E-01  0.000000E+00
  9.719240E-01  5.416173E-03  5.000000E-01  9.817353E-01  5.644305E-03  0.000000E+00  1.525253E-02 -2.894905E-03  5.496687E-18  1.833739E-01  0.000000E+00
  9.757700E-01  4.657059E-03  5.000000E-01  9.856201E-01  4.877528E-03  0.000000E+00  1.701617E-02 -3.495038E-03  5.520419E-18  1.457444E-01  0.000000E+00
  9.791410E-01  3.940580E-03  5.000000E-01  9.890252E-01  4.153816E-03  0.000000E+00  1.916600E-02 -4.216282E-03 -6.651621E-18  1.011985E-01  0.000000E+00
  9.820450E-01  3.282634E-03  5.000000E-01  9.919585E-01  3.489228E-03  0.000000E+00  2.182033E-02 -5.089995E-03 -4.575393E-17  4.839317E-02  0.000000E+00
  9.844890E-01  2.697988E-03  5.000000E-01  9.944272E-01  2.898680E-03  0.000000E+00  2.504331E-02 -6.140458E-03 -1.052315E-16 -1.437722E-02  0.000000E+00
  9.864800E-01  2.199954E-03  5.000000E-01  9.964383E-01  2.395618E-03  0.000000E+00  2.876337E-02 -7.323106E-03 -8.952752E-17 -8.755580E-02  0.000000E+00
  9.880230E-01  1.800257E-03  5.000000E-01  9.979968E-01  1.991887E-03  0.000000E+00  3.246767E-02 -8.439908E-03  2.423893E-16 -1.781105E-01  0.000000E+00
  9.891220E-01  1.508143E-03  5.000000E-01  9.991069E-01  1.696825E-03  0.000000E+00  3.593817E-02 -9.722626E-03  1.112354E-15 -2.868805E-01  0.000000E+00
  9.897810E-01  1.330160E-03  5.000000E-01  9.997726E-01  1.517045E-03  0.000000E+00  5.278531E-02 -1.243546E-02  2.167858E-15 -3.055998E-01  0.000000E+00
  9.900000E-01  1.270411E-03  5.000000E-01  9.999938E-01  1.456692E-03  0.000000E+00  3.651209E-02 -2.255411E-03  9.939408E-15 -6.802392E-01  0.000000E+00
  9.900000E-01  1.679910E-03  5.000000E-01  9.999938E-01  1.870325E-03  0.000000E+00  2.126566E-03 -7.785505E-03  3.558597E-14 -9.795563E-01  0.000000E+00
  9.900000E-01  2.089409E-03  5.000000E-01  9.999938E-01  2.283958E-03  0.000000E+00 -5.415745E-04 -2.193699E-02  6.939506E-14 -8.243066E-01  0.000000E+00
  9.900000E-01  2.498909E-03  5.000000E-01  9.999938E-01  2.697592E-03  0.000000E+00 -1.399098E-04 -1.349532E-02  9.591434E-14 -7.966295E-01  0.000000E+00
  9.900000E-01  2.908393E-03  5.000000E-01  9.999938E-01  3.111210E-03  0.000000E+00  3.199155E-04 -8.318519E-03  1.143609E-13 -8.265503E-01  0.000000E+00
  9.900000E-01  3.317893E-03  5.000000E-01  9.999938E-01  3.524843E-03  0.000000E+00  4.462692E-03 -6.751097E-03  1.276317E-13 -7.912675E-01  0.000000E+00
  9.900000E-01  3.317893E-03  5.000000E-01  9.999938E-01  3.524843E-03  0.000000E+00  4.462692E-03 -6.751097E-03  1.276317E-13 -7.912675E-01  0.000000E+00
  9.897980E-01  3.421914E-03  5.000000E-01  9.997897E-01  3.629915E-03  0.000000E+00  5.423222E-03 -3.330575E-03  1.195876E-13 -7.430747E-01  0.000000E+00
  9.891900E-01  3.733974E-03  5.000000E-01  9.991756E-01  3.945124E-03  0.000000E+00  1.112488E-03 -5.076822E-04  8.482712E-14 -7.511552E-01  0.000000E+00
  9.881780E-01  4.253386E-03  5.000000E-01  9.981534E-01  4.469780E-03  0.000000E+00 -1.279901E-03  6.594982E-04  4.655428E-14 -7.582997E-01  0.000000E+00
  9.867570E-01  4.978846E-03  5.000000E-01  9.967181E-01  5.202563E-03  0.000000E+00 -2.639996E-03  1.332733E-03  1.890442E-14 -7.652024E-01  0.000000E+00
  9.849260E-01  5.906837E-03  5.000000E-01  9.948686E-01  6.139922E-03  0.000000E+00 -3.243841E-03  1.633903E-03  4.449041E-15 -7.750280E-01  0.000000E+00
  9.826810E-01  7.030871E-03  5.000000E-01  9.926009E-01  7.275302E-03  0.000000E+00 -3.246137E-03  1.614811E-03 -7.562735E-16 -7.842062E-01  0.000000E+00
  9.800160E-01  8.341203E-03  5.000000E-01  9.899090E-01  8.598862E-03  0.000000E+00 -2.936192E-03  1.429250E-03 -1.496746E-15 -7.897962E-01  0.000000E+00
  9.769240E-01  9.823758E-03  5.000000E-01  9.867858E-01  1.009638E-02  0.000000E+00 -2.611438E-03  1.232049E-03 -9.062813E-16 -7.919536E-01  0.000000E+00
  9.733970E-01  1.145739E-02  5.000000E-01  9.832232E-01  1.174651E-02  0.000000E+00 -2.457967E-03  1.111007E-03 -3.283846E-16 -7.926961E-01  0.000000E+00
  9.694240E-01  1.321562E-02  5.000000E-01  9.792101E-01  1.352248E-02  0.000000E+00 -2.533822E-03  1.089571E-03 -4.812993E-17 -7.939381E-01  0.000000E+00
  9.649940E-01  1.507171E-02  5.000000E-01  9.747354E-01  1.539731E-02  0.000000E+00 -2.835810E-03  1.160380E-03  2.887623E-17 -7.953172E-01  0.000000E+00
  9.600960E-01  1.700550E-02  5.000000E-01  9.697879E-01  1.735062E-02  0.000000E+00 -3.355116E-03  1.293289E-03  2.596685E-17 -7.958000E-01  0.000000E+00
  9.547180E-01  1.899684E-02  5.000000E-01  9.643556E-01  1.936207E-02  0.000000E+00 -3.946339E-03  1.402702E-03  9.911089E-18 -8.036767E-01  0.000000E+00
  9.488510E-01  2.102638E-02  5.000000E-01  9.584294E-01  2.141210E-02  0.000000E+00 -4.019268E-03  1.308480E-03  2.893546E-18 -8.426236E-01  0.000000E+00
  9.424820E-01  2.307892E-02  5.000000E-01  9.519961E-01  2.348535E-02  0.000000E+00 -2.407745E-03  7.358977E-04  4.321195E-18 -9.306737E-01  0.000000E+00
  9.356020E-01  2.514401E-02  5.000000E-01  9.450467E-01  2.557129E-02  0.000000E+00  2.144136E-03 -5.718660E-04  1.078130E-17 -1.047934E+00  0.000000E+00
  9.282010E-01  2.721555E-02  5.000000E-01  9.375709E-01  2.766374E-02  0.000000E+00  9.537579E-03 -2.494473E-03  2.273694E-17 -1.144548E+00  0.000000E+00
  9.202710E-01  2.928851E-02  5.000000E-01  9.295609E-01  2.975763E-02  0.000000E+00  1.726922E-02 -4.301438E-03  3.470903E-17 -1.187482E+00  0.000000E+00
  9.118010E-01  3.135077E-02  5.000000E-01  9.210054E-01  3.184070E-02  0.000000E+00  2.234077E-02 -5.232505E-03  3.753564E-17 -1.183300E+00  0.000000E+00
  9.027810E-01  3.338639E-02  5.000000E-01  9.118943E-01  3.389687E-02  0.000000E+00  2.406940E-02 -5.230823E-03  3.226779E-17 -1.156032E+00  0.000000E+00
  8.932000E-01  3.537975E-02  5.000000E-01  9.022166E-01  3.591035E-02  0.000000E+00  2.384691E-02 -4.759116E-03  2.425912E-17 -1.122059E+00  0.000000E+00
  8.830490E-01  3.731271E-02  5.000000E-01  8.919632E-01  3.786283E-02  0.000000E+00  2.315203E-02 -4.205676E-03  1.774149E-17 -1.086783E+00  0.000000E+00
  8.723190E-01  3.916448E-02  5.000000E-01  8.811248E-01  3.973329E-02  0.000000E+00  2.262166E-02 -3.702368E-03  1.402207E-17 -1.050848E+00  0.000000E+00
  8.723190E-01  3.916448E-02  5.000000E-01  8.811248E-01  3.973329E-02  0.000000E+00  2.262166E-02 -3.702368E-03  1.402207E-17 -1.050848E+00  0.000000E+00
  8.610010E-01  4.091457E-02  5.000000E-01  8.696926E-01  4.150105E-02  0.000000E+00  2.227794E-02 -3.246491E-03  1.135170E-17 -1.014025E+00  0.000000E+00
  8.490890E-01  4.254394E-02  5.000000E-01  8.576603E-01  4.314687E-02  0.000000E+00  2.196059E-02 -2.812529E-03  1.018123E-17 -9.763946E-01  0.000000E+00
  8.365770E-01  4.403696E-02  5.000000E-01  8.450220E-01  4.465495E-02  0.000000E+00  2.155201E-02 -2.396038E-03  9.870087E-18 -9.389039E-01  0.000000E+00
  8.234620E-01  4.538738E-02  5.000000E-01  8.317746E-01  4.601901E-02  0.000000E+00  2.102436E-02 -2.016077E-03  1.012045E-17 -9.037890E-01  0.000000E+00
  8.097400E-01  4.660462E-02  5.000000E-01  8.179141E-01  4.724854E-02  0.000000E+00  2.041191E-02 -1.706621E-03  1.006034E-17 -8.748599E-01  0.000000E+00
  7.954150E-01  4.772549E-02  5.000000E-01  8.034445E-01  4.838072E-02  0.000000E+00  1.977987E-02 -1.508662E-03  9.625306E-18 -8.570318E-01  0.000000E+00
  7.804870E-01  4.882761E-02  5.000000E-01  7.883658E-01  4.949396E-02  0.000000E+00  1.923085E-02 -1.449174E-03  9.480123E-18 -8.537009E-01  0.000000E+00
  7.649630E-01  5.001795E-02  5.000000E-01  7.726851E-01  5.069632E-02  0.000000E+00  1.892222E-02 -1.500349E-03  7.155832E-18 -8.624993E-01  0.000000E+00
  7.488530E-01  5.133939E-02  5.000000E-01  7.564125E-01  5.203111E-02  0.000000E+00  1.894906E-02 -1.611152E-03  3.429682E-18 -8.778175E-01  0.000000E+00
  7.321700E-01  5.280858E-02  5.000000E-01  7.395611E-01  5.351512E-02  0.000000E+00  1.925477E-02 -1.756749E-03 -1.213345E-18 -8.957502E-01  0.000000E+00
  7.149290E-01  5.443516E-02  5.000000E-01  7.221460E-01  5.515812E-02  0.000000E+00  1.971960E-02 -1.918846E-03 -6.904332E-18 -9.135405E-01  0.000000E+00
  6.971500E-01  5.621620E-02  5.000000E-01  7.041876E-01  5.695714E-02  0.000000E+00  2.024464E-02 -2.072846E-03 -1.182123E-17 -9.286413E-01  0.000000E+00
  6.788570E-01  5.812939E-02  5.000000E-01  6.857099E-01  5.888965E-02  0.000000E+00  2.077878E-02 -2.187872E-03 -1.678443E-17 -9.384821E-01  0.000000E+00
  6.600760E-01  6.012246E-02  5.000000E-01  6.667393E-01  6.090283E-02  0.000000E+00  2.129181E-02 -2.236678E-03 -1.891234E-17 -9.412713E-01  0.000000E+00
  6.408370E-01  6.212477E-02  5.000000E-01  6.473061E-01  6.292535E-02  0.000000E+00  2.173605E-02 -2.216603E-03 -1.871909E-17 -9.374444E-01  0.000000E+00
  6.211780E-01  6.408848E-02  5.000000E-01  6.274486E-01  6.490889E-02  0.000000E+00  2.208033E-02 -2.141664E-03 -1.934150E-17 -9.286508E-01  0.000000E+00
  6.011430E-01  6.597420E-02  5.000000E-01  6.072114E-01  6.681365E-02  0.000000E+00  2.234086E-02 -2.022978E-03 -1.850902E-17 -9.160808E-01  0.000000E+00
  5.807790E-01  6.774584E-02  5.000000E-01  5.866418E-01  6.860317E-02  0.000000E+00  2.254664E-02 -1.871679E-03 -1.770630E-17 -9.006904E-01  0.000000E+00
  5.601410E-01  6.937735E-02  5.000000E-01  5.657955E-01  7.025115E-02  0.000000E+00  2.272310E-02 -1.696575E-03 -1.535411E-17 -8.831810E-01  0.000000E+00
  5.392850E-01  7.084393E-02  5.000000E-01  5.447290E-01  7.173254E-02  0.000000E+00  2.288450E-02 -1.504456E-03 -1.288970E-17 -8.641848E-01  0.000000E+00
  5.182680E-01  7.212966E-02  5.000000E-01  5.234998E-01  7.303125E-02  0.000000E+00  2.303021E-02 -1.306178E-03 -1.218397E-17 -8.446734E-01  0.000000E+00
  4.971500E-01  7.323310E-02  5.000000E-01  5.021686E-01  7.414582E-02  0.000000E+00  2.316722E-02 -1.108856E-03 -1.031822E-17 -8.253256E-01  0.000000E+00
  4.759900E-01  7.415336E-02  5.000000E-01  4.807950E-01  7.507537E-02  0.000000E+00  2.331166E-02 -9.125857E-04 -9.298363E-18 -8.062597E-01  0.000000E+00
  2.733630E-06 -4.853319E-04  5.000000E-01  2.813636E-06 -3.167741E-04  0.000000E+00  4.690354E-04 -1.841158E-02 -4.268251E-21  1.096913E+00  0.000000E+00
  4.455870E-05 -1.425788E-03  5.000000E-01  4.506092E-05 -1.266724E-03  0.000000E+00  2.260560E-03 -2.191235E-02  2.717204E-17  1.067585E+00  0.000000E+00
  2.731490E-04 -2.957407E-03  5.000000E-01  2.759588E-04 -2.813804E-03  0.000000E+00  6.597407E-03 -2.486537E-02  4.227835E-17  9.467410E-01  0.000000E+00
  9.950900E-04 -4.911140E-03  5.000000E-01  1.005188E-03 -4.787259E-03  0.000000E+00  1.278335E-02 -2.522068E-02  4.433679E-17  7.368916E-01  0.000000E+00
  2.349870E-03 -6.985027E-03  5.000000E-01  2.373644E-03 -6.882082E-03  0.000000E+00  1.847307E-02 -2.401288E-02  4.102703E-17  5.277606E-01  0.000000E+00
  4.254460E-03 -9.112323E-03  5.000000E-01  4.297460E-03 -9.030852E-03  0.000000E+00  2.308575E-02 -2.269436E-02  2.863103E-17  3.564724E-01  0.000000E+00
  6.687140E-03 -1.123446E-02  5.000000E-01  6.754697E-03 -1.117442E-02  0.000000E+00  2.708292E-02 -2.120703E-02  8.751660E-18  1.938941E-01  0.000000E+00
  9.634000E-03 -1.331395E-02  5.000000E-01  9.731305E-03 -1.327489E-02  0.000000E+00  3.034396E-02 -1.920700E-02 -4.251223E-18  2.870586E-02  0.000000E+00
  1.310530E-02 -1.528323E-02  5.000000E-01  1.323765E-02 -1.526405E-02  0.000000E+00  3.257343E-02 -1.655602E-02  1.049642E-19 -1.350702E-01  0.000000E+00
  1.710810E-02 -1.709061E-02  5.000000E-01  1.728085E-02 -1.708968E-02  0.000000E+00  3.383805E-02 -1.378482E-02  2.440775E-17 -2.750477E-01  0.000000E+00
  2.163760E-02 -1.873670E-02  5.000000E-01  2.185608E-02 -1.875238E-02  0.000000E+00  3.452778E-02 -1.137031E-02  5.672356E-17 -3.818721E-01  0.000000E+00
  2.669190E-02 -2.023117E-02  5.000000E-01  2.696140E-02 -2.026194E-02  0.000000E+00  3.478745E-02 -9.239275E-03  7.756591E-17 -4.680224E-01  0.000000E+00
  3.228310E-02 -2.154990E-02  5.000000E-01  3.260904E-02 -2.159398E-02  0.000000E+00  3.457521E-02 -7.268129E-03  8.682916E-17 -5.431833E-01  0.000000E+00
  3.842170E-02 -2.268079E-02  5.000000E-01  3.880961E-02 -2.273629E-02  0.000000E+00  3.397382E-02 -5.533131E-03  8.910226E-17 -6.063098E-01  0.000000E+00
  4.511710E-02 -2.362462E-02  5.000000E-01  4.557260E-02 -2.368965E-02  0.000000E+00  3.311130E-02 -4.080217E-03  8.393673E-17 -6.561360E-01  0.000000E+00
  5.237940E-02 -2.438668E-02  5.000000E-01  5.290821E-02 -2.445940E-02  0.000000E+00  3.210972E-02 -2.914227E-03  7.572631E-17 -6.922519E-01  0.000000E+00
  6.021800E-02 -2.498263E-02  5.000000E-01  6.082593E-02 -2.506136E-02  0.000000E+00  3.108737E-02 -2.027377E-03  6.566345E-17 -7.146054E-01  0.000000E+00
  6.864140E-02 -2.543769E-02  5.000000E-01  6.933437E-02 -2.552102E-02  0.000000E+00  3.009493E-02 -1.375407E-03  5.397541E-17 -7.248077E-01  0.000000E+00
  7.765990E-02 -2.577286E-02  5.000000E-01  7.844390E-02 -2.585957E-02  0.000000E+00  2.911776E-02 -9.074274E-04  4.329234E-17 -7.246658E-01  0.000000E+00
  8.728340E-02 -2.601322E-02  5.000000E-01  8.816455E-02 -2.610236E-02  0.000000E+00  2.810588E-02 -5.965259E-04  3.487244E-17 -7.145494E-01  0.000000E+00
  9.752070E-02 -2.619094E-02  5.000000E-01  9.850519E-02 -2.628187E-02  0.000000E+00  2.693556E-02 -4.164375E-04  2.844462E-17 -6.944086E-01  0.000000E+00
  1.083810E-01 -2.633790E-02  5.000000E-01  1.094751E-01 -2.643031E-02  0.000000E+00  2.544930E-02 -3.404039E-04  2.311333E-17 -6.636038E-01  0.000000E+00
  1.198710E-01 -2.648980E-02  5.000000E-01  1.210811E-01 -2.658374E-02  0.000000E+00  2.359548E-02 -3.469168E-04  1.779142E-17 -6.203534E-01  0.000000E+00
  1.319970E-01 -2.668645E-02  5.000000E-01  1.333295E-01 -2.678239E-02  0.000000E+00  2.155829E-02 -4.102428E-04  1.276012E-17 -5.629385E-01  0.000000E+00
  1.319970E-01 -2.668645E-02  5.000000E-01  1.333295E-01 -2.678239E-02  0.000000E+00  2.155829E-02 -4.102428E-04  1.276012E-17 -5.629385E-01  0.000000E+00
  1.447640E-01 -2.696523E-02  5.000000E-01  1.462254E-01 -2.706398E-02  0.000000E+00  1.977362E-02 -5.084261E-04  8.907821E-18 -4.919456E-01  0.000000E+00
  1.581750E-01 -2.736046E-02  5.000000E-01  1.597718E-01 -2.746320E-02  0.000000E+00  1.873624E-02 -6.319551E-04  5.579670E-18 -4.137710E-01  0.000000E+00
  1.722290E-01 -2.789256E-02  5.000000E-01  1.739676E-01 -2.800067E-02  0.000000E+00  1.869621E-02 -7.700789E-04  3.046489E-18 -3.427227E-01  0.000000E+00
  1.869240E-01 -2.854846E-02  5.000000E-01  1.888110E-01 -2.866319E-02  0.000000E+00  1.950396E-02 -8.783763E-04  8.863563E-20 -2.971658E-01  0.000000E+00
  2.022540E-01 -2.925596E-02  5.000000E-01  2.042957E-01 -2.937783E-02  0.000000E+00  2.069892E-02 -8.542054E-04 -1.594142E-18 -2.907129E-01  0.000000E+00
  2.182110E-01 -2.985268E-02  5.000000E-01  2.204138E-01 -2.998057E-02  0.000000E+00  2.179383E-02 -6.398445E-04  6.723144E-19 -3.198951E-01  0.000000E+00
  2.347810E-01 -3.021167E-02  5.000000E-01  2.371511E-01 -3.034319E-02  0.000000E+00  2.249660E-02 -3.185878E-04  1.885398E-18 -3.635411E-01  0.000000E+00
  2.519470E-01 -3.032275E-02  5.000000E-01  2.544904E-01 -3.045539E-02  0.000000E+00  2.264328E-02  5.596262E-06  1.575284E-18 -4.011091E-01  0.000000E+00
  2.696890E-01 -3.019436E-02  5.000000E-01  2.724115E-01 -3.032571E-02  0.000000E+00  2.218291E-02  2.800717E-04  1.679777E-18 -4.217852E-01  0.000000E+00
  2.879810E-01 -2.985744E-02  5.000000E-01  2.908881E-01 -2.998539E-02  0.000000E+00  2.128377E-02  4.655323E-04  9.301392E-19 -4.209614E-01  0.000000E+00
  3.067920E-01 -2.937294E-02  5.000000E-01  3.098890E-01 -2.949599E-02  0.000000E+00  2.029376E-02  5.427268E-04  3.882768E-19 -3.995883E-01  0.000000E+00
  3.260870E-01 -2.883167E-02  5.000000E-01  3.293788E-01 -2.894925E-02  0.000000E+00  1.956679E-02  5.224712E-04  5.610781E-19 -3.647703E-01  0.000000E+00
  3.458260E-01 -2.833257E-02  5.000000E-01  3.493171E-01 -2.844512E-02  0.000000E+00  1.925094E-02  4.656387E-04  2.833341E-18 -3.301792E-01  0.000000E+00
  3.659650E-01 -2.787541E-02  5.000000E-01  3.696594E-01 -2.798335E-02  0.000000E+00  1.927209E-02  4.409504E-04  4.834241E-18 -3.085407E-01  0.000000E+00
  3.864540E-01 -2.740942E-02  5.000000E-01  3.903552E-01 -2.751265E-02  0.000000E+00  1.946498E-02  4.708449E-04  3.711206E-18 -3.030286E-01  0.000000E+00
  4.072410E-01 -2.687970E-02  5.000000E-01  4.113520E-01 -2.697758E-02  0.000000E+00  1.962506E-02  5.536438E-04  3.239708E-18 -3.090507E-01  0.000000E+00
  4.282690E-01 -2.623065E-02  5.000000E-01  4.325923E-01 -2.632198E-02  0.000000E+00  1.953862E-02  6.810399E-04  3.027958E-18 -3.188053E-01  0.000000E+00
  4.494800E-01 -2.540497E-02  5.000000E-01  4.540174E-01 -2.548797E-02  0.000000E+00  1.907528E-02  8.247548E-04  2.414482E-18 -3.231563E-01  0.000000E+00
  4.708130E-01 -2.438268E-02  5.000000E-01  4.755658E-01 -2.445536E-02  0.000000E+00  1.826986E-02  9.412649E-04  2.119679E-18 -3.138468E-01  0.000000E+00
  4.922030E-01 -2.319355E-02  5.000000E-01  4.971717E-01 -2.325422E-02  0.000000E+00  1.728939E-02  1.012828E-03  1.870719E-18 -2.881927E-01  0.000000E+00
  5.135860E-01 -2.186990E-02  5.000000E-01  5.187705E-01 -2.191722E-02  0.000000E+00  1.634041E-02  1.052214E-03 -4.131331E-19 -2.502475E-01  0.000000E+00
  5.348990E-01 -2.044115E-02  5.000000E-01  5.402987E-01 -2.047404E-02  0.000000E+00  1.558390E-02  1.075810E-03 -1.944078E-18 -2.076778E-01  0.000000E+00
  5.560760E-01 -1.893794E-02  5.000000E-01  5.616895E-01 -1.895566E-02  0.000000E+00  1.506491E-02  1.097754E-03  4.966465E-19 -1.686457E-01  0.000000E+00
  4.759900E-01  7.415336E-02  5.000000E-01  4.807950E-01  7.507537E-02  0.000000E+00  2.331166E-02 -9.125857E-04 -9.298363E-18 -8.062597E-01  0.000000E+00
  4.548480E-01  7.488934E-02  5.000000E-01  4.594396E-01  7.581878E-02  0.000000E+00  2.347101E-02 -7.170405E-04 -9.126194E-18 -7.874367E-01  0.000000E+00
  4.337860E-01  7.544291E-02  5.000000E-01  4.381650E-01  7.637794E-02  0.000000E+00  2.364686E-02 -5.189823E-04 -8.625938E-18 -7.684441E-01  0.000000E+00
  4.128620E-01  7.581203E-02  5.000000E-01  4.170298E-01  7.675078E-02  0.000000E+00  2.384068E-02 -3.069031E-04 -8.440366E-18 -7.481539E-01  0.000000E+00
  3.921340E-01  7.598132E-02  5.000000E-01  3.960925E-01  7.692179E-02  0.000000E+00  2.403875E-02 -6.987097E-05 -8.153051E-18 -7.253946E-01  0.000000E+00
  3.716590E-01  7.593436E-02  5.000000E-01  3.754108E-01  7.687435E-02  0.000000E+00  2.421024E-02  1.955188E-04 -7.845825E-18 -6.995371E-01  0.000000E+00
  3.514890E-01  7.565613E-02  5.000000E-01  3.550372E-01  7.659331E-02  0.000000E+00  2.432455E-02  4.880693E-04 -6.153858E-18 -6.704501E-01  0.000000E+00
  3.316730E-01  7.513562E-02  5.000000E-01  3.350212E-01  7.606755E-02  0.000000E+00  2.435626E-02  8.002236E-04 -4.727770E-18 -6.387612E-01  0.000000E+00
  3.122580E-01  7.436994E-02  5.000000E-01  3.154102E-01  7.529414E-02  0.000000E+00  2.428091E-02  1.110416E-03 -4.776091E-18 -6.063697E-01  0.000000E+00
  2.932850E-01  7.338130E-02  5.000000E-01  2.962457E-01  7.429552E-02  0.000000E+00  2.409425E-02  1.396556E-03 -4.057900E-18 -5.754683E-01  0.000000E+00
  2.747930E-01  7.219946E-02  5.000000E-01  2.775670E-01  7.310175E-02  0.000000E+00  2.382477E-02  1.653718E-03 -3.543114E-18 -5.471682E-01  0.000000E+00
  2.568150E-01  7.085129E-02  5.000000E-01  2.594075E-01  7.173996E-02  0.000000E+00  2.351063E-02  1.886931E-03 -3.468215E-18 -5.217694E-01  0.000000E+00
  2.393810E-01  6.935953E-02  5.000000E-01  2.417975E-01  7.023315E-02  0.000000E+00  2.318608E-02  2.104113E-03 -1.943364E-18 -4.994924E-01  0.000000E+00
  2.225160E-01  6.774276E-02  5.000000E-01  2.247623E-01  6.860006E-02  0.000000E+00  2.287860E-02  2.311104E-03 -4.600378E-19 -4.815640E-01  0.000000E+00
  2.062420E-01  6.601530E-02  5.000000E-01  2.083240E-01  6.685516E-02  0.000000E+00  2.259112E-02  2.479594E-03 -9.588140E-19 -4.728304E-01  0.000000E+00
  1.905750E-01  6.423379E-02  5.000000E-01  1.924988E-01  6.505567E-02  0.000000E+00  2.234443E-02  2.552797E-03 -1.427790E-19 -4.805708E-01  0.000000E+00
  1.755290E-01  6.250169E-02  5.000000E-01  1.773010E-01  6.330609E-02  0.000000E+00  2.228553E-02  2.550407E-03 -3.781105E-19 -5.054158E-01  0.000000E+00
  1.611160E-01  6.086162E-02  5.000000E-01  1.627425E-01  6.164946E-02  0.000000E+00  2.259612E-02  2.553920E-03 -1.840228E-18 -5.403690E-01  0.000000E+00
  1.473410E-01  5.931642E-02  5.000000E-01  1.488284E-01  6.008866E-02  0.000000E+00  2.331370E-02  2.611876E-03 -9.587266E-19 -5.777621E-01  0.000000E+00
  1.342110E-01  5.784885E-02  5.000000E-01  1.355659E-01  5.860627E-02  0.000000E+00  2.432363E-02  2.739504E-03 -6.181651E-19 -6.120762E-01  0.000000E+00
  1.217280E-01  5.643352E-02  5.000000E-01  1.229569E-01  5.717665E-02  0.000000E+00  2.544864E-02  2.936808E-03  1.585081E-18 -6.406424E-01  0.000000E+00
  1.098910E-01  5.504486E-02  5.000000E-01  1.110004E-01  5.577397E-02  0.000000E+00  2.655564E-02  3.209367E-03  5.512951E-18 -6.624605E-01  0.000000E+00
  9.869950E-02  5.365414E-02  5.000000E-01  9.969589E-02  5.436922E-02  0.000000E+00  2.759414E-02  3.572498E-03  8.205932E-18 -6.771671E-01  0.000000E+00
  8.814970E-02  5.223497E-02  5.000000E-01  8.903960E-02  5.293573E-02  0.000000E+00  2.857812E-02  4.052144E-03  1.195981E-17 -6.843016E-01  0.000000E+00
  8.814970E-02  5.223497E-02  5.000000E-01  8.903960E-02  5.293573E-02  0.000000E+00  2.857812E-02  4.052144E-03  1.195981E-17 -6.843016E-01  0.000000E+00
  7.823720E-02  5.075972E-02  5.000000E-01  7.902703E-02  5.144558E-02  0.000000E+00  2.954809E-02  4.691184E-03  1.653979E-17 -6.825761E-01  0.000000E+00
  6.895800E-02  4.919700E-02  5.000000E-01  6.965416E-02  4.986708E-02  0.000000E+00  3.051582E-02  5.531539E-03  1.981671E-17 -6.704879E-01  0.000000E+00
  6.030560E-02  4.752060E-02  5.000000E-01  6.091442E-02  4.817376E-02  0.000000E+00  3.146559E-02  6.627527E-03  2.088293E-17 -6.455720E-01  0.000000E+00
  5.227560E-02  4.569808E-02  5.000000E-01  5.280336E-02  4.633285E-02  0.000000E+00  3.233835E-02  8.040250E-03  2.021536E-17 -6.043177E-01  0.000000E+00
  4.486350E-02  4.369861E-02  5.000000E-01  4.531644E-02  4.431319E-02  0.000000E+00  3.299325E-02  9.790820E-03  1.607721E-17 -5.436984E-01  0.000000E+00
  3.806240E-02  4.150004E-02  5.000000E-01  3.844668E-02  4.209243E-02  0.000000E+00  3.324555E-02  1.187671E-02  6.942763E-18 -4.598387E-01  0.000000E+00
  3.186880E-02  3.907789E-02  5.000000E-01  3.219056E-02  3.964582E-02  0.000000E+00  3.285180E-02  1.420609E-02 -1.793480E-18 -3.495474E-01  0.000000E+00
  2.627530E-02  3.642255E-02  5.000000E-01  2.654059E-02  3.696368E-02  0.000000E+00  3.155813E-02  1.655366E-02 -6.226221E-18 -2.120496E-01  0.000000E+00
  2.127350E-02  3.353643E-02  5.000000E-01  2.148830E-02  3.404843E-02  0.000000E+00  2.923881E-02  1.864506E-02 -8.849416E-18 -4.739514E-02  0.000000E+00
  1.685790E-02  3.042671E-02  5.000000E-01  1.702813E-02  3.090731E-02  0.000000E+00  2.594227E-02  2.012395E-02 -1.013231E-17  1.388711E-01  0.000000E+00
  1.301460E-02  2.712848E-02  5.000000E-01  1.314603E-02  2.757579E-02  0.000000E+00  2.192621E-02  2.070017E-02 -1.471460E-17  3.371717E-01  0.000000E+00
  9.730790E-03  2.368707E-02  5.000000E-01  9.829072E-03  2.409964E-02  0.000000E+00  1.759023E-02  2.030372E-02 -2.198096E-17  5.384629E-01  0.000000E+00
  6.996180E-03  2.015739E-02  5.000000E-01  7.066857E-03  2.053433E-02  0.000000E+00  1.334052E-02  1.891434E-02 -2.460758E-17  7.277382E-01  0.000000E+00
  4.781010E-03  1.663084E-02  5.000000E-01  4.829325E-03  1.697218E-02  0.000000E+00  9.490544E-03  1.662561E-02 -1.902906E-17  8.913987E-01  0.000000E+00
  3.054950E-03  1.320283E-02  5.000000E-01  3.085841E-03  1.350957E-02  0.000000E+00  6.199211E-03  1.365243E-02 -1.442654E-17  1.024854E+00  0.000000E+00
  1.789910E-03  9.968448E-03  5.000000E-01  1.808031E-03  1.024253E-02  0.000000E+00  3.555694E-03  1.012435E-02 -1.529438E-17  1.123479E+00  0.000000E+00
  9.331870E-04  7.036644E-03  5.000000E-01  9.426596E-04  7.281134E-03  0.000000E+00  1.622616E-03  6.123074E-03 -1.490592E-17  1.183540E+00  0.000000E+00
  4.085430E-04  4.515839E-03  5.000000E-01  4.127195E-04  4.734882E-03  0.000000E+00  3.819141E-04  1.738080E-03 -1.796381E-17  1.207877E+00  0.000000E+00
  1.354760E-04  2.493242E-03  5.000000E-01  1.368960E-04  2.691867E-03  0.000000E+00 -2.396735E-04 -2.993155E-03 -2.694199E-17  1.204198E+00  0.000000E+00
  2.683130E-05  1.020955E-03  5.000000E-01  2.715456E-05  1.204719E-03  0.000000E+00 -3.443789E-04 -8.063754E-03 -3.745575E-17  1.180849E+00  0.000000E+00
  1.320070E-06  1.275989E-04  5.000000E-01  1.385807E-06  3.023441E-04  0.000000E+00 -2.079479E-04 -1.299162E-02 -4.063098E-17  1.140479E+00  0.000000E+00
 -5.188750E-08 -1.717236E-04  5.000000E-01  0.000000E+00  0.000000E+00  0.000000E+00 -4.375036E-05 -1.611842E-02 -2.660507E-17  1.105503E+00  0.000000E+00
  2.733630E-06 -4.853319E-04  5.000000E-01  2.813636E-06 -3.167741E-04  0.000000E+00  4.690354E-04 -1.841158E-02 -4.268251E-21  1.096913E+00  0.000000E+00
    1    2
    2    3
    3    4
    4    5
    5    6
    6    7
    7    8
    8    9
    9   10
   10   11
   11   12
   12   13
   13   14
   14   15
   15   16
   16   17
   17   18
   18   19
   19   20
   20   21
   21   22
   22   23
   23   24
   25   26
   26   27
   27   28
   28   29
   29   30
   30   31
   31   32
   32   33
   33   34
   34   35
   35   36
   36   37
   37   38
   38   39
   39   40
   40   41
   41   42
   42   43
   43   44
   44   45
   45   46
   46   47
   47   48
   49   50
   50   51
   51   52
   52   53
   53   54
   54   55
   55   56
   56   57
   57   58
   58   59
   59   60
   60   61
   61   62
   62   63
   63   64
   64   65
   65   66
   66   67
   67   68
   68   69
   69   70
   70   71
   71   72
   73   74
   74   75
   75   76
   76   77
   77   78
   78   79
   79   80
   80   81
   81   82
   82   83
   83   84
   84   85
   85   86
   86   87
   87   88
   88   89
   89   90
   90   91
   91   92
   92   93
   93   94
   94   95
   95   96
   97   98
   98   99
   99  100
  100  101
  101  102
  102  103
  103  104
  104  105
  105  106
  106  107
  107  108
  108  109
  109  110
  110  111
  111  112
  112  113
  113  114
  114  115
  115  116
  116  117
  117  118
  118  119
  119  120
  121  122
  122  123
  123  124
  124  125
  125  126
  126  127
  127  128
  128  129
  129  130
  130  131
  131  132
  132  133
  133  134
  134  135
  135  136
  136  137
  137  138
  138  139
  139  140
  140  141
  141  142
  142  143
  143  144
  145  146
  146  147
  147  148
  148  149
  149  150
  150  151
  151  152
  152  153
  153  154
  154  155
  155  156
  156  157
  157  158
  158  159
  159  160
  160  161
  161  162
  162  163
  163  164
  164  165
  165  166
  166  167
  167  168
  169  170
  170  171
  171  172
  172  173
  173  174
  174  175
  175  176
  176  177
  177  178
  178  179
  179  180
  180  181
  181  182
  182  183
  183  184
  184  185
  185  186
  186  187
  187  188
  188  189
  189  190
  190  191
  191  192
