 Title = "ADflow Slice Data"
Variables =  "CoordinateX"  "CoordinateY"  "CoordinateZ"  "XoC"  "YoC"  "ZoC" "VelocityX" "VelocityY" "VelocityZ" "CoefPressure" "Mach" 
Zone T= "Slice_0001 None Absolute Regular z = 0.50000000"
 Nodes =          192  Elements=          184  ZONETYPE=FELINESEG
 DATAPACKING=POINT
  5.560760E-01 -1.893779E-02  5.000000E-01  5.616895E-01 -1.895551E-02  0.000000E+00  1.506919E-02  1.097975E-03  1.664461E-19 -1.688601E-01  0.000000E+00
  5.770550E-01 -1.737441E-02  5.000000E-01  5.828802E-01 -1.737635E-02  0.000000E+00  1.470204E-02  1.131777E-03 -2.243221E-18 -1.386967E-01  0.000000E+00
  5.977760E-01 -1.573233E-02  5.000000E-01  6.038104E-01 -1.571769E-02  0.000000E+00  1.434285E-02  1.180839E-03 -1.625707E-18 -1.170032E-01  0.000000E+00
  6.181820E-01 -1.398882E-02  5.000000E-01  6.244224E-01 -1.395658E-02  0.000000E+00  1.385752E-02  1.236210E-03  1.536752E-19 -9.823333E-02  0.000000E+00
  6.382180E-01 -1.212050E-02  5.000000E-01  6.446607E-01 -1.206940E-02  0.000000E+00  1.317018E-02  1.283389E-03  4.446253E-19 -7.581882E-02  0.000000E+00
  6.578350E-01 -1.011724E-02  5.000000E-01  6.644757E-01 -1.004592E-02  0.000000E+00  1.227811E-02  1.305785E-03  2.087767E-18 -4.550250E-02  0.000000E+00
  6.769910E-01 -7.989170E-03  5.000000E-01  6.838251E-01 -7.896367E-03  0.000000E+00  1.122765E-02  1.292995E-03  2.065164E-18 -7.117047E-03  0.000000E+00
  6.956490E-01 -5.756381E-03  5.000000E-01  7.026714E-01 -5.641039E-03  0.000000E+00  1.008073E-02  1.241635E-03 -2.675119E-19  3.660292E-02  0.000000E+00
  7.137810E-01 -3.452732E-03  5.000000E-01  7.209864E-01 -3.314135E-03  0.000000E+00  8.894608E-03  1.152857E-03  3.464054E-19  8.246619E-02  0.000000E+00
  7.313660E-01 -1.123251E-03  5.000000E-01  7.387490E-01 -9.611396E-04  0.000000E+00  7.711941E-03  1.034658E-03  2.517374E-18  1.278767E-01  0.000000E+00
  7.483850E-01  1.192271E-03  5.000000E-01  7.559398E-01  1.377757E-03  0.000000E+00  6.567739E-03  9.011973E-04  1.473105E-18  1.711168E-01  0.000000E+00
  7.648220E-01  3.468082E-03  5.000000E-01  7.725427E-01  3.676542E-03  0.000000E+00  5.506833E-03  7.668248E-04  1.112166E-18  2.112805E-01  0.000000E+00
  7.806630E-01  5.686574E-03  5.000000E-01  7.885436E-01  5.917429E-03  0.000000E+00  4.598389E-03  6.371665E-04  1.235172E-18  2.487084E-01  0.000000E+00
  7.958970E-01  7.779941E-03  5.000000E-01  8.039314E-01  8.031928E-03  0.000000E+00  3.934635E-03  5.117150E-04  2.879903E-19  2.849586E-01  0.000000E+00
  8.105170E-01  9.565029E-03  5.000000E-01  8.186990E-01  9.835036E-03  0.000000E+00  3.577802E-03  3.981167E-04  8.010128E-19  3.173450E-01  0.000000E+00
  8.245160E-01  1.095045E-02  5.000000E-01  8.328393E-01  1.123444E-02  0.000000E+00  3.514949E-03  3.038150E-04  2.289071E-20  3.405154E-01  0.000000E+00
  8.378940E-01  1.193440E-02  5.000000E-01  8.463523E-01  1.222833E-02  0.000000E+00  3.685156E-03  2.240320E-04 -1.208883E-18  3.539546E-01  0.000000E+00
  8.506490E-01  1.255945E-02  5.000000E-01  8.592361E-01  1.285968E-02  0.000000E+00  4.022552E-03  1.496844E-04 -1.023325E-18  3.606211E-01  0.000000E+00
  8.627850E-01  1.288416E-02  5.000000E-01  8.714946E-01  1.318767E-02  0.000000E+00  4.472941E-03  7.359975E-05 -4.331863E-19  3.630466E-01  0.000000E+00
  8.743060E-01  1.296824E-02  5.000000E-01  8.831319E-01  1.327260E-02  0.000000E+00  4.992598E-03 -8.105601E-06  1.463530E-19  3.623768E-01  0.000000E+00
  8.852170E-01  1.286337E-02  5.000000E-01  8.941530E-01  1.316667E-02  0.000000E+00  5.547151E-03 -9.681942E-05 -4.353726E-19  3.592529E-01  0.000000E+00
  8.955250E-01  1.261054E-02  5.000000E-01  9.045651E-01  1.291129E-02  0.000000E+00  6.112474E-03 -1.925434E-04 -6.395744E-19  3.542005E-01  0.000000E+00
  9.052400E-01  1.224270E-02  5.000000E-01  9.143782E-01  1.253974E-02  0.000000E+00  6.675239E-03 -2.952551E-04 -2.393492E-20  3.476279E-01  0.000000E+00
  9.143710E-01  1.178549E-02  5.000000E-01  9.236013E-01  1.207791E-02  0.000000E+00  7.234253E-03 -4.077504E-04  6.555060E-19  3.399674E-01  0.000000E+00
  9.143710E-01  1.178549E-02  5.000000E-01  9.236013E-01  1.207791E-02  0.000000E+00  7.234253E-03 -4.077504E-04  6.555060E-19  3.399674E-01  0.000000E+00
  9.229270E-01  1.125377E-02  5.000000E-01  9.322437E-01  1.154082E-02  0.000000E+00  7.799872E-03 -5.355813E-04  5.886093E-19  3.314584E-01  0.000000E+00
  9.309180E-01  1.065675E-02  5.000000E-01  9.403154E-01  1.093778E-02  0.000000E+00  8.389522E-03 -6.840343E-04 -4.550722E-19  3.218480E-01  0.000000E+00
  9.383550E-01  1.000307E-02  5.000000E-01  9.478274E-01  1.027750E-02  0.000000E+00  9.023969E-03 -8.580532E-04 -9.490074E-19  3.106707E-01  0.000000E+00
  9.452490E-01  9.301453E-03  5.000000E-01  9.547910E-01  9.568799E-03  0.000000E+00  9.726860E-03 -1.064398E-03 -1.175408E-18  2.975416E-01  0.000000E+00
  9.516100E-01  8.560314E-03  5.000000E-01  9.612163E-01  8.820178E-03  0.000000E+00  1.052482E-02 -1.311705E-03 -1.172128E-18  2.820611E-01  0.000000E+00
  9.574470E-01  7.789147E-03  5.000000E-01  9.671122E-01  8.041227E-03  0.000000E+00  1.144561E-02 -1.608867E-03 -1.439085E-18  2.636284E-01  0.000000E+00
  9.627730E-01  6.999181E-03  5.000000E-01  9.724919E-01  7.243286E-03  0.000000E+00  1.251755E-02 -1.965416E-03 -1.933567E-18  2.415567E-01  0.000000E+00
  9.675950E-01  6.203839E-03  5.000000E-01  9.773626E-01  6.439916E-03  0.000000E+00  1.377186E-02 -2.390925E-03 -1.266379E-18  2.151257E-01  0.000000E+00
  9.719240E-01  5.418221E-03  5.000000E-01  9.817353E-01  5.646367E-03  0.000000E+00  1.524916E-02 -2.895681E-03  1.800617E-18  1.835079E-01  0.000000E+00
  9.757700E-01  4.658738E-03  5.000000E-01  9.856201E-01  4.879217E-03  0.000000E+00  1.701314E-02 -3.496100E-03  5.637249E-18  1.458725E-01  0.000000E+00
  9.791410E-01  3.941916E-03  5.000000E-01  9.890252E-01  4.155159E-03  0.000000E+00  1.916333E-02 -4.217694E-03  1.428557E-18  1.013196E-01  0.000000E+00
  9.820450E-01  3.283662E-03  5.000000E-01  9.919585E-01  3.490260E-03  0.000000E+00  2.181810E-02 -5.091842E-03 -2.920672E-17  4.850593E-02  0.000000E+00
  9.844890E-01  2.698746E-03  5.000000E-01  9.944272E-01  2.899440E-03  0.000000E+00  2.504166E-02 -6.142858E-03 -1.110426E-16 -1.427470E-02  0.000000E+00
  9.864800E-01  2.200486E-03  5.000000E-01  9.964383E-01  2.396150E-03  0.000000E+00  2.876257E-02 -7.326203E-03 -2.073430E-16 -8.746670E-02  0.000000E+00
  9.880230E-01  1.800611E-03  5.000000E-01  9.979968E-01  1.992238E-03  0.000000E+00  3.246815E-02 -8.443832E-03 -2.082723E-17 -1.780395E-01  0.000000E+00
  9.891220E-01  1.508368E-03  5.000000E-01  9.991069E-01  1.697045E-03  0.000000E+00  3.594025E-02 -9.727400E-03  1.208126E-15 -2.868310E-01  0.000000E+00
  9.897810E-01  1.330306E-03  5.000000E-01  9.997726E-01  1.517186E-03  0.000000E+00  5.278701E-02 -1.244190E-02  4.209558E-15 -3.055853E-01  0.000000E+00
  9.900000E-01  1.270531E-03  5.000000E-01  9.999938E-01  1.456807E-03  0.000000E+00  3.651282E-02 -2.258989E-03  1.173542E-14 -6.802775E-01  0.000000E+00
  9.900000E-01  1.680031E-03  5.000000E-01  9.999938E-01  1.870441E-03  0.000000E+00  2.127061E-03 -7.785265E-03  3.560999E-14 -9.796335E-01  0.000000E+00
  9.900000E-01  2.089531E-03  5.000000E-01  9.999938E-01  2.284075E-03  0.000000E+00 -5.416089E-04 -2.193725E-02  6.942569E-14 -8.243917E-01  0.000000E+00
  9.900000E-01  2.499031E-03  5.000000E-01  9.999938E-01  2.697708E-03  0.000000E+00 -1.399475E-04 -1.349560E-02  9.596001E-14 -7.967118E-01  0.000000E+00
  9.900000E-01  2.908516E-03  5.000000E-01  9.999938E-01  3.111327E-03  0.000000E+00  3.199433E-04 -8.318919E-03  1.144249E-13 -8.266345E-01  0.000000E+00
  9.900000E-01  3.318016E-03  5.000000E-01  9.999938E-01  3.524961E-03  0.000000E+00  4.463461E-03 -6.752378E-03  1.277110E-13 -7.913529E-01  0.000000E+00
  9.900000E-01  3.318016E-03  5.000000E-01  9.999938E-01  3.524961E-03  0.000000E+00  4.463461E-03 -6.752378E-03  1.277110E-13 -7.913529E-01  0.000000E+00
  9.897980E-01  3.422063E-03  5.000000E-01  9.997897E-01  3.630058E-03  0.000000E+00  5.424675E-03 -3.332027E-03  1.196638E-13 -7.431575E-01  0.000000E+00
  9.891900E-01  3.734197E-03  5.000000E-01  9.991756E-01  3.945343E-03  0.000000E+00  1.113774E-03 -5.084721E-04  8.488197E-14 -7.512340E-01  0.000000E+00
  9.881780E-01  4.253733E-03  5.000000E-01  9.981534E-01  4.470124E-03  0.000000E+00 -1.279010E-03  6.591938E-04  4.658506E-14 -7.583747E-01  0.000000E+00
  9.867570E-01  4.979366E-03  5.000000E-01  9.967181E-01  5.203082E-03  0.000000E+00 -2.639521E-03  1.332809E-03  1.891689E-14 -7.652762E-01  0.000000E+00
  9.849260E-01  5.907578E-03  5.000000E-01  9.948686E-01  6.140664E-03  0.000000E+00 -3.243675E-03  1.634209E-03  4.452867E-15 -7.751028E-01  0.000000E+00
  9.826810E-01  7.031881E-03  5.000000E-01  9.926009E-01  7.276316E-03  0.000000E+00 -3.246143E-03  1.615201E-03 -7.552961E-16 -7.842827E-01  0.000000E+00
  9.800160E-01  8.342527E-03  5.000000E-01  9.899090E-01  8.600193E-03  0.000000E+00 -2.936269E-03  1.429632E-03 -1.496232E-15 -7.898743E-01  0.000000E+00
  9.769240E-01  9.825440E-03  5.000000E-01  9.867858E-01  1.009808E-02  0.000000E+00 -2.611549E-03  1.232399E-03 -9.066475E-16 -7.920324E-01  0.000000E+00
  9.733970E-01  1.145947E-02  5.000000E-01  9.832232E-01  1.174860E-02  0.000000E+00 -2.458133E-03  1.111353E-03 -3.287893E-16 -7.927752E-01  0.000000E+00
  9.694240E-01  1.321813E-02  5.000000E-01  9.792101E-01  1.352501E-02  0.000000E+00 -2.534101E-03  1.089964E-03 -4.837156E-17 -7.940173E-01  0.000000E+00
  9.649940E-01  1.507469E-02  5.000000E-01  9.747354E-01  1.540031E-02  0.000000E+00 -2.836312E-03  1.160881E-03  2.752535E-17 -7.953944E-01  0.000000E+00
  9.600960E-01  1.700896E-02  5.000000E-01  9.697879E-01  1.735411E-02  0.000000E+00 -3.355958E-03  1.293925E-03  2.505910E-17 -7.958751E-01  0.000000E+00
  9.547180E-01  1.900079E-02  5.000000E-01  9.643556E-01  1.936605E-02  0.000000E+00 -3.947397E-03  1.403392E-03  1.013964E-17 -8.037626E-01  0.000000E+00
  9.488510E-01  2.103081E-02  5.000000E-01  9.584294E-01  2.141656E-02  0.000000E+00 -4.019808E-03  1.308948E-03  2.733503E-18 -8.427460E-01  0.000000E+00
  9.424820E-01  2.308381E-02  5.000000E-01  9.519961E-01  2.349028E-02  0.000000E+00 -2.406322E-03  7.356522E-04  3.883708E-18 -9.308420E-01  0.000000E+00
  9.356020E-01  2.514931E-02  5.000000E-01  9.450467E-01  2.557663E-02  0.000000E+00  2.148965E-03 -5.732810E-04  1.103408E-17 -1.048114E+00  0.000000E+00
  9.282010E-01  2.722120E-02  5.000000E-01  9.375709E-01  2.766944E-02  0.000000E+00  9.545661E-03 -2.496958E-03  2.260953E-17 -1.144684E+00  0.000000E+00
  9.202710E-01  2.929440E-02  5.000000E-01  9.295609E-01  2.976357E-02  0.000000E+00  1.727790E-02 -4.304016E-03  3.336461E-17 -1.187547E+00  0.000000E+00
  9.118010E-01  3.135677E-02  5.000000E-01  9.210054E-01  3.184676E-02  0.000000E+00  2.234745E-02 -5.234166E-03  3.673307E-17 -1.183302E+00  0.000000E+00
  9.027810E-01  3.339233E-02  5.000000E-01  9.118943E-01  3.390287E-02  0.000000E+00  2.407399E-02 -5.231394E-03  3.181796E-17 -1.155985E+00  0.000000E+00
  8.932000E-01  3.538541E-02  5.000000E-01  9.022166E-01  3.591607E-02  0.000000E+00  2.385063E-02 -4.758867E-03  2.348758E-17 -1.121966E+00  0.000000E+00
  8.830490E-01  3.731782E-02  5.000000E-01  8.919632E-01  3.786799E-02  0.000000E+00  2.315562E-02 -4.204766E-03  1.721736E-17 -1.086637E+00  0.000000E+00
  8.723190E-01  3.916873E-02  5.000000E-01  8.811248E-01  3.973757E-02  0.000000E+00  2.262499E-02 -3.700742E-03  1.301525E-17 -1.050641E+00  0.000000E+00
  8.723190E-01  3.916873E-02  5.000000E-01  8.811248E-01  3.973757E-02  0.000000E+00  2.262499E-02 -3.700742E-03  1.301525E-17 -1.050641E+00  0.000000E+00
  8.610010E-01  4.091756E-02  5.000000E-01  8.696926E-01  4.150407E-02  0.000000E+00  2.228031E-02 -3.244027E-03  1.096201E-17 -1.013747E+00  0.000000E+00
  8.490890E-01  4.254525E-02  5.000000E-01  8.576603E-01  4.314818E-02  0.000000E+00  2.196120E-02 -2.809160E-03  1.012286E-17 -9.760356E-01  0.000000E+00
  8.365770E-01  4.403610E-02  5.000000E-01  8.450220E-01  4.465408E-02  0.000000E+00  2.155014E-02 -2.391818E-03  9.211416E-18 -9.384618E-01  0.000000E+00
  8.234620E-01  4.538389E-02  5.000000E-01  8.317746E-01  4.601548E-02  0.000000E+00  2.101954E-02 -2.011207E-03  9.613387E-18 -9.032733E-01  0.000000E+00
  8.097400E-01  4.659812E-02  5.000000E-01  8.179141E-01  4.724196E-02  0.000000E+00  2.040396E-02 -1.701463E-03  9.978885E-18 -8.743018E-01  0.000000E+00
  7.954150E-01  4.771581E-02  5.000000E-01  8.034445E-01  4.837093E-02  0.000000E+00  1.976903E-02 -1.503734E-03  9.165281E-18 -8.564908E-01  0.000000E+00
  7.804870E-01  4.881501E-02  5.000000E-01  7.883658E-01  4.948123E-02  0.000000E+00  1.921791E-02 -1.445072E-03  8.472318E-18 -8.532565E-01  0.000000E+00
  7.649630E-01  5.000331E-02  5.000000E-01  7.726851E-01  5.068153E-02  0.000000E+00  1.890878E-02 -1.497512E-03  5.908262E-18 -8.622164E-01  0.000000E+00
  7.488530E-01  5.132386E-02  5.000000E-01  7.564125E-01  5.201541E-02  0.000000E+00  1.893714E-02 -1.609801E-03  2.051704E-18 -8.777242E-01  0.000000E+00
  7.321700E-01  5.279338E-02  5.000000E-01  7.395611E-01  5.349976E-02  0.000000E+00  1.924600E-02 -1.756991E-03 -2.378945E-18 -8.958428E-01  0.000000E+00
  7.149290E-01  5.442147E-02  5.000000E-01  7.221460E-01  5.514429E-02  0.000000E+00  1.971474E-02 -1.920630E-03 -7.990403E-18 -9.137874E-01  0.000000E+00
  6.971500E-01  5.620500E-02  5.000000E-01  7.041876E-01  5.694582E-02  0.000000E+00  2.024362E-02 -2.075858E-03 -1.188292E-17 -9.289870E-01  0.000000E+00
  6.788570E-01  5.812127E-02  5.000000E-01  6.857099E-01  5.888143E-02  0.000000E+00  2.078101E-02 -2.191497E-03 -1.588810E-17 -9.388538E-01  0.000000E+00
  6.600760E-01  6.011734E-02  5.000000E-01  6.667393E-01  6.089766E-02  0.000000E+00  2.129632E-02 -2.240125E-03 -1.944005E-17 -9.415970E-01  0.000000E+00
  6.408370E-01  6.212196E-02  5.000000E-01  6.473061E-01  6.292251E-02  0.000000E+00  2.174137E-02 -2.219306E-03 -1.978688E-17 -9.376833E-01  0.000000E+00
  6.211780E-01  6.408721E-02  5.000000E-01  6.274486E-01  6.490760E-02  0.000000E+00  2.208496E-02 -2.143473E-03 -1.868678E-17 -9.288002E-01  0.000000E+00
  6.011430E-01  6.597381E-02  5.000000E-01  6.072114E-01  6.681325E-02  0.000000E+00  2.234405E-02 -2.023985E-03 -1.688961E-17 -9.161568E-01  0.000000E+00
  5.807790E-01  6.774585E-02  5.000000E-01  5.866418E-01  6.860318E-02  0.000000E+00  2.254835E-02 -1.872099E-03 -1.480865E-17 -9.007158E-01  0.000000E+00
  5.601410E-01  6.937746E-02  5.000000E-01  5.657955E-01  7.025125E-02  0.000000E+00  2.272365E-02 -1.696678E-03 -1.308650E-17 -8.831800E-01  0.000000E+00
  5.392850E-01  7.084405E-02  5.000000E-01  5.447290E-01  7.173265E-02  0.000000E+00  2.288435E-02 -1.504462E-03 -1.103640E-17 -8.641760E-01  0.000000E+00
  5.182680E-01  7.212980E-02  5.000000E-01  5.234998E-01  7.303138E-02  0.000000E+00  2.302984E-02 -1.306184E-03 -9.619739E-18 -8.446649E-01  0.000000E+00
  4.971500E-01  7.323327E-02  5.000000E-01  5.021686E-01  7.414599E-02  0.000000E+00  2.316693E-02 -1.108870E-03 -8.684105E-18 -8.253182E-01  0.000000E+00
  4.759900E-01  7.415355E-02  5.000000E-01  4.807950E-01  7.507556E-02  0.000000E+00  2.331153E-02 -9.125940E-04 -6.820383E-18 -8.062517E-01  0.000000E+00
  2.733630E-06 -4.853070E-04  5.000000E-01  2.813636E-06 -3.167555E-04  0.000000E+00  4.690878E-04 -1.841251E-02  1.825444E-18  1.096910E+00  0.000000E+00
  4.455870E-05 -1.425708E-03  5.000000E-01  4.506092E-05 -1.266649E-03  0.000000E+00  2.260793E-03 -2.191336E-02  3.036148E-17  1.067581E+00  0.000000E+00
  2.731490E-04 -2.957239E-03  5.000000E-01  2.759588E-04 -2.813641E-03  0.000000E+00  6.597981E-03 -2.486622E-02  4.411181E-17  9.467319E-01  0.000000E+00
  9.950900E-04 -4.910862E-03  5.000000E-01  1.005188E-03 -4.786985E-03  0.000000E+00  1.278416E-02 -2.522102E-02  4.367378E-17  7.368769E-01  0.000000E+00
  2.349870E-03 -6.984641E-03  5.000000E-01  2.373644E-03 -6.881698E-03  0.000000E+00  1.847377E-02 -2.401264E-02  3.965913E-17  5.277475E-01  0.000000E+00
  4.254460E-03 -9.111834E-03  5.000000E-01  4.297460E-03 -9.030365E-03  0.000000E+00  2.308613E-02 -2.269373E-02  2.651253E-17  3.564680E-01  0.000000E+00
  6.687140E-03 -1.123389E-02  5.000000E-01  6.754697E-03 -1.117384E-02  0.000000E+00  2.708295E-02 -2.120622E-02  4.844408E-18  1.939010E-01  0.000000E+00
  9.634000E-03 -1.331330E-02  5.000000E-01  9.731305E-03 -1.327424E-02  0.000000E+00  3.034367E-02 -1.920620E-02 -7.930544E-18  2.872490E-02  0.000000E+00
  1.310530E-02 -1.528251E-02  5.000000E-01  1.323765E-02 -1.526334E-02  0.000000E+00  3.257292E-02 -1.655537E-02 -1.900042E-18 -1.350395E-01  0.000000E+00
  1.710810E-02 -1.708987E-02  5.000000E-01  1.728085E-02 -1.708893E-02  0.000000E+00  3.383746E-02 -1.378440E-02  2.281158E-17 -2.750071E-01  0.000000E+00
  2.163760E-02 -1.873594E-02  5.000000E-01  2.185608E-02 -1.875163E-02  0.000000E+00  3.452721E-02 -1.137010E-02  5.558401E-17 -3.818248E-01  0.000000E+00
  2.669190E-02 -2.023043E-02  5.000000E-01  2.696140E-02 -2.026120E-02  0.000000E+00  3.478697E-02 -9.239249E-03  7.886668E-17 -4.679713E-01  0.000000E+00
  3.228310E-02 -2.154917E-02  5.000000E-01  3.260904E-02 -2.159326E-02  0.000000E+00  3.457488E-02 -7.268243E-03  8.926165E-17 -5.431311E-01  0.000000E+00
  3.842170E-02 -2.268011E-02  5.000000E-01  3.880961E-02 -2.273561E-02  0.000000E+00  3.397366E-02 -5.533333E-03  9.096963E-17 -6.062590E-01  0.000000E+00
  4.511710E-02 -2.362399E-02  5.000000E-01  4.557260E-02 -2.368901E-02  0.000000E+00  3.311131E-02 -4.080453E-03  8.539085E-17 -6.560889E-01  0.000000E+00
  5.237940E-02 -2.438609E-02  5.000000E-01  5.290821E-02 -2.445881E-02  0.000000E+00  3.210989E-02 -2.914449E-03  7.648517E-17 -6.922105E-01  0.000000E+00
  6.021800E-02 -2.498209E-02  5.000000E-01  6.082593E-02 -2.506083E-02  0.000000E+00  3.108766E-02 -2.027547E-03  6.570988E-17 -7.145716E-01  0.000000E+00
  6.864140E-02 -2.543718E-02  5.000000E-01  6.933437E-02 -2.552051E-02  0.000000E+00  3.009528E-02 -1.375496E-03  5.439373E-17 -7.247833E-01  0.000000E+00
  7.765990E-02 -2.577236E-02  5.000000E-01  7.844390E-02 -2.585907E-02  0.000000E+00  2.911816E-02 -9.074146E-04  4.491390E-17 -7.246528E-01  0.000000E+00
  8.728340E-02 -2.601270E-02  5.000000E-01  8.816455E-02 -2.610184E-02  0.000000E+00  2.810641E-02 -5.963995E-04  3.647846E-17 -7.145501E-01  0.000000E+00
  9.752070E-02 -2.619034E-02  5.000000E-01  9.850519E-02 -2.628127E-02  0.000000E+00  2.693653E-02 -4.161931E-04  2.944201E-17 -6.944263E-01  0.000000E+00
  1.083810E-01 -2.633717E-02  5.000000E-01  1.094751E-01 -2.642958E-02  0.000000E+00  2.545119E-02 -3.400481E-04  2.331619E-17 -6.636440E-01  0.000000E+00
  1.198710E-01 -2.648886E-02  5.000000E-01  1.210811E-01 -2.658281E-02  0.000000E+00  2.359869E-02 -3.464728E-04  1.804754E-17 -6.204256E-01  0.000000E+00
  1.319970E-01 -2.668523E-02  5.000000E-01  1.333295E-01 -2.678116E-02  0.000000E+00  2.156274E-02 -4.097481E-04  1.334088E-17 -5.630556E-01  0.000000E+00
  1.319970E-01 -2.668523E-02  5.000000E-01  1.333295E-01 -2.678116E-02  0.000000E+00  2.156274E-02 -4.097481E-04  1.334088E-17 -5.630556E-01  0.000000E+00
  1.447640E-01 -2.696362E-02  5.000000E-01  1.462254E-01 -2.706236E-02  0.000000E+00  1.977864E-02 -5.079107E-04  8.917854E-18 -4.921182E-01  0.000000E+00
  1.581750E-01 -2.735838E-02  5.000000E-01  1.597718E-01 -2.746110E-02  0.000000E+00  1.874093E-02 -6.314194E-04  6.208887E-18 -4.139957E-01  0.000000E+00
  1.722290E-01 -2.788993E-02  5.000000E-01  1.739676E-01 -2.799802E-02  0.000000E+00  1.869995E-02 -7.695058E-04  4.688642E-18 -3.429752E-01  0.000000E+00
  1.869240E-01 -2.854526E-02  5.000000E-01  1.888110E-01 -2.865996E-02  0.000000E+00  1.950676E-02 -8.777917E-04  3.667862E-18 -2.974071E-01  0.000000E+00
  2.022540E-01 -2.925222E-02  5.000000E-01  2.042957E-01 -2.937407E-02  0.000000E+00  2.070116E-02 -8.537372E-04  2.771940E-18 -2.909091E-01  0.000000E+00
  2.182110E-01 -2.984862E-02  5.000000E-01  2.204138E-01 -2.997648E-02  0.000000E+00  2.179584E-02 -6.396651E-04  1.490946E-18 -3.200363E-01  0.000000E+00
  2.347810E-01 -3.020759E-02  5.000000E-01  2.371511E-01 -3.033908E-02  0.000000E+00  2.249826E-02 -3.187892E-04  1.735638E-18 -3.636442E-01  0.000000E+00
  2.519470E-01 -3.031897E-02  5.000000E-01  2.544904E-01 -3.045158E-02  0.000000E+00  2.264388E-02  5.019059E-06  2.231418E-18 -4.011963E-01  0.000000E+00
  2.696890E-01 -3.019118E-02  5.000000E-01  2.724115E-01 -3.032250E-02  0.000000E+00  2.218145E-02  2.791799E-04  1.887174E-18 -4.218602E-01  0.000000E+00
  2.879810E-01 -2.985507E-02  5.000000E-01  2.908881E-01 -2.998300E-02  0.000000E+00  2.127940E-02  4.644404E-04  1.479585E-18 -4.210025E-01  0.000000E+00
  3.067920E-01 -2.937146E-02  5.000000E-01  3.098890E-01 -2.949451E-02  0.000000E+00  2.028608E-02  5.416080E-04  6.223491E-19 -3.995578E-01  0.000000E+00
  3.260870E-01 -2.883098E-02  5.000000E-01  3.293788E-01 -2.894857E-02  0.000000E+00  1.955594E-02  5.215336E-04  6.368057E-19 -3.646308E-01  0.000000E+00
  3.458260E-01 -2.833237E-02  5.000000E-01  3.493171E-01 -2.844493E-02  0.000000E+00  1.923767E-02  4.650015E-04  1.614144E-18 -3.299023E-01  0.000000E+00
  3.659650E-01 -2.787538E-02  5.000000E-01  3.696594E-01 -2.798332E-02  0.000000E+00  1.925788E-02  4.405843E-04  1.027606E-18 -3.081161E-01  0.000000E+00
  3.864540E-01 -2.740931E-02  5.000000E-01  3.903552E-01 -2.751255E-02  0.000000E+00  1.945191E-02  4.706693E-04  2.092122E-19 -3.024768E-01  0.000000E+00
  4.072410E-01 -2.687938E-02  5.000000E-01  4.113520E-01 -2.697727E-02  0.000000E+00  1.961550E-02  5.535991E-04  9.047780E-19 -3.084296E-01  0.000000E+00
  4.282690E-01 -2.623010E-02  5.000000E-01  4.325923E-01 -2.632143E-02  0.000000E+00  1.953458E-02  6.811043E-04  9.776468E-19 -3.182063E-01  0.000000E+00
  4.494800E-01 -2.540428E-02  5.000000E-01  4.540174E-01 -2.548728E-02  0.000000E+00  1.907747E-02  8.249511E-04 -8.049703E-19 -3.226870E-01  0.000000E+00
  4.708130E-01 -2.438199E-02  5.000000E-01  4.755658E-01 -2.445466E-02  0.000000E+00  1.827703E-02  9.416126E-04 -2.028667E-18 -3.135955E-01  0.000000E+00
  4.922030E-01 -2.319295E-02  5.000000E-01  4.971717E-01 -2.325362E-02  0.000000E+00  1.729890E-02  1.013273E-03 -1.311119E-18 -2.881840E-01  0.000000E+00
  5.135860E-01 -2.186945E-02  5.000000E-01  5.187705E-01 -2.191677E-02  0.000000E+00  1.634953E-02  1.052653E-03 -1.287470E-18 -2.504241E-01  0.000000E+00
  5.348990E-01 -2.044086E-02  5.000000E-01  5.402987E-01 -2.047375E-02  0.000000E+00  1.559085E-02  1.076158E-03 -1.501706E-19 -2.079280E-01  0.000000E+00
  5.560760E-01 -1.893779E-02  5.000000E-01  5.616895E-01 -1.895551E-02  0.000000E+00  1.506919E-02  1.097975E-03  1.664461E-19 -1.688601E-01  0.000000E+00
  4.759900E-01  7.415355E-02  5.000000E-01  4.807950E-01  7.507556E-02  0.000000E+00  2.331153E-02 -9.125940E-04 -6.820383E-18 -8.062517E-01  0.000000E+00
  4.548480E-01  7.488953E-02  5.000000E-01  4.594396E-01  7.581897E-02  0.000000E+00  2.347100E-02 -7.170236E-04 -5.934660E-18 -7.874261E-01  0.000000E+00
  4.337860E-01  7.544307E-02  5.000000E-01  4.381650E-01  7.637810E-02  0.000000E+00  2.364687E-02 -5.189307E-04 -6.888284E-18 -7.684300E-01  0.000000E+00
  4.128620E-01  7.581213E-02  5.000000E-01  4.170298E-01  7.675088E-02  0.000000E+00  2.384061E-02 -3.068326E-04 -7.443963E-18 -7.481380E-01  0.000000E+00
  3.921340E-01  7.598136E-02  5.000000E-01  3.960925E-01  7.692182E-02  0.000000E+00  2.403858E-02 -6.981594E-05 -8.167972E-18 -7.253805E-01  0.000000E+00
  3.716590E-01  7.593437E-02  5.000000E-01  3.754108E-01  7.687435E-02  0.000000E+00  2.421002E-02  1.955213E-04 -8.183497E-18 -6.995291E-01  0.000000E+00
  3.514890E-01  7.565616E-02  5.000000E-01  3.550372E-01  7.659334E-02  0.000000E+00  2.432436E-02  4.879857E-04 -7.057492E-18 -6.704527E-01  0.000000E+00
  3.316730E-01  7.513576E-02  5.000000E-01  3.350212E-01  7.606768E-02  0.000000E+00  2.435622E-02  8.000347E-04 -6.021437E-18 -6.387774E-01  0.000000E+00
  3.122580E-01  7.437027E-02  5.000000E-01  3.154102E-01  7.529447E-02  0.000000E+00  2.428115E-02  1.110150E-03 -4.311303E-18 -6.063981E-01  0.000000E+00
  2.932850E-01  7.338188E-02  5.000000E-01  2.962457E-01  7.429609E-02  0.000000E+00  2.409487E-02  1.396285E-03 -3.474333E-18 -5.755024E-01  0.000000E+00
  2.747930E-01  7.220027E-02  5.000000E-01  2.775670E-01  7.310256E-02  0.000000E+00  2.382576E-02  1.653511E-03 -3.378978E-18 -5.471993E-01  0.000000E+00
  2.568150E-01  7.085229E-02  5.000000E-01  2.594075E-01  7.174097E-02  0.000000E+00  2.351187E-02  1.886831E-03 -2.997302E-18 -5.217894E-01  0.000000E+00
  2.393810E-01  6.936065E-02  5.000000E-01  2.417975E-01  7.023428E-02  0.000000E+00  2.318738E-02  2.104136E-03 -2.480434E-18 -4.994946E-01  0.000000E+00
  2.225160E-01  6.774390E-02  5.000000E-01  2.247623E-01  6.860121E-02  0.000000E+00  2.287978E-02  2.311246E-03 -3.168374E-18 -4.815441E-01  0.000000E+00
  2.062420E-01  6.601639E-02  5.000000E-01  2.083240E-01  6.685625E-02  0.000000E+00  2.259202E-02  2.479834E-03 -2.881629E-18 -4.727876E-01  0.000000E+00
  1.905750E-01  6.423474E-02  5.000000E-01  1.924988E-01  6.505662E-02  0.000000E+00  2.234496E-02  2.553098E-03 -5.332223E-19 -4.805081E-01  0.000000E+00
  1.755290E-01  6.250245E-02  5.000000E-01  1.773010E-01  6.330684E-02  0.000000E+00  2.228565E-02  2.550735E-03 -2.086956E-19 -5.053394E-01  0.000000E+00
  1.611160E-01  6.086215E-02  5.000000E-01  1.627425E-01  6.164999E-02  0.000000E+00  2.259589E-02  2.554262E-03 -1.447802E-18 -5.402853E-01  0.000000E+00
  1.473410E-01  5.931672E-02  5.000000E-01  1.488284E-01  6.008895E-02  0.000000E+00  2.331324E-02  2.612234E-03 -5.541967E-19 -5.776763E-01  0.000000E+00
  1.342110E-01  5.784891E-02  5.000000E-01  1.355659E-01  5.860633E-02  0.000000E+00  2.432309E-02  2.739888E-03  1.304644E-18 -6.119911E-01  0.000000E+00
  1.217280E-01  5.643335E-02  5.000000E-01  1.229569E-01  5.717647E-02  0.000000E+00  2.544814E-02  2.937224E-03  2.429563E-18 -6.405592E-01  0.000000E+00
  1.098910E-01  5.504446E-02  5.000000E-01  1.110004E-01  5.577357E-02  0.000000E+00  2.655522E-02  3.209813E-03  3.649442E-18 -6.623792E-01  0.000000E+00
  9.869950E-02  5.365354E-02  5.000000E-01  9.969589E-02  5.436860E-02  0.000000E+00  2.759381E-02  3.572968E-03  6.055469E-18 -6.770873E-01  0.000000E+00
  8.814970E-02  5.223418E-02  5.000000E-01  8.903960E-02  5.293491E-02  0.000000E+00  2.857784E-02  4.052628E-03  1.002566E-17 -6.842231E-01  0.000000E+00
  8.814970E-02  5.223418E-02  5.000000E-01  8.903960E-02  5.293491E-02  0.000000E+00  2.857784E-02  4.052628E-03  1.002566E-17 -6.842231E-01  0.000000E+00
  7.823720E-02  5.075874E-02  5.000000E-01  7.902703E-02  5.144459E-02  0.000000E+00  2.954781E-02  4.691665E-03  1.459843E-17 -6.824987E-01  0.000000E+00
  6.895800E-02  4.919586E-02  5.000000E-01  6.965416E-02  4.986593E-02  0.000000E+00  3.051550E-02  5.531999E-03  1.847430E-17 -6.704117E-01  0.000000E+00
  6.030560E-02  4.751932E-02  5.000000E-01  6.091442E-02  4.817246E-02  0.000000E+00  3.146520E-02  6.627939E-03  1.924913E-17 -6.454975E-01  0.000000E+00
  5.227560E-02  4.569668E-02  5.000000E-01  5.280336E-02  4.633142E-02  0.000000E+00  3.233786E-02  8.040578E-03  1.806659E-17 -6.042456E-01  0.000000E+00
  4.486350E-02  4.369712E-02  5.000000E-01  4.531644E-02  4.431167E-02  0.000000E+00  3.299266E-02  9.791018E-03  1.444494E-17 -5.436299E-01  0.000000E+00
  3.806240E-02  4.149848E-02  5.000000E-01  3.844668E-02  4.209084E-02  0.000000E+00  3.324488E-02  1.187673E-02  4.798595E-18 -4.597756E-01  0.000000E+00
  3.186880E-02  3.907629E-02  5.000000E-01  3.219056E-02  3.964420E-02  0.000000E+00  3.285110E-02  1.420588E-02 -4.063630E-18 -3.494919E-01  0.000000E+00
  2.627530E-02  3.642094E-02  5.000000E-01  2.654059E-02  3.696205E-02  0.000000E+00  3.155749E-02  1.655323E-02 -5.399079E-18 -2.120041E-01  0.000000E+00
  2.127350E-02  3.353486E-02  5.000000E-01  2.148830E-02  3.404684E-02  0.000000E+00  2.923834E-02  1.864445E-02 -6.381368E-18 -4.736145E-02  0.000000E+00
  1.685790E-02  3.042521E-02  5.000000E-01  1.702813E-02  3.090579E-02  0.000000E+00  2.594205E-02  2.012326E-02 -1.086104E-17  1.388921E-01  0.000000E+00
  1.301460E-02  2.712708E-02  5.000000E-01  1.314603E-02  2.757437E-02  0.000000E+00  2.192628E-02  2.069954E-02 -1.683272E-17  3.371809E-01  0.000000E+00
  9.730790E-03  2.368580E-02  5.000000E-01  9.829072E-03  2.409835E-02  0.000000E+00  1.759056E-02  2.030328E-02 -2.483405E-17  5.384628E-01  0.000000E+00
  6.996180E-03  2.015627E-02  5.000000E-01  7.066857E-03  2.053319E-02  0.000000E+00  1.334100E-02  1.891416E-02 -2.738084E-17  7.277326E-01  0.000000E+00
  4.781010E-03  1.662990E-02  5.000000E-01  4.829325E-03  1.697122E-02  0.000000E+00  9.491066E-03  1.662570E-02 -2.124926E-17  8.913911E-01  0.000000E+00
  3.054950E-03  1.320207E-02  5.000000E-01  3.085841E-03  1.350879E-02  0.000000E+00  6.199670E-03  1.365272E-02 -1.800979E-17  1.024847E+00  0.000000E+00
  1.789910E-03  9.967865E-03  5.000000E-01  1.808031E-03  1.024194E-02  0.000000E+00  3.556024E-03  1.012474E-02 -1.908830E-17  1.123474E+00  0.000000E+00
  9.331870E-04  7.036229E-03  5.000000E-01  9.426596E-04  7.280708E-03  0.000000E+00  1.622798E-03  6.123424E-03 -1.954485E-17  1.183538E+00  0.000000E+00
  4.085430E-04  4.515570E-03  5.000000E-01  4.127195E-04  4.734604E-03  0.000000E+00  3.819732E-04  1.738271E-03 -2.050572E-17  1.207877E+00  0.000000E+00
  1.354760E-04  2.493091E-03  5.000000E-01  1.368960E-04  2.691709E-03  0.000000E+00 -2.396901E-04 -2.993226E-03 -2.674250E-17  1.204199E+00  0.000000E+00
  2.683130E-05  1.020892E-03  5.000000E-01  2.715456E-05  1.204648E-03  0.000000E+00 -3.444158E-04 -8.064169E-03 -3.759113E-17  1.180849E+00  0.000000E+00
  1.320070E-06  1.275878E-04  5.000000E-01  1.385807E-06  3.023263E-04  0.000000E+00 -2.079714E-04 -1.299237E-02 -4.113470E-17  1.140477E+00  0.000000E+00
 -5.188750E-08 -1.717171E-04  5.000000E-01  0.000000E+00  0.000000E+00  0.000000E+00 -4.375288E-05 -1.611932E-02 -2.664974E-17  1.105499E+00  0.000000E+00
  2.733630E-06 -4.853070E-04  5.000000E-01  2.813636E-06 -3.167555E-04  0.000000E+00  4.690878E-04 -1.841251E-02  1.825444E-18  1.096910E+00  0.000000E+00
    1    2
    2    3
    3    4
    4    5
    5    6
    6    7
    7    8
    8    9
    9   10
   10   11
   11   12
   12   13
   13   14
   14   15
   15   16
   16   17
   17   18
   18   19
   19   20
   20   21
   21   22
   22   23
   23   24
   25   26
   26   27
   27   28
   28   29
   29   30
   30   31
   31   32
   32   33
   33   34
   34   35
   35   36
   36   37
   37   38
   38   39
   39   40
   40   41
   41   42
   42   43
   43   44
   44   45
   45   46
   46   47
   47   48
   49   50
   50   51
   51   52
   52   53
   53   54
   54   55
   55   56
   56   57
   57   58
   58   59
   59   60
   60   61
   61   62
   62   63
   63   64
   64   65
   65   66
   66   67
   67   68
   68   69
   69   70
   70   71
   71   72
   73   74
   74   75
   75   76
   76   77
   77   78
   78   79
   79   80
   80   81
   81   82
   82   83
   83   84
   84   85
   85   86
   86   87
   87   88
   88   89
   89   90
   90   91
   91   92
   92   93
   93   94
   94   95
   95   96
   97   98
   98   99
   99  100
  100  101
  101  102
  102  103
  103  104
  104  105
  105  106
  106  107
  107  108
  108  109
  109  110
  110  111
  111  112
  112  113
  113  114
  114  115
  115  116
  116  117
  117  118
  118  119
  119  120
  121  122
  122  123
  123  124
  124  125
  125  126
  126  127
  127  128
  128  129
  129  130
  130  131
  131  132
  132  133
  133  134
  134  135
  135  136
  136  137
  137  138
  138  139
  139  140
  140  141
  141  142
  142  143
  143  144
  145  146
  146  147
  147  148
  148  149
  149  150
  150  151
  151  152
  152  153
  153  154
  154  155
  155  156
  156  157
  157  158
  158  159
  159  160
  160  161
  161  162
  162  163
  163  164
  164  165
  165  166
  166  167
  167  168
  169  170
  170  171
  171  172
  172  173
  173  174
  174  175
  175  176
  176  177
  177  178
  178  179
  179  180
  180  181
  181  182
  182  183
  183  184
  184  185
  185  186
  186  187
  187  188
  188  189
  189  190
  190  191
  191  192
