 Title = "ADflow Slice Data"
Variables =  "CoordinateX"  "CoordinateY"  "CoordinateZ"  "XoC"  "YoC"  "ZoC" "VelocityX" "VelocityY" "VelocityZ" "CoefPressure" "Mach" 
Zone T= "Slice_0001 None Absolute Regular z = 0.50000000"
 Nodes =          192  Elements=          184  ZONETYPE=FELINESEG
 DATAPACKING=POINT
  5.560760E-01 -1.892222E-02  5.000000E-01  5.616894E-01 -1.893911E-02  0.000000E+00  1.503233E-02  1.089444E-03 -8.615403E-19 -1.649508E-01  0.000000E+00
  5.770550E-01 -1.736619E-02  5.000000E-01  5.828802E-01 -1.736737E-02  0.000000E+00  1.472827E-02  1.129838E-03  2.237148E-18 -1.376999E-01  0.000000E+00
  5.977760E-01 -1.572752E-02  5.000000E-01  6.038104E-01 -1.571216E-02  0.000000E+00  1.440469E-02  1.185045E-03  2.542091E-19 -1.188238E-01  0.000000E+00
  6.181820E-01 -1.398216E-02  5.000000E-01  6.244224E-01 -1.394918E-02  0.000000E+00  1.392602E-02  1.245602E-03 -1.332319E-18 -1.015793E-01  0.000000E+00
  6.382180E-01 -1.210540E-02  5.000000E-01  6.446606E-01 -1.205347E-02  0.000000E+00  1.322159E-02  1.296566E-03 -8.090203E-19 -7.924870E-02  0.000000E+00
  6.578350E-01 -1.008574E-02  5.000000E-01  6.644757E-01 -1.001342E-02  0.000000E+00  1.229564E-02  1.320871E-03 -1.275937E-18 -4.808994E-02  0.000000E+00
  6.769910E-01 -7.932105E-03  5.000000E-01  6.838250E-01 -7.838051E-03  0.000000E+00  1.120104E-02  1.307620E-03 -1.516332E-18 -8.494471E-03  0.000000E+00
  6.956490E-01 -5.664659E-03  5.000000E-01  7.026714E-01 -5.547717E-03  0.000000E+00  1.000473E-02  1.253180E-03 -4.627124E-19  3.650777E-02  0.000000E+00
  7.137810E-01 -3.318037E-03  5.000000E-01  7.209864E-01 -3.177406E-03  0.000000E+00  8.767905E-03  1.159109E-03  6.706410E-19  8.363829E-02  0.000000E+00
  7.313660E-01 -9.382806E-04  5.000000E-01  7.387489E-01 -7.736268E-04  0.000000E+00  7.536733E-03  1.034209E-03 -1.556303E-18  1.302881E-01  0.000000E+00
  7.483850E-01  1.433695E-03  5.000000E-01  7.559397E-01  1.622293E-03  0.000000E+00  6.349568E-03  8.935246E-04 -3.316063E-18  1.747042E-01  0.000000E+00
  7.648220E-01  3.771039E-03  5.000000E-01  7.725427E-01  3.983232E-03  0.000000E+00  5.253578E-03  7.521733E-04 -2.690293E-18  2.158992E-01  0.000000E+00
  7.806630E-01  6.055121E-03  5.000000E-01  7.885436E-01  6.290371E-03  0.000000E+00  4.318037E-03  6.166918E-04 -1.849826E-18  2.541518E-01  0.000000E+00
  7.958970E-01  8.215534E-03  5.000000E-01  8.039313E-01  8.472592E-03  0.000000E+00  3.632787E-03  4.883412E-04 -2.120667E-18  2.910289E-01  0.000000E+00
  8.105170E-01  1.006247E-02  5.000000E-01  8.186989E-01  1.033817E-02  0.000000E+00  3.257053E-03  3.757405E-04 -2.763522E-18  3.238992E-01  0.000000E+00
  8.245160E-01  1.149991E-02  5.000000E-01  8.328392E-01  1.179012E-02  0.000000E+00  3.175880E-03  2.853046E-04 -2.092249E-18  3.475178E-01  0.000000E+00
  8.378940E-01  1.252397E-02  5.000000E-01  8.463523E-01  1.282452E-02  0.000000E+00  3.327545E-03  2.107351E-04 -1.302654E-19  3.615039E-01  0.000000E+00
  8.506490E-01  1.317662E-02  5.000000E-01  8.592360E-01  1.348375E-02  0.000000E+00  3.646805E-03  1.417152E-04  1.189524E-19  3.688593E-01  0.000000E+00
  8.627850E-01  1.351672E-02  5.000000E-01  8.714946E-01  1.382730E-02  0.000000E+00  4.081132E-03  7.019087E-05 -4.924448E-19  3.720481E-01  0.000000E+00
  8.743060E-01  1.360478E-02  5.000000E-01  8.831319E-01  1.391624E-02  0.000000E+00  4.588694E-03 -8.266531E-06  8.973842E-19  3.721242E-01  0.000000E+00
  8.852170E-01  1.349351E-02  5.000000E-01  8.941530E-01  1.380385E-02  0.000000E+00  5.136616E-03 -9.531728E-05  2.361578E-18  3.696639E-01  0.000000E+00
  8.955250E-01  1.322507E-02  5.000000E-01  9.045651E-01  1.353270E-02  0.000000E+00  5.701654E-03 -1.910882E-04  1.266825E-18  3.651541E-01  0.000000E+00
  9.052400E-01  1.283370E-02  5.000000E-01  9.143781E-01  1.313738E-02  0.000000E+00  6.270682E-03 -2.955758E-04  5.161397E-19  3.589783E-01  0.000000E+00
  9.143710E-01  1.234631E-02  5.000000E-01  9.236013E-01  1.264507E-02  0.000000E+00  6.841979E-03 -4.114152E-04  9.227230E-19  3.515534E-01  0.000000E+00
  9.143710E-01  1.234631E-02  5.000000E-01  9.236013E-01  1.264507E-02  0.000000E+00  6.841979E-03 -4.114152E-04  9.227230E-19  3.515534E-01  0.000000E+00
  9.229270E-01  1.177905E-02  5.000000E-01  9.322437E-01  1.207208E-02  0.000000E+00  7.424806E-03 -5.439399E-04  5.476334E-19  3.431176E-01  0.000000E+00
  9.309180E-01  1.114237E-02  5.000000E-01  9.403153E-01  1.142898E-02  0.000000E+00  8.035299E-03 -6.983606E-04  1.074075E-19  3.334376E-01  0.000000E+00
  9.383550E-01  1.044613E-02  5.000000E-01  9.478274E-01  1.072571E-02  0.000000E+00  8.692990E-03 -8.796608E-04 -2.115515E-19  3.220767E-01  0.000000E+00
  9.452490E-01  9.700235E-03  5.000000E-01  9.547910E-01  9.972281E-03  0.000000E+00  9.420398E-03 -1.094678E-03  2.725340E-19  3.086741E-01  0.000000E+00
  9.516100E-01  8.914179E-03  5.000000E-01  9.612162E-01  9.178290E-03  0.000000E+00  1.024316E-02 -1.352175E-03  4.775087E-20  2.928494E-01  0.000000E+00
  9.574470E-01  8.098455E-03  5.000000E-01  9.671121E-01  8.354332E-03  0.000000E+00  1.118830E-02 -1.661240E-03  8.504365E-20  2.740197E-01  0.000000E+00
  9.627730E-01  7.265147E-03  5.000000E-01  9.724919E-01  7.512612E-03  0.000000E+00  1.228361E-02 -2.031644E-03  6.222981E-19  2.515124E-01  0.000000E+00
  9.675950E-01  6.428458E-03  5.000000E-01  9.773626E-01  6.667477E-03  0.000000E+00  1.356005E-02 -2.473250E-03  6.819987E-19  2.246178E-01  0.000000E+00
  9.719240E-01  5.604111E-03  5.000000E-01  9.817353E-01  5.834808E-03  0.000000E+00  1.505824E-02 -2.996768E-03  2.513192E-18  1.925124E-01  0.000000E+00
  9.757700E-01  4.809027E-03  5.000000E-01  9.856201E-01  5.031698E-03  0.000000E+00  1.684220E-02 -3.619295E-03  5.136385E-18  1.543611E-01  0.000000E+00
  9.791410E-01  4.060142E-03  5.000000E-01  9.890251E-01  4.275253E-03  0.000000E+00  1.901248E-02 -4.367546E-03  1.664838E-18  1.092554E-01  0.000000E+00
  9.820450E-01  3.373671E-03  5.000000E-01  9.919584E-01  3.581852E-03  0.000000E+00  2.169024E-02 -5.274794E-03 -2.768813E-17  5.583581E-02  0.000000E+00
  9.844890E-01  2.764612E-03  5.000000E-01  9.944271E-01  2.966645E-03  0.000000E+00  2.494547E-02 -6.367475E-03 -1.163641E-16 -7.639174E-03  0.000000E+00
  9.864800E-01  2.246436E-03  5.000000E-01  9.964382E-01  2.443238E-03  0.000000E+00  2.871404E-02 -7.602394E-03 -2.355781E-16 -8.171205E-02  0.000000E+00
  9.880230E-01  1.830984E-03  5.000000E-01  9.979968E-01  2.023592E-03  0.000000E+00  3.248792E-02 -8.778772E-03 -7.191838E-17 -1.734706E-01  0.000000E+00
  9.891220E-01  1.527575E-03  5.000000E-01  9.991069E-01  1.717121E-03  0.000000E+00  3.603625E-02 -1.011782E-02  1.260850E-15 -2.836107E-01  0.000000E+00
  9.897810E-01  1.342790E-03  5.000000E-01  9.997725E-01  1.530471E-03  0.000000E+00  5.276356E-02 -1.295331E-02  4.747202E-15 -3.047225E-01  0.000000E+00
  9.900000E-01  1.280776E-03  5.000000E-01  9.999937E-01  1.467831E-03  0.000000E+00  3.645513E-02 -2.564103E-03  1.244817E-14 -6.828349E-01  0.000000E+00
  9.900000E-01  1.690334E-03  5.000000E-01  9.999937E-01  1.881522E-03  0.000000E+00  2.158780E-03 -7.776002E-03  3.675158E-14 -9.845083E-01  0.000000E+00
  9.900000E-01  2.099891E-03  5.000000E-01  9.999937E-01  2.295214E-03  0.000000E+00 -5.438388E-04 -2.187695E-02  7.156357E-14 -8.296845E-01  0.000000E+00
  9.900000E-01  2.509448E-03  5.000000E-01  9.999937E-01  2.708906E-03  0.000000E+00 -1.460367E-04 -1.335816E-02  9.858971E-14 -8.021078E-01  0.000000E+00
  9.900000E-01  2.918991E-03  5.000000E-01  9.999937E-01  3.122583E-03  0.000000E+00  3.260120E-04 -8.253270E-03  1.173725E-13 -8.331610E-01  0.000000E+00
  9.900000E-01  3.328548E-03  5.000000E-01  9.999937E-01  3.536274E-03  0.000000E+00  4.635704E-03 -6.916810E-03  1.315199E-13 -7.978021E-01  0.000000E+00
  9.900000E-01  3.328548E-03  5.000000E-01  9.999937E-01  3.536274E-03  0.000000E+00  4.635704E-03 -6.916810E-03  1.315199E-13 -7.978021E-01  0.000000E+00
  9.897980E-01  3.434725E-03  5.000000E-01  9.997897E-01  3.643523E-03  0.000000E+00  5.751657E-03 -3.572143E-03  1.239755E-13 -7.486748E-01  0.000000E+00
  9.891900E-01  3.753277E-03  5.000000E-01  9.991756E-01  3.965290E-03  0.000000E+00  1.438312E-03 -6.876554E-04  8.858254E-14 -7.562822E-01  0.000000E+00
  9.881780E-01  4.283512E-03  5.000000E-01  9.981534E-01  4.500878E-03  0.000000E+00 -9.914817E-04  5.221259E-04  4.933626E-14 -7.623777E-01  0.000000E+00
  9.867570E-01  5.024206E-03  5.000000E-01  9.967180E-01  5.249049E-03  0.000000E+00 -2.430717E-03  1.251619E-03  2.069392E-14 -7.684029E-01  0.000000E+00
  9.849260E-01  5.971885E-03  5.000000E-01  9.948685E-01  6.206295E-03  0.000000E+00 -3.126886E-03  1.608235E-03  5.382619E-15 -7.779269E-01  0.000000E+00
  9.826810E-01  7.120139E-03  5.000000E-01  9.926009E-01  7.366139E-03  0.000000E+00 -3.202567E-03  1.627543E-03 -4.231380E-16 -7.873296E-01  0.000000E+00
  9.800160E-01  8.459312E-03  5.000000E-01  9.899090E-01  8.718831E-03  0.000000E+00 -2.928042E-03  1.457003E-03 -1.469083E-15 -7.934213E-01  0.000000E+00
  9.769240E-01  9.975407E-03  5.000000E-01  9.867857E-01  1.025023E-02  0.000000E+00 -2.599523E-03  1.255152E-03 -9.669382E-16 -7.960299E-01  0.000000E+00
  9.733970E-01  1.164732E-02  5.000000E-01  9.832231E-01  1.193903E-02  0.000000E+00 -2.416876E-03  1.119379E-03 -3.781353E-16 -7.968933E-01  0.000000E+00
  9.694240E-01  1.344857E-02  5.000000E-01  9.792100E-01  1.375845E-02  0.000000E+00 -2.454831E-03  1.081011E-03 -6.858831E-17 -7.980430E-01  0.000000E+00
  9.649940E-01  1.535232E-02  5.000000E-01  9.747353E-01  1.568142E-02  0.000000E+00 -2.712607E-03  1.136321E-03  2.613256E-17 -7.997714E-01  0.000000E+00
  9.600960E-01  1.733823E-02  5.000000E-01  9.697879E-01  1.768738E-02  0.000000E+00 -3.187041E-03  1.263748E-03  2.882834E-17 -8.004411E-01  0.000000E+00
  9.547180E-01  1.938585E-02  5.000000E-01  9.643556E-01  1.975567E-02  0.000000E+00 -3.804698E-03  1.399154E-03  1.396239E-17 -8.043715E-01  0.000000E+00
  9.488510E-01  2.147539E-02  5.000000E-01  9.584294E-01  2.186630E-02  0.000000E+00 -4.135671E-03  1.392750E-03  4.227796E-18 -8.318016E-01  0.000000E+00
  9.424820E-01  2.359108E-02  5.000000E-01  9.519961E-01  2.400335E-02  0.000000E+00 -3.153263E-03  9.864710E-04  2.023022E-18 -9.064204E-01  0.000000E+00
  9.356020E-01  2.572176E-02  5.000000E-01  9.450466E-01  2.615554E-02  0.000000E+00  5.045053E-04 -1.201699E-04  6.802930E-18 -1.020699E+00  0.000000E+00
  9.282010E-01  2.786048E-02  5.000000E-01  9.375709E-01  2.831584E-02  0.000000E+00  7.285004E-03 -1.951229E-03  1.814868E-17 -1.128441E+00  0.000000E+00
  9.202710E-01  3.000115E-02  5.000000E-01  9.295609E-01  3.047812E-02  0.000000E+00  1.532135E-02 -3.919842E-03  3.260035E-17 -1.186887E+00  0.000000E+00
  9.118010E-01  3.213036E-02  5.000000E-01  9.210054E-01  3.262883E-02  0.000000E+00  2.140130E-02 -5.160929E-03  3.949370E-17 -1.192564E+00  0.000000E+00
  9.027810E-01  3.423054E-02  5.000000E-01  9.118943E-01  3.475021E-02  0.000000E+00  2.401714E-02 -5.378870E-03  3.744255E-17 -1.168249E+00  0.000000E+00
  8.932000E-01  3.628412E-02  5.000000E-01  9.022166E-01  3.682452E-02  0.000000E+00  2.418859E-02 -4.968468E-03  2.982243E-17 -1.133672E+00  0.000000E+00
  8.830490E-01  3.827058E-02  5.000000E-01  8.919631E-01  3.883103E-02  0.000000E+00  2.354309E-02 -4.387960E-03  2.124628E-17 -1.096578E+00  0.000000E+00
  8.723190E-01  4.016630E-02  5.000000E-01  8.811248E-01  4.074589E-02  0.000000E+00  2.295683E-02 -3.836274E-03  1.581678E-17 -1.058318E+00  0.000000E+00
  8.723190E-01  4.016630E-02  5.000000E-01  8.811248E-01  4.074589E-02  0.000000E+00  2.295683E-02 -3.836274E-03  1.581678E-17 -1.058318E+00  0.000000E+00
  8.610010E-01  4.194747E-02  5.000000E-01  8.696925E-01  4.254504E-02  0.000000E+00  2.256632E-02 -3.333419E-03  1.299240E-17 -1.018696E+00  0.000000E+00
  8.490890E-01  4.359135E-02  5.000000E-01  8.576603E-01  4.420552E-02  0.000000E+00  2.222457E-02 -2.854578E-03  1.137018E-17 -9.776946E-01  0.000000E+00
  8.365770E-01  4.507836E-02  5.000000E-01  8.450220E-01  4.570753E-02  0.000000E+00  2.179203E-02 -2.392468E-03  1.109647E-17 -9.362244E-01  0.000000E+00
  8.234620E-01  4.639858E-02  5.000000E-01  8.317746E-01  4.704108E-02  0.000000E+00  2.122219E-02 -1.966862E-03  1.087170E-17 -8.966678E-01  0.000000E+00
  8.097400E-01  4.755899E-02  5.000000E-01  8.179141E-01  4.821321E-02  0.000000E+00  2.054302E-02 -1.616156E-03  1.074088E-17 -8.632949E-01  0.000000E+00
  7.954150E-01  4.859710E-02  5.000000E-01  8.034445E-01  4.926180E-02  0.000000E+00  1.982298E-02 -1.387645E-03  1.152603E-17 -8.418195E-01  0.000000E+00
  7.804870E-01  4.959712E-02  5.000000E-01  7.883658E-01  5.027191E-02  0.000000E+00  1.917651E-02 -1.312607E-03  1.010631E-17 -8.364239E-01  0.000000E+00
  7.649630E-01  5.067865E-02  5.000000E-01  7.726851E-01  5.136436E-02  0.000000E+00  1.878394E-02 -1.359100E-03  8.620815E-18 -8.447487E-01  0.000000E+00
  7.488530E-01  5.188986E-02  5.000000E-01  7.564125E-01  5.258780E-02  0.000000E+00  1.875977E-02 -1.469441E-03  5.428446E-18 -8.606406E-01  0.000000E+00
  7.321700E-01  5.325002E-02  5.000000E-01  7.395610E-01  5.396168E-02  0.000000E+00  1.904869E-02 -1.617926E-03 -4.388524E-19 -8.798383E-01  0.000000E+00
  7.149290E-01  5.477200E-02  5.000000E-01  7.221460E-01  5.549903E-02  0.000000E+00  1.952073E-02 -1.787523E-03 -5.483541E-18 -8.993964E-01  0.000000E+00
  6.971500E-01  5.645674E-02  5.000000E-01  7.041875E-01  5.720077E-02  0.000000E+00  2.006469E-02 -1.954304E-03 -1.119167E-17 -9.166457E-01  0.000000E+00
  6.788570E-01  5.828611E-02  5.000000E-01  6.857099E-01  5.904862E-02  0.000000E+00  2.062074E-02 -2.087302E-03 -1.493603E-17 -9.289143E-01  0.000000E+00
  6.600760E-01  6.021193E-02  5.000000E-01  6.667393E-01  6.099388E-02  0.000000E+00  2.115586E-02 -2.158243E-03 -1.773113E-17 -9.342647E-01  0.000000E+00
  6.408370E-01  6.216622E-02  5.000000E-01  6.473061E-01  6.296789E-02  0.000000E+00  2.162437E-02 -2.161706E-03 -1.962157E-17 -9.328918E-01  0.000000E+00
  6.211780E-01  6.409991E-02  5.000000E-01  6.274486E-01  6.492110E-02  0.000000E+00  2.199601E-02 -2.108506E-03 -2.013024E-17 -9.262183E-01  0.000000E+00
  6.011430E-01  6.597075E-02  5.000000E-01  6.072114E-01  6.681083E-02  0.000000E+00  2.228434E-02 -2.007708E-03 -1.964993E-17 -9.153155E-01  0.000000E+00
  5.807790E-01  6.773903E-02  5.000000E-01  5.866418E-01  6.859696E-02  0.000000E+00  2.251566E-02 -1.869168E-03 -1.662123E-17 -9.010744E-01  0.000000E+00
  5.601410E-01  6.937425E-02  5.000000E-01  5.657955E-01  7.024868E-02  0.000000E+00  2.271378E-02 -1.701001E-03 -1.409991E-17 -8.841726E-01  0.000000E+00
  5.392850E-01  7.084666E-02  5.000000E-01  5.447289E-01  7.173596E-02  0.000000E+00  2.289063E-02 -1.510759E-03 -1.217465E-17 -8.653278E-01  0.000000E+00
  5.182680E-01  7.213733E-02  5.000000E-01  5.234998E-01  7.303966E-02  0.000000E+00  2.304324E-02 -1.311407E-03 -1.095887E-17 -8.456919E-01  0.000000E+00
  4.971500E-01  7.324395E-02  5.000000E-01  5.021686E-01  7.415745E-02  0.000000E+00  2.317953E-02 -1.111584E-03 -1.016634E-17 -8.260722E-01  0.000000E+00
  4.759900E-01  7.416490E-02  5.000000E-01  4.807950E-01  7.508770E-02  0.000000E+00  2.331875E-02 -9.118639E-04 -9.267168E-18 -8.066296E-01  0.000000E+00
  2.733630E-06 -4.879088E-04  5.000000E-01  2.813636E-06 -3.187086E-04  0.000000E+00  4.644788E-04 -1.834737E-02 -2.947280E-18  1.096920E+00  0.000000E+00
  4.455870E-05 -1.434090E-03  5.000000E-01  4.506092E-05 -1.274441E-03  0.000000E+00  2.240024E-03 -2.184287E-02  2.409519E-17  1.067553E+00  0.000000E+00
  2.731490E-04 -2.974922E-03  5.000000E-01  2.759588E-04 -2.830827E-03  0.000000E+00  6.547156E-03 -2.481210E-02  3.963974E-17  9.470053E-01  0.000000E+00
  9.950900E-04 -4.939991E-03  5.000000E-01  1.005187E-03 -4.815733E-03  0.000000E+00  1.271550E-02 -2.521699E-02  4.269407E-17  7.374433E-01  0.000000E+00
  2.349870E-03 -7.025104E-03  5.000000E-01  2.373644E-03 -6.921895E-03  0.000000E+00  1.842256E-02 -2.406564E-02  4.071940E-17  5.279012E-01  0.000000E+00
  4.254460E-03 -9.162850E-03  5.000000E-01  4.297460E-03 -9.081220E-03  0.000000E+00  2.307503E-02 -2.278526E-02  2.889064E-17  3.555178E-01  0.000000E+00
  6.687140E-03 -1.129403E-02  5.000000E-01  6.754697E-03 -1.123392E-02  0.000000E+00  2.711623E-02 -2.131360E-02  7.589242E-18  1.915295E-01  0.000000E+00
  9.634000E-03 -1.338067E-02  5.000000E-01  9.731304E-03 -1.334161E-02  0.000000E+00  3.041597E-02 -1.930801E-02 -5.143111E-18  2.478663E-02  0.000000E+00
  1.310530E-02 -1.535457E-02  5.000000E-01  1.323765E-02 -1.533544E-02  0.000000E+00  3.267218E-02 -1.663395E-02  8.487988E-19 -1.405832E-01  0.000000E+00
  1.710810E-02 -1.716359E-02  5.000000E-01  1.728085E-02 -1.716273E-02  0.000000E+00  3.394868E-02 -1.383131E-02  2.661405E-17 -2.820176E-01  0.000000E+00
  2.163760E-02 -1.880823E-02  5.000000E-01  2.185608E-02 -1.882396E-02  0.000000E+00  3.463794E-02 -1.138544E-02  6.044681E-17 -3.900324E-01  0.000000E+00
  2.669190E-02 -2.029813E-02  5.000000E-01  2.696140E-02 -2.032891E-02  0.000000E+00  3.488796E-02 -9.225912E-03  8.373754E-17 -4.770968E-01  0.000000E+00
  3.228310E-02 -2.160901E-02  5.000000E-01  3.260904E-02 -2.165302E-02  0.000000E+00  3.465964E-02 -7.230420E-03  9.312705E-17 -5.529203E-01  0.000000E+00
  3.842170E-02 -2.272877E-02  5.000000E-01  3.880961E-02 -2.278408E-02  0.000000E+00  3.403969E-02 -5.476870E-03  9.556556E-17 -6.164898E-01  0.000000E+00
  4.511710E-02 -2.365829E-02  5.000000E-01  4.557259E-02 -2.372298E-02  0.000000E+00  3.315923E-02 -4.011390E-03  9.166703E-17 -6.665910E-01  0.000000E+00
  5.237940E-02 -2.440304E-02  5.000000E-01  5.290820E-02 -2.447526E-02  0.000000E+00  3.214197E-02 -2.838016E-03  8.329620E-17 -7.028633E-01  0.000000E+00
  6.021800E-02 -2.497900E-02  5.000000E-01  6.082593E-02 -2.505702E-02  0.000000E+00  3.110723E-02 -1.947851E-03  7.203369E-17 -7.252899E-01  0.000000E+00
  6.864140E-02 -2.541173E-02  5.000000E-01  6.933436E-02 -2.549413E-02  0.000000E+00  3.010671E-02 -1.295629E-03  5.939116E-17 -7.355024E-01  0.000000E+00
  7.765990E-02 -2.572267E-02  5.000000E-01  7.844390E-02 -2.580820E-02  0.000000E+00  2.912785E-02 -8.298040E-04  4.861821E-17 -7.353201E-01  0.000000E+00
  8.728340E-02 -2.593740E-02  5.000000E-01  8.816455E-02 -2.602510E-02  0.000000E+00  2.812348E-02 -5.230885E-04  3.974225E-17 -7.251257E-01  0.000000E+00
  9.752070E-02 -2.608868E-02  5.000000E-01  9.850519E-02 -2.617791E-02  0.000000E+00  2.696958E-02 -3.491326E-04  3.328743E-17 -7.048821E-01  0.000000E+00
  1.083810E-01 -2.620912E-02  5.000000E-01  1.094751E-01 -2.629957E-02  0.000000E+00  2.550014E-02 -2.812315E-04  2.718209E-17 -6.739584E-01  0.000000E+00
  1.198710E-01 -2.633528E-02  5.000000E-01  1.210811E-01 -2.642700E-02  0.000000E+00  2.364560E-02 -2.975750E-04  2.093305E-17 -6.305465E-01  0.000000E+00
  1.319970E-01 -2.650802E-02  5.000000E-01  1.333295E-01 -2.660148E-02  0.000000E+00  2.157075E-02 -3.712858E-04  1.570946E-17 -5.727690E-01  0.000000E+00
  1.319970E-01 -2.650802E-02  5.000000E-01  1.333295E-01 -2.660148E-02  0.000000E+00  2.157075E-02 -3.712858E-04  1.570946E-17 -5.727690E-01  0.000000E+00
  1.447640E-01 -2.676597E-02  5.000000E-01  1.462254E-01 -2.686204E-02  0.000000E+00  1.970675E-02 -4.785177E-04  1.058822E-17 -5.008171E-01  0.000000E+00
  1.581750E-01 -2.714503E-02  5.000000E-01  1.597718E-01 -2.724492E-02  0.000000E+00  1.856654E-02 -6.086869E-04  6.331691E-18 -4.205372E-01  0.000000E+00
  1.722290E-01 -2.766747E-02  5.000000E-01  1.739676E-01 -2.777263E-02  0.000000E+00  1.843144E-02 -7.524407E-04  4.187044E-18 -3.459321E-01  0.000000E+00
  1.869240E-01 -2.832236E-02  5.000000E-01  1.888110E-01 -2.843413E-02  0.000000E+00  1.917687E-02 -8.692438E-04  3.776251E-18 -2.957427E-01  0.000000E+00
  2.022540E-01 -2.903964E-02  5.000000E-01  2.042957E-01 -2.915865E-02  0.000000E+00  2.035150E-02 -8.603744E-04  2.814519E-18 -2.846047E-01  0.000000E+00
  2.182110E-01 -2.965855E-02  5.000000E-01  2.204138E-01 -2.978382E-02  0.000000E+00  2.146423E-02 -6.674185E-04  1.697126E-18 -3.101778E-01  0.000000E+00
  2.347810E-01 -3.005251E-02  5.000000E-01  2.371511E-01 -3.018175E-02  0.000000E+00  2.221206E-02 -3.679011E-04  7.009148E-19 -3.519080E-01  0.000000E+00
  2.519470E-01 -3.021027E-02  5.000000E-01  2.544904E-01 -3.034111E-02  0.000000E+00  2.242138E-02 -5.981212E-05  1.030798E-18 -3.891762E-01  0.000000E+00
  2.696890E-01 -3.013743E-02  5.000000E-01  2.724115E-01 -3.026753E-02  0.000000E+00  2.203724E-02  2.082574E-04  1.859645E-18 -4.107247E-01  0.000000E+00
  2.879810E-01 -2.985962E-02  5.000000E-01  2.908881E-01 -2.998691E-02  0.000000E+00  2.122655E-02  3.992144E-04  5.928494E-19 -4.115675E-01  0.000000E+00
  3.067920E-01 -2.942971E-02  5.000000E-01  3.098890E-01 -2.955267E-02  0.000000E+00  2.033175E-02  4.934988E-04  1.392221E-19 -3.925750E-01  0.000000E+00
  3.260870E-01 -2.892787E-02  5.000000E-01  3.293788E-01 -2.904576E-02  0.000000E+00  1.969592E-02  4.988399E-04  9.051654E-19 -3.609266E-01  0.000000E+00
  3.458260E-01 -2.844249E-02  5.000000E-01  3.493170E-01 -2.855548E-02  0.000000E+00  1.945843E-02  4.689315E-04  2.629222E-18 -3.299995E-01  0.000000E+00
  3.659650E-01 -2.797457E-02  5.000000E-01  3.696593E-01 -2.808283E-02  0.000000E+00  1.953691E-02  4.656083E-04  2.501790E-18 -3.119921E-01  0.000000E+00
  3.864540E-01 -2.748060E-02  5.000000E-01  3.903552E-01 -2.758388E-02  0.000000E+00  1.975025E-02  5.088153E-04  1.283868E-18 -3.097402E-01  0.000000E+00
  4.072410E-01 -2.691410E-02  5.000000E-01  4.113520E-01 -2.701167E-02  0.000000E+00  1.987641E-02  5.953534E-04 -8.091838E-19 -3.182127E-01  0.000000E+00
  4.282690E-01 -2.622873E-02  5.000000E-01  4.325923E-01 -2.631937E-02  0.000000E+00  1.969805E-02  7.153344E-04 -5.231230E-19 -3.288629E-01  0.000000E+00
  4.494800E-01 -2.537682E-02  5.000000E-01  4.540174E-01 -2.545886E-02  0.000000E+00  1.910592E-02  8.428298E-04  1.640041E-18 -3.319227E-01  0.000000E+00
  4.708130E-01 -2.434230E-02  5.000000E-01  4.755657E-01 -2.441391E-02  0.000000E+00  1.817810E-02  9.418820E-04  4.759024E-19 -3.192008E-01  0.000000E+00
  4.922030E-01 -2.315190E-02  5.000000E-01  4.971717E-01 -2.321149E-02  0.000000E+00  1.712733E-02  1.001422E-03  2.342769E-18 -2.889738E-01  0.000000E+00
  5.135860E-01 -2.183436E-02  5.000000E-01  5.187705E-01 -2.188065E-02  0.000000E+00  1.617930E-02  1.036317E-03  2.378460E-18 -2.470457E-01  0.000000E+00
  5.348990E-01 -2.041543E-02  5.000000E-01  5.402987E-01 -2.044739E-02  0.000000E+00  1.547799E-02  1.061904E-03 -1.486708E-18 -2.028279E-01  0.000000E+00
  5.560760E-01 -1.892222E-02  5.000000E-01  5.616894E-01 -1.893911E-02  0.000000E+00  1.503233E-02  1.089444E-03 -8.615403E-19 -1.649508E-01  0.000000E+00
  4.759900E-01  7.416490E-02  5.000000E-01  4.807950E-01  7.508770E-02  0.000000E+00  2.331875E-02 -9.118639E-04 -9.267168E-18 -8.066296E-01  0.000000E+00
  4.548480E-01  7.489842E-02  5.000000E-01  4.594396E-01  7.582862E-02  0.000000E+00  2.347063E-02 -7.121511E-04 -8.461645E-18 -7.873529E-01  0.000000E+00
  4.337860E-01  7.544575E-02  5.000000E-01  4.381650E-01  7.638148E-02  0.000000E+00  2.363705E-02 -5.099649E-04 -8.144024E-18 -7.679122E-01  0.000000E+00
  4.128620E-01  7.580543E-02  5.000000E-01  4.170297E-01  7.674478E-02  0.000000E+00  2.381887E-02 -2.954732E-04 -8.335096E-18 -7.473438E-01  0.000000E+00
  3.921340E-01  7.596454E-02  5.000000E-01  3.960925E-01  7.690550E-02  0.000000E+00  2.400394E-02 -5.899298E-05 -8.077551E-18 -7.246170E-01  0.000000E+00
  3.716590E-01  7.590915E-02  5.000000E-01  3.754108E-01  7.684955E-02  0.000000E+00  2.416511E-02  2.027090E-04 -7.299185E-18 -6.991626E-01  0.000000E+00
  3.514890E-01  7.562650E-02  5.000000E-01  3.550372E-01  7.656404E-02  0.000000E+00  2.427473E-02  4.886419E-04 -6.339408E-18 -6.708605E-01  0.000000E+00
  3.316730E-01  7.510761E-02  5.000000E-01  3.350212E-01  7.603992E-02  0.000000E+00  2.430928E-02  7.921272E-04 -5.722116E-18 -6.402629E-01  0.000000E+00
  3.122580E-01  7.435081E-02  5.000000E-01  3.154102E-01  7.527548E-02  0.000000E+00  2.424600E-02  1.094462E-03 -5.593748E-18 -6.090158E-01  0.000000E+00
  2.932850E-01  7.337617E-02  5.000000E-01  2.962457E-01  7.429100E-02  0.000000E+00  2.407944E-02  1.376433E-03 -3.881458E-18 -5.790145E-01  0.000000E+00
  2.747930E-01  7.221048E-02  5.000000E-01  2.775670E-01  7.311354E-02  0.000000E+00  2.383232E-02  1.633395E-03 -2.898203E-18 -5.512287E-01  0.000000E+00
  2.568150E-01  7.087820E-02  5.000000E-01  2.594075E-01  7.176782E-02  0.000000E+00  2.353646E-02  1.869215E-03 -4.032471E-18 -5.259490E-01  0.000000E+00
  2.393810E-01  6.940043E-02  5.000000E-01  2.417975E-01  7.027513E-02  0.000000E+00  2.322231E-02  2.090479E-03 -3.296593E-18 -5.034581E-01  0.000000E+00
  2.225160E-01  6.779476E-02  5.000000E-01  2.247623E-01  6.865325E-02  0.000000E+00  2.291651E-02  2.301902E-03 -1.918892E-18 -4.850893E-01  0.000000E+00
  2.062420E-01  6.607510E-02  5.000000E-01  2.083240E-01  6.691623E-02  0.000000E+00  2.262277E-02  2.473851E-03 -8.673802E-19 -4.758513E-01  0.000000E+00
  1.905750E-01  6.429874E-02  5.000000E-01  1.924988E-01  6.512194E-02  0.000000E+00  2.236358E-02  2.548059E-03 -7.249506E-19 -4.832234E-01  0.000000E+00
  1.755290E-01  6.257092E-02  5.000000E-01  1.773010E-01  6.337667E-02  0.000000E+00  2.228976E-02  2.544192E-03 -1.193737E-18 -5.079428E-01  0.000000E+00
  1.611160E-01  6.093539E-02  5.000000E-01  1.627425E-01  6.172464E-02  0.000000E+00  2.258778E-02  2.544949E-03 -1.214365E-18 -5.429931E-01  0.000000E+00
  1.473410E-01  5.939563E-02  5.000000E-01  1.488284E-01  6.016934E-02  0.000000E+00  2.329802E-02  2.599660E-03 -1.836913E-18 -5.806450E-01  0.000000E+00
  1.342110E-01  5.793465E-02  5.000000E-01  1.355659E-01  5.869361E-02  0.000000E+00  2.430612E-02  2.723835E-03 -1.775166E-19 -6.153155E-01  0.000000E+00
  1.217280E-01  5.652710E-02  5.000000E-01  1.229569E-01  5.727185E-02  0.000000E+00  2.543322E-02  2.917576E-03  2.738247E-18 -6.442838E-01  0.000000E+00
  1.098910E-01  5.514729E-02  5.000000E-01  1.110004E-01  5.587811E-02  0.000000E+00  2.654431E-02  3.186566E-03  3.904914E-18 -6.665123E-01  0.000000E+00
  9.869950E-02  5.376626E-02  5.000000E-01  9.969589E-02  5.448314E-02  0.000000E+00  2.758765E-02  3.546334E-03  6.156328E-18 -6.816116E-01  0.000000E+00
  8.814970E-02  5.235732E-02  5.000000E-01  8.903959E-02  5.305997E-02  0.000000E+00  2.857686E-02  4.023153E-03  1.048539E-17 -6.891015E-01  0.000000E+00
  8.814970E-02  5.235732E-02  5.000000E-01  8.903959E-02  5.305997E-02  0.000000E+00  2.857686E-02  4.023153E-03  1.048539E-17 -6.891015E-01  0.000000E+00
  7.823720E-02  5.089245E-02  5.000000E-01  7.902703E-02  5.158031E-02  0.000000E+00  2.955281E-02  4.660369E-03  1.598699E-17 -6.876776E-01  0.000000E+00
  6.895800E-02  4.933984E-02  5.000000E-01  6.965416E-02  5.001203E-02  0.000000E+00  3.052776E-02  5.500565E-03  2.003266E-17 -6.758186E-01  0.000000E+00
  6.030560E-02  4.767282E-02  5.000000E-01  6.091442E-02  4.832818E-02  0.000000E+00  3.148638E-02  6.598944E-03  2.260859E-17 -6.510358E-01  0.000000E+00
  5.227560E-02  4.585846E-02  5.000000E-01  5.280336E-02  4.649551E-02  0.000000E+00  3.236947E-02  8.017683E-03  2.176662E-17 -6.097863E-01  0.000000E+00
  4.486350E-02  4.386540E-02  5.000000E-01  4.531643E-02  4.448234E-02  0.000000E+00  3.303490E-02  9.778837E-03  1.728093E-17 -5.490039E-01  0.000000E+00
  3.806240E-02  4.167104E-02  5.000000E-01  3.844668E-02  4.226582E-02  0.000000E+00  3.329550E-02  1.188026E-02  8.918685E-18 -4.647680E-01  0.000000E+00
  3.186880E-02  3.925042E-02  5.000000E-01  3.219056E-02  3.982077E-02  0.000000E+00  3.290422E-02  1.422894E-02 -1.502066E-18 -3.538490E-01  0.000000E+00
  2.627530E-02  3.659361E-02  5.000000E-01  2.654059E-02  3.713713E-02  0.000000E+00  3.160361E-02  1.659608E-02 -4.961662E-18 -2.154651E-01  0.000000E+00
  2.127350E-02  3.370278E-02  5.000000E-01  2.148830E-02  3.421712E-02  0.000000E+00  2.926694E-02  1.870229E-02 -6.752446E-18 -4.971265E-02  0.000000E+00
  1.685790E-02  3.058500E-02  5.000000E-01  1.702813E-02  3.106787E-02  0.000000E+00  2.594501E-02  2.018561E-02 -1.334323E-17  1.377372E-01  0.000000E+00
  1.301460E-02  2.727552E-02  5.000000E-01  1.314603E-02  2.772498E-02  0.000000E+00  2.190100E-02  2.075252E-02 -1.959992E-17  3.371258E-01  0.000000E+00
  9.730790E-03  2.381997E-02  5.000000E-01  9.829071E-03  2.423455E-02  0.000000E+00  1.754156E-02  2.033442E-02 -2.477133E-17  5.392357E-01  0.000000E+00
  6.996180E-03  2.027376E-02  5.000000E-01  7.066856E-03  2.065254E-02  0.000000E+00  1.327854E-02  1.891671E-02 -2.820368E-17  7.289544E-01  0.000000E+00
  4.781010E-03  1.672906E-02  5.000000E-01  4.829325E-03  1.707206E-02  0.000000E+00  9.427181E-03  1.660029E-02 -2.151365E-17  8.926877E-01  0.000000E+00
  3.054950E-03  1.328220E-02  5.000000E-01  3.085841E-03  1.359040E-02  0.000000E+00  6.144539E-03  1.360610E-02 -1.459499E-17  1.025930E+00  0.000000E+00
  1.789910E-03  1.002916E-02  5.000000E-01  1.808031E-03  1.030453E-02  0.000000E+00  3.516000E-03  1.006792E-02 -1.590419E-17  1.124187E+00  0.000000E+00
  9.331870E-04  7.079920E-03  5.000000E-01  9.426596E-04  7.325515E-03  0.000000E+00  1.599390E-03  6.069277E-03 -1.777795E-17  1.183875E+00  0.000000E+00
  4.085430E-04  4.543848E-03  5.000000E-01  4.127195E-04  4.763842E-03  0.000000E+00  3.725533E-04  1.698875E-03 -2.065129E-17  1.207926E+00  0.000000E+00
  1.354760E-04  2.508894E-03  5.000000E-01  1.368960E-04  2.708346E-03  0.000000E+00 -2.401818E-04 -3.007590E-03 -2.886422E-17  1.204080E+00  0.000000E+00
  2.683130E-05  1.027591E-03  5.000000E-01  2.715456E-05  1.212089E-03  0.000000E+00 -3.418123E-04 -8.045871E-03 -4.137971E-17  1.180698E+00  0.000000E+00
  1.320070E-06  1.287668E-04  5.000000E-01  1.385807E-06  3.041922E-04  0.000000E+00 -2.060014E-04 -1.294238E-02 -4.578377E-17  1.140437E+00  0.000000E+00
 -5.188750E-08 -1.723853E-04  5.000000E-01  0.000000E+00  0.000000E+00  0.000000E+00 -4.349988E-05 -1.605656E-02 -3.108222E-17  1.105567E+00  0.000000E+00
  2.733630E-06 -4.879088E-04  5.000000E-01  2.813636E-06 -3.187086E-04  0.000000E+00  4.644788E-04 -1.834737E-02 -2.947280E-18  1.096920E+00  0.000000E+00
    1    2
    2    3
    3    4
    4    5
    5    6
    6    7
    7    8
    8    9
    9   10
   10   11
   11   12
   12   13
   13   14
   14   15
   15   16
   16   17
   17   18
   18   19
   19   20
   20   21
   21   22
   22   23
   23   24
   25   26
   26   27
   27   28
   28   29
   29   30
   30   31
   31   32
   32   33
   33   34
   34   35
   35   36
   36   37
   37   38
   38   39
   39   40
   40   41
   41   42
   42   43
   43   44
   44   45
   45   46
   46   47
   47   48
   49   50
   50   51
   51   52
   52   53
   53   54
   54   55
   55   56
   56   57
   57   58
   58   59
   59   60
   60   61
   61   62
   62   63
   63   64
   64   65
   65   66
   66   67
   67   68
   68   69
   69   70
   70   71
   71   72
   73   74
   74   75
   75   76
   76   77
   77   78
   78   79
   79   80
   80   81
   81   82
   82   83
   83   84
   84   85
   85   86
   86   87
   87   88
   88   89
   89   90
   90   91
   91   92
   92   93
   93   94
   94   95
   95   96
   97   98
   98   99
   99  100
  100  101
  101  102
  102  103
  103  104
  104  105
  105  106
  106  107
  107  108
  108  109
  109  110
  110  111
  111  112
  112  113
  113  114
  114  115
  115  116
  116  117
  117  118
  118  119
  119  120
  121  122
  122  123
  123  124
  124  125
  125  126
  126  127
  127  128
  128  129
  129  130
  130  131
  131  132
  132  133
  133  134
  134  135
  135  136
  136  137
  137  138
  138  139
  139  140
  140  141
  141  142
  142  143
  143  144
  145  146
  146  147
  147  148
  148  149
  149  150
  150  151
  151  152
  152  153
  153  154
  154  155
  155  156
  156  157
  157  158
  158  159
  159  160
  160  161
  161  162
  162  163
  163  164
  164  165
  165  166
  166  167
  167  168
  169  170
  170  171
  171  172
  172  173
  173  174
  174  175
  175  176
  176  177
  177  178
  178  179
  179  180
  180  181
  181  182
  182  183
  183  184
  184  185
  185  186
  186  187
  187  188
  188  189
  189  190
  190  191
  191  192
