 Title = "ADflow Slice Data"
Variables =  "CoordinateX"  "CoordinateY"  "CoordinateZ"  "XoC"  "YoC"  "ZoC" "VelocityX" "VelocityY" "VelocityZ" "CoefPressure" "Mach" 
Zone T= "Slice_0001 None Absolute Regular z = 0.50000000"
 Nodes =          192  Elements=          184  ZONETYPE=FELINESEG
 DATAPACKING=POINT
  5.560760E-01 -1.944580E-02  5.000000E-01  5.616892E-01 -1.946187E-02  0.000000E+00  1.800280E-02  1.585163E-03  3.075119E-18 -8.150933E-01  0.000000E+00
  5.770550E-01 -1.763892E-02  5.000000E-01  5.828800E-01 -1.763675E-02  0.000000E+00  1.831741E-02  1.565489E-03  2.261283E-18 -7.975020E-01  0.000000E+00
  5.977760E-01 -1.587907E-02  5.000000E-01  6.038102E-01 -1.585913E-02  0.000000E+00  1.884576E-02  1.612357E-03  5.840761E-19 -7.889839E-01  0.000000E+00
  6.181820E-01 -1.412081E-02  5.000000E-01  6.244222E-01 -1.408312E-02  0.000000E+00  1.968811E-02  1.734501E-03 -2.139036E-18 -7.887844E-01  0.000000E+00
  6.382180E-01 -1.232003E-02  5.000000E-01  6.446604E-01 -1.226417E-02  0.000000E+00  2.082381E-02  1.932078E-03 -5.948336E-18 -7.962956E-01  0.000000E+00
  6.578350E-01 -1.044862E-02  5.000000E-01  6.644754E-01 -1.037386E-02  0.000000E+00  2.183562E-02  2.161740E-03 -1.081333E-17 -8.096903E-01  0.000000E+00
  6.769910E-01 -8.494633E-03  5.000000E-01  6.838248E-01 -8.400157E-03  0.000000E+00  2.164789E-02  2.313284E-03 -1.320630E-17 -8.246354E-01  0.000000E+00
  6.956490E-01 -6.417487E-03  5.000000E-01  7.026711E-01 -6.302044E-03  0.000000E+00  1.895805E-02  2.205749E-03 -1.127015E-17 -8.276530E-01  0.000000E+00
  7.137810E-01 -4.184027E-03  5.000000E-01  7.209862E-01 -4.046039E-03  0.000000E+00  1.356336E-02  1.716650E-03 -6.682784E-18 -7.925808E-01  0.000000E+00
  7.313660E-01 -1.787244E-03  5.000000E-01  7.387487E-01 -1.625062E-03  0.000000E+00  7.169069E-03  9.854036E-04 -2.140590E-18 -6.985376E-01  0.000000E+00
  7.483850E-01  7.680733E-04  5.000000E-01  7.559395E-01  9.560488E-04  0.000000E+00  2.010864E-03  3.045844E-04  1.344871E-19 -5.596067E-01  0.000000E+00
  7.648220E-01  3.475217E-03  5.000000E-01  7.725424E-01  3.690519E-03  0.000000E+00 -1.006813E-03 -1.619167E-04  1.167744E-18 -4.258427E-01  0.000000E+00
  7.806630E-01  6.322651E-03  5.000000E-01  7.885433E-01  6.566695E-03  0.000000E+00 -2.323335E-03 -4.174070E-04  3.489540E-19 -3.409375E-01  0.000000E+00
  7.958970E-01  9.208497E-03  5.000000E-01  8.039311E-01  9.481672E-03  0.000000E+00 -2.767489E-03 -5.103284E-04 -7.494865E-19 -3.072877E-01  0.000000E+00
  8.105170E-01  1.182873E-02  5.000000E-01  8.186986E-01  1.212836E-02  0.000000E+00 -2.936306E-03 -4.959982E-04 -1.311369E-19 -2.993417E-01  0.000000E+00
  8.245160E-01  1.399790E-02  5.000000E-01  8.328389E-01  1.431942E-02  0.000000E+00 -3.091546E-03 -4.338155E-04  1.937695E-19 -2.952091E-01  0.000000E+00
  8.378940E-01  1.566214E-02  5.000000E-01  8.463520E-01  1.600046E-02  0.000000E+00 -3.285685E-03 -3.544592E-04  3.868270E-19 -2.877321E-01  0.000000E+00
  8.506490E-01  1.683938E-02  5.000000E-01  8.592357E-01  1.718959E-02  0.000000E+00 -3.500359E-03 -2.662557E-04  6.024878E-19 -2.773565E-01  0.000000E+00
  8.627850E-01  1.758041E-02  5.000000E-01  8.714942E-01  1.793809E-02  0.000000E+00 -3.710476E-03 -1.708103E-04  2.616917E-19 -2.648795E-01  0.000000E+00
  8.743060E-01  1.794687E-02  5.000000E-01  8.831315E-01  1.830825E-02  0.000000E+00 -3.890344E-03 -7.013838E-05  1.229021E-19 -2.501083E-01  0.000000E+00
  8.852170E-01  1.799798E-02  5.000000E-01  8.941527E-01  1.835988E-02  0.000000E+00 -4.010204E-03  3.231967E-05  1.511038E-19 -2.328359E-01  0.000000E+00
  8.955250E-01  1.778546E-02  5.000000E-01  9.045647E-01  1.814521E-02  0.000000E+00 -4.041245E-03  1.310414E-04 -2.526019E-19 -2.133702E-01  0.000000E+00
  9.052400E-01  1.735503E-02  5.000000E-01  9.143778E-01  1.771044E-02  0.000000E+00 -3.962992E-03  2.191396E-04 -2.003319E-19 -1.923963E-01  0.000000E+00
  9.143710E-01  1.674622E-02  5.000000E-01  9.236010E-01  1.709549E-02  0.000000E+00 -3.765719E-03  2.910405E-04 -7.810150E-20 -1.707242E-01  0.000000E+00
  9.143710E-01  1.674622E-02  5.000000E-01  9.236010E-01  1.709549E-02  0.000000E+00 -3.765719E-03  2.910405E-04 -7.810150E-20 -1.707242E-01  0.000000E+00
  9.229270E-01  1.598790E-02  5.000000E-01  9.322433E-01  1.632951E-02  0.000000E+00 -3.447923E-03  3.415854E-04 -5.335556E-19 -1.492223E-01  0.000000E+00
  9.309180E-01  1.510336E-02  5.000000E-01  9.403150E-01  1.543604E-02  0.000000E+00 -3.012167E-03  3.640911E-04 -3.452688E-19 -1.287090E-01  0.000000E+00
  9.383550E-01  1.411524E-02  5.000000E-01  9.478271E-01  1.443795E-02  0.000000E+00 -2.460813E-03  3.510035E-04  5.407987E-20 -1.099402E-01  0.000000E+00
  9.452490E-01  1.304584E-02  5.000000E-01  9.547907E-01  1.335775E-02  0.000000E+00 -1.793685E-03  2.943398E-04  3.536289E-20 -9.368481E-02  0.000000E+00
  9.516100E-01  1.191633E-02  5.000000E-01  9.612159E-01  1.221684E-02  0.000000E+00 -1.007386E-03  1.855116E-04  2.846963E-19 -8.065536E-02  0.000000E+00
  9.574470E-01  1.074801E-02  5.000000E-01  9.671118E-01  1.103673E-02  0.000000E+00 -9.437051E-05  1.457016E-05  1.698959E-18 -7.154571E-02  0.000000E+00
  9.627730E-01  9.562481E-03  5.000000E-01  9.724915E-01  9.839230E-03  0.000000E+00  9.592949E-04 -2.302820E-04  4.481030E-18 -6.706591E-02  0.000000E+00
  9.675950E-01  8.382624E-03  5.000000E-01  9.773622E-01  8.647463E-03  0.000000E+00  2.180095E-03 -5.634461E-04  8.115444E-18 -6.782876E-02  0.000000E+00
  9.719240E-01  7.231357E-03  5.000000E-01  9.817349E-01  7.484574E-03  0.000000E+00  3.615247E-03 -1.005184E-03  1.575430E-17 -7.445972E-02  0.000000E+00
  9.757700E-01  6.131597E-03  5.000000E-01  9.856197E-01  6.373713E-03  0.000000E+00  5.336442E-03 -1.583921E-03  3.343019E-17 -8.754314E-02  0.000000E+00
  9.791410E-01  5.105227E-03  5.000000E-01  9.890248E-01  5.336983E-03  0.000000E+00  7.426494E-03 -2.332389E-03  7.251960E-17 -1.075395E-01  0.000000E+00
  9.820450E-01  4.172320E-03  5.000000E-01  9.919581E-01  4.394658E-03  0.000000E+00  9.924488E-03 -3.271801E-03  1.513426E-16 -1.349216E-01  0.000000E+00
  9.844890E-01  3.350847E-03  5.000000E-01  9.944268E-01  3.564894E-03  0.000000E+00  1.273199E-02 -4.373911E-03  2.822467E-16 -1.694443E-01  0.000000E+00
  9.864800E-01  2.656422E-03  5.000000E-01  9.964379E-01  2.863459E-03  0.000000E+00  1.549281E-02 -5.472815E-03  4.453508E-16 -2.108651E-01  0.000000E+00
  9.880230E-01  2.102495E-03  5.000000E-01  9.979964E-01  2.303941E-03  0.000000E+00  1.722918E-02 -6.182258E-03  5.763369E-16 -2.667080E-01  0.000000E+00
  9.891220E-01  1.699496E-03  5.000000E-01  9.991065E-01  1.896873E-03  0.000000E+00  1.701430E-02 -6.411401E-03  5.877022E-16 -3.281366E-01  0.000000E+00
  9.897810E-01  1.454622E-03  5.000000E-01  9.997722E-01  1.649527E-03  0.000000E+00  2.364881E-02 -7.693927E-03  4.628021E-16 -2.919966E-01  0.000000E+00
  9.900000E-01  1.372578E-03  5.000000E-01  9.999934E-01  1.566655E-03  0.000000E+00  1.656616E-02 -7.674134E-05  3.400265E-16 -5.390630E-01  0.000000E+00
  9.900000E-01  1.782651E-03  5.000000E-01  9.999934E-01  1.980868E-03  0.000000E+00  8.052262E-04 -4.109313E-03  7.499775E-16 -7.445480E-01  0.000000E+00
  9.900000E-01  2.192724E-03  5.000000E-01  9.999934E-01  2.395081E-03  0.000000E+00 -2.934330E-04 -1.334114E-02  1.517512E-15 -6.224341E-01  0.000000E+00
  9.900000E-01  2.602798E-03  5.000000E-01  9.999934E-01  2.809293E-03  0.000000E+00 -6.209397E-05 -6.399794E-03  2.176911E-15 -6.235715E-01  0.000000E+00
  9.900000E-01  3.012856E-03  5.000000E-01  9.999934E-01  3.223491E-03  0.000000E+00  2.537690E-04 -4.324782E-03  2.869283E-15 -6.612292E-01  0.000000E+00
  9.900000E-01  3.422929E-03  5.000000E-01  9.999934E-01  3.637704E-03  0.000000E+00  3.896303E-03 -5.537014E-03  3.568557E-15 -6.320723E-01  0.000000E+00
  9.900000E-01  3.422929E-03  5.000000E-01  9.999934E-01  3.637704E-03  0.000000E+00  3.896303E-03 -5.537014E-03  3.568557E-15 -6.320723E-01  0.000000E+00
  9.897980E-01  3.548167E-03  5.000000E-01  9.997893E-01  3.764206E-03  0.000000E+00  5.464547E-03 -3.879298E-03  3.660958E-15 -5.894474E-01  0.000000E+00
  9.891900E-01  3.924083E-03  5.000000E-01  9.991752E-01  4.143916E-03  0.000000E+00  3.088333E-03 -1.834762E-03  2.937899E-15 -5.982777E-01  0.000000E+00
  9.881780E-01  4.549777E-03  5.000000E-01  9.981530E-01  4.775927E-03  0.000000E+00  1.945574E-03 -1.195807E-03  2.009467E-15 -5.966155E-01  0.000000E+00
  9.867570E-01  5.424440E-03  5.000000E-01  9.967176E-01  5.659418E-03  0.000000E+00  1.004197E-03 -6.271407E-04  1.211697E-15 -5.909495E-01  0.000000E+00
  9.849260E-01  6.544576E-03  5.000000E-01  9.948682E-01  6.790862E-03  0.000000E+00  9.674162E-05 -6.124993E-05  6.408933E-16 -5.891583E-01  0.000000E+00
  9.826810E-01  7.903908E-03  5.000000E-01  9.926005E-01  8.163914E-03  0.000000E+00 -6.397623E-04  3.832389E-04  2.756394E-16 -5.905666E-01  0.000000E+00
  9.800160E-01  9.492862E-03  5.000000E-01  9.899086E-01  9.768908E-03  0.000000E+00 -1.141157E-03  6.717167E-04  7.127762E-17 -5.938732E-01  0.000000E+00
  9.769240E-01  1.129723E-02  5.000000E-01  9.867854E-01  1.159149E-02  0.000000E+00 -1.412290E-03  8.114117E-04 -1.669466E-17 -5.982023E-01  0.000000E+00
  9.733970E-01  1.329515E-02  5.000000E-01  9.832228E-01  1.360957E-02  0.000000E+00 -1.498371E-03  8.327910E-04 -3.434947E-17 -6.025509E-01  0.000000E+00
  9.694240E-01  1.545869E-02  5.000000E-01  9.792097E-01  1.579496E-02  0.000000E+00 -1.470655E-03  7.831729E-04 -2.407533E-17 -6.060448E-01  0.000000E+00
  9.649940E-01  1.775853E-02  5.000000E-01  9.747350E-01  1.811802E-02  0.000000E+00 -1.409276E-03  7.134617E-04 -1.060497E-17 -6.083858E-01  0.000000E+00
  9.600960E-01  2.017071E-02  5.000000E-01  9.697875E-01  2.055454E-02  0.000000E+00 -1.384246E-03  6.624497E-04 -1.698533E-18 -6.099423E-01  0.000000E+00
  9.547180E-01  2.266985E-02  5.000000E-01  9.643552E-01  2.307891E-02  0.000000E+00 -1.443575E-03  6.495452E-04  1.071712E-18 -6.113316E-01  0.000000E+00
  9.488510E-01  2.522937E-02  5.000000E-01  9.584290E-01  2.566427E-02  0.000000E+00 -1.609866E-03  6.767345E-04  9.493721E-19 -6.131772E-01  0.000000E+00
  9.424820E-01  2.782541E-02  5.000000E-01  9.519957E-01  2.828651E-02  0.000000E+00 -1.878983E-03  7.355005E-04  1.745029E-19 -6.161277E-01  0.000000E+00
  9.356020E-01  3.043672E-02  5.000000E-01  9.450463E-01  3.092418E-02  0.000000E+00 -2.232150E-03  8.174326E-04 -2.691724E-19 -6.196065E-01  0.000000E+00
  9.282010E-01  3.304455E-02  5.000000E-01  9.375706E-01  3.355833E-02  0.000000E+00 -2.669798E-03  9.145723E-04 -3.558882E-19 -6.206646E-01  0.000000E+00
  9.202710E-01  3.562875E-02  5.000000E-01  9.295605E-01  3.616862E-02  0.000000E+00 -3.168843E-03  9.924522E-04 -1.141881E-18 -6.209959E-01  0.000000E+00
  9.118010E-01  3.815888E-02  5.000000E-01  9.210050E-01  3.872428E-02  0.000000E+00 -3.450602E-03  9.599373E-04 -1.148332E-18 -6.406056E-01  0.000000E+00
  9.027810E-01  4.059685E-02  5.000000E-01  9.118940E-01  4.118687E-02  0.000000E+00 -2.688594E-03  6.614569E-04  1.408942E-18 -7.110368E-01  0.000000E+00
  8.932000E-01  4.290115E-02  5.000000E-01  9.022163E-01  4.351443E-02  0.000000E+00  4.367859E-04 -6.969210E-05  1.095722E-17 -8.343974E-01  0.000000E+00
  8.830490E-01  4.502331E-02  5.000000E-01  8.919628E-01  4.565801E-02  0.000000E+00  6.760599E-03 -1.195665E-03  3.362130E-17 -9.597743E-01  0.000000E+00
  8.723190E-01  4.690783E-02  5.000000E-01  8.811245E-01  4.756155E-02  0.000000E+00  1.496766E-02 -2.247926E-03  6.217624E-17 -1.025391E+00  0.000000E+00
  8.723190E-01  4.690783E-02  5.000000E-01  8.811245E-01  4.756155E-02  0.000000E+00  1.496766E-02 -2.247926E-03  6.217624E-17 -1.025391E+00  0.000000E+00
  8.610010E-01  4.849596E-02  5.000000E-01  8.696922E-01  4.916572E-02  0.000000E+00  2.159067E-02 -2.579546E-03  7.353863E-17 -1.013824E+00  0.000000E+00
  8.490890E-01  4.972907E-02  5.000000E-01  8.576600E-01  5.041127E-02  0.000000E+00  2.419859E-02 -2.055314E-03  5.810046E-17 -9.495710E-01  0.000000E+00
  8.365770E-01  5.055517E-02  5.000000E-01  8.450217E-01  5.124571E-02  0.000000E+00  2.335777E-02 -1.138778E-03  3.272241E-17 -8.626751E-01  0.000000E+00
  8.234620E-01  5.094481E-02  5.000000E-01  8.317743E-01  5.163928E-02  0.000000E+00  2.090113E-02 -3.071947E-04  1.480022E-17 -7.730402E-01  0.000000E+00
  8.097400E-01  5.091447E-02  5.000000E-01  8.179138E-01  5.160864E-02  0.000000E+00  1.813768E-02  2.215039E-04  7.573064E-18 -6.975633E-01  0.000000E+00
  7.954150E-01  5.056878E-02  5.000000E-01  8.034442E-01  5.125946E-02  0.000000E+00  1.564022E-02  3.917421E-04  6.909462E-18 -6.560757E-01  0.000000E+00
  7.804870E-01  5.015409E-02  5.000000E-01  7.883655E-01  5.084058E-02  0.000000E+00  1.371249E-02  2.427796E-04  8.668913E-18 -6.638604E-01  0.000000E+00
  7.649630E-01  5.003408E-02  5.000000E-01  7.726848E-01  5.071936E-02  0.000000E+00  1.272596E-02 -7.706985E-05  1.013329E-17 -7.155580E-01  0.000000E+00
  7.488530E-01  5.036302E-02  5.000000E-01  7.564122E-01  5.105162E-02  0.000000E+00  1.295025E-02 -4.606712E-04  9.159210E-18 -7.918251E-01  0.000000E+00
  7.321700E-01  5.119764E-02  5.000000E-01  7.395608E-01  5.189466E-02  0.000000E+00  1.428040E-02 -9.330294E-04  3.917633E-18 -8.755402E-01  0.000000E+00
  7.149290E-01  5.256042E-02  5.000000E-01  7.221457E-01  5.327121E-02  0.000000E+00  1.628057E-02 -1.505742E-03 -5.236326E-18 -9.522100E-01  0.000000E+00
  6.971500E-01  5.441831E-02  5.000000E-01  7.041873E-01  5.514785E-02  0.000000E+00  1.840274E-02 -2.094171E-03 -1.675922E-17 -1.010424E+00  0.000000E+00
  6.788570E-01  5.666087E-02  5.000000E-01  6.857096E-01  5.741304E-02  0.000000E+00  2.024774E-02 -2.541773E-03 -2.792566E-17 -1.043168E+00  0.000000E+00
  6.600760E-01  5.908258E-02  5.000000E-01  6.667390E-01  5.985920E-02  0.000000E+00  2.163419E-02 -2.718831E-03 -3.474963E-17 -1.049614E+00  0.000000E+00
  6.408370E-01  6.144436E-02  5.000000E-01  6.473058E-01  6.224482E-02  0.000000E+00  2.247153E-02 -2.650205E-03 -3.584524E-17 -1.037886E+00  0.000000E+00
  6.211780E-01  6.366377E-02  5.000000E-01  6.274484E-01  6.448663E-02  0.000000E+00  2.282938E-02 -2.454139E-03 -3.391325E-17 -1.018236E+00  0.000000E+00
  6.011430E-01  6.570634E-02  5.000000E-01  6.072112E-01  6.654982E-02  0.000000E+00  2.295698E-02 -2.207396E-03 -3.163851E-17 -9.956479E-01  0.000000E+00
  5.807790E-01  6.754498E-02  5.000000E-01  5.866416E-01  6.840702E-02  0.000000E+00  2.305267E-02 -1.946997E-03 -2.956492E-17 -9.720816E-01  0.000000E+00
  5.601410E-01  6.916630E-02  5.000000E-01  5.657953E-01  7.004470E-02  0.000000E+00  2.319185E-02 -1.685902E-03 -2.770301E-17 -9.479931E-01  0.000000E+00
  5.392850E-01  7.055992E-02  5.000000E-01  5.447287E-01  7.145239E-02  0.000000E+00  2.338161E-02 -1.410796E-03 -2.560628E-17 -9.221142E-01  0.000000E+00
  5.182680E-01  7.169361E-02  5.000000E-01  5.234996E-01  7.259753E-02  0.000000E+00  2.358673E-02 -1.096136E-03 -2.258159E-17 -8.922591E-01  0.000000E+00
  4.971500E-01  7.251946E-02  5.000000E-01  5.021684E-01  7.343171E-02  0.000000E+00  2.373487E-02 -7.270973E-04 -1.841279E-17 -8.567390E-01  0.000000E+00
  4.759900E-01  7.299037E-02  5.000000E-01  4.807948E-01  7.390738E-02  0.000000E+00  2.375420E-02 -3.023370E-04 -1.388707E-17 -8.146649E-01  0.000000E+00
  2.733630E-06 -5.104070E-04  5.000000E-01  2.813635E-06 -3.353368E-04  0.000000E+00  2.302498E-04 -9.732264E-03 -2.638652E-17  1.170972E+00  0.000000E+00
  4.455870E-05 -1.505827E-03  5.000000E-01  4.506090E-05 -1.340805E-03  0.000000E+00  1.266376E-03 -1.274713E-02 -1.507648E-17  1.163453E+00  0.000000E+00
  2.731490E-04 -3.126013E-03  5.000000E-01  2.759587E-04 -2.977345E-03  0.000000E+00  4.076562E-03 -1.589822E-02 -1.087299E-17  1.100291E+00  0.000000E+00
  9.950900E-04 -5.189338E-03  5.000000E-01  1.005187E-03 -5.061498E-03  0.000000E+00  8.581573E-03 -1.761291E-02 -1.407150E-17  9.643942E-01  0.000000E+00
  2.349870E-03 -7.373523E-03  5.000000E-01  2.373643E-03 -7.267731E-03  0.000000E+00  1.322487E-02 -1.798812E-02 -1.816673E-17  8.063553E-01  0.000000E+00
  4.254460E-03 -9.607125E-03  5.000000E-01  4.297458E-03 -9.523880E-03  0.000000E+00  1.725123E-02 -1.774380E-02 -2.610497E-17  6.617570E-01  0.000000E+00
  6.687140E-03 -1.182805E-02  5.000000E-01  6.754694E-03 -1.176722E-02  0.000000E+00  2.074383E-02 -1.696050E-02 -3.630879E-17  5.211281E-01  0.000000E+00
  9.634000E-03 -1.399759E-02  5.000000E-01  9.731301E-03 -1.395866E-02  0.000000E+00  2.354798E-02 -1.552398E-02 -3.736953E-17  3.831345E-01  0.000000E+00
  1.310530E-02 -1.604673E-02  5.000000E-01  1.323764E-02 -1.602848E-02  0.000000E+00  2.539608E-02 -1.342263E-02 -2.517306E-17  2.555794E-01  0.000000E+00
  1.710810E-02 -1.792509E-02  5.000000E-01  1.728085E-02 -1.792581E-02  0.000000E+00  2.624726E-02 -1.112785E-02 -2.229506E-18  1.608623E-01  0.000000E+00
  2.163760E-02 -1.963914E-02  5.000000E-01  2.185607E-02 -1.965716E-02  0.000000E+00  2.633005E-02 -9.068323E-03  2.191901E-17  1.079598E-01  0.000000E+00
  2.669190E-02 -2.120660E-02  5.000000E-01  2.696139E-02 -2.124044E-02  0.000000E+00  2.575305E-02 -7.238947E-03  3.551785E-17  8.439511E-02  0.000000E+00
  3.228310E-02 -2.261189E-02  5.000000E-01  3.260903E-02 -2.265992E-02  0.000000E+00  2.454958E-02 -5.589766E-03  3.636166E-17  8.099368E-02  0.000000E+00
  3.842170E-02 -2.385453E-02  5.000000E-01  3.880959E-02 -2.391511E-02  0.000000E+00  2.290948E-02 -4.212100E-03  3.030379E-17  9.828728E-02  0.000000E+00
  4.511710E-02 -2.494997E-02  5.000000E-01  4.557258E-02 -2.502160E-02  0.000000E+00  2.109235E-02 -3.149709E-03  2.274992E-17  1.335616E-01  0.000000E+00
  5.237940E-02 -2.592110E-02  5.000000E-01  5.290818E-02 -2.600254E-02  0.000000E+00  1.931208E-02 -2.388199E-03  1.535215E-17  1.802721E-01  0.000000E+00
  6.021800E-02 -2.680451E-02  5.000000E-01  6.082591E-02 -2.689486E-02  0.000000E+00  1.770684E-02 -1.889733E-03  9.141820E-18  2.313780E-01  0.000000E+00
  6.864140E-02 -2.764978E-02  5.000000E-01  6.933434E-02 -2.774866E-02  0.000000E+00  1.633254E-02 -1.594930E-03  5.783670E-18  2.804495E-01  0.000000E+00
  7.765990E-02 -2.850562E-02  5.000000E-01  7.844387E-02 -2.861314E-02  0.000000E+00  1.519748E-02 -1.449608E-03  3.630319E-18  3.237933E-01  0.000000E+00
  8.728340E-02 -2.942874E-02  5.000000E-01  8.816451E-02 -2.954558E-02  0.000000E+00  1.431186E-02 -1.424951E-03  1.834837E-18  3.607795E-01  0.000000E+00
  9.752070E-02 -3.048706E-02  5.000000E-01  9.850515E-02 -3.061459E-02  0.000000E+00  1.369763E-02 -1.504322E-03  6.352849E-19  3.908853E-01  0.000000E+00
  1.083810E-01 -3.175218E-02  5.000000E-01  1.094751E-01 -3.189247E-02  0.000000E+00  1.339388E-02 -1.683442E-03 -4.205370E-19  4.128952E-01  0.000000E+00
  1.198710E-01 -3.330268E-02  5.000000E-01  1.210811E-01 -3.345862E-02  0.000000E+00  1.347141E-02 -1.977638E-03 -1.251289E-18  4.253270E-01  0.000000E+00
  1.319970E-01 -3.522293E-02  5.000000E-01  1.333295E-01 -3.539826E-02  0.000000E+00  1.403343E-02 -2.419380E-03 -7.931956E-19  4.257930E-01  0.000000E+00
  1.319970E-01 -3.522293E-02  5.000000E-01  1.333295E-01 -3.539826E-02  0.000000E+00  1.403343E-02 -2.419380E-03 -7.931956E-19  4.257930E-01  0.000000E+00
  1.447640E-01 -3.759210E-02  5.000000E-01  1.462253E-01 -3.779134E-02  0.000000E+00  1.519578E-02 -3.054740E-03 -1.609601E-18  4.106776E-01  0.000000E+00
  1.581750E-01 -4.047515E-02  5.000000E-01  1.597717E-01 -4.070350E-02  0.000000E+00  1.703799E-02 -3.920115E-03 -1.280907E-18  3.747018E-01  0.000000E+00
  1.722290E-01 -4.389519E-02  5.000000E-01  1.739676E-01 -4.415806E-02  0.000000E+00  1.952971E-02 -4.975660E-03  1.946769E-18  3.107443E-01  0.000000E+00
  1.869240E-01 -4.778534E-02  5.000000E-01  1.888109E-01 -4.808747E-02  0.000000E+00  2.246484E-02 -5.999864E-03  2.685214E-18  2.106753E-01  0.000000E+00
  2.022540E-01 -5.191824E-02  5.000000E-01  2.042957E-01 -5.226210E-02  0.000000E+00  2.544108E-02 -6.523969E-03  1.240886E-18  6.615799E-02  0.000000E+00
  2.182110E-01 -5.583095E-02  5.000000E-01  2.204137E-01 -5.621430E-02  0.000000E+00  2.805566E-02 -6.196131E-03 -9.019809E-19 -1.158196E-01  0.000000E+00
  2.347810E-01 -5.911471E-02  5.000000E-01  2.371510E-01 -5.953121E-02  0.000000E+00  3.016256E-02 -5.149931E-03 -7.864697E-19 -3.077238E-01  0.000000E+00
  2.519470E-01 -6.159504E-02  5.000000E-01  2.544903E-01 -6.203658E-02  0.000000E+00  3.163304E-02 -3.612849E-03  1.355344E-18 -4.908009E-01  0.000000E+00
  2.696890E-01 -6.310209E-02  5.000000E-01  2.724114E-01 -6.355884E-02  0.000000E+00  3.222495E-02 -1.696549E-03  4.047009E-18 -6.627825E-01  0.000000E+00
  2.879810E-01 -6.347772E-02  5.000000E-01  2.908880E-01 -6.393826E-02  0.000000E+00  3.183526E-02  3.974345E-04  6.978623E-18 -8.219525E-01  0.000000E+00
  3.067920E-01 -6.260462E-02  5.000000E-01  3.098889E-01 -6.305634E-02  0.000000E+00  3.057090E-02  2.399953E-03  7.924390E-18 -9.634068E-01  0.000000E+00
  3.260870E-01 -6.043644E-02  5.000000E-01  3.293787E-01 -6.086628E-02  0.000000E+00  2.869193E-02  4.049144E-03  8.496283E-18 -1.080541E+00  0.000000E+00
  3.458260E-01 -5.703673E-02  5.000000E-01  3.493169E-01 -5.743225E-02  0.000000E+00  2.657226E-02  5.154694E-03  1.108022E-17 -1.166776E+00  0.000000E+00
  3.659650E-01 -5.264936E-02  5.000000E-01  3.696592E-01 -5.300060E-02  0.000000E+00  2.448214E-02  5.658614E-03  1.565830E-17 -1.219229E+00  0.000000E+00
  3.864540E-01 -4.761561E-02  5.000000E-01  3.903550E-01 -4.791603E-02  0.000000E+00  2.245173E-02  5.608990E-03  1.994735E-17 -1.238764E+00  0.000000E+00
  4.072410E-01 -4.232450E-02  5.000000E-01  4.113519E-01 -4.257151E-02  0.000000E+00  2.056103E-02  5.116052E-03  1.894369E-17 -1.225624E+00  0.000000E+00
  4.282690E-01 -3.720496E-02  5.000000E-01  4.325921E-01 -3.740030E-02  0.000000E+00  1.911030E-02  4.356024E-03  1.403242E-17 -1.179580E+00  0.000000E+00
  4.494800E-01 -3.269939E-02  5.000000E-01  4.540172E-01 -3.284924E-02  0.000000E+00  1.825795E-02  3.532352E-03  9.407852E-18 -1.107590E+00  0.000000E+00
  4.708130E-01 -2.899331E-02  5.000000E-01  4.755656E-01 -2.910576E-02  0.000000E+00  1.782830E-02  2.817508E-03  5.556023E-18 -1.026629E+00  0.000000E+00
  4.922030E-01 -2.596745E-02  5.000000E-01  4.971715E-01 -2.604935E-02  0.000000E+00  1.765114E-02  2.281414E-03  3.506574E-18 -9.517505E-01  0.000000E+00
  5.135860E-01 -2.347313E-02  5.000000E-01  5.187703E-01 -2.352985E-02  0.000000E+00  1.766413E-02  1.911550E-03  3.299373E-18 -8.901170E-01  0.000000E+00
  5.348990E-01 -2.135170E-02  5.000000E-01  5.402985E-01 -2.138700E-02  0.000000E+00  1.779801E-02  1.688468E-03  3.507669E-18 -8.447573E-01  0.000000E+00
  5.560760E-01 -1.944580E-02  5.000000E-01  5.616892E-01 -1.946187E-02  0.000000E+00  1.800280E-02  1.585163E-03  3.075119E-18 -8.150933E-01  0.000000E+00
  4.759900E-01  7.299037E-02  5.000000E-01  4.807948E-01  7.390738E-02  0.000000E+00  2.375420E-02 -3.023370E-04 -1.388707E-17 -8.146649E-01  0.000000E+00
  4.548480E-01  7.306098E-02  5.000000E-01  4.594394E-01  7.397870E-02  0.000000E+00  2.359955E-02  1.681963E-04 -1.003946E-17 -7.663796E-01  0.000000E+00
  4.337860E-01  7.269218E-02  5.000000E-01  4.381648E-01  7.360617E-02  0.000000E+00  2.322953E-02  6.377977E-04 -7.108157E-18 -7.157710E-01  0.000000E+00
  4.128620E-01  7.190416E-02  5.000000E-01  4.170296E-01  7.281020E-02  0.000000E+00  2.261802E-02  1.019917E-03 -4.598988E-18 -6.708219E-01  0.000000E+00
  3.921340E-01  7.080641E-02  5.000000E-01  3.960924E-01  7.170138E-02  0.000000E+00  2.185063E-02  1.267621E-03 -2.425258E-18 -6.382740E-01  0.000000E+00
  3.716590E-01  6.950903E-02  5.000000E-01  3.754107E-01  7.039090E-02  0.000000E+00  2.110489E-02  1.397147E-03 -9.347530E-19 -6.208584E-01  0.000000E+00
  3.514890E-01  6.811264E-02  5.000000E-01  3.550371E-01  6.898041E-02  0.000000E+00  2.053263E-02  1.435714E-03 -2.771516E-20 -6.192206E-01  0.000000E+00
  3.316730E-01  6.671030E-02  5.000000E-01  3.350211E-01  6.756392E-02  0.000000E+00  2.022586E-02  1.407115E-03  3.306918E-19 -6.321403E-01  0.000000E+00
  3.122580E-01  6.538152E-02  5.000000E-01  3.154101E-01  6.622172E-02  0.000000E+00  2.022795E-02  1.342111E-03 -2.833163E-19 -6.557720E-01  0.000000E+00
  2.932850E-01  6.416273E-02  5.000000E-01  2.962456E-01  6.499063E-02  0.000000E+00  2.052429E-02  1.272322E-03 -1.207319E-18 -6.847592E-01  0.000000E+00
  2.747930E-01  6.305841E-02  5.000000E-01  2.775669E-01  6.387516E-02  0.000000E+00  2.103207E-02  1.216107E-03 -1.494245E-18 -7.144595E-01  0.000000E+00
  2.568150E-01  6.205338E-02  5.000000E-01  2.594074E-01  6.285998E-02  0.000000E+00  2.163717E-02  1.183879E-03 -1.662097E-18 -7.417019E-01  0.000000E+00
  2.393810E-01  6.112098E-02  5.000000E-01  2.417974E-01  6.191818E-02  0.000000E+00  2.224105E-02  1.182834E-03 -1.871440E-18 -7.649304E-01  0.000000E+00
  2.225160E-01  6.023119E-02  5.000000E-01  2.247622E-01  6.101940E-02  0.000000E+00  2.278181E-02  1.214641E-03 -1.505819E-18 -7.843534E-01  0.000000E+00
  2.062420E-01  5.935534E-02  5.000000E-01  2.083239E-01  6.013471E-02  0.000000E+00  2.321435E-02  1.252833E-03 -6.939252E-19 -8.029423E-01  0.000000E+00
  1.905750E-01  5.850355E-02  5.000000E-01  1.924988E-01  5.927432E-02  0.000000E+00  2.353821E-02  1.252800E-03 -2.868709E-20 -8.248119E-01  0.000000E+00
  1.755290E-01  5.771694E-02  5.000000E-01  1.773009E-01  5.847977E-02  0.000000E+00  2.387684E-02  1.230185E-03  4.071543E-19 -8.495517E-01  0.000000E+00
  1.611160E-01  5.698607E-02  5.000000E-01  1.627424E-01  5.774153E-02  0.000000E+00  2.436585E-02  1.242025E-03  7.279388E-19 -8.732095E-01  0.000000E+00
  1.473410E-01  5.628158E-02  5.000000E-01  1.488284E-01  5.702992E-02  0.000000E+00  2.501496E-02  1.318284E-03  1.727783E-18 -8.930611E-01  0.000000E+00
  1.342110E-01  5.557053E-02  5.000000E-01  1.355658E-01  5.631170E-02  0.000000E+00  2.575269E-02  1.468505E-03  4.336044E-18 -9.081068E-01  0.000000E+00
  1.217280E-01  5.482388E-02  5.000000E-01  1.229568E-01  5.555751E-02  0.000000E+00  2.650552E-02  1.694459E-03  7.965116E-18 -9.185126E-01  0.000000E+00
  1.098910E-01  5.401952E-02  5.000000E-01  1.110003E-01  5.474503E-02  0.000000E+00  2.725243E-02  2.004206E-03  1.129013E-17 -9.244990E-01  0.000000E+00
  9.869950E-02  5.313525E-02  5.000000E-01  9.969585E-02  5.385184E-02  0.000000E+00  2.801390E-02  2.413545E-03  1.465955E-17 -9.259580E-01  0.000000E+00
  8.814970E-02  5.215250E-02  5.000000E-01  8.903956E-02  5.285916E-02  0.000000E+00  2.882507E-02  2.947831E-03  1.976861E-17 -9.222679E-01  0.000000E+00
  8.814970E-02  5.215250E-02  5.000000E-01  8.903956E-02  5.285916E-02  0.000000E+00  2.882507E-02  2.947831E-03  1.976861E-17 -9.222679E-01  0.000000E+00
  7.823720E-02  5.105100E-02  5.000000E-01  7.902700E-02  5.174654E-02  0.000000E+00  2.972153E-02  3.650995E-03  2.590699E-17 -9.118515E-01  0.000000E+00
  6.895800E-02  4.980550E-02  5.000000E-01  6.965413E-02  5.048847E-02  0.000000E+00  3.070461E-02  4.570564E-03  3.041216E-17 -8.928275E-01  0.000000E+00
  6.030560E-02  4.839485E-02  5.000000E-01  6.091439E-02  4.906358E-02  0.000000E+00  3.175685E-02  5.773195E-03  3.089877E-17 -8.623447E-01  0.000000E+00
  5.227560E-02  4.678989E-02  5.000000E-01  5.280334E-02  4.744242E-02  0.000000E+00  3.282329E-02  7.340140E-03  2.692411E-17 -8.164813E-01  0.000000E+00
  4.486350E-02  4.496180E-02  5.000000E-01  4.531642E-02  4.559588E-02  0.000000E+00  3.375792E-02  9.318754E-03  2.009380E-17 -7.516179E-01  0.000000E+00
  3.806240E-02  4.288971E-02  5.000000E-01  3.844666E-02  4.350287E-02  0.000000E+00  3.435829E-02  1.173501E-02  9.896376E-18 -6.631405E-01  0.000000E+00
  3.186880E-02  4.054938E-02  5.000000E-01  3.219054E-02  4.113892E-02  0.000000E+00  3.433536E-02  1.451326E-02 -2.370503E-19 -5.469711E-01  0.000000E+00
  2.627530E-02  3.793168E-02  5.000000E-01  2.654058E-02  3.849480E-02  0.000000E+00  3.336145E-02  1.741372E-02 -4.893369E-18 -4.014595E-01  0.000000E+00
  2.127350E-02  3.503994E-02  5.000000E-01  2.148829E-02  3.557387E-02  0.000000E+00  3.123779E-02  2.011009E-02 -7.900675E-18 -2.261539E-01  0.000000E+00
  1.685790E-02  3.188263E-02  5.000000E-01  1.702812E-02  3.238468E-02  0.000000E+00  2.795066E-02  2.214245E-02 -1.395490E-17 -2.672005E-02  0.000000E+00
  1.301460E-02  2.849821E-02  5.000000E-01  1.314603E-02  2.896610E-02  0.000000E+00  2.375032E-02  2.311128E-02 -2.207356E-17  1.865513E-01  0.000000E+00
  9.730790E-03  2.493664E-02  5.000000E-01  9.829068E-03  2.536858E-02  0.000000E+00  1.911341E-02  2.291153E-02 -2.960353E-17  4.037428E-01  0.000000E+00
  6.996180E-03  2.125875E-02  5.000000E-01  7.066854E-03  2.165356E-02  0.000000E+00  1.455642E-02  2.156546E-02 -2.961368E-17  6.089648E-01  0.000000E+00
  4.781010E-03  1.756481E-02  5.000000E-01  4.829323E-03  1.792234E-02  0.000000E+00  1.047451E-02  1.927543E-02 -2.267024E-17  7.884406E-01  0.000000E+00
  3.054950E-03  1.395987E-02  5.000000E-01  3.085840E-03  1.428100E-02  0.000000E+00  7.047203E-03  1.639179E-02 -2.010899E-17  9.387910E-01  0.000000E+00
  1.789910E-03  1.054871E-02  5.000000E-01  1.808030E-03  1.083541E-02  0.000000E+00  4.335176E-03  1.313711E-02 -2.240580E-17  1.056754E+00  0.000000E+00
  9.331870E-04  7.450698E-03  5.000000E-01  9.426593E-04  7.706129E-03  0.000000E+00  2.352965E-03  9.631613E-03 -2.412606E-17  1.138862E+00  0.000000E+00
  4.085430E-04  4.783922E-03  5.000000E-01  4.127194E-04  5.012435E-03  0.000000E+00  1.032667E-03  5.972328E-03 -2.600950E-17  1.187552E+00  0.000000E+00
  1.354760E-04  2.642977E-03  5.000000E-01  1.368959E-04  2.849878E-03  0.000000E+00  2.689704E-04  2.189511E-03 -3.157603E-17  1.209682E+00  0.000000E+00
  2.683130E-05  1.084251E-03  5.000000E-01  2.715455E-05  1.275418E-03  0.000000E+00 -3.216828E-05 -1.733291E-03 -3.966363E-17  1.211806E+00  0.000000E+00
  1.320070E-06  1.384549E-04  5.000000E-01  1.385806E-06  3.200749E-04  0.000000E+00 -7.862524E-05 -5.450447E-03 -4.371043E-17  1.193298E+00  0.000000E+00
 -5.188750E-08 -1.784213E-04  5.000000E-01  0.000000E+00  0.000000E+00  0.000000E+00 -3.809961E-05 -7.839058E-03 -3.830897E-17  1.172119E+00  0.000000E+00
  2.733630E-06 -5.104070E-04  5.000000E-01  2.813635E-06 -3.353368E-04  0.000000E+00  2.302498E-04 -9.732264E-03 -2.638652E-17  1.170972E+00  0.000000E+00
    1    2
    2    3
    3    4
    4    5
    5    6
    6    7
    7    8
    8    9
    9   10
   10   11
   11   12
   12   13
   13   14
   14   15
   15   16
   16   17
   17   18
   18   19
   19   20
   20   21
   21   22
   22   23
   23   24
   25   26
   26   27
   27   28
   28   29
   29   30
   30   31
   31   32
   32   33
   33   34
   34   35
   35   36
   36   37
   37   38
   38   39
   39   40
   40   41
   41   42
   42   43
   43   44
   44   45
   45   46
   46   47
   47   48
   49   50
   50   51
   51   52
   52   53
   53   54
   54   55
   55   56
   56   57
   57   58
   58   59
   59   60
   60   61
   61   62
   62   63
   63   64
   64   65
   65   66
   66   67
   67   68
   68   69
   69   70
   70   71
   71   72
   73   74
   74   75
   75   76
   76   77
   77   78
   78   79
   79   80
   80   81
   81   82
   82   83
   83   84
   84   85
   85   86
   86   87
   87   88
   88   89
   89   90
   90   91
   91   92
   92   93
   93   94
   94   95
   95   96
   97   98
   98   99
   99  100
  100  101
  101  102
  102  103
  103  104
  104  105
  105  106
  106  107
  107  108
  108  109
  109  110
  110  111
  111  112
  112  113
  113  114
  114  115
  115  116
  116  117
  117  118
  118  119
  119  120
  121  122
  122  123
  123  124
  124  125
  125  126
  126  127
  127  128
  128  129
  129  130
  130  131
  131  132
  132  133
  133  134
  134  135
  135  136
  136  137
  137  138
  138  139
  139  140
  140  141
  141  142
  142  143
  143  144
  145  146
  146  147
  147  148
  148  149
  149  150
  150  151
  151  152
  152  153
  153  154
  154  155
  155  156
  156  157
  157  158
  158  159
  159  160
  160  161
  161  162
  162  163
  163  164
  164  165
  165  166
  166  167
  167  168
  169  170
  170  171
  171  172
  172  173
  173  174
  174  175
  175  176
  176  177
  177  178
  178  179
  179  180
  180  181
  181  182
  182  183
  183  184
  184  185
  185  186
  186  187
  187  188
  188  189
  189  190
  190  191
  191  192
