 Title = "ADflow Slice Data"
Variables =  "CoordinateX"  "CoordinateY"  "CoordinateZ"  "XoC"  "YoC"  "ZoC" "VelocityX" "VelocityY" "VelocityZ" "CoefPressure" "Mach" 
Zone T= "Slice_0001 None Absolute Regular z = 0.50000000"
 Nodes =          192  Elements=          184  ZONETYPE=FELINESEG
 DATAPACKING=POINT
  5.560760E-01 -1.893801E-02  5.000000E-01  5.616895E-01 -1.895570E-02  0.000000E+00  1.506976E-02  1.098118E-03 -1.006314E-18 -1.688960E-01  0.000000E+00
  5.770550E-01 -1.737455E-02  5.000000E-01  5.828802E-01 -1.737646E-02  0.000000E+00  1.470171E-02  1.131744E-03 -7.923000E-19 -1.387163E-01  0.000000E+00
  5.977760E-01 -1.573256E-02  5.000000E-01  6.038104E-01 -1.571789E-02  0.000000E+00  1.434215E-02  1.180660E-03  2.651296E-18 -1.169879E-01  0.000000E+00
  6.181820E-01 -1.398932E-02  5.000000E-01  6.244224E-01 -1.395706E-02  0.000000E+00  1.385715E-02  1.235936E-03  2.394965E-18 -9.819629E-02  0.000000E+00
  6.382180E-01 -1.212147E-02  5.000000E-01  6.446607E-01 -1.207034E-02  0.000000E+00  1.317076E-02  1.283084E-03  5.512811E-21 -7.578644E-02  0.000000E+00
  6.578350E-01 -1.011886E-02  5.000000E-01  6.644757E-01 -1.004752E-02  0.000000E+00  1.228000E-02  1.305516E-03 -1.378810E-18 -4.549826E-02  0.000000E+00
  6.769910E-01 -7.991637E-03  5.000000E-01  6.838251E-01 -7.898823E-03  0.000000E+00  1.123087E-02  1.292843E-03 -1.229247E-18 -7.156254E-03  0.000000E+00
  6.956490E-01 -5.759775E-03  5.000000E-01  7.026714E-01 -5.644431E-03  0.000000E+00  1.008499E-02  1.241666E-03 -4.014933E-20  3.651589E-02  0.000000E+00
  7.137810E-01 -3.456994E-03  5.000000E-01  7.209864E-01 -3.318404E-03  0.000000E+00  8.899413E-03  1.153087E-03  3.047602E-19  8.234061E-02  0.000000E+00
  7.313660E-01 -1.128209E-03  5.000000E-01  7.387490E-01 -9.661103E-04  0.000000E+00  7.716722E-03  1.035042E-03  7.920297E-19  1.277309E-01  0.000000E+00
  7.483850E-01  1.186874E-03  5.000000E-01  7.559398E-01  1.372342E-03  0.000000E+00  6.571996E-03  9.016659E-04  1.021156E-18  1.709691E-01  0.000000E+00
  7.648220E-01  3.462551E-03  5.000000E-01  7.725427E-01  3.670992E-03  0.000000E+00  5.510222E-03  7.673045E-04 -1.399498E-21  2.111431E-01  0.000000E+00
  7.806630E-01  5.681242E-03  5.000000E-01  7.885436E-01  5.912080E-03  0.000000E+00  4.600755E-03  6.375948E-04 -1.938858E-18  2.485876E-01  0.000000E+00
  7.958970E-01  7.775113E-03  5.000000E-01  8.039314E-01  8.027087E-03  0.000000E+00  3.936016E-03  5.120506E-04 -1.811589E-18  2.848587E-01  0.000000E+00
  8.105170E-01  9.560875E-03  5.000000E-01  8.186990E-01  9.830876E-03  0.000000E+00  3.578356E-03  3.983594E-04 -2.632119E-19  3.172676E-01  0.000000E+00
  8.245160E-01  1.094703E-02  5.000000E-01  8.328393E-01  1.123102E-02  0.000000E+00  3.514849E-03  3.039988E-04  1.577430E-18  3.404570E-01  0.000000E+00
  8.378940E-01  1.193171E-02  5.000000E-01  8.463523E-01  1.222564E-02  0.000000E+00  3.684540E-03  2.241944E-04  1.331625E-18  3.539106E-01  0.000000E+00
  8.506490E-01  1.255743E-02  5.000000E-01  8.592361E-01  1.285768E-02  0.000000E+00  4.021513E-03  1.498528E-04 -6.418185E-20  3.605884E-01  0.000000E+00
  8.627850E-01  1.288274E-02  5.000000E-01  8.714946E-01  1.318628E-02  0.000000E+00  4.471550E-03  7.378961E-05 -6.020668E-19  3.630239E-01  0.000000E+00
  8.743060E-01  1.296734E-02  5.000000E-01  8.831319E-01  1.327173E-02  0.000000E+00  4.990913E-03 -7.888599E-06 -1.169789E-18  3.623635E-01  0.000000E+00
  8.852170E-01  1.286291E-02  5.000000E-01  8.941530E-01  1.316625E-02  0.000000E+00  5.545227E-03 -9.657630E-05 -1.055711E-18  3.592484E-01  0.000000E+00
  8.955250E-01  1.261045E-02  5.000000E-01  9.045651E-01  1.291123E-02  0.000000E+00  6.110364E-03 -1.922793E-04 -3.339431E-19  3.542043E-01  0.000000E+00
  9.052400E-01  1.224290E-02  5.000000E-01  9.143782E-01  1.253998E-02  0.000000E+00  6.672998E-03 -2.949777E-04  2.141539E-20  3.476389E-01  0.000000E+00
  9.143710E-01  1.178591E-02  5.000000E-01  9.236013E-01  1.207837E-02  0.000000E+00  7.231931E-03 -4.074672E-04  5.178862E-19  3.399845E-01  0.000000E+00
  9.143710E-01  1.178591E-02  5.000000E-01  9.236013E-01  1.207837E-02  0.000000E+00  7.231931E-03 -4.074672E-04  5.178862E-19  3.399845E-01  0.000000E+00
  9.229270E-01  1.125434E-02  5.000000E-01  9.322437E-01  1.154144E-02  0.000000E+00  7.797514E-03 -5.352988E-04 -7.378373E-19  3.314803E-01  0.000000E+00
  9.309180E-01  1.065743E-02  5.000000E-01  9.403154E-01  1.093851E-02  0.000000E+00  8.387168E-03 -6.837581E-04 -1.996053E-18  3.218735E-01  0.000000E+00
  9.383550E-01  1.000381E-02  5.000000E-01  9.478274E-01  1.027828E-02  0.000000E+00  9.021650E-03 -8.577892E-04 -4.854818E-19  3.106989E-01  0.000000E+00
  9.452490E-01  9.302206E-03  5.000000E-01  9.547910E-01  9.569596E-03  0.000000E+00  9.724599E-03 -1.064152E-03  1.493119E-18  2.975717E-01  0.000000E+00
  9.516100E-01  8.561052E-03  5.000000E-01  9.612163E-01  8.820961E-03  0.000000E+00  1.052263E-02 -1.311482E-03  2.914249E-18  2.820926E-01  0.000000E+00
  9.574470E-01  7.789845E-03  5.000000E-01  9.671122E-01  8.041969E-03  0.000000E+00  1.144351E-02 -1.608675E-03  2.299992E-18  2.636606E-01  0.000000E+00
  9.627730E-01  6.999821E-03  5.000000E-01  9.724919E-01  7.243970E-03  0.000000E+00  1.251553E-02 -1.965261E-03 -6.828736E-18  2.415892E-01  0.000000E+00
  9.675950E-01  6.204409E-03  5.000000E-01  9.773626E-01  6.440528E-03  0.000000E+00  1.376993E-02 -2.390815E-03 -2.514028E-17  2.151584E-01  0.000000E+00
  9.719240E-01  5.418713E-03  5.000000E-01  9.817353E-01  5.646901E-03  0.000000E+00  1.524731E-02 -2.895627E-03 -2.512638E-17  1.835405E-01  0.000000E+00
  9.757700E-01  4.659151E-03  5.000000E-01  9.856201E-01  4.879671E-03  0.000000E+00  1.701138E-02 -3.496115E-03  5.482382E-17  1.459052E-01  0.000000E+00
  9.791410E-01  3.942251E-03  5.000000E-01  9.890252E-01  4.155534E-03  0.000000E+00  1.916165E-02 -4.217791E-03  2.464528E-16  1.013525E-01  0.000000E+00
  9.820450E-01  3.283923E-03  5.000000E-01  9.919585E-01  3.490561E-03  0.000000E+00  2.181645E-02 -5.092033E-03  3.201358E-16  4.853938E-02  0.000000E+00
  9.844890E-01  2.698941E-03  5.000000E-01  9.944272E-01  2.899673E-03  0.000000E+00  2.503993E-02 -6.143133E-03 -4.878441E-16 -1.423953E-02  0.000000E+00
  9.864800E-01  2.200624E-03  5.000000E-01  9.964383E-01  2.396326E-03  0.000000E+00  2.876047E-02 -7.326502E-03 -2.974314E-15 -8.742761E-02  0.000000E+00
  9.880230E-01  1.800703E-03  5.000000E-01  9.979968E-01  1.992368E-03  0.000000E+00  3.246505E-02 -8.443988E-03 -5.026173E-15 -1.779940E-01  0.000000E+00
  9.891220E-01  1.508427E-03  5.000000E-01  9.991069E-01  1.697141E-03  0.000000E+00  3.593493E-02 -9.727101E-03  4.524526E-15 -2.867759E-01  0.000000E+00
  9.897810E-01  1.330344E-03  5.000000E-01  9.997726E-01  1.517261E-03  0.000000E+00  5.277731E-02 -1.244119E-02  4.228062E-14 -3.055066E-01  0.000000E+00
  9.900000E-01  1.270562E-03  5.000000E-01  9.999938E-01  1.456876E-03  0.000000E+00  3.650589E-02 -2.259147E-03  4.617929E-14 -6.801704E-01  0.000000E+00
  9.900000E-01  1.680062E-03  5.000000E-01  9.999938E-01  1.870510E-03  0.000000E+00  2.126449E-03 -7.785249E-03  3.840685E-14 -9.795056E-01  0.000000E+00
  9.900000E-01  2.089563E-03  5.000000E-01  9.999938E-01  2.284144E-03  0.000000E+00 -5.415300E-04 -2.193521E-02  6.933327E-14 -8.242590E-01  0.000000E+00
  9.900000E-01  2.499063E-03  5.000000E-01  9.999938E-01  2.697778E-03  0.000000E+00 -1.399408E-04 -1.349274E-02  9.518400E-14 -7.965892E-01  0.000000E+00
  9.900000E-01  2.908548E-03  5.000000E-01  9.999938E-01  3.111397E-03  0.000000E+00  3.199544E-04 -8.317198E-03  1.140594E-13 -8.265242E-01  0.000000E+00
  9.900000E-01  3.318049E-03  5.000000E-01  9.999938E-01  3.525031E-03  0.000000E+00  4.464318E-03 -6.752667E-03  1.278655E-13 -7.912408E-01  0.000000E+00
  9.900000E-01  3.318049E-03  5.000000E-01  9.999938E-01  3.525031E-03  0.000000E+00  4.464318E-03 -6.752667E-03  1.278655E-13 -7.912408E-01  0.000000E+00
  9.897980E-01  3.422102E-03  5.000000E-01  9.997897E-01  3.630134E-03  0.000000E+00  5.426588E-03 -3.333236E-03  1.199303E-13 -7.430379E-01  0.000000E+00
  9.891900E-01  3.734256E-03  5.000000E-01  9.991756E-01  3.945439E-03  0.000000E+00  1.116198E-03 -5.097328E-04  8.500146E-14 -7.511130E-01  0.000000E+00
  9.881780E-01  4.253824E-03  5.000000E-01  9.981534E-01  4.470252E-03  0.000000E+00 -1.276442E-03  6.579181E-04  4.659114E-14 -7.582451E-01  0.000000E+00
  9.867570E-01  4.979501E-03  5.000000E-01  9.967181E-01  5.203255E-03  0.000000E+00 -2.637382E-03  1.331796E-03  1.889232E-14 -7.651374E-01  0.000000E+00
  9.849260E-01  5.907769E-03  5.000000E-01  9.948686E-01  6.140894E-03  0.000000E+00 -3.242295E-03  1.633606E-03  4.438388E-15 -7.749598E-01  0.000000E+00
  9.826810E-01  7.032138E-03  5.000000E-01  9.926009E-01  7.276613E-03  0.000000E+00 -3.245471E-03  1.614958E-03 -7.567748E-16 -7.841409E-01  0.000000E+00
  9.800160E-01  8.342861E-03  5.000000E-01  9.899090E-01  8.600567E-03  0.000000E+00 -2.935980E-03  1.429572E-03 -1.493453E-15 -7.897369E-01  0.000000E+00
  9.769240E-01  9.825857E-03  5.000000E-01  9.867858E-01  1.009853E-02  0.000000E+00 -2.611244E-03  1.232330E-03 -9.051360E-16 -7.918991E-01  0.000000E+00
  9.733970E-01  1.145998E-02  5.000000E-01  9.832232E-01  1.174915E-02  0.000000E+00 -2.457527E-03  1.111146E-03 -3.293126E-16 -7.926426E-01  0.000000E+00
  9.694240E-01  1.321873E-02  5.000000E-01  9.792101E-01  1.352565E-02  0.000000E+00 -2.533063E-03  1.089557E-03 -4.903745E-17 -7.938834E-01  0.000000E+00
  9.649940E-01  1.507537E-02  5.000000E-01  9.747354E-01  1.540104E-02  0.000000E+00 -2.834709E-03  1.160249E-03  2.748002E-17 -7.952645E-01  0.000000E+00
  9.600960E-01  1.700973E-02  5.000000E-01  9.697879E-01  1.735492E-02  0.000000E+00 -3.353759E-03  1.293154E-03  2.576254E-17 -7.957444E-01  0.000000E+00
  9.547180E-01  1.900163E-02  5.000000E-01  9.643556E-01  1.936693E-02  0.000000E+00 -3.945499E-03  1.402845E-03  1.218152E-17 -8.035801E-01  0.000000E+00
  9.488510E-01  2.103171E-02  5.000000E-01  9.584294E-01  2.141750E-02  0.000000E+00 -4.020989E-03  1.309398E-03  4.999031E-18 -8.424320E-01  0.000000E+00
  9.424820E-01  2.308472E-02  5.000000E-01  9.519961E-01  2.349124E-02  0.000000E+00 -2.414796E-03  7.381568E-04  4.648735E-18 -9.303933E-01  0.000000E+00
  9.356020E-01  2.515021E-02  5.000000E-01  9.450467E-01  2.557758E-02  0.000000E+00  2.130756E-03 -5.681911E-04  1.106241E-17 -1.047660E+00  0.000000E+00
  9.282010E-01  2.722203E-02  5.000000E-01  9.375709E-01  2.767032E-02  0.000000E+00  9.521713E-03 -2.490368E-03  2.284775E-17 -1.144373E+00  0.000000E+00
  9.202710E-01  2.929511E-02  5.000000E-01  9.295609E-01  2.976432E-02  0.000000E+00  1.725850E-02 -4.298581E-03  3.421682E-17 -1.187408E+00  0.000000E+00
  9.118010E-01  3.135727E-02  5.000000E-01  9.210054E-01  3.184730E-02  0.000000E+00  2.233934E-02 -5.231489E-03  3.792275E-17 -1.183258E+00  0.000000E+00
  9.027810E-01  3.339252E-02  5.000000E-01  9.118943E-01  3.390310E-02  0.000000E+00  2.407472E-02 -5.230598E-03  3.304922E-17 -1.155958E+00  0.000000E+00
  8.932000E-01  3.538518E-02  5.000000E-01  9.022166E-01  3.591587E-02  0.000000E+00  2.385446E-02 -4.758457E-03  2.428385E-17 -1.121922E+00  0.000000E+00
  8.830490E-01  3.731703E-02  5.000000E-01  8.919632E-01  3.786722E-02  0.000000E+00  2.315892E-02 -4.203947E-03  1.750797E-17 -1.086564E+00  0.000000E+00
  8.723190E-01  3.916720E-02  5.000000E-01  8.811248E-01  3.973607E-02  0.000000E+00  2.262670E-02 -3.699346E-03  1.393851E-17 -1.050536E+00  0.000000E+00
  8.723190E-01  3.916720E-02  5.000000E-01  8.811248E-01  3.973607E-02  0.000000E+00  2.262670E-02 -3.699346E-03  1.393851E-17 -1.050536E+00  0.000000E+00
  8.610010E-01  4.091512E-02  5.000000E-01  8.696926E-01  4.150163E-02  0.000000E+00  2.228053E-02 -3.242110E-03  1.152886E-17 -1.013607E+00  0.000000E+00
  8.490890E-01  4.254168E-02  5.000000E-01  8.576603E-01  4.314461E-02  0.000000E+00  2.196009E-02 -2.806811E-03  9.408041E-18 -9.758606E-01  0.000000E+00
  8.365770E-01  4.403119E-02  5.000000E-01  8.450220E-01  4.464916E-02  0.000000E+00  2.154767E-02 -2.389129E-03  8.239389E-18 -9.382524E-01  0.000000E+00
  8.234620E-01  4.537744E-02  5.000000E-01  8.317746E-01  4.600900E-02  0.000000E+00  2.101558E-02 -2.008308E-03  9.334736E-18 -9.030366E-01  0.000000E+00
  8.097400E-01  4.658998E-02  5.000000E-01  8.179141E-01  4.723378E-02  0.000000E+00  2.039846E-02 -1.698544E-03  1.008780E-17 -8.740557E-01  0.000000E+00
  7.954150E-01  4.770597E-02  5.000000E-01  8.034445E-01  4.836103E-02  0.000000E+00  1.976215E-02 -1.501060E-03  9.866826E-18 -8.562670E-01  0.000000E+00
  7.804870E-01  4.880368E-02  5.000000E-01  7.883658E-01  4.946983E-02  0.000000E+00  1.921009E-02 -1.442937E-03  9.202814E-18 -8.530957E-01  0.000000E+00
  7.649630E-01  4.999103E-02  5.000000E-01  7.726851E-01  5.066916E-02  0.000000E+00  1.890089E-02 -1.496137E-03  6.261642E-18 -8.621513E-01  0.000000E+00
  7.488530E-01  5.131130E-02  5.000000E-01  7.564125E-01  5.200276E-02  0.000000E+00  1.893024E-02 -1.609301E-03  1.901556E-18 -8.777684E-01  0.000000E+00
  7.321700E-01  5.278125E-02  5.000000E-01  7.395611E-01  5.348755E-02  0.000000E+00  1.924095E-02 -1.757427E-03 -2.870379E-18 -8.959927E-01  0.000000E+00
  7.149290E-01  5.441048E-02  5.000000E-01  7.221460E-01  5.513323E-02  0.000000E+00  1.971191E-02 -1.921971E-03 -8.243240E-18 -9.140248E-01  0.000000E+00
  6.971500E-01  5.619575E-02  5.000000E-01  7.041876E-01  5.693651E-02  0.000000E+00  2.024295E-02 -2.077927E-03 -1.212144E-17 -9.292800E-01  0.000000E+00
  6.788570E-01  5.811410E-02  5.000000E-01  6.857099E-01  5.887423E-02  0.000000E+00  2.078218E-02 -2.193943E-03 -1.562908E-17 -9.391613E-01  0.000000E+00
  6.600760E-01  6.011226E-02  5.000000E-01  6.667393E-01  6.089256E-02  0.000000E+00  2.129882E-02 -2.242497E-03 -1.851176E-17 -9.418780E-01  0.000000E+00
  6.408370E-01  6.211856E-02  5.000000E-01  6.473061E-01  6.291912E-02  0.000000E+00  2.174439E-02 -2.221271E-03 -1.986781E-17 -9.379135E-01  0.000000E+00
  6.211780E-01  6.408508E-02  5.000000E-01  6.274486E-01  6.490548E-02  0.000000E+00  2.208767E-02 -2.144920E-03 -1.996090E-17 -9.289763E-01  0.000000E+00
  6.011430E-01  6.597254E-02  5.000000E-01  6.072114E-01  6.681200E-02  0.000000E+00  2.234601E-02 -2.024935E-03 -1.778668E-17 -9.162850E-01  0.000000E+00
  5.807790E-01  6.774511E-02  5.000000E-01  5.866418E-01  6.860246E-02  0.000000E+00  2.254950E-02 -1.872641E-03 -1.634696E-17 -9.008061E-01  0.000000E+00
  5.601410E-01  6.937699E-02  5.000000E-01  5.657955E-01  7.025082E-02  0.000000E+00  2.272414E-02 -1.696931E-03 -1.497509E-17 -8.832434E-01  0.000000E+00
  5.392850E-01  7.084370E-02  5.000000E-01  5.447290E-01  7.173233E-02  0.000000E+00  2.288436E-02 -1.504545E-03 -1.282881E-17 -8.642226E-01  0.000000E+00
  5.182680E-01  7.212948E-02  5.000000E-01  5.234998E-01  7.303109E-02  0.000000E+00  2.302956E-02 -1.306184E-03 -1.089767E-17 -8.447028E-01  0.000000E+00
  4.971500E-01  7.323295E-02  5.000000E-01  5.021686E-01  7.414570E-02  0.000000E+00  2.316651E-02 -1.108855E-03 -9.224623E-18 -8.253543E-01  0.000000E+00
  4.759900E-01  7.415324E-02  5.000000E-01  4.807950E-01  7.507528E-02  0.000000E+00  2.331106E-02 -9.126257E-04 -8.099092E-18 -8.062925E-01  0.000000E+00
  2.733630E-06 -4.854489E-04  5.000000E-01  2.813636E-06 -3.168618E-04  0.000000E+00  4.688168E-04 -1.840825E-02  2.140813E-19  1.096918E+00  0.000000E+00
  4.455870E-05 -1.426164E-03  5.000000E-01  4.506092E-05 -1.267073E-03  0.000000E+00  2.259580E-03 -2.190876E-02  2.679307E-17  1.067590E+00  0.000000E+00
  2.731490E-04 -2.958201E-03  5.000000E-01  2.759588E-04 -2.814576E-03  0.000000E+00  6.595003E-03 -2.486251E-02  4.042706E-17  9.467615E-01  0.000000E+00
  9.950900E-04 -4.912448E-03  5.000000E-01  1.005188E-03 -4.788550E-03  0.000000E+00  1.278006E-02 -2.522012E-02  4.119307E-17  7.369288E-01  0.000000E+00
  2.349870E-03 -6.986845E-03  5.000000E-01  2.373644E-03 -6.883888E-03  0.000000E+00  1.847048E-02 -2.401492E-02  3.845587E-17  5.277821E-01  0.000000E+00
  4.254460E-03 -9.114618E-03  5.000000E-01  4.297460E-03 -9.033139E-03  0.000000E+00  2.308489E-02 -2.269816E-02  2.534584E-17  3.564469E-01  0.000000E+00
  6.687140E-03 -1.123718E-02  5.000000E-01  6.754697E-03 -1.117712E-02  0.000000E+00  2.708396E-02 -2.121157E-02  3.961934E-18  1.938078E-01  0.000000E+00
  9.634000E-03 -1.331700E-02  5.000000E-01  9.731305E-03 -1.327794E-02  0.000000E+00  3.034666E-02 -1.921135E-02 -8.453854E-18  2.855337E-02  0.000000E+00
  1.310530E-02 -1.528650E-02  5.000000E-01  1.323765E-02 -1.526732E-02  0.000000E+00  3.257726E-02 -1.655942E-02 -1.544947E-18 -1.352895E-01  0.000000E+00
  1.710810E-02 -1.709398E-02  5.000000E-01  1.728085E-02 -1.709305E-02  0.000000E+00  3.384237E-02 -1.378692E-02  2.426315E-17 -2.753265E-01  0.000000E+00
  2.163760E-02 -1.874005E-02  5.000000E-01  2.185608E-02 -1.875573E-02  0.000000E+00  3.453206E-02 -1.137111E-02  5.621537E-17 -3.821978E-01  0.000000E+00
  2.669190E-02 -2.023437E-02  5.000000E-01  2.696140E-02 -2.026515E-02  0.000000E+00  3.479128E-02 -9.238923E-03  7.912788E-17 -4.683820E-01  0.000000E+00
  3.228310E-02 -2.155282E-02  5.000000E-01  3.260904E-02 -2.159690E-02  0.000000E+00  3.457833E-02 -7.266815E-03  8.978141E-17 -5.435649E-01  0.000000E+00
  3.842170E-02 -2.268332E-02  5.000000E-01  3.880961E-02 -2.273881E-02  0.000000E+00  3.397612E-02 -5.531115E-03  9.145221E-17 -6.067029E-01  0.000000E+00
  4.511710E-02 -2.362663E-02  5.000000E-01  4.557260E-02 -2.369165E-02  0.000000E+00  3.311282E-02 -4.077764E-03  8.542410E-17 -6.565322E-01  0.000000E+00
  5.237940E-02 -2.438808E-02  5.000000E-01  5.290821E-02 -2.446078E-02  0.000000E+00  3.211057E-02 -2.911567E-03  7.549557E-17 -6.926449E-01  0.000000E+00
  6.021800E-02 -2.498335E-02  5.000000E-01  6.082593E-02 -2.506206E-02  0.000000E+00  3.108772E-02 -2.024690E-03  6.525996E-17 -7.149899E-01  0.000000E+00
  6.864140E-02 -2.543768E-02  5.000000E-01  6.933437E-02 -2.552097E-02  0.000000E+00  3.009496E-02 -1.372827E-03  5.416387E-17 -7.251792E-01  0.000000E+00
  7.765990E-02 -2.577208E-02  5.000000E-01  7.844390E-02 -2.585876E-02  0.000000E+00  2.911761E-02 -9.050545E-04  4.409871E-17 -7.250198E-01  0.000000E+00
  8.728340E-02 -2.601170E-02  5.000000E-01  8.816455E-02 -2.610079E-02  0.000000E+00  2.810557E-02 -5.944374E-04  3.547224E-17 -7.148808E-01  0.000000E+00
  9.752070E-02 -2.618870E-02  5.000000E-01  9.850519E-02 -2.627958E-02  0.000000E+00  2.693486E-02 -4.146971E-04  2.864034E-17 -6.947116E-01  0.000000E+00
  1.083810E-01 -2.633502E-02  5.000000E-01  1.094751E-01 -2.642738E-02  0.000000E+00  2.544761E-02 -3.390589E-04  2.412437E-17 -6.638708E-01  0.000000E+00
  1.198710E-01 -2.648640E-02  5.000000E-01  1.210811E-01 -2.658029E-02  0.000000E+00  2.359205E-02 -3.459804E-04  1.913656E-17 -6.205743E-01  0.000000E+00
  1.319970E-01 -2.668270E-02  5.000000E-01  1.333295E-01 -2.677857E-02  0.000000E+00  2.155266E-02 -4.096784E-04  1.415259E-17 -5.630991E-01  0.000000E+00
  1.319970E-01 -2.668270E-02  5.000000E-01  1.333295E-01 -2.677857E-02  0.000000E+00  2.155266E-02 -4.096784E-04  1.415259E-17 -5.630991E-01  0.000000E+00
  1.447640E-01 -2.696132E-02  5.000000E-01  1.462254E-01 -2.706000E-02  0.000000E+00  1.976619E-02 -5.081655E-04  1.059852E-17 -4.920298E-01  0.000000E+00
  1.581750E-01 -2.735662E-02  5.000000E-01  1.597718E-01 -2.745929E-02  0.000000E+00  1.872841E-02 -6.319538E-04  8.343186E-18 -4.137691E-01  0.000000E+00
  1.722290E-01 -2.788903E-02  5.000000E-01  1.739676E-01 -2.799707E-02  0.000000E+00  1.868993E-02 -7.703564E-04  7.257108E-18 -3.426467E-01  0.000000E+00
  1.869240E-01 -2.854545E-02  5.000000E-01  1.888110E-01 -2.866012E-02  0.000000E+00  1.950108E-02 -8.789563E-04  3.427952E-18 -2.970613E-01  0.000000E+00
  2.022540E-01 -2.925354E-02  5.000000E-01  2.042957E-01 -2.937536E-02  0.000000E+00  2.070069E-02 -8.549457E-04  5.395842E-19 -2.906578E-01  0.000000E+00
  2.182110E-01 -2.985071E-02  5.000000E-01  2.204138E-01 -2.997856E-02  0.000000E+00  2.180063E-02 -6.404110E-04  8.585195E-19 -3.199746E-01  0.000000E+00
  2.347810E-01 -3.020984E-02  5.000000E-01  2.371511E-01 -3.034131E-02  0.000000E+00  2.250770E-02 -3.186952E-04  2.163344E-18 -3.638154E-01  0.000000E+00
  2.519470E-01 -3.032074E-02  5.000000E-01  2.544904E-01 -3.045333E-02  0.000000E+00  2.265638E-02  6.017249E-06  2.932140E-18 -4.015957E-01  0.000000E+00
  2.696890E-01 -3.019190E-02  5.000000E-01  2.724115E-01 -3.032319E-02  0.000000E+00  2.219428E-02  2.808597E-04  2.206814E-18 -4.224480E-01  0.000000E+00
  2.879810E-01 -2.985435E-02  5.000000E-01  2.908881E-01 -2.998223E-02  0.000000E+00  2.128946E-02  4.663361E-04  1.065172E-18 -4.216998E-01  0.000000E+00
  3.067920E-01 -2.936922E-02  5.000000E-01  3.098890E-01 -2.949220E-02  0.000000E+00  2.029120E-02  5.431650E-04 -1.490405E-19 -4.002490E-01  0.000000E+00
  3.260870E-01 -2.882756E-02  5.000000E-01  3.293788E-01 -2.894508E-02  0.000000E+00  1.955551E-02  5.223108E-04  1.773207E-19 -3.651900E-01  0.000000E+00
  3.458260E-01 -2.832856E-02  5.000000E-01  3.493171E-01 -2.844104E-02  0.000000E+00  1.923221E-02  4.648826E-04 -1.273847E-19 -3.302449E-01  0.000000E+00
  3.659650E-01 -2.787197E-02  5.000000E-01  3.696594E-01 -2.797984E-02  0.000000E+00  1.924833E-02  4.397444E-04 -2.932666E-19 -3.082240E-01  0.000000E+00
  3.864540E-01 -2.740684E-02  5.000000E-01  3.903552E-01 -2.751002E-02  0.000000E+00  1.943956E-02  4.693618E-04  5.055257E-19 -3.023770E-01  0.000000E+00
  4.072410E-01 -2.687812E-02  5.000000E-01  4.113520E-01 -2.697596E-02  0.000000E+00  1.960220E-02  5.521119E-04  2.070695E-18 -3.081697E-01  0.000000E+00
  4.282690E-01 -2.623000E-02  5.000000E-01  4.325923E-01 -2.632130E-02  0.000000E+00  1.952257E-02  6.797779E-04  4.563122E-19 -3.178466E-01  0.000000E+00
  4.494800E-01 -2.540499E-02  5.000000E-01  4.540174E-01 -2.548796E-02  0.000000E+00  1.906878E-02  8.240754E-04 -1.600576E-18 -3.222987E-01  0.000000E+00
  4.708130E-01 -2.438303E-02  5.000000E-01  4.755658E-01 -2.445568E-02  0.000000E+00  1.827265E-02  9.412723E-04 -3.498940E-19 -3.132527E-01  0.000000E+00
  4.922030E-01 -2.319396E-02  5.000000E-01  4.971717E-01 -2.325461E-02  0.000000E+00  1.729823E-02  1.013352E-03  3.853380E-20 -2.879486E-01  0.000000E+00
  5.135860E-01 -2.187023E-02  5.000000E-01  5.187705E-01 -2.191751E-02  0.000000E+00  1.635081E-02  1.052941E-03  4.747950E-20 -2.503203E-01  0.000000E+00
  5.348990E-01 -2.044132E-02  5.000000E-01  5.402987E-01 -2.047418E-02  0.000000E+00  1.559226E-02  1.076443E-03  1.155417E-19 -2.079258E-01  0.000000E+00
  5.560760E-01 -1.893801E-02  5.000000E-01  5.616895E-01 -1.895570E-02  0.000000E+00  1.506976E-02  1.098118E-03 -1.006314E-18 -1.688960E-01  0.000000E+00
  4.759900E-01  7.415324E-02  5.000000E-01  4.807950E-01  7.507528E-02  0.000000E+00  2.331106E-02 -9.126257E-04 -8.099092E-18 -8.062925E-01  0.000000E+00
  4.548480E-01  7.488930E-02  5.000000E-01  4.594396E-01  7.581877E-02  0.000000E+00  2.347055E-02 -7.171592E-04 -7.980417E-18 -7.874777E-01  0.000000E+00
  4.337860E-01  7.544303E-02  5.000000E-01  4.381650E-01  7.637809E-02  0.000000E+00  2.364653E-02 -5.191980E-04 -8.450603E-18 -7.684952E-01  0.000000E+00
  4.128620E-01  7.581238E-02  5.000000E-01  4.170298E-01  7.675117E-02  0.000000E+00  2.384052E-02 -3.071902E-04 -8.456075E-18 -7.482131E-01  0.000000E+00
  3.921340E-01  7.598195E-02  5.000000E-01  3.960925E-01  7.692245E-02  0.000000E+00  2.403878E-02 -7.017123E-05 -7.914543E-18 -7.254562E-01  0.000000E+00
  3.716590E-01  7.593523E-02  5.000000E-01  3.754108E-01  7.687526E-02  0.000000E+00  2.421042E-02  1.952686E-04 -7.071313E-18 -6.995941E-01  0.000000E+00
  3.514890E-01  7.565718E-02  5.000000E-01  3.550372E-01  7.659441E-02  0.000000E+00  2.432475E-02  4.879281E-04 -7.315820E-18 -6.704952E-01  0.000000E+00
  3.316730E-01  7.513674E-02  5.000000E-01  3.350212E-01  7.606871E-02  0.000000E+00  2.435633E-02  8.002305E-04 -7.219268E-18 -6.387894E-01  0.000000E+00
  3.122580E-01  7.437098E-02  5.000000E-01  3.154102E-01  7.529522E-02  0.000000E+00  2.428064E-02  1.110547E-03 -6.595178E-18 -6.063817E-01  0.000000E+00
  2.932850E-01  7.338218E-02  5.000000E-01  2.962457E-01  7.429644E-02  0.000000E+00  2.409348E-02  1.396723E-03 -5.890590E-18 -5.754717E-01  0.000000E+00
  2.747930E-01  7.220017E-02  5.000000E-01  2.775670E-01  7.310249E-02  0.000000E+00  2.382348E-02  1.653832E-03 -4.350475E-18 -5.471735E-01  0.000000E+00
  2.568150E-01  7.085186E-02  5.000000E-01  2.594075E-01  7.174057E-02  0.000000E+00  2.350892E-02  1.886932E-03 -3.768144E-18 -5.217874E-01  0.000000E+00
  2.393810E-01  6.936003E-02  5.000000E-01  2.417975E-01  7.023369E-02  0.000000E+00  2.318417E-02  2.103974E-03 -2.935940E-18 -4.995321E-01  0.000000E+00
  2.225160E-01  6.774328E-02  5.000000E-01  2.247623E-01  6.860061E-02  0.000000E+00  2.287671E-02  2.310821E-03 -1.790390E-18 -4.816320E-01  0.000000E+00
  2.062420E-01  6.601594E-02  5.000000E-01  2.083240E-01  6.685583E-02  0.000000E+00  2.258942E-02  2.479173E-03 -1.609916E-18 -4.729306E-01  0.000000E+00
  1.905750E-01  6.423464E-02  5.000000E-01  1.924988E-01  6.505655E-02  0.000000E+00  2.234306E-02  2.552252E-03 -1.188325E-18 -4.807037E-01  0.000000E+00
  1.755290E-01  6.250286E-02  5.000000E-01  1.773010E-01  6.330729E-02  0.000000E+00  2.228456E-02  2.549747E-03 -1.450627E-20 -5.055784E-01  0.000000E+00
  1.611160E-01  6.086319E-02  5.000000E-01  1.627425E-01  6.165107E-02  0.000000E+00  2.259558E-02  2.553148E-03 -6.137370E-19 -5.405556E-01  0.000000E+00
  1.473410E-01  5.931847E-02  5.000000E-01  1.488284E-01  6.009076E-02  0.000000E+00  2.331353E-02  2.610979E-03 -1.025970E-18 -5.779673E-01  0.000000E+00
  1.342110E-01  5.785143E-02  5.000000E-01  1.355659E-01  5.860891E-02  0.000000E+00  2.432372E-02  2.738462E-03  2.211167E-18 -6.122961E-01  0.000000E+00
  1.217280E-01  5.643667E-02  5.000000E-01  1.229569E-01  5.717987E-02  0.000000E+00  2.544886E-02  2.935608E-03  4.853821E-18 -6.408750E-01  0.000000E+00
  1.098910E-01  5.504861E-02  5.000000E-01  1.110004E-01  5.577779E-02  0.000000E+00  2.655590E-02  3.208005E-03  5.401766E-18 -6.627047E-01  0.000000E+00
  9.869950E-02  5.365850E-02  5.000000E-01  9.969589E-02  5.437365E-02  0.000000E+00  2.759445E-02  3.570991E-03  7.051870E-18 -6.774221E-01  0.000000E+00
  8.814970E-02  5.223994E-02  5.000000E-01  8.903960E-02  5.294077E-02  0.000000E+00  2.857852E-02  4.050527E-03  9.736166E-18 -6.845663E-01  0.000000E+00
  8.814970E-02  5.223994E-02  5.000000E-01  8.903960E-02  5.294077E-02  0.000000E+00  2.857852E-02  4.050527E-03  9.736166E-18 -6.845663E-01  0.000000E+00
  7.823720E-02  5.076528E-02  5.000000E-01  7.902703E-02  5.145122E-02  0.000000E+00  2.954867E-02  4.689509E-03  1.306679E-17 -6.828488E-01  0.000000E+00
  6.895800E-02  4.920311E-02  5.000000E-01  6.965416E-02  4.987329E-02  0.000000E+00  3.051668E-02  5.529890E-03  1.776320E-17 -6.707661E-01  0.000000E+00
  6.030560E-02  4.752722E-02  5.000000E-01  6.091442E-02  4.818048E-02  0.000000E+00  3.146683E-02  6.626022E-03  2.061374E-17 -6.458521E-01  0.000000E+00
  5.227560E-02  4.570514E-02  5.000000E-01  5.280336E-02  4.634000E-02  0.000000E+00  3.234005E-02  8.039057E-03  1.980805E-17 -6.045944E-01  0.000000E+00
  4.486350E-02  4.370601E-02  5.000000E-01  4.531644E-02  4.432069E-02  0.000000E+00  3.299542E-02  9.790149E-03  1.531984E-17 -5.439646E-01  0.000000E+00
  3.806240E-02  4.150767E-02  5.000000E-01  3.844668E-02  4.210016E-02  0.000000E+00  3.324811E-02  1.187679E-02  6.465276E-18 -4.600852E-01  0.000000E+00
  3.186880E-02  3.908562E-02  5.000000E-01  3.219056E-02  3.965366E-02  0.000000E+00  3.285448E-02  1.420709E-02 -2.194317E-18 -3.497631E-01  0.000000E+00
  2.627530E-02  3.643023E-02  5.000000E-01  2.654059E-02  3.697147E-02  0.000000E+00  3.156049E-02  1.655561E-02 -5.258833E-18 -2.122230E-01  0.000000E+00
  2.127350E-02  3.354393E-02  5.000000E-01  2.148830E-02  3.405603E-02  0.000000E+00  2.924039E-02  1.864774E-02 -6.999092E-18 -4.751667E-02  0.000000E+00
  1.685790E-02  3.043385E-02  5.000000E-01  1.702813E-02  3.091456E-02  0.000000E+00  2.594268E-02  2.012688E-02 -1.170435E-17  1.388054E-01  0.000000E+00
  1.301460E-02  2.713512E-02  5.000000E-01  1.314603E-02  2.758253E-02  0.000000E+00  2.192532E-02  2.070273E-02 -1.839173E-17  3.371574E-01  0.000000E+00
  9.730790E-03  2.369308E-02  5.000000E-01  9.829072E-03  2.410574E-02  0.000000E+00  1.758823E-02  2.030532E-02 -2.485316E-17  5.384878E-01  0.000000E+00
  6.996180E-03  2.016265E-02  5.000000E-01  7.066857E-03  2.053968E-02  0.000000E+00  1.333787E-02  1.891466E-02 -2.705235E-17  7.277853E-01  0.000000E+00
  4.781010E-03  1.663528E-02  5.000000E-01  4.829325E-03  1.697670E-02  0.000000E+00  9.487783E-03  1.662467E-02 -2.117203E-17  8.914509E-01  0.000000E+00
  3.054950E-03  1.320643E-02  5.000000E-01  3.085841E-03  1.351323E-02  0.000000E+00  6.196812E-03  1.365053E-02 -1.585814E-17  1.024898E+00  0.000000E+00
  1.789910E-03  9.971198E-03  5.000000E-01  1.808031E-03  1.024534E-02  0.000000E+00  3.553953E-03  1.012199E-02 -1.817119E-17  1.123508E+00  0.000000E+00
  9.331870E-04  7.038605E-03  5.000000E-01  9.426596E-04  7.283145E-03  0.000000E+00  1.621608E-03  6.120838E-03 -2.027336E-17  1.183554E+00  0.000000E+00
  4.085430E-04  4.517108E-03  5.000000E-01  4.127195E-04  4.736195E-03  0.000000E+00  3.815255E-04  1.736528E-03 -2.239413E-17  1.207879E+00  0.000000E+00
  1.354760E-04  2.493951E-03  5.000000E-01  1.368960E-04  2.692614E-03  0.000000E+00 -2.396700E-04 -2.993547E-03 -2.961231E-17  1.204194E+00  0.000000E+00
  2.683130E-05  1.021256E-03  5.000000E-01  2.715456E-05  1.205053E-03  0.000000E+00 -3.442465E-04 -8.062632E-03 -3.816297E-17  1.180845E+00  0.000000E+00
  1.320070E-06  1.276517E-04  5.000000E-01  1.385807E-06  3.024278E-04  0.000000E+00 -2.078531E-04 -1.298902E-02 -3.915653E-17  1.140481E+00  0.000000E+00
 -5.188750E-08 -1.717538E-04  5.000000E-01  0.000000E+00  0.000000E+00  0.000000E+00 -4.373878E-05 -1.611521E-02 -2.518463E-17  1.105510E+00  0.000000E+00
  2.733630E-06 -4.854489E-04  5.000000E-01  2.813636E-06 -3.168618E-04  0.000000E+00  4.688168E-04 -1.840825E-02  2.140813E-19  1.096918E+00  0.000000E+00
    1    2
    2    3
    3    4
    4    5
    5    6
    6    7
    7    8
    8    9
    9   10
   10   11
   11   12
   12   13
   13   14
   14   15
   15   16
   16   17
   17   18
   18   19
   19   20
   20   21
   21   22
   22   23
   23   24
   25   26
   26   27
   27   28
   28   29
   29   30
   30   31
   31   32
   32   33
   33   34
   34   35
   35   36
   36   37
   37   38
   38   39
   39   40
   40   41
   41   42
   42   43
   43   44
   44   45
   45   46
   46   47
   47   48
   49   50
   50   51
   51   52
   52   53
   53   54
   54   55
   55   56
   56   57
   57   58
   58   59
   59   60
   60   61
   61   62
   62   63
   63   64
   64   65
   65   66
   66   67
   67   68
   68   69
   69   70
   70   71
   71   72
   73   74
   74   75
   75   76
   76   77
   77   78
   78   79
   79   80
   80   81
   81   82
   82   83
   83   84
   84   85
   85   86
   86   87
   87   88
   88   89
   89   90
   90   91
   91   92
   92   93
   93   94
   94   95
   95   96
   97   98
   98   99
   99  100
  100  101
  101  102
  102  103
  103  104
  104  105
  105  106
  106  107
  107  108
  108  109
  109  110
  110  111
  111  112
  112  113
  113  114
  114  115
  115  116
  116  117
  117  118
  118  119
  119  120
  121  122
  122  123
  123  124
  124  125
  125  126
  126  127
  127  128
  128  129
  129  130
  130  131
  131  132
  132  133
  133  134
  134  135
  135  136
  136  137
  137  138
  138  139
  139  140
  140  141
  141  142
  142  143
  143  144
  145  146
  146  147
  147  148
  148  149
  149  150
  150  151
  151  152
  152  153
  153  154
  154  155
  155  156
  156  157
  157  158
  158  159
  159  160
  160  161
  161  162
  162  163
  163  164
  164  165
  165  166
  166  167
  167  168
  169  170
  170  171
  171  172
  172  173
  173  174
  174  175
  175  176
  176  177
  177  178
  178  179
  179  180
  180  181
  181  182
  182  183
  183  184
  184  185
  185  186
  186  187
  187  188
  188  189
  189  190
  190  191
  191  192
