 Title = "ADflow Slice Data"
Variables =  "CoordinateX"  "CoordinateY"  "CoordinateZ"  "XoC"  "YoC"  "ZoC" "VelocityX" "VelocityY" "VelocityZ" "CoefPressure" "Mach" 
Zone T= "Slice_0001 None Absolute Regular z = 0.50000000"
 Nodes =          192  Elements=          184  ZONETYPE=FELINESEG
 DATAPACKING=POINT
  5.560760E-01 -1.944393E-02  5.000000E-01  5.616894E-01 -1.946604E-02  0.000000E+00  1.287300E-02  1.115509E-03 -3.052357E-18 -4.594642E-01  0.000000E+00
  5.770550E-01 -1.763164E-02  5.000000E-01  5.828802E-01 -1.763546E-02  0.000000E+00  9.218220E-03  7.905316E-04 -2.255459E-18 -3.180027E-01  0.000000E+00
  5.977760E-01 -1.584421E-02  5.000000E-01  6.038104E-01 -1.582999E-02  0.000000E+00  7.244244E-03  6.423836E-04  1.592946E-18 -1.632258E-01  0.000000E+00
  6.181820E-01 -1.403158E-02  5.000000E-01  6.244224E-01 -1.399906E-02  0.000000E+00  6.677302E-03  6.260598E-04  1.121832E-18 -4.672386E-02  0.000000E+00
  6.382180E-01 -1.214476E-02  5.000000E-01  6.446606E-01 -1.209320E-02  0.000000E+00  6.795648E-03  6.721673E-04  9.521332E-19  7.213493E-03  0.000000E+00
  6.578350E-01 -1.015044E-02  5.000000E-01  6.644757E-01 -1.007874E-02  0.000000E+00  7.001744E-03  7.371013E-04  2.525376E-18  1.878690E-02  0.000000E+00
  6.769910E-01 -8.039593E-03  5.000000E-01  6.838250E-01 -7.946587E-03  0.000000E+00  6.977104E-03  7.913935E-04  2.414091E-19  2.544852E-02  0.000000E+00
  6.956490E-01 -5.821917E-03  5.000000E-01  7.026714E-01 -5.706524E-03  0.000000E+00  6.644270E-03  8.119757E-04 -2.167194E-18  4.836675E-02  0.000000E+00
  7.137810E-01 -3.524476E-03  5.000000E-01  7.209864E-01 -3.385891E-03  0.000000E+00  6.061918E-03  7.870640E-04 -4.103259E-18  8.614966E-02  0.000000E+00
  7.313660E-01 -1.187033E-03  5.000000E-01  7.387489E-01 -1.024853E-03  0.000000E+00  5.325685E-03  7.212502E-04 -3.266587E-18  1.282061E-01  0.000000E+00
  7.483850E-01  1.154150E-03  5.000000E-01  7.559397E-01  1.339964E-03  0.000000E+00  4.521648E-03  6.304806E-04 -1.714154E-19  1.673302E-01  0.000000E+00
  7.648220E-01  3.475228E-03  5.000000E-01  7.725427E-01  3.684473E-03  0.000000E+00  3.726431E-03  5.313457E-04  6.423775E-19  2.021462E-01  0.000000E+00
  7.806630E-01  5.759186E-03  5.000000E-01  7.885436E-01  5.991487E-03  0.000000E+00  3.022341E-03  4.325119E-04  4.268598E-18  2.343099E-01  0.000000E+00
  7.958970E-01  7.934691E-03  5.000000E-01  8.039313E-01  8.188952E-03  0.000000E+00  2.500391E-03  3.393125E-04  4.931247E-18  2.660142E-01  0.000000E+00
  8.105170E-01  9.806141E-03  5.000000E-01  8.186989E-01  1.007929E-02  0.000000E+00  2.222658E-03  2.608833E-04 -2.322807E-19  2.949797E-01  0.000000E+00
  8.245160E-01  1.127247E-02  5.000000E-01  8.328392E-01  1.156043E-02  0.000000E+00  2.186944E-03  2.011061E-04 -3.420553E-18  3.164365E-01  0.000000E+00
  8.378940E-01  1.232655E-02  5.000000E-01  8.463523E-01  1.262515E-02  0.000000E+00  2.348111E-03  1.535252E-04 -1.185590E-18  3.299287E-01  0.000000E+00
  8.506490E-01  1.300841E-02  5.000000E-01  8.592360E-01  1.331388E-02  0.000000E+00  2.656445E-03  1.086940E-04  1.776286E-19  3.379098E-01  0.000000E+00
  8.627850E-01  1.337583E-02  5.000000E-01  8.714946E-01  1.368502E-02  0.000000E+00  3.072046E-03  5.911883E-05 -8.701607E-19  3.422492E-01  0.000000E+00
  8.743060E-01  1.348874E-02  5.000000E-01  8.831319E-01  1.379907E-02  0.000000E+00  3.562308E-03  5.768060E-07 -2.920400E-18  3.436259E-01  0.000000E+00
  8.852170E-01  1.339961E-02  5.000000E-01  8.941530E-01  1.370903E-02  0.000000E+00  4.100255E-03 -6.851874E-05  5.300036E-19  3.424398E-01  0.000000E+00
  8.955250E-01  1.315054E-02  5.000000E-01  9.045651E-01  1.345746E-02  0.000000E+00  4.665682E-03 -1.483858E-04  4.157576E-18  3.390849E-01  0.000000E+00
  9.052400E-01  1.277583E-02  5.000000E-01  9.143781E-01  1.307896E-02  0.000000E+00  5.246104E-03 -2.391097E-04 -1.162968E-18  3.338783E-01  0.000000E+00
  9.143710E-01  1.230254E-02  5.000000E-01  9.236013E-01  1.260089E-02  0.000000E+00  5.838367E-03 -3.429478E-04 -3.158635E-18  3.271879E-01  0.000000E+00
  9.143710E-01  1.230254E-02  5.000000E-01  9.236013E-01  1.260089E-02  0.000000E+00  5.838367E-03 -3.429478E-04 -3.158635E-18  3.271879E-01  0.000000E+00
  9.229270E-01  1.174698E-02  5.000000E-01  9.322437E-01  1.203973E-02  0.000000E+00  6.448978E-03 -4.645810E-04 -2.208225E-19  3.192514E-01  0.000000E+00
  9.309180E-01  1.111985E-02  5.000000E-01  9.403153E-01  1.140626E-02  0.000000E+00  7.091085E-03 -6.088464E-04  1.657382E-18  3.098968E-01  0.000000E+00
  9.383550E-01  1.043121E-02  5.000000E-01  9.478274E-01  1.071067E-02  0.000000E+00  7.781561E-03 -7.805469E-04  1.589525E-18  2.987634E-01  0.000000E+00
  9.452490E-01  9.691195E-03  5.000000E-01  9.547910E-01  9.963188E-03  0.000000E+00  8.540554E-03 -9.862515E-04 -7.311455E-19  2.855440E-01  0.000000E+00
  9.516100E-01  8.909555E-03  5.000000E-01  9.612162E-01  9.173657E-03  0.000000E+00  9.391543E-03 -1.234378E-03 -2.559686E-18  2.699021E-01  0.000000E+00
  9.574470E-01  8.097001E-03  5.000000E-01  9.671121E-01  8.352900E-03  0.000000E+00  1.035972E-02 -1.533745E-03 -4.903334E-18  2.513081E-01  0.000000E+00
  9.627730E-01  7.265836E-03  5.000000E-01  9.724919E-01  7.513345E-03  0.000000E+00  1.147146E-02 -1.893867E-03 -6.763302E-18  2.291434E-01  0.000000E+00
  9.675950E-01  6.430462E-03  5.000000E-01  9.773626E-01  6.669539E-03  0.000000E+00  1.275694E-02 -2.324428E-03 -4.674253E-18  2.027544E-01  0.000000E+00
  9.719240E-01  5.606789E-03  5.000000E-01  9.817353E-01  5.837551E-03  0.000000E+00  1.425661E-02 -2.836122E-03 -7.573728E-19  1.713811E-01  0.000000E+00
  9.757700E-01  4.811902E-03  5.000000E-01  9.856201E-01  5.034640E-03  0.000000E+00  1.603361E-02 -3.445785E-03  3.221158E-18  1.342690E-01  0.000000E+00
  9.791410E-01  4.062880E-03  5.000000E-01  9.890251E-01  4.278057E-03  0.000000E+00  1.818205E-02 -4.178426E-03  3.057872E-18  9.062992E-02  0.000000E+00
  9.820450E-01  3.376060E-03  5.000000E-01  9.919584E-01  3.584304E-03  0.000000E+00  2.080002E-02 -5.061487E-03 -1.613077E-17  3.929999E-02  0.000000E+00
  9.844890E-01  2.766545E-03  5.000000E-01  9.944271E-01  2.968635E-03  0.000000E+00  2.390380E-02 -6.107179E-03 -7.428393E-17 -2.101675E-02  0.000000E+00
  9.864800E-01  2.247887E-03  5.000000E-01  9.964382E-01  2.444742E-03  0.000000E+00  2.733485E-02 -7.243738E-03 -1.522062E-16 -9.012441E-02  0.000000E+00
  9.880230E-01  1.831995E-03  5.000000E-01  9.979968E-01  2.024652E-03  0.000000E+00  3.042488E-02 -8.221937E-03 -5.520052E-17 -1.748330E-01  0.000000E+00
  9.891220E-01  1.528238E-03  5.000000E-01  9.991069E-01  1.717828E-03  0.000000E+00  3.265985E-02 -9.204933E-03  7.651256E-16 -2.758026E-01  0.000000E+00
  9.897810E-01  1.343230E-03  5.000000E-01  9.997725E-01  1.530953E-03  0.000000E+00  4.715969E-02 -1.158113E-02  2.899463E-15 -2.796812E-01  0.000000E+00
  9.900000E-01  1.281140E-03  5.000000E-01  9.999937E-01  1.468236E-03  0.000000E+00  3.257259E-02 -2.053684E-03  7.634571E-15 -6.313872E-01  0.000000E+00
  9.900000E-01  1.690699E-03  5.000000E-01  9.999937E-01  1.881930E-03  0.000000E+00  1.786287E-03 -7.620990E-03  2.193260E-14 -9.141617E-01  0.000000E+00
  9.900000E-01  2.100259E-03  5.000000E-01  9.999937E-01  2.295623E-03  0.000000E+00 -4.951807E-04 -2.064009E-02  4.171188E-14 -7.588154E-01  0.000000E+00
  9.900000E-01  2.509818E-03  5.000000E-01  9.999937E-01  2.709317E-03  0.000000E+00 -1.303237E-04 -1.196492E-02  5.694954E-14 -7.371621E-01  0.000000E+00
  9.900000E-01  2.919362E-03  5.000000E-01  9.999937E-01  3.122996E-03  0.000000E+00  3.193214E-04 -7.418194E-03  6.792513E-14 -7.722310E-01  0.000000E+00
  9.900000E-01  3.328922E-03  5.000000E-01  9.999937E-01  3.536689E-03  0.000000E+00  4.728328E-03 -6.743534E-03  7.663175E-14 -7.363978E-01  0.000000E+00
  9.900000E-01  3.328922E-03  5.000000E-01  9.999937E-01  3.536689E-03  0.000000E+00  4.728328E-03 -6.743534E-03  7.663175E-14 -7.363978E-01  0.000000E+00
  9.897980E-01  3.435171E-03  5.000000E-01  9.997897E-01  3.644011E-03  0.000000E+00  6.092585E-03 -3.757584E-03  7.297604E-14 -6.856224E-01  0.000000E+00
  9.891900E-01  3.753936E-03  5.000000E-01  9.991756E-01  3.965994E-03  0.000000E+00  2.092839E-03 -1.026375E-03  5.302589E-14 -6.935291E-01  0.000000E+00
  9.881780E-01  4.284509E-03  5.000000E-01  9.981534E-01  4.501922E-03  0.000000E+00 -1.368269E-04  7.618840E-05  3.055502E-14 -6.970781E-01  0.000000E+00
  9.867570E-01  5.025636E-03  5.000000E-01  9.967180E-01  5.250531E-03  0.000000E+00 -1.597785E-03  8.183272E-04  1.375423E-14 -6.996072E-01  0.000000E+00
  9.849260E-01  5.973803E-03  5.000000E-01  9.948685E-01  6.208270E-03  0.000000E+00 -2.488469E-03  1.278801E-03  4.313120E-15 -7.067493E-01  0.000000E+00
  9.826810E-01  7.122545E-03  5.000000E-01  9.926009E-01  7.368608E-03  0.000000E+00 -2.809077E-03  1.426964E-03  3.190118E-16 -7.155624E-01  0.000000E+00
  9.800160E-01  8.462135E-03  5.000000E-01  9.899090E-01  8.721721E-03  0.000000E+00 -2.718321E-03  1.352387E-03 -7.269573E-16 -7.225703E-01  0.000000E+00
  9.769240E-01  9.978483E-03  5.000000E-01  9.867857E-01  1.025338E-02  0.000000E+00 -2.451912E-03  1.184374E-03 -6.180466E-16 -7.266537E-01  0.000000E+00
  9.733970E-01  1.165037E-02  5.000000E-01  9.832231E-01  1.194214E-02  0.000000E+00 -2.210916E-03  1.026321E-03 -2.925686E-16 -7.284551E-01  0.000000E+00
  9.694240E-01  1.345116E-02  5.000000E-01  9.792100E-01  1.376111E-02  0.000000E+00 -2.116495E-03  9.334078E-04 -7.773264E-17 -7.293005E-01  0.000000E+00
  9.649940E-01  1.535386E-02  5.000000E-01  9.747353E-01  1.568301E-02  0.000000E+00 -2.207846E-03  9.179821E-04  4.920842E-18 -7.306905E-01  0.000000E+00
  9.600960E-01  1.733788E-02  5.000000E-01  9.697879E-01  1.768707E-02  0.000000E+00 -2.468722E-03  9.688800E-04  1.808584E-17 -7.332305E-01  0.000000E+00
  9.547180E-01  1.938255E-02  5.000000E-01  9.643556E-01  1.975238E-02  0.000000E+00 -2.883665E-03  1.069047E-03  8.308155E-18 -7.351699E-01  0.000000E+00
  9.488510E-01  2.146776E-02  5.000000E-01  9.584294E-01  2.185863E-02  0.000000E+00 -3.430942E-03  1.183886E-03 -1.136202E-19 -7.367863E-01  0.000000E+00
  9.424820E-01  2.357738E-02  5.000000E-01  9.519961E-01  2.398954E-02  0.000000E+00 -3.880738E-03  1.223806E-03 -5.322692E-19 -7.519668E-01  0.000000E+00
  9.356020E-01  2.569984E-02  5.000000E-01  9.450466E-01  2.613343E-02  0.000000E+00 -3.501686E-03  1.011282E-03 -7.845261E-19 -8.076404E-01  0.000000E+00
  9.282010E-01  2.782772E-02  5.000000E-01  9.375709E-01  2.828279E-02  0.000000E+00 -1.066929E-03  2.976093E-04  9.967795E-19 -9.135877E-01  0.000000E+00
  9.202710E-01  2.995438E-02  5.000000E-01  9.295609E-01  3.043092E-02  0.000000E+00  4.424632E-03 -1.079983E-03  9.197613E-18 -1.035878E+00  0.000000E+00
  9.118010E-01  3.206580E-02  5.000000E-01  9.210054E-01  3.256365E-02  0.000000E+00  1.226042E-02 -2.855787E-03  2.312307E-17 -1.121818E+00  0.000000E+00
  9.027810E-01  3.414371E-02  5.000000E-01  9.118943E-01  3.466254E-02  0.000000E+00  1.949295E-02 -4.263958E-03  3.480555E-17 -1.148830E+00  0.000000E+00
  8.932000E-01  3.616976E-02  5.000000E-01  9.022166E-01  3.670905E-02  0.000000E+00  2.354024E-02 -4.752977E-03  3.773462E-17 -1.132519E+00  0.000000E+00
  8.830490E-01  3.812264E-02  5.000000E-01  8.919631E-01  3.868164E-02  0.000000E+00  2.447208E-02 -4.480486E-03  3.250292E-17 -1.097209E+00  0.000000E+00
  8.723190E-01  3.997792E-02  5.000000E-01  8.811248E-01  4.055565E-02  0.000000E+00  2.386784E-02 -3.898305E-03  2.323990E-17 -1.056354E+00  0.000000E+00
  8.723190E-01  3.997792E-02  5.000000E-01  8.811248E-01  4.055565E-02  0.000000E+00  2.386784E-02 -3.898305E-03  2.323990E-17 -1.056354E+00  0.000000E+00
  8.610010E-01  4.171108E-02  5.000000E-01  8.696925E-01  4.230630E-02  0.000000E+00  2.298173E-02 -3.295096E-03  1.843456E-17 -1.013964E+00  0.000000E+00
  8.490890E-01  4.329892E-02  5.000000E-01  8.576603E-01  4.391017E-02  0.000000E+00  2.224020E-02 -2.748762E-03  1.661772E-17 -9.707989E-01  0.000000E+00
  8.365770E-01  4.472200E-02  5.000000E-01  8.450220E-01  4.534762E-02  0.000000E+00  2.160441E-02 -2.258903E-03  1.573637E-17 -9.277791E-01  0.000000E+00
  8.234620E-01  4.597163E-02  5.000000E-01  8.317746E-01  4.660986E-02  0.000000E+00  2.095014E-02 -1.828817E-03  1.547562E-17 -8.873730E-01  0.000000E+00
  8.097400E-01  4.705797E-02  5.000000E-01  8.179141E-01  4.770716E-02  0.000000E+00  2.022787E-02 -1.486760E-03  1.491834E-17 -8.541807E-01  0.000000E+00
  7.954150E-01  4.802493E-02  5.000000E-01  8.034445E-01  4.868388E-02  0.000000E+00  1.947525E-02 -1.278091E-03  1.506434E-17 -8.344328E-01  0.000000E+00
  7.804870E-01  4.896781E-02  5.000000E-01  7.883658E-01  4.963629E-02  0.000000E+00  1.881138E-02 -1.234249E-03  1.139161E-17 -8.326251E-01  0.000000E+00
  7.649630E-01  5.002055E-02  5.000000E-01  7.726851E-01  5.069965E-02  0.000000E+00  1.843674E-02 -1.320159E-03  5.490912E-18 -8.459585E-01  0.000000E+00
  7.488530E-01  5.123769E-02  5.000000E-01  7.564125E-01  5.192908E-02  0.000000E+00  1.847830E-02 -1.474400E-03  1.609807E-18 -8.673528E-01  0.000000E+00
  7.321700E-01  5.264010E-02  5.000000E-01  7.395610E-01  5.334565E-02  0.000000E+00  1.887196E-02 -1.669218E-03 -2.756716E-18 -8.916960E-01  0.000000E+00
  7.149290E-01  5.423878E-02  5.000000E-01  7.221460E-01  5.496046E-02  0.000000E+00  1.946557E-02 -1.883110E-03 -8.529077E-18 -9.152821E-01  0.000000E+00
  6.971500E-01  5.602765E-02  5.000000E-01  7.041875E-01  5.676740E-02  0.000000E+00  2.012634E-02 -2.084186E-03 -1.554241E-17 -9.347742E-01  0.000000E+00
  6.788570E-01  5.797521E-02  5.000000E-01  6.857099E-01  5.873462E-02  0.000000E+00  2.078102E-02 -2.232083E-03 -1.878560E-17 -9.470293E-01  0.000000E+00
  6.600760E-01  6.001313E-02  5.000000E-01  6.667393E-01  6.079311E-02  0.000000E+00  2.138664E-02 -2.292340E-03 -2.127830E-17 -9.500887E-01  0.000000E+00
  6.408370E-01  6.205218E-02  5.000000E-01  6.473061E-01  6.285274E-02  0.000000E+00  2.188292E-02 -2.263856E-03 -2.347766E-17 -9.448776E-01  0.000000E+00
  6.211780E-01  6.403614E-02  5.000000E-01  6.274486E-01  6.485673E-02  0.000000E+00  2.223550E-02 -2.167361E-03 -2.320670E-17 -9.337153E-01  0.000000E+00
  6.011430E-01  6.592029E-02  5.000000E-01  6.072114E-01  6.675989E-02  0.000000E+00  2.247254E-02 -2.018253E-03 -2.230230E-17 -9.180904E-01  0.000000E+00
  5.807790E-01  6.766347E-02  5.000000E-01  5.866418E-01  6.852067E-02  0.000000E+00  2.263618E-02 -1.829983E-03 -1.707505E-17 -8.990539E-01  0.000000E+00
  5.601410E-01  6.923482E-02  5.000000E-01  5.657955E-01  7.010789E-02  0.000000E+00  2.275817E-02 -1.613579E-03 -1.443559E-17 -8.775005E-01  0.000000E+00
  5.392850E-01  7.060571E-02  5.000000E-01  5.447289E-01  7.149261E-02  0.000000E+00  2.284804E-02 -1.383908E-03 -1.192512E-17 -8.548527E-01  0.000000E+00
  5.182680E-01  7.176984E-02  5.000000E-01  5.234998E-01  7.266850E-02  0.000000E+00  2.290128E-02 -1.165236E-03 -8.997654E-18 -8.333632E-01  0.000000E+00
  4.971500E-01  7.274797E-02  5.000000E-01  5.021686E-01  7.365650E-02  0.000000E+00  2.294128E-02 -9.725476E-04 -7.291938E-18 -8.146131E-01  0.000000E+00
  4.759900E-01  7.356143E-02  5.000000E-01  4.807950E-01  7.447817E-02  0.000000E+00  2.301121E-02 -8.071110E-04 -4.340308E-18 -7.990305E-01  0.000000E+00
  2.733630E-06 -4.880143E-04  5.000000E-01  2.813636E-06 -3.187773E-04  0.000000E+00  4.598436E-04 -1.817217E-02 -7.876015E-18  1.098937E+00  0.000000E+00
  4.455870E-05 -1.434400E-03  5.000000E-01  4.506092E-05 -1.274717E-03  0.000000E+00  2.221696E-03 -2.166293E-02  1.905114E-17  1.070049E+00  0.000000E+00
  2.731490E-04 -2.975567E-03  5.000000E-01  2.759588E-04 -2.831441E-03  0.000000E+00  6.502541E-03 -2.464094E-02  3.195747E-17  9.506206E-01  0.000000E+00
  9.950900E-04 -4.941076E-03  5.000000E-01  1.005187E-03 -4.816791E-03  0.000000E+00  1.264321E-02 -2.507480E-02  3.553777E-17  7.423844E-01  0.000000E+00
  2.349870E-03 -7.026711E-03  5.000000E-01  2.373644E-03 -6.923480E-03  0.000000E+00  1.833341E-02 -2.395430E-02  4.104036E-17  5.336901E-01  0.000000E+00
  4.254460E-03 -9.165117E-03  5.000000E-01  4.297460E-03 -9.083472E-03  0.000000E+00  2.297587E-02 -2.269510E-02  2.976911E-17  3.617049E-01  0.000000E+00
  6.687140E-03 -1.129720E-02  5.000000E-01  6.754697E-03 -1.123708E-02  0.000000E+00  2.700856E-02 -2.123973E-02  5.670203E-18  1.980210E-01  0.000000E+00
  9.634000E-03 -1.338513E-02  5.000000E-01  9.731304E-03 -1.334608E-02  0.000000E+00  3.030277E-02 -1.925082E-02 -6.017708E-18  3.166491E-02  0.000000E+00
  1.310530E-02 -1.536090E-02  5.000000E-01  1.323765E-02 -1.534180E-02  0.000000E+00  3.255897E-02 -1.659598E-02  3.811729E-20 -1.331801E-01  0.000000E+00
  1.710810E-02 -1.717265E-02  5.000000E-01  1.728085E-02 -1.717184E-02  0.000000E+00  3.384044E-02 -1.381306E-02  2.649964E-17 -2.739775E-01  0.000000E+00
  2.163760E-02 -1.882118E-02  5.000000E-01  2.185608E-02 -1.883701E-02  0.000000E+00  3.453657E-02 -1.138544E-02  6.089160E-17 -3.812830E-01  0.000000E+00
  2.669190E-02 -2.031653E-02  5.000000E-01  2.696140E-02 -2.034746E-02  0.000000E+00  3.479203E-02 -9.242460E-03  8.009563E-17 -4.675958E-01  0.000000E+00
  3.228310E-02 -2.163488E-02  5.000000E-01  3.260904E-02 -2.167911E-02  0.000000E+00  3.456322E-02 -7.261629E-03  8.838162E-17 -5.426232E-01  0.000000E+00
  3.842170E-02 -2.276466E-02  5.000000E-01  3.880961E-02 -2.282029E-02  0.000000E+00  3.393210E-02 -5.520802E-03  9.129700E-17 -6.053235E-01  0.000000E+00
  4.511710E-02 -2.370735E-02  5.000000E-01  4.557259E-02 -2.377251E-02  0.000000E+00  3.303425E-02 -4.067628E-03  8.773576E-17 -6.544833E-01  0.000000E+00
  5.237940E-02 -2.446915E-02  5.000000E-01  5.290820E-02 -2.454200E-02  0.000000E+00  3.202204E-02 -2.908945E-03  8.090045E-17 -6.897929E-01  0.000000E+00
  6.021800E-02 -2.506679E-02  5.000000E-01  6.082593E-02 -2.514567E-02  0.000000E+00  3.107626E-02 -2.038094E-03  6.895945E-17 -7.112816E-01  0.000000E+00
  6.864140E-02 -2.552672E-02  5.000000E-01  6.933436E-02 -2.561024E-02  0.000000E+00  3.031267E-02 -1.408538E-03  5.563200E-17 -7.205180E-01  0.000000E+00
  7.765990E-02 -2.587130E-02  5.000000E-01  7.844390E-02 -2.595830E-02  0.000000E+00  2.967374E-02 -9.623276E-04  4.639081E-17 -7.191081E-01  0.000000E+00
  8.728340E-02 -2.612713E-02  5.000000E-01  8.816455E-02 -2.621671E-02  0.000000E+00  2.879525E-02 -6.642749E-04  3.871419E-17 -7.071102E-01  0.000000E+00
  9.752070E-02 -2.632798E-02  5.000000E-01  9.850519E-02 -2.641959E-02  0.000000E+00  2.695347E-02 -4.845084E-04  3.313680E-17 -6.832958E-01  0.000000E+00
  1.083810E-01 -2.650744E-02  5.000000E-01  1.094751E-01 -2.660086E-02  0.000000E+00  2.350745E-02 -3.935255E-04  2.641643E-17 -6.419706E-01  0.000000E+00
  1.198710E-01 -2.670285E-02  5.000000E-01  1.210811E-01 -2.679825E-02  0.000000E+00  1.871270E-02 -3.593911E-04  1.709340E-17 -5.698968E-01  0.000000E+00
  1.319970E-01 -2.695545E-02  5.000000E-01  1.333295E-01 -2.705339E-02  0.000000E+00  1.402554E-02 -3.477211E-04  1.252602E-17 -4.531521E-01  0.000000E+00
  1.319970E-01 -2.695545E-02  5.000000E-01  1.333295E-01 -2.705339E-02  0.000000E+00  1.402554E-02 -3.477211E-04  1.252602E-17 -4.531521E-01  0.000000E+00
  1.447640E-01 -2.730341E-02  5.000000E-01  1.462254E-01 -2.740487E-02  0.000000E+00  1.117639E-02 -3.576446E-04  1.044887E-17 -2.961734E-01  0.000000E+00
  1.581750E-01 -2.778065E-02  5.000000E-01  1.597718E-01 -2.788693E-02  0.000000E+00  1.087898E-02 -4.296728E-04  4.927430E-18 -1.372688E-01  0.000000E+00
  1.722290E-01 -2.840478E-02  5.000000E-01  1.739676E-01 -2.851736E-02  0.000000E+00  1.264811E-02 -5.914449E-04  3.316368E-18 -3.343593E-02  0.000000E+00
  1.869240E-01 -2.915574E-02  5.000000E-01  1.888110E-01 -2.927589E-02  0.000000E+00  1.553638E-02 -7.859263E-04  3.102998E-18 -1.980419E-02  0.000000E+00
  2.022540E-01 -2.994759E-02  5.000000E-01  2.042957E-01 -3.007573E-02  0.000000E+00  1.868933E-02 -8.513259E-04  2.668385E-18 -8.829397E-02  0.000000E+00
  2.182110E-01 -3.059581E-02  5.000000E-01  2.204138E-01 -3.073050E-02  0.000000E+00  2.147527E-02 -6.685167E-04  5.330823E-18 -1.990882E-01  0.000000E+00
  2.347810E-01 -3.096045E-02  5.000000E-01  2.371511E-01 -3.109882E-02  0.000000E+00  2.345393E-02 -3.121839E-04  7.717395E-18 -3.070823E-01  0.000000E+00
  2.519470E-01 -3.103813E-02  5.000000E-01  2.544904E-01 -3.117728E-02  0.000000E+00  2.430372E-02  6.963095E-05  6.885515E-18 -3.869869E-01  0.000000E+00
  2.696890E-01 -3.085403E-02  5.000000E-01  2.724115E-01 -3.099132E-02  0.000000E+00  2.392291E-02  3.727024E-04  3.366278E-18 -4.329404E-01  0.000000E+00
  2.879810E-01 -3.046782E-02  5.000000E-01  2.908881E-01 -3.060122E-02  0.000000E+00  2.260998E-02  5.249192E-04  3.550239E-18 -4.443881E-01  0.000000E+00
  3.067920E-01 -2.998272E-02  5.000000E-01  3.098890E-01 -3.011122E-02  0.000000E+00  2.102373E-02  5.059480E-04  4.620858E-18 -4.232468E-01  0.000000E+00
  3.260870E-01 -2.954372E-02  5.000000E-01  3.293788E-01 -2.966779E-02  0.000000E+00  1.987049E-02  3.502850E-04  4.709606E-18 -3.785976E-01  0.000000E+00
  3.458260E-01 -2.929868E-02  5.000000E-01  3.493170E-01 -2.942028E-02  0.000000E+00  1.949264E-02  1.667142E-04  9.521577E-19 -3.322179E-01  0.000000E+00
  3.659650E-01 -2.921476E-02  5.000000E-01  3.696593E-01 -2.933551E-02  0.000000E+00  1.983068E-02  6.992016E-05 -5.154394E-20 -3.081135E-01  0.000000E+00
  3.864540E-01 -2.916569E-02  5.000000E-01  3.903552E-01 -2.928594E-02  0.000000E+00  2.068160E-02  1.053947E-04 -1.199898E-18 -3.168798E-01  0.000000E+00
  4.072410E-01 -2.901223E-02  5.000000E-01  4.113520E-01 -2.913093E-02  0.000000E+00  2.181067E-02  2.960169E-04  2.358146E-18 -3.562148E-01  0.000000E+00
  4.282690E-01 -2.860797E-02  5.000000E-01  4.325923E-01 -2.872260E-02  0.000000E+00  2.296781E-02  6.620125E-04  4.676915E-18 -4.166646E-01  0.000000E+00
  4.494800E-01 -2.780355E-02  5.000000E-01  4.540174E-01 -2.791005E-02  0.000000E+00  2.393090E-02  1.150413E-03 -1.489743E-19 -4.830986E-01  0.000000E+00
  4.708130E-01 -2.656345E-02  5.000000E-01  4.755657E-01 -2.665744E-02  0.000000E+00  2.441646E-02  1.605265E-03 -7.548843E-19 -5.387707E-01  0.000000E+00
  4.922030E-01 -2.499310E-02  5.000000E-01  4.971717E-01 -2.507123E-02  0.000000E+00  2.383409E-02  1.869586E-03 -2.781319E-18 -5.740261E-01  0.000000E+00
  5.135860E-01 -2.320810E-02  5.000000E-01  5.187705E-01 -2.326822E-02  0.000000E+00  2.150711E-02  1.845247E-03 -1.701770E-18 -5.822763E-01  0.000000E+00
  5.348990E-01 -2.132130E-02  5.000000E-01  5.402987E-01 -2.136236E-02  0.000000E+00  1.746959E-02  1.537275E-03 -1.832949E-19 -5.493024E-01  0.000000E+00
  5.560760E-01 -1.944393E-02  5.000000E-01  5.616894E-01 -1.946604E-02  0.000000E+00  1.287300E-02  1.115509E-03 -3.052357E-18 -4.594642E-01  0.000000E+00
  4.759900E-01  7.356143E-02  5.000000E-01  4.807950E-01  7.447817E-02  0.000000E+00  2.301121E-02 -8.071110E-04 -4.340308E-18 -7.990305E-01  0.000000E+00
  4.548480E-01  7.423060E-02  5.000000E-01  4.594396E-01  7.515410E-02  0.000000E+00  2.313822E-02 -6.675069E-04 -3.639912E-18 -7.864348E-01  0.000000E+00
  4.337860E-01  7.477771E-02  5.000000E-01  4.381650E-01  7.570672E-02  0.000000E+00  2.334068E-02 -5.405590E-04 -6.795234E-18 -7.752908E-01  0.000000E+00
  4.128620E-01  7.520431E-02  5.000000E-01  4.170297E-01  7.613763E-02  0.000000E+00  2.363201E-02 -3.917503E-04 -8.724530E-18 -7.622368E-01  0.000000E+00
  3.921340E-01  7.547161E-02  5.000000E-01  3.960925E-01  7.640763E-02  0.000000E+00  2.397590E-02 -1.924353E-04 -6.926177E-18 -7.442761E-01  0.000000E+00
  3.716590E-01  7.553860E-02  5.000000E-01  3.754108E-01  7.647530E-02  0.000000E+00  2.429195E-02  6.473617E-05 -5.749597E-18 -7.201083E-01  0.000000E+00
  3.514890E-01  7.536760E-02  5.000000E-01  3.550372E-01  7.630257E-02  0.000000E+00  2.451161E-02  3.780672E-04 -5.114160E-18 -6.894986E-01  0.000000E+00
  3.316730E-01  7.492706E-02  5.000000E-01  3.350212E-01  7.585759E-02  0.000000E+00  2.459018E-02  7.341449E-04 -4.988909E-18 -6.535978E-01  0.000000E+00
  3.122580E-01  7.419978E-02  5.000000E-01  3.154102E-01  7.512297E-02  0.000000E+00  2.449131E-02  1.091403E-03 -4.856357E-18 -6.159892E-01  0.000000E+00
  2.932850E-01  7.321681E-02  5.000000E-01  2.962457E-01  7.413007E-02  0.000000E+00  2.421967E-02  1.407164E-03 -4.155896E-18 -5.808274E-01  0.000000E+00
  2.747930E-01  7.202315E-02  5.000000E-01  2.775670E-01  7.292436E-02  0.000000E+00  2.384141E-02  1.673100E-03 -4.116125E-18 -5.501795E-01  0.000000E+00
  2.568150E-01  7.065817E-02  5.000000E-01  2.594075E-01  7.154560E-02  0.000000E+00  2.343436E-02  1.900074E-03 -4.271069E-18 -5.244951E-01  0.000000E+00
  2.393810E-01  6.915359E-02  5.000000E-01  2.417975E-01  7.002583E-02  0.000000E+00  2.305627E-02  2.102884E-03 -1.706209E-18 -5.037169E-01  0.000000E+00
  2.225160E-01  6.753359E-02  5.000000E-01  2.247623E-01  6.838948E-02  0.000000E+00  2.274013E-02  2.292803E-03 -1.830365E-18 -4.885410E-01  0.000000E+00
  2.062420E-01  6.581545E-02  5.000000E-01  2.083240E-01  6.665399E-02  0.000000E+00  2.248253E-02  2.446132E-03 -6.046562E-18 -4.830570E-01  0.000000E+00
  1.905750E-01  6.405531E-02  5.000000E-01  1.924988E-01  6.487609E-02  0.000000E+00  2.229224E-02  2.510209E-03 -3.815759E-18 -4.936385E-01  0.000000E+00
  1.755290E-01  6.235250E-02  5.000000E-01  1.773010E-01  6.315609E-02  0.000000E+00  2.229942E-02  2.504691E-03  3.534240E-19 -5.203026E-01  0.000000E+00
  1.611160E-01  6.074571E-02  5.000000E-01  1.627425E-01  6.153308E-02  0.000000E+00  2.266689E-02  2.507361E-03  2.492380E-18 -5.559806E-01  0.000000E+00
  1.473410E-01  5.923502E-02  5.000000E-01  1.488284E-01  6.000714E-02  0.000000E+00  2.341802E-02  2.563893E-03  1.736019E-18 -5.932815E-01  0.000000E+00
  1.342110E-01  5.780139E-02  5.000000E-01  1.355659E-01  5.855904E-02  0.000000E+00  2.443463E-02  2.688654E-03  5.741386E-19 -6.270747E-01  0.000000E+00
  1.217280E-01  5.641843E-02  5.000000E-01  1.229569E-01  5.716212E-02  0.000000E+00  2.554665E-02  2.882226E-03  2.110327E-18 -6.549988E-01  0.000000E+00
  1.098910E-01  5.506007E-02  5.000000E-01  1.110004E-01  5.579004E-02  0.000000E+00  2.663291E-02  3.151280E-03  2.910714E-18 -6.762141E-01  0.000000E+00
  9.869950E-02  5.369732E-02  5.000000E-01  9.969589E-02  5.441354E-02  0.000000E+00  2.765296E-02  3.512021E-03  6.116343E-18 -6.904079E-01  0.000000E+00
  8.814970E-02  5.230371E-02  5.000000E-01  8.903959E-02  5.300586E-02  0.000000E+00  2.862562E-02  3.990888E-03  1.172024E-17 -6.971158E-01  0.000000E+00
  8.814970E-02  5.230371E-02  5.000000E-01  8.903959E-02  5.300586E-02  0.000000E+00  2.862562E-02  3.990888E-03  1.172024E-17 -6.971158E-01  0.000000E+00
  7.823720E-02  5.085153E-02  5.000000E-01  7.902703E-02  5.153902E-02  0.000000E+00  2.959199E-02  4.631061E-03  1.806086E-17 -6.950278E-01  0.000000E+00
  6.895800E-02  4.930930E-02  5.000000E-01  6.965416E-02  4.998122E-02  0.000000E+00  3.056243E-02  5.474873E-03  2.329433E-17 -6.826117E-01  0.000000E+00
  6.030560E-02  4.765069E-02  5.000000E-01  6.091442E-02  4.830587E-02  0.000000E+00  3.151993E-02  6.577433E-03  2.548877E-17 -6.573675E-01  0.000000E+00
  5.227560E-02  4.584308E-02  5.000000E-01  5.280336E-02  4.648001E-02  0.000000E+00  3.240457E-02  8.001097E-03  2.483841E-17 -6.157403E-01  0.000000E+00
  4.486350E-02  4.385538E-02  5.000000E-01  4.531643E-02  4.447225E-02  0.000000E+00  3.307390E-02  9.768313E-03  1.971502E-17 -5.546479E-01  0.000000E+00
  3.806240E-02  4.166521E-02  5.000000E-01  3.844668E-02  4.225997E-02  0.000000E+00  3.334053E-02  1.187751E-02  1.103216E-17 -4.701525E-01  0.000000E+00
  3.186880E-02  3.924782E-02  5.000000E-01  3.219056E-02  3.981817E-02  0.000000E+00  3.295665E-02  1.423614E-02  1.887450E-18 -3.590034E-01  0.000000E+00
  2.627530E-02  3.659340E-02  5.000000E-01  2.654059E-02  3.713696E-02  0.000000E+00  3.166329E-02  1.661544E-02 -2.818563E-18 -2.203926E-01  0.000000E+00
  2.127350E-02  3.370429E-02  5.000000E-01  2.148830E-02  3.421868E-02  0.000000E+00  2.933201E-02  1.873538E-02 -5.193191E-18 -5.439079E-02  0.000000E+00
  1.685790E-02  3.058764E-02  5.000000E-01  1.702813E-02  3.107057E-02  0.000000E+00  2.601170E-02  2.023229E-02 -1.272777E-17  1.333530E-01  0.000000E+00
  1.301460E-02  2.727879E-02  5.000000E-01  1.314603E-02  2.772832E-02  0.000000E+00  2.196468E-02  2.081051E-02 -2.181300E-17  3.330946E-01  0.000000E+00
  9.730790E-03  2.382348E-02  5.000000E-01  9.829071E-03  2.423813E-02  0.000000E+00  1.759869E-02  2.040059E-02 -2.703210E-17  5.356236E-01  0.000000E+00
  6.996180E-03  2.027717E-02  5.000000E-01  7.066856E-03  2.065603E-02  0.000000E+00  1.332755E-02  1.898813E-02 -2.743377E-17  7.258168E-01  0.000000E+00
  4.781010E-03  1.673216E-02  5.000000E-01  4.829325E-03  1.707522E-02  0.000000E+00  9.468298E-03  1.667541E-02 -2.335185E-17  8.900652E-01  0.000000E+00
  3.054950E-03  1.328481E-02  5.000000E-01  3.085841E-03  1.359308E-02  0.000000E+00  6.178798E-03  1.368558E-02 -1.827793E-17  1.023871E+00  0.000000E+00
  1.789910E-03  1.003121E-02  5.000000E-01  1.808031E-03  1.030664E-02  0.000000E+00  3.544378E-03  1.015390E-02 -1.631345E-17  1.122746E+00  0.000000E+00
  9.331870E-04  7.081405E-03  5.000000E-01  9.426596E-04  7.327053E-03  0.000000E+00  1.622511E-03  6.164417E-03 -1.769485E-17  1.183082E+00  0.000000E+00
  4.085430E-04  4.544815E-03  5.000000E-01  4.127195E-04  4.764856E-03  0.000000E+00  3.904969E-04  1.806025E-03 -2.254803E-17  1.207788E+00  0.000000E+00
  1.354760E-04  2.509431E-03  5.000000E-01  1.368960E-04  2.708926E-03  0.000000E+00 -2.277247E-04 -2.885552E-03 -2.943385E-17  1.204584E+00  0.000000E+00
  2.683130E-05  1.027811E-03  5.000000E-01  2.715456E-05  1.212350E-03  0.000000E+00 -3.348246E-04 -7.906158E-03 -3.897061E-17  1.181792E+00  0.000000E+00
  1.320070E-06  1.287943E-04  5.000000E-01  1.385807E-06  3.042577E-04  0.000000E+00 -2.033107E-04 -1.278365E-02 -4.353036E-17  1.141997E+00  0.000000E+00
 -5.188750E-08 -1.724228E-04  5.000000E-01  0.000000E+00  0.000000E+00  0.000000E+00 -4.345781E-05 -1.588631E-02 -3.200594E-17  1.107404E+00  0.000000E+00
  2.733630E-06 -4.880143E-04  5.000000E-01  2.813636E-06 -3.187773E-04  0.000000E+00  4.598436E-04 -1.817217E-02 -7.876015E-18  1.098937E+00  0.000000E+00
    1    2
    2    3
    3    4
    4    5
    5    6
    6    7
    7    8
    8    9
    9   10
   10   11
   11   12
   12   13
   13   14
   14   15
   15   16
   16   17
   17   18
   18   19
   19   20
   20   21
   21   22
   22   23
   23   24
   25   26
   26   27
   27   28
   28   29
   29   30
   30   31
   31   32
   32   33
   33   34
   34   35
   35   36
   36   37
   37   38
   38   39
   39   40
   40   41
   41   42
   42   43
   43   44
   44   45
   45   46
   46   47
   47   48
   49   50
   50   51
   51   52
   52   53
   53   54
   54   55
   55   56
   56   57
   57   58
   58   59
   59   60
   60   61
   61   62
   62   63
   63   64
   64   65
   65   66
   66   67
   67   68
   68   69
   69   70
   70   71
   71   72
   73   74
   74   75
   75   76
   76   77
   77   78
   78   79
   79   80
   80   81
   81   82
   82   83
   83   84
   84   85
   85   86
   86   87
   87   88
   88   89
   89   90
   90   91
   91   92
   92   93
   93   94
   94   95
   95   96
   97   98
   98   99
   99  100
  100  101
  101  102
  102  103
  103  104
  104  105
  105  106
  106  107
  107  108
  108  109
  109  110
  110  111
  111  112
  112  113
  113  114
  114  115
  115  116
  116  117
  117  118
  118  119
  119  120
  121  122
  122  123
  123  124
  124  125
  125  126
  126  127
  127  128
  128  129
  129  130
  130  131
  131  132
  132  133
  133  134
  134  135
  135  136
  136  137
  137  138
  138  139
  139  140
  140  141
  141  142
  142  143
  143  144
  145  146
  146  147
  147  148
  148  149
  149  150
  150  151
  151  152
  152  153
  153  154
  154  155
  155  156
  156  157
  157  158
  158  159
  159  160
  160  161
  161  162
  162  163
  163  164
  164  165
  165  166
  166  167
  167  168
  169  170
  170  171
  171  172
  172  173
  173  174
  174  175
  175  176
  176  177
  177  178
  178  179
  179  180
  180  181
  181  182
  182  183
  183  184
  184  185
  185  186
  186  187
  187  188
  188  189
  189  190
  190  191
  191  192
