 Title = "ADflow Slice Data"
Variables =  "CoordinateX"  "CoordinateY"  "CoordinateZ"  "XoC"  "YoC"  "ZoC" "VelocityX" "VelocityY" "VelocityZ" "CoefPressure" "Mach" 
Zone T= "Slice_0001 None Absolute Regular z = 0.50000000"
 Nodes =          192  Elements=          184  ZONETYPE=FELINESEG
 DATAPACKING=POINT
  5.560760E-01 -1.893739E-02  5.000000E-01  5.616895E-01 -1.895504E-02  0.000000E+00  1.506843E-02  1.097793E-03 -2.236196E-18 -1.687337E-01  0.000000E+00
  5.770550E-01 -1.737422E-02  5.000000E-01  5.828802E-01 -1.737610E-02  0.000000E+00  1.470265E-02  1.131666E-03  4.480486E-20 -1.386478E-01  0.000000E+00
  5.977760E-01 -1.573236E-02  5.000000E-01  6.038104E-01 -1.571766E-02  0.000000E+00  1.434450E-02  1.180825E-03  2.767200E-18 -1.170320E-01  0.000000E+00
  6.181820E-01 -1.398904E-02  5.000000E-01  6.244224E-01 -1.395674E-02  0.000000E+00  1.385988E-02  1.236318E-03  2.904777E-18 -9.831918E-02  0.000000E+00
  6.382180E-01 -1.212082E-02  5.000000E-01  6.446607E-01 -1.206966E-02  0.000000E+00  1.317290E-02  1.283632E-03  2.534258E-19 -7.593338E-02  0.000000E+00
  6.578350E-01 -1.011752E-02  5.000000E-01  6.644757E-01 -1.004614E-02  0.000000E+00  1.228083E-02  1.306157E-03  8.093709E-19 -4.562155E-02  0.000000E+00
  6.769910E-01 -7.989226E-03  5.000000E-01  6.838251E-01 -7.896362E-03  0.000000E+00  1.122990E-02  1.293474E-03  2.115346E-18 -7.226504E-03  0.000000E+00
  6.956490E-01 -5.755922E-03  5.000000E-01  7.026714E-01 -5.640512E-03  0.000000E+00  1.008196E-02  1.242173E-03  4.197588E-18  3.650983E-02  0.000000E+00
  7.137810E-01 -3.451361E-03  5.000000E-01  7.209864E-01 -3.312688E-03  0.000000E+00  8.894275E-03  1.153374E-03  5.112905E-18  8.239610E-02  0.000000E+00
  7.313660E-01 -1.120506E-03  5.000000E-01  7.387490E-01 -9.583034E-04  0.000000E+00  7.709582E-03  1.035054E-03  3.138720E-18  1.278391E-01  0.000000E+00
  7.483850E-01  1.196890E-03  5.000000E-01  7.559398E-01  1.382486E-03  0.000000E+00  6.563091E-03  9.013828E-04  1.692945E-18  1.711220E-01  0.000000E+00
  7.648220E-01  3.475077E-03  5.000000E-01  7.725427E-01  3.683670E-03  0.000000E+00  5.499867E-03  7.667396E-04  1.238927E-18  2.113349E-01  0.000000E+00
  7.806630E-01  5.696430E-03  5.000000E-01  7.885436E-01  5.927447E-03  0.000000E+00  4.589269E-03  6.367948E-04 -1.970619E-18  2.488133E-01  0.000000E+00
  7.958970E-01  7.793013E-03  5.000000E-01  8.039314E-01  8.045194E-03  0.000000E+00  3.923629E-03  5.111324E-04 -6.120250E-18  2.851127E-01  0.000000E+00
  8.105170E-01  9.581269E-03  5.000000E-01  8.186990E-01  9.851503E-03  0.000000E+00  3.565181E-03  3.974790E-04 -6.827656E-18  3.175437E-01  0.000000E+00
  8.245160E-01  1.096952E-02  5.000000E-01  8.328393E-01  1.125376E-02  0.000000E+00  3.500919E-03  3.032711E-04 -3.120135E-18  3.407524E-01  0.000000E+00
  8.378940E-01  1.195580E-02  5.000000E-01  8.463523E-01  1.225001E-02  0.000000E+00  3.669850E-03  2.236729E-04  1.700730E-18  3.542287E-01  0.000000E+00
  8.506490E-01  1.258262E-02  5.000000E-01  8.592361E-01  1.288315E-02  0.000000E+00  4.006087E-03  1.495406E-04  1.055235E-18  3.609350E-01  0.000000E+00
  8.627850E-01  1.290854E-02  5.000000E-01  8.714946E-01  1.321237E-02  0.000000E+00  4.455479E-03  7.365316E-05  1.347072E-18  3.634022E-01  0.000000E+00
  8.743060E-01  1.299329E-02  5.000000E-01  8.831319E-01  1.329796E-02  0.000000E+00  4.974366E-03 -7.904977E-06  1.765131E-18  3.627726E-01  0.000000E+00
  8.852170E-01  1.288858E-02  5.000000E-01  8.941530E-01  1.319220E-02  0.000000E+00  5.528432E-03 -9.653855E-05 -8.297360E-19  3.596845E-01  0.000000E+00
  8.955250E-01  1.263547E-02  5.000000E-01  9.045651E-01  1.293653E-02  0.000000E+00  6.093585E-03 -1.922574E-04 -2.265769E-18  3.546619E-01  0.000000E+00
  9.052400E-01  1.226696E-02  5.000000E-01  9.143782E-01  1.256430E-02  0.000000E+00  6.656504E-03 -2.950414E-04 -5.804046E-18  3.481120E-01  0.000000E+00
  9.143710E-01  1.180873E-02  5.000000E-01  9.236013E-01  1.210145E-02  0.000000E+00  7.215969E-03 -4.076793E-04 -1.173006E-17  3.404664E-01  0.000000E+00
  9.143710E-01  1.180873E-02  5.000000E-01  9.236013E-01  1.210145E-02  0.000000E+00  7.215969E-03 -4.076793E-04 -1.173006E-17  3.404664E-01  0.000000E+00
  9.229270E-01  1.127571E-02  5.000000E-01  9.322437E-01  1.156304E-02  0.000000E+00  7.782286E-03 -5.357126E-04 -3.573971E-18  3.319644E-01  0.000000E+00
  9.309180E-01  1.067718E-02  5.000000E-01  9.403154E-01  1.095848E-02  0.000000E+00  8.372819E-03 -6.844236E-04  3.011290E-17  3.223540E-01  0.000000E+00
  9.383550E-01  1.002182E-02  5.000000E-01  9.478274E-01  1.029650E-02  0.000000E+00  9.008277E-03 -8.587579E-04  1.110206E-16  3.111709E-01  0.000000E+00
  9.452490E-01  9.318415E-03  5.000000E-01  9.547910E-01  9.585994E-03  0.000000E+00  9.712252E-03 -1.065478E-03  2.493711E-16  2.980317E-01  0.000000E+00
  9.516100E-01  8.575432E-03  5.000000E-01  9.612163E-01  8.835512E-03  0.000000E+00  1.051132E-02 -1.313227E-03  3.675301E-16  2.825376E-01  0.000000E+00
  9.574470E-01  7.802413E-03  5.000000E-01  9.671122E-01  8.054690E-03  0.000000E+00  1.143321E-02 -1.610907E-03  2.198310E-16  2.640886E-01  0.000000E+00
  9.627730E-01  7.010627E-03  5.000000E-01  9.724919E-01  7.254910E-03  0.000000E+00  1.250621E-02 -1.968058E-03 -5.942423E-16  2.419987E-01  0.000000E+00
  9.675950E-01  6.213534E-03  5.000000E-01  9.773626E-01  6.449771E-03  0.000000E+00  1.376152E-02 -2.394267E-03 -2.181455E-15  2.155482E-01  0.000000E+00
  9.719240E-01  5.426264E-03  5.000000E-01  9.817353E-01  5.654554E-03  0.000000E+00  1.523977E-02 -2.899842E-03 -3.334977E-15  1.839098E-01  0.000000E+00
  9.757700E-01  4.665255E-03  5.000000E-01  9.856201E-01  4.885863E-03  0.000000E+00  1.700466E-02 -3.501229E-03 -1.176017E-15  1.462527E-01  0.000000E+00
  9.791410E-01  3.947052E-03  5.000000E-01  9.890252E-01  4.160410E-03  0.000000E+00  1.915577E-02 -4.223989E-03  5.363696E-15  1.016767E-01  0.000000E+00
  9.820450E-01  3.287578E-03  5.000000E-01  9.919585E-01  3.494279E-03  0.000000E+00  2.181154E-02 -5.099577E-03  7.576308E-15  4.883812E-02  0.000000E+00
  9.844890E-01  2.701615E-03  5.000000E-01  9.944272E-01  2.902401E-03  0.000000E+00  2.503636E-02 -6.152375E-03 -1.432283E-14 -1.397014E-02  0.000000E+00
  9.864800E-01  2.202490E-03  5.000000E-01  9.964383E-01  2.398237E-03  0.000000E+00  2.875896E-02 -7.337856E-03 -6.455795E-14 -8.719567E-02  0.000000E+00
  9.880230E-01  1.801936E-03  5.000000E-01  9.979968E-01  1.993640E-03  0.000000E+00  3.246658E-02 -8.457773E-03 -7.640414E-14 -1.778126E-01  0.000000E+00
  9.891220E-01  1.509206E-03  5.000000E-01  9.991069E-01  1.697955E-03  0.000000E+00  3.594004E-02 -9.743235E-03  1.103033E-13 -2.866522E-01  0.000000E+00
  9.897810E-01  1.330851E-03  5.000000E-01  9.997726E-01  1.517799E-03  0.000000E+00  5.277840E-02 -1.246244E-02  5.562073E-13 -3.054844E-01  0.000000E+00
  9.900000E-01  1.270978E-03  5.000000E-01  9.999938E-01  1.457322E-03  0.000000E+00  3.650496E-02 -2.271763E-03  5.685688E-13 -6.802951E-01  0.000000E+00
  9.900000E-01  1.680481E-03  5.000000E-01  9.999938E-01  1.870958E-03  0.000000E+00  2.127872E-03 -7.784882E-03  2.070141E-13 -9.797298E-01  0.000000E+00
  9.900000E-01  2.089983E-03  5.000000E-01  9.999938E-01  2.284595E-03  0.000000E+00 -5.416394E-04 -2.193299E-02  7.811027E-14 -8.245003E-01  0.000000E+00
  9.900000E-01  2.499486E-03  5.000000E-01  9.999938E-01  2.698231E-03  0.000000E+00 -1.402046E-04 -1.348731E-02  5.887981E-14 -7.968334E-01  0.000000E+00
  9.900000E-01  2.908974E-03  5.000000E-01  9.999938E-01  3.111852E-03  0.000000E+00  3.202160E-04 -8.314678E-03  9.809027E-14 -8.268154E-01  0.000000E+00
  9.900000E-01  3.318476E-03  5.000000E-01  9.999938E-01  3.525489E-03  0.000000E+00  4.471672E-03 -6.759598E-03  1.391129E-13 -7.915278E-01  0.000000E+00
  9.900000E-01  3.318476E-03  5.000000E-01  9.999938E-01  3.525489E-03  0.000000E+00  4.471672E-03 -6.759598E-03  1.391129E-13 -7.915278E-01  0.000000E+00
  9.897980E-01  3.422616E-03  5.000000E-01  9.997897E-01  3.630680E-03  0.000000E+00  5.440421E-03 -3.343166E-03  1.359980E-13 -7.432845E-01  0.000000E+00
  9.891900E-01  3.735030E-03  5.000000E-01  9.991756E-01  3.946248E-03  0.000000E+00  1.129705E-03 -5.170427E-04  9.078917E-14 -7.513399E-01  0.000000E+00
  9.881780E-01  4.255033E-03  5.000000E-01  9.981534E-01  4.471500E-03  0.000000E+00 -1.264646E-03  6.524071E-04  4.423934E-14 -7.584290E-01  0.000000E+00
  9.867570E-01  4.981322E-03  5.000000E-01  9.967180E-01  5.205120E-03  0.000000E+00 -2.628957E-03  1.328610E-03  1.479031E-14 -7.652859E-01  0.000000E+00
  9.849260E-01  5.910381E-03  5.000000E-01  9.948686E-01  6.143558E-03  0.000000E+00 -3.237694E-03  1.632671E-03  1.783895E-15 -7.750971E-01  0.000000E+00
  9.826810E-01  7.035722E-03  5.000000E-01  9.926009E-01  7.280259E-03  0.000000E+00 -3.243833E-03  1.615543E-03 -1.757296E-15 -7.842886E-01  0.000000E+00
  9.800160E-01  8.347604E-03  5.000000E-01  9.899090E-01  8.605384E-03  0.000000E+00 -2.935704E-03  1.430716E-03 -1.568868E-15 -7.899057E-01  0.000000E+00
  9.769240E-01  9.831947E-03  5.000000E-01  9.867858E-01  1.010471E-02  0.000000E+00 -2.610743E-03  1.233256E-03 -6.715574E-16 -7.920862E-01  0.000000E+00
  9.733970E-01  1.146761E-02  5.000000E-01  9.832232E-01  1.175688E-02  0.000000E+00 -2.455829E-03  1.111474E-03 -8.951579E-17 -7.928340E-01  0.000000E+00
  9.694240E-01  1.322809E-02  5.000000E-01  9.792101E-01  1.353513E-02  0.000000E+00 -2.529843E-03  1.089213E-03  1.063268E-16 -7.940724E-01  0.000000E+00
  9.649940E-01  1.508665E-02  5.000000E-01  9.747354E-01  1.541246E-02  0.000000E+00 -2.829662E-03  1.159301E-03  1.042331E-16 -7.954700E-01  0.000000E+00
  9.600960E-01  1.702311E-02  5.000000E-01  9.697879E-01  1.736846E-02  0.000000E+00 -3.346990E-03  1.292074E-03  5.710156E-17 -7.959462E-01  0.000000E+00
  9.547180E-01  1.901728E-02  5.000000E-01  9.643556E-01  1.938276E-02  0.000000E+00 -3.940529E-03  1.403029E-03  2.800397E-17 -8.035876E-01  0.000000E+00
  9.488510E-01  2.104977E-02  5.000000E-01  9.584294E-01  2.143578E-02  0.000000E+00 -4.028110E-03  1.313487E-03  1.701051E-17 -8.419493E-01  0.000000E+00
  9.424820E-01  2.310534E-02  5.000000E-01  9.519961E-01  2.351210E-02  0.000000E+00 -2.449221E-03  7.493085E-04  9.887172E-18 -9.294050E-01  0.000000E+00
  9.356020E-01  2.517348E-02  5.000000E-01  9.450467E-01  2.560112E-02  0.000000E+00  2.060703E-03 -5.493752E-04  2.436881E-18 -1.046631E+00  0.000000E+00
  9.282010E-01  2.724803E-02  5.000000E-01  9.375709E-01  2.769660E-02  0.000000E+00  9.431242E-03 -2.469260E-03  5.068302E-18 -1.143839E+00  0.000000E+00
  9.202710E-01  2.932385E-02  5.000000E-01  9.295609E-01  2.979338E-02  0.000000E+00  1.718506E-02 -4.285119E-03  2.200681E-17 -1.187478E+00  0.000000E+00
  9.118010E-01  3.138874E-02  5.000000E-01  9.210054E-01  3.187912E-02  0.000000E+00  2.230729E-02 -5.230401E-03  3.615844E-17 -1.183679E+00  0.000000E+00
  9.027810E-01  3.342664E-02  5.000000E-01  9.118943E-01  3.393759E-02  0.000000E+00  2.407572E-02 -5.237415E-03  3.747331E-17 -1.156472E+00  0.000000E+00
  8.932000E-01  3.542178E-02  5.000000E-01  9.022166E-01  3.595286E-02  0.000000E+00  2.386877E-02 -4.767061E-03  3.103065E-17 -1.122404E+00  0.000000E+00
  8.830490E-01  3.735584E-02  5.000000E-01  8.919631E-01  3.790645E-02  0.000000E+00  2.317425E-02 -4.211296E-03  2.332484E-17 -1.086974E+00  0.000000E+00
  8.723190E-01  3.920786E-02  5.000000E-01  8.811248E-01  3.977717E-02  0.000000E+00  2.263981E-02 -3.704807E-03  1.783572E-17 -1.050855E+00  0.000000E+00
  8.723190E-01  3.920786E-02  5.000000E-01  8.811248E-01  3.977717E-02  0.000000E+00  2.263981E-02 -3.704807E-03  1.783572E-17 -1.050855E+00  0.000000E+00
  8.610010E-01  4.095713E-02  5.000000E-01  8.696926E-01  4.154410E-02  0.000000E+00  2.229207E-02 -3.245776E-03  1.632639E-17 -1.013816E+00  0.000000E+00
  8.490890E-01  4.258439E-02  5.000000E-01  8.576603E-01  4.318778E-02  0.000000E+00  2.197092E-02 -2.808743E-03  1.743583E-17 -9.759372E-01  0.000000E+00
  8.365770E-01  4.407379E-02  5.000000E-01  8.450220E-01  4.469222E-02  0.000000E+00  2.155772E-02 -2.389272E-03  1.588466E-17 -9.381717E-01  0.000000E+00
  8.234620E-01  4.541898E-02  5.000000E-01  8.317746E-01  4.605098E-02  0.000000E+00  2.102408E-02 -2.006637E-03  1.166903E-17 -9.027796E-01  0.000000E+00
  8.097400E-01  4.662938E-02  5.000000E-01  8.179141E-01  4.727361E-02  0.000000E+00  2.040443E-02 -1.695207E-03  7.178794E-18 -8.736211E-01  0.000000E+00
  7.954150E-01  4.774219E-02  5.000000E-01  8.034445E-01  4.839764E-02  0.000000E+00  1.976471E-02 -1.496450E-03  3.477642E-18 -8.556840E-01  0.000000E+00
  7.804870E-01  4.883591E-02  5.000000E-01  7.883658E-01  4.950241E-02  0.000000E+00  1.920884E-02 -1.437622E-03  2.058228E-18 -8.524240E-01  0.000000E+00
  7.649630E-01  5.001895E-02  5.000000E-01  7.726851E-01  5.069739E-02  0.000000E+00  1.889629E-02 -1.490537E-03  4.072123E-18 -8.614514E-01  0.000000E+00
  7.488530E-01  5.133478E-02  5.000000E-01  7.564125E-01  5.202650E-02  0.000000E+00  1.892352E-02 -1.603583E-03  3.635103E-18 -8.770807E-01  0.000000E+00
  7.321700E-01  5.280026E-02  5.000000E-01  7.395611E-01  5.350678E-02  0.000000E+00  1.923339E-02 -1.751730E-03 -9.426322E-20 -8.953450E-01  0.000000E+00
  7.149290E-01  5.442514E-02  5.000000E-01  7.221460E-01  5.514806E-02  0.000000E+00  1.970440E-02 -1.916492E-03 -2.386926E-18 -9.134387E-01  0.000000E+00
  6.971500E-01  5.620632E-02  5.000000E-01  7.041876E-01  5.694722E-02  0.000000E+00  2.023595E-02 -2.072898E-03 -8.317031E-18 -9.287741E-01  0.000000E+00
  6.788570E-01  5.812107E-02  5.000000E-01  6.857099E-01  5.888129E-02  0.000000E+00  2.077581E-02 -2.189611E-03 -1.580211E-17 -9.387512E-01  0.000000E+00
  6.600760E-01  6.011629E-02  5.000000E-01  6.667393E-01  6.089666E-02  0.000000E+00  2.129315E-02 -2.239078E-03 -1.938381E-17 -9.415735E-01  0.000000E+00
  6.408370E-01  6.212049E-02  5.000000E-01  6.473061E-01  6.292109E-02  0.000000E+00  2.173960E-02 -2.218855E-03 -2.168697E-17 -9.377131E-01  0.000000E+00
  6.211780E-01  6.408567E-02  5.000000E-01  6.274486E-01  6.490611E-02  0.000000E+00  2.208399E-02 -2.143443E-03 -2.208068E-17 -9.288669E-01  0.000000E+00
  6.011430E-01  6.597246E-02  5.000000E-01  6.072114E-01  6.681195E-02  0.000000E+00  2.234352E-02 -2.024236E-03 -2.049605E-17 -9.162476E-01  0.000000E+00
  5.807790E-01  6.774485E-02  5.000000E-01  5.866418E-01  6.860223E-02  0.000000E+00  2.254813E-02 -1.872499E-03 -1.969334E-17 -9.008186E-01  0.000000E+00
  5.601410E-01  6.937687E-02  5.000000E-01  5.657955E-01  7.025072E-02  0.000000E+00  2.272371E-02 -1.697094E-03 -1.605779E-17 -8.832825E-01  0.000000E+00
  5.392850E-01  7.084381E-02  5.000000E-01  5.447290E-01  7.173247E-02  0.000000E+00  2.288461E-02 -1.504792E-03 -1.401527E-17 -8.642686E-01  0.000000E+00
  5.182680E-01  7.212979E-02  5.000000E-01  5.234998E-01  7.303143E-02  0.000000E+00  2.303011E-02 -1.306389E-03 -1.268512E-17 -8.447439E-01  0.000000E+00
  4.971500E-01  7.323337E-02  5.000000E-01  5.021686E-01  7.414615E-02  0.000000E+00  2.316703E-02 -1.108957E-03 -9.650204E-18 -8.253842E-01  0.000000E+00
  4.759900E-01  7.415368E-02  5.000000E-01  4.807950E-01  7.507575E-02  0.000000E+00  2.331137E-02 -9.125854E-04 -9.585812E-18 -8.063068E-01  0.000000E+00
  2.733630E-06 -4.855491E-04  5.000000E-01  2.813636E-06 -3.169370E-04  0.000000E+00  4.686379E-04 -1.840572E-02 -5.784242E-16  1.096919E+00  0.000000E+00
  4.455870E-05 -1.426487E-03  5.000000E-01  4.506092E-05 -1.267373E-03  0.000000E+00  2.258774E-03 -2.190603E-02 -1.151544E-16  1.067589E+00  0.000000E+00
  2.731490E-04 -2.958883E-03  5.000000E-01  2.759588E-04 -2.815238E-03  0.000000E+00  6.593036E-03 -2.486042E-02  4.665887E-16  9.467723E-01  0.000000E+00
  9.950900E-04 -4.913570E-03  5.000000E-01  1.005188E-03 -4.789657E-03  0.000000E+00  1.277741E-02 -2.521997E-02  9.459563E-16  7.369508E-01  0.000000E+00
  2.349870E-03 -6.988404E-03  5.000000E-01  2.373644E-03 -6.885436E-03  0.000000E+00  1.846852E-02 -2.401699E-02  1.307826E-15  5.277880E-01  0.000000E+00
  4.254460E-03 -9.116582E-03  5.000000E-01  4.297460E-03 -9.035098E-03  0.000000E+00  2.308448E-02 -2.270171E-02  1.499115E-15  3.564099E-01  0.000000E+00
  6.687140E-03 -1.123949E-02  5.000000E-01  6.754697E-03 -1.117944E-02  0.000000E+00  2.708528E-02 -2.121573E-02  1.453124E-15  1.937157E-01  0.000000E+00
  9.634000E-03 -1.331959E-02  5.000000E-01  9.731305E-03 -1.328053E-02  0.000000E+00  3.034949E-02 -1.921529E-02  1.287973E-15  2.840059E-02  0.000000E+00
  1.310530E-02 -1.528927E-02  5.000000E-01  1.323765E-02 -1.527010E-02  0.000000E+00  3.258114E-02 -1.656246E-02  1.127347E-15 -1.355045E-01  0.000000E+00
  1.710810E-02 -1.709682E-02  5.000000E-01  1.728085E-02 -1.709589E-02  0.000000E+00  3.384672E-02 -1.378874E-02  9.718246E-16 -2.755983E-01  0.000000E+00
  2.163760E-02 -1.874283E-02  5.000000E-01  2.185608E-02 -1.875852E-02  0.000000E+00  3.453639E-02 -1.137171E-02  7.787954E-16 -3.825161E-01  0.000000E+00
  2.669190E-02 -2.023697E-02  5.000000E-01  2.696140E-02 -2.026775E-02  0.000000E+00  3.479525E-02 -9.238415E-03  5.623142E-16 -4.687360E-01  0.000000E+00
  3.228310E-02 -2.155511E-02  5.000000E-01  3.260904E-02 -2.159919E-02  0.000000E+00  3.458167E-02 -7.265357E-03  3.748922E-16 -5.439449E-01  0.000000E+00
  3.842170E-02 -2.268517E-02  5.000000E-01  3.880961E-02 -2.274066E-02  0.000000E+00  3.397874E-02 -5.528930E-03  2.442806E-16 -6.071004E-01  0.000000E+00
  4.511710E-02 -2.362793E-02  5.000000E-01  4.557260E-02 -2.369294E-02  0.000000E+00  3.311472E-02 -4.075083E-03  1.545963E-16 -6.569405E-01  0.000000E+00
  5.237940E-02 -2.438871E-02  5.000000E-01  5.290821E-02 -2.446139E-02  0.000000E+00  3.211184E-02 -2.908593E-03  9.074851E-17 -6.930594E-01  0.000000E+00
  6.021800E-02 -2.498319E-02  5.000000E-01  6.082593E-02 -2.506188E-02  0.000000E+00  3.108849E-02 -2.021584E-03  4.813692E-17 -7.154074E-01  0.000000E+00
  6.864140E-02 -2.543665E-02  5.000000E-01  6.933437E-02 -2.551991E-02  0.000000E+00  3.009542E-02 -1.369709E-03  2.606962E-17 -7.255972E-01  0.000000E+00
  7.765990E-02 -2.577011E-02  5.000000E-01  7.844390E-02 -2.585673E-02  0.000000E+00  2.911804E-02 -9.020196E-04  1.845766E-17 -7.254366E-01  0.000000E+00
  8.728340E-02 -2.600871E-02  5.000000E-01  8.816455E-02 -2.609775E-02  0.000000E+00  2.810637E-02 -5.915661E-04  1.770297E-17 -7.152951E-01  0.000000E+00
  9.752070E-02 -2.618468E-02  5.000000E-01  9.850519E-02 -2.627549E-02  0.000000E+00  2.693638E-02 -4.120659E-04  2.075490E-17 -6.951227E-01  0.000000E+00
  1.083810E-01 -2.632996E-02  5.000000E-01  1.094751E-01 -2.642224E-02  0.000000E+00  2.544983E-02 -3.367463E-04  2.101763E-17 -6.642778E-01  0.000000E+00
  1.198710E-01 -2.648034E-02  5.000000E-01  1.210811E-01 -2.657413E-02  0.000000E+00  2.359418E-02 -3.440514E-04  1.837242E-17 -6.209749E-01  0.000000E+00
  1.319970E-01 -2.667570E-02  5.000000E-01  1.333295E-01 -2.677147E-02  0.000000E+00  2.155314E-02 -4.081510E-04  1.569335E-17 -5.634838E-01  0.000000E+00
  1.319970E-01 -2.667570E-02  5.000000E-01  1.333295E-01 -2.677147E-02  0.000000E+00  2.155314E-02 -4.081510E-04  1.569335E-17 -5.634838E-01  0.000000E+00
  1.447640E-01 -2.695350E-02  5.000000E-01  1.462254E-01 -2.705207E-02  0.000000E+00  1.976327E-02 -5.069828E-04  1.300658E-17 -4.923728E-01  0.000000E+00
  1.581750E-01 -2.734817E-02  5.000000E-01  1.597718E-01 -2.745073E-02  0.000000E+00  1.872115E-02 -6.310192E-04  1.024905E-17 -4.140228E-01  0.000000E+00
  1.722290E-01 -2.788020E-02  5.000000E-01  1.739676E-01 -2.798813E-02  0.000000E+00  1.867866E-02 -7.696357E-04  6.336550E-18 -3.427526E-01  0.000000E+00
  1.869240E-01 -2.853659E-02  5.000000E-01  1.888110E-01 -2.865115E-02  0.000000E+00  1.948722E-02 -8.785798E-04  2.632588E-18 -2.969782E-01  0.000000E+00
  2.022540E-01 -2.924509E-02  5.000000E-01  2.042957E-01 -2.936680E-02  0.000000E+00  2.068612E-02 -8.552096E-04  1.699642E-18 -2.903866E-01  0.000000E+00
  2.182110E-01 -2.984318E-02  5.000000E-01  2.204138E-01 -2.997093E-02  0.000000E+00  2.178715E-02 -6.415770E-04  2.592420E-18 -3.195626E-01  0.000000E+00
  2.347810E-01 -3.020376E-02  5.000000E-01  2.371511E-01 -3.033514E-02  0.000000E+00  2.249671E-02 -3.207681E-04  3.853982E-18 -3.633352E-01  0.000000E+00
  2.519470E-01 -3.031658E-02  5.000000E-01  2.544904E-01 -3.044910E-02  0.000000E+00  2.264874E-02  3.295238E-06  6.345840E-18 -4.011164E-01  0.000000E+00
  2.696890E-01 -3.019003E-02  5.000000E-01  2.724115E-01 -3.032128E-02  0.000000E+00  2.219035E-02  2.779101E-04  5.823248E-18 -4.220185E-01  0.000000E+00
  2.879810E-01 -2.985492E-02  5.000000E-01  2.908881E-01 -2.998278E-02  0.000000E+00  2.128919E-02  4.636487E-04  4.424040E-19 -4.213497E-01  0.000000E+00
  3.067920E-01 -2.937203E-02  5.000000E-01  3.098890E-01 -2.949502E-02  0.000000E+00  2.029415E-02  5.411915E-04 -2.528800E-18 -3.999987E-01  0.000000E+00
  3.260870E-01 -2.883198E-02  5.000000E-01  3.293788E-01 -2.894951E-02  0.000000E+00  1.956094E-02  5.213719E-04 -1.688533E-18 -3.650586E-01  0.000000E+00
  3.458260E-01 -2.833351E-02  5.000000E-01  3.493171E-01 -2.844602E-02  0.000000E+00  1.923948E-02  4.650222E-04  3.303388E-18 -3.302398E-01  0.000000E+00
  3.659650E-01 -2.787643E-02  5.000000E-01  3.696594E-01 -2.798432E-02  0.000000E+00  1.925694E-02  4.407390E-04  4.849474E-18 -3.083379E-01  0.000000E+00
  3.864540E-01 -2.741010E-02  5.000000E-01  3.903552E-01 -2.751328E-02  0.000000E+00  1.944876E-02  4.708930E-04  2.015246E-18 -3.026001E-01  0.000000E+00
  4.072410E-01 -2.687981E-02  5.000000E-01  4.113520E-01 -2.697764E-02  0.000000E+00  1.961063E-02  5.538087E-04  2.019482E-18 -3.084848E-01  0.000000E+00
  4.282690E-01 -2.623014E-02  5.000000E-01  4.325923E-01 -2.632141E-02  0.000000E+00  1.952852E-02  6.812101E-04  3.397611E-19 -3.182115E-01  0.000000E+00
  4.494800E-01 -2.540400E-02  5.000000E-01  4.540174E-01 -2.548693E-02  0.000000E+00  1.907085E-02  8.248980E-04  6.899113E-19 -3.226422E-01  0.000000E+00
  4.708130E-01 -2.438149E-02  5.000000E-01  4.755658E-01 -2.445410E-02  0.000000E+00  1.827058E-02  9.414202E-04  2.055419E-18 -3.134940E-01  0.000000E+00
  4.922030E-01 -2.319234E-02  5.000000E-01  4.971717E-01 -2.325294E-02  0.000000E+00  1.729335E-02  1.013009E-03  7.309775E-19 -2.880284E-01  0.000000E+00
  5.135860E-01 -2.186883E-02  5.000000E-01  5.187705E-01 -2.191607E-02  0.000000E+00  1.634543E-02  1.052382E-03 -7.330602E-20 -2.502371E-01  0.000000E+00
  5.348990E-01 -2.044031E-02  5.000000E-01  5.402987E-01 -2.047313E-02  0.000000E+00  1.558846E-02  1.075922E-03 -2.196489E-18 -2.077500E-01  0.000000E+00
  5.560760E-01 -1.893739E-02  5.000000E-01  5.616895E-01 -1.895504E-02  0.000000E+00  1.506843E-02  1.097793E-03 -2.236196E-18 -1.687337E-01  0.000000E+00
  4.759900E-01  7.415368E-02  5.000000E-01  4.807950E-01  7.507575E-02  0.000000E+00  2.331137E-02 -9.125854E-04 -9.585812E-18 -8.063068E-01  0.000000E+00
  4.548480E-01  7.488963E-02  5.000000E-01  4.594396E-01  7.581913E-02  0.000000E+00  2.347056E-02 -7.169455E-04 -9.234976E-18 -7.874731E-01  0.000000E+00
  4.337860E-01  7.544309E-02  5.000000E-01  4.381650E-01  7.637818E-02  0.000000E+00  2.364615E-02 -5.188117E-04 -7.642454E-18 -7.684719E-01  0.000000E+00
  4.128620E-01  7.581204E-02  5.000000E-01  4.170298E-01  7.675085E-02  0.000000E+00  2.383964E-02 -3.067024E-04 -6.803209E-18 -7.481781E-01  0.000000E+00
  3.921340E-01  7.598117E-02  5.000000E-01  3.960925E-01  7.692169E-02  0.000000E+00  2.403735E-02 -6.970542E-05 -7.050534E-18 -7.254224E-01  0.000000E+00
  3.716590E-01  7.593409E-02  5.000000E-01  3.754108E-01  7.687414E-02  0.000000E+00  2.420856E-02  1.955814E-04 -5.782198E-18 -6.995769E-01  0.000000E+00
  3.514890E-01  7.565585E-02  5.000000E-01  3.550372E-01  7.659308E-02  0.000000E+00  2.432269E-02  4.879652E-04 -3.269542E-18 -6.705106E-01  0.000000E+00
  3.316730E-01  7.513546E-02  5.000000E-01  3.350212E-01  7.606745E-02  0.000000E+00  2.435438E-02  7.999060E-04 -2.880518E-18 -6.388501E-01  0.000000E+00
  3.122580E-01  7.437007E-02  5.000000E-01  3.154102E-01  7.529432E-02  0.000000E+00  2.427920E-02  1.109894E-03 -4.145534E-18 -6.064900E-01  0.000000E+00
  2.932850E-01  7.338184E-02  5.000000E-01  2.962457E-01  7.429612E-02  0.000000E+00  2.409287E-02  1.395896E-03 -5.479124E-18 -5.756175E-01  0.000000E+00
  2.747930E-01  7.220049E-02  5.000000E-01  2.775670E-01  7.310284E-02  0.000000E+00  2.382380E-02  1.652997E-03 -5.289539E-18 -5.473409E-01  0.000000E+00
  2.568150E-01  7.085283E-02  5.000000E-01  2.594075E-01  7.174158E-02  0.000000E+00  2.351002E-02  1.886205E-03 -5.024630E-18 -5.219598E-01  0.000000E+00
  2.393810E-01  6.936159E-02  5.000000E-01  2.417975E-01  7.023528E-02  0.000000E+00  2.318572E-02  2.103418E-03 -5.857169E-18 -4.996956E-01  0.000000E+00
  2.225160E-01  6.774529E-02  5.000000E-01  2.247623E-01  6.860267E-02  0.000000E+00  2.287834E-02  2.310450E-03 -6.340529E-18 -4.817770E-01  0.000000E+00
  2.062420E-01  6.601827E-02  5.000000E-01  2.083240E-01  6.685821E-02  0.000000E+00  2.259080E-02  2.478948E-03 -7.090845E-18 -4.730542E-01  0.000000E+00
  1.905750E-01  6.423718E-02  5.000000E-01  1.924988E-01  6.505915E-02  0.000000E+00  2.234393E-02  2.552072E-03 -4.487781E-18 -4.808112E-01  0.000000E+00
  1.755290E-01  6.250557E-02  5.000000E-01  1.773010E-01  6.331006E-02  0.000000E+00  2.228482E-02  2.549512E-03 -2.175561E-18 -5.056794E-01  0.000000E+00
  1.611160E-01  6.086608E-02  5.000000E-01  1.627425E-01  6.165402E-02  0.000000E+00  2.259532E-02  2.552806E-03 -4.369221E-18 -5.406593E-01  0.000000E+00
  1.473410E-01  5.932157E-02  5.000000E-01  1.488284E-01  6.009392E-02  0.000000E+00  2.331295E-02  2.610509E-03 -5.392170E-18 -5.780805E-01  0.000000E+00
  1.342110E-01  5.785479E-02  5.000000E-01  1.355659E-01  5.861233E-02  0.000000E+00  2.432304E-02  2.737857E-03 -7.903259E-19 -6.124227E-01  0.000000E+00
  1.217280E-01  5.644033E-02  5.000000E-01  1.229569E-01  5.718359E-02  0.000000E+00  2.544825E-02  2.934864E-03  5.886840E-18 -6.410172E-01  0.000000E+00
  1.098910E-01  5.505260E-02  5.000000E-01  1.110004E-01  5.578186E-02  0.000000E+00  2.655545E-02  3.207123E-03  1.673568E-17 -6.628628E-01  0.000000E+00
  9.869950E-02  5.366287E-02  5.000000E-01  9.969589E-02  5.437809E-02  0.000000E+00  2.759419E-02  3.569979E-03  3.417001E-17 -6.775955E-01  0.000000E+00
  8.814970E-02  5.224471E-02  5.000000E-01  8.903960E-02  5.294561E-02  0.000000E+00  2.857847E-02  4.049405E-03  5.020088E-17 -6.847537E-01  0.000000E+00
  8.814970E-02  5.224471E-02  5.000000E-01  8.903960E-02  5.294561E-02  0.000000E+00  2.857847E-02  4.049405E-03  5.020088E-17 -6.847537E-01  0.000000E+00
  7.823720E-02  5.077044E-02  5.000000E-01  7.902703E-02  5.145647E-02  0.000000E+00  2.954886E-02  4.688317E-03  5.991462E-17 -6.830480E-01  0.000000E+00
  6.895800E-02  4.920867E-02  5.000000E-01  6.965416E-02  4.987893E-02  0.000000E+00  3.051715E-02  5.528692E-03  6.648170E-17 -6.709743E-01  0.000000E+00
  6.030560E-02  4.753314E-02  5.000000E-01  6.091442E-02  4.818649E-02  0.000000E+00  3.146764E-02  6.624919E-03  6.931434E-17 -6.460655E-01  0.000000E+00
  5.227560E-02  4.571137E-02  5.000000E-01  5.280336E-02  4.634633E-02  0.000000E+00  3.234127E-02  8.038187E-03  6.296677E-17 -6.048081E-01  0.000000E+00
  4.486350E-02  4.371250E-02  5.000000E-01  4.531644E-02  4.432727E-02  0.000000E+00  3.299705E-02  9.789692E-03  3.936535E-17 -5.441720E-01  0.000000E+00
  3.806240E-02  4.151432E-02  5.000000E-01  3.844668E-02  4.210691E-02  0.000000E+00  3.325007E-02  1.187694E-02 -2.131654E-18 -4.602780E-01  0.000000E+00
  3.186880E-02  3.909233E-02  5.000000E-01  3.219056E-02  3.966046E-02  0.000000E+00  3.285653E-02  1.420799E-02 -5.108850E-17 -3.499316E-01  0.000000E+00
  2.627530E-02  3.643689E-02  5.000000E-01  2.654059E-02  3.697822E-02  0.000000E+00  3.156228E-02  1.655727E-02 -9.941279E-17 -2.123571E-01  0.000000E+00
  2.127350E-02  3.355040E-02  5.000000E-01  2.148830E-02  3.406259E-02  0.000000E+00  2.924150E-02  1.864998E-02 -1.508085E-16 -4.760800E-02  0.000000E+00
  1.685790E-02  3.044001E-02  5.000000E-01  1.702813E-02  3.092080E-02  0.000000E+00  2.594280E-02  2.012930E-02 -2.107263E-16  1.387601E-01  0.000000E+00
  1.301460E-02  2.714084E-02  5.000000E-01  1.314603E-02  2.758833E-02  0.000000E+00  2.192435E-02  2.070478E-02 -2.547711E-16  3.371546E-01  0.000000E+00
  9.730790E-03  2.369825E-02  5.000000E-01  9.829072E-03  2.411099E-02  0.000000E+00  1.758635E-02  2.030654E-02 -2.507914E-16  5.385170E-01  0.000000E+00
  6.996180E-03  2.016718E-02  5.000000E-01  7.066857E-03  2.054427E-02  0.000000E+00  1.333546E-02  1.891477E-02 -1.804161E-16  7.278320E-01  0.000000E+00
  4.781010E-03  1.663910E-02  5.000000E-01  4.829325E-03  1.698058E-02  0.000000E+00  9.485319E-03  1.662370E-02 -6.846385E-17  8.915006E-01  0.000000E+00
  3.054950E-03  1.320951E-02  5.000000E-01  3.085841E-03  1.351637E-02  0.000000E+00  6.194683E-03  1.364874E-02  2.695351E-17  1.024940E+00  0.000000E+00
  1.789910E-03  9.973559E-03  5.000000E-01  1.808031E-03  1.024775E-02  0.000000E+00  3.552405E-03  1.011980E-02  7.989657E-17  1.123535E+00  0.000000E+00
  9.331870E-04  7.040288E-03  5.000000E-01  9.426596E-04  7.284871E-03  0.000000E+00  1.620702E-03  6.118756E-03  8.565514E-17  1.183567E+00  0.000000E+00
  4.085430E-04  4.518197E-03  5.000000E-01  4.127195E-04  4.737321E-03  0.000000E+00  3.811614E-04  1.735014E-03  2.840417E-17  1.207881E+00  0.000000E+00
  1.354760E-04  2.494559E-03  5.000000E-01  1.368960E-04  2.693255E-03  0.000000E+00 -2.396884E-04 -2.994094E-03 -9.477955E-17  1.204190E+00  0.000000E+00
  2.683130E-05  1.021514E-03  5.000000E-01  2.715456E-05  1.205339E-03  0.000000E+00 -3.441452E-04 -8.061916E-03 -2.391991E-16  1.180839E+00  0.000000E+00
  1.320070E-06  1.276971E-04  5.000000E-01  1.385807E-06  3.024997E-04  0.000000E+00 -2.077766E-04 -1.298708E-02 -3.997741E-16  1.140479E+00  0.000000E+00
 -5.188750E-08 -1.717795E-04  5.000000E-01  0.000000E+00  0.000000E+00  0.000000E+00 -4.372901E-05 -1.611278E-02 -6.155804E-16  1.105512E+00  0.000000E+00
  2.733630E-06 -4.855491E-04  5.000000E-01  2.813636E-06 -3.169370E-04  0.000000E+00  4.686379E-04 -1.840572E-02 -5.784242E-16  1.096919E+00  0.000000E+00
    1    2
    2    3
    3    4
    4    5
    5    6
    6    7
    7    8
    8    9
    9   10
   10   11
   11   12
   12   13
   13   14
   14   15
   15   16
   16   17
   17   18
   18   19
   19   20
   20   21
   21   22
   22   23
   23   24
   25   26
   26   27
   27   28
   28   29
   29   30
   30   31
   31   32
   32   33
   33   34
   34   35
   35   36
   36   37
   37   38
   38   39
   39   40
   40   41
   41   42
   42   43
   43   44
   44   45
   45   46
   46   47
   47   48
   49   50
   50   51
   51   52
   52   53
   53   54
   54   55
   55   56
   56   57
   57   58
   58   59
   59   60
   60   61
   61   62
   62   63
   63   64
   64   65
   65   66
   66   67
   67   68
   68   69
   69   70
   70   71
   71   72
   73   74
   74   75
   75   76
   76   77
   77   78
   78   79
   79   80
   80   81
   81   82
   82   83
   83   84
   84   85
   85   86
   86   87
   87   88
   88   89
   89   90
   90   91
   91   92
   92   93
   93   94
   94   95
   95   96
   97   98
   98   99
   99  100
  100  101
  101  102
  102  103
  103  104
  104  105
  105  106
  106  107
  107  108
  108  109
  109  110
  110  111
  111  112
  112  113
  113  114
  114  115
  115  116
  116  117
  117  118
  118  119
  119  120
  121  122
  122  123
  123  124
  124  125
  125  126
  126  127
  127  128
  128  129
  129  130
  130  131
  131  132
  132  133
  133  134
  134  135
  135  136
  136  137
  137  138
  138  139
  139  140
  140  141
  141  142
  142  143
  143  144
  145  146
  146  147
  147  148
  148  149
  149  150
  150  151
  151  152
  152  153
  153  154
  154  155
  155  156
  156  157
  157  158
  158  159
  159  160
  160  161
  161  162
  162  163
  163  164
  164  165
  165  166
  166  167
  167  168
  169  170
  170  171
  171  172
  172  173
  173  174
  174  175
  175  176
  176  177
  177  178
  178  179
  179  180
  180  181
  181  182
  182  183
  183  184
  184  185
  185  186
  186  187
  187  188
  188  189
  189  190
  190  191
  191  192
