 Title = "ADflow Slice Data"
Variables =  "CoordinateX"  "CoordinateY"  "CoordinateZ"  "XoC"  "YoC"  "ZoC" "VelocityX" "VelocityY" "VelocityZ" "CoefPressure" "Mach" 
Zone T= "Slice_0001 None Absolute Regular z = 0.50000000"
 Nodes =          192  Elements=          184  ZONETYPE=FELINESEG
 DATAPACKING=POINT
  5.667600E-01 -1.510700E-02  5.000000E-01  5.724853E-01 -1.522066E-02  0.000000E+00  1.340867E-02  1.528855E-03  1.977625E-19  1.002475E-01  0.000000E+00
  5.873410E-01 -1.274737E-02  5.000000E-01  5.932741E-01 -1.283720E-02  0.000000E+00  1.290522E-02  1.478346E-03 -2.548069E-20  1.231435E-01  0.000000E+00
  6.076580E-01 -1.042214E-02  5.000000E-01  6.137963E-01 -1.048849E-02  0.000000E+00  1.246316E-02  1.417123E-03  7.785196E-19  1.449852E-01  0.000000E+00
  6.276600E-01 -8.163457E-03  5.000000E-01  6.340003E-01 -8.206995E-03  0.000000E+00  1.207999E-02  1.349306E-03  3.310290E-19  1.652069E-01  0.000000E+00
  6.472970E-01 -5.995422E-03  5.000000E-01  6.538356E-01 -6.017066E-03  0.000000E+00  1.174610E-02  1.279788E-03  7.779098E-20  1.834602E-01  0.000000E+00
  6.665260E-01 -3.929595E-03  5.000000E-01  6.732588E-01 -3.930375E-03  0.000000E+00  1.145128E-02  1.211046E-03  5.251905E-19  1.999595E-01  0.000000E+00
  6.853050E-01 -1.975520E-03  5.000000E-01  6.922274E-01 -1.956567E-03  0.000000E+00  1.118968E-02  1.140466E-03  1.082873E-18  2.155031E-01  0.000000E+00
  7.035980E-01 -1.504742E-04  5.000000E-01  7.107052E-01 -1.130901E-04  0.000000E+00  1.095152E-02  1.065399E-03  3.173357E-19  2.304273E-01  0.000000E+00
  7.213750E-01  1.533525E-03  5.000000E-01  7.286617E-01  1.587915E-03  0.000000E+00  1.071430E-02  9.862709E-04  7.103955E-20  2.443871E-01  0.000000E+00
  7.386080E-01  3.072136E-03  5.000000E-01  7.460687E-01  3.142065E-03  0.000000E+00  1.044915E-02  9.052234E-04  6.729947E-19  2.572993E-01  0.000000E+00
  7.552750E-01  4.470408E-03  5.000000E-01  7.629040E-01  4.554458E-03  0.000000E+00  1.013803E-02  8.265113E-04  1.281807E-19  2.695904E-01  0.000000E+00
  7.713580E-01  5.741138E-03  5.000000E-01  7.791495E-01  5.838021E-03  0.000000E+00  9.793735E-03  7.519519E-04 -4.970302E-19  2.818177E-01  0.000000E+00
  7.868410E-01  6.895271E-03  5.000000E-01  7.947888E-01  7.003809E-03  0.000000E+00  9.483234E-03  6.642303E-04 -1.407640E-18  2.957043E-01  0.000000E+00
  8.017160E-01  7.872823E-03  5.000000E-01  8.098140E-01  7.991233E-03  0.000000E+00  9.307641E-03  5.404668E-04 -2.406124E-18  3.115887E-01  0.000000E+00
  8.159740E-01  8.590420E-03  5.000000E-01  8.242160E-01  8.716077E-03  0.000000E+00  9.330570E-03  3.861085E-04 -1.924030E-18  3.245047E-01  0.000000E+00
  8.296120E-01  9.030414E-03  5.000000E-01  8.379918E-01  9.160515E-03  0.000000E+00  9.555776E-03  2.188052E-04 -8.564557E-19  3.295862E-01  0.000000E+00
  8.426300E-01  9.209059E-03  5.000000E-01  8.511412E-01  9.340964E-03  0.000000E+00  9.959820E-03  4.536649E-05 -9.698663E-19  3.267774E-01  0.000000E+00
  8.550290E-01  9.157717E-03  5.000000E-01  8.636654E-01  9.289104E-03  0.000000E+00  1.051442E-02 -1.332148E-04 -6.009331E-19  3.180641E-01  0.000000E+00
  8.668160E-01  8.914112E-03  5.000000E-01  8.755715E-01  9.043038E-03  0.000000E+00  1.119062E-02 -3.157975E-04 -3.660934E-20  3.047956E-01  0.000000E+00
  8.779950E-01  8.519501E-03  5.000000E-01  8.868634E-01  8.644443E-03  0.000000E+00  1.195858E-02 -4.998263E-04  6.781947E-19  2.875325E-01  0.000000E+00
  8.885730E-01  8.013154E-03  5.000000E-01  8.975482E-01  8.132982E-03  0.000000E+00  1.278899E-02 -6.827248E-04  1.035837E-18  2.668631E-01  0.000000E+00
  8.985610E-01  7.428439E-03  5.000000E-01  9.076371E-01  7.542361E-03  0.000000E+00  1.364927E-02 -8.577442E-04  7.333565E-19  2.433088E-01  0.000000E+00
  9.079670E-01  6.799126E-03  5.000000E-01  9.171381E-01  6.906693E-03  0.000000E+00  1.450012E-02 -1.012516E-03  7.273527E-19  2.173317E-01  0.000000E+00
  9.168010E-01  6.157723E-03  5.000000E-01  9.260613E-01  6.258812E-03  0.000000E+00  1.530394E-02 -1.137894E-03  1.363645E-18  1.899895E-01  0.000000E+00
  9.168010E-01  6.157723E-03  5.000000E-01  9.260613E-01  6.258812E-03  0.000000E+00  1.530394E-02 -1.137894E-03  1.363645E-18  1.899895E-01  0.000000E+00
  9.250730E-01  5.529031E-03  5.000000E-01  9.344168E-01  5.623772E-03  0.000000E+00  1.603752E-02 -1.235112E-03  2.286915E-18  1.628069E-01  0.000000E+00
  9.327940E-01  4.927292E-03  5.000000E-01  9.422158E-01  5.015955E-03  0.000000E+00  1.670037E-02 -1.315871E-03  2.921779E-18  1.370973E-01  0.000000E+00
  9.399760E-01  4.355780E-03  5.000000E-01  9.494703E-01  4.438672E-03  0.000000E+00  1.730871E-02 -1.391709E-03  3.460680E-18  1.131296E-01  0.000000E+00
  9.466320E-01  3.815199E-03  5.000000E-01  9.561935E-01  3.892632E-03  0.000000E+00  1.788270E-02 -1.467158E-03  2.728891E-18  9.016597E-02  0.000000E+00
  9.527730E-01  3.306371E-03  5.000000E-01  9.623965E-01  3.378665E-03  0.000000E+00  1.844703E-02 -1.548713E-03 -2.849831E-18  6.766695E-02  0.000000E+00
  9.584110E-01  2.827154E-03  5.000000E-01  9.680915E-01  2.894609E-03  0.000000E+00  1.903440E-02 -1.647020E-03 -1.295713E-17  4.540017E-02  0.000000E+00
  9.635570E-01  2.374318E-03  5.000000E-01  9.732895E-01  2.437200E-03  0.000000E+00  1.967872E-02 -1.767961E-03 -2.144124E-17  2.264797E-02  0.000000E+00
  9.682220E-01  1.946793E-03  5.000000E-01  9.780016E-01  2.005357E-03  0.000000E+00  2.041211E-02 -1.912170E-03 -2.021678E-17 -1.678260E-03  0.000000E+00
  9.724140E-01  1.545859E-03  5.000000E-01  9.822359E-01  1.600374E-03  0.000000E+00  2.128260E-02 -2.087655E-03 -1.804409E-17 -2.820915E-02  0.000000E+00
  9.761430E-01  1.171440E-03  5.000000E-01  9.860026E-01  1.222174E-03  0.000000E+00  2.237231E-02 -2.311576E-03 -5.358102E-17 -5.739703E-02  0.000000E+00
  9.794160E-01  8.242704E-04  5.000000E-01  9.893086E-01  8.714983E-04  0.000000E+00  2.378326E-02 -2.597357E-03 -1.451663E-16 -9.032319E-02  0.000000E+00
  9.822400E-01  5.074293E-04  5.000000E-01  9.921611E-01  5.514575E-04  0.000000E+00  2.556637E-02 -2.947192E-03 -1.609752E-16 -1.284409E-01  0.000000E+00
  9.846200E-01  2.260650E-04  5.000000E-01  9.945652E-01  2.672518E-04  0.000000E+00  2.759062E-02 -3.347863E-03  2.552763E-16 -1.720994E-01  0.000000E+00
  9.865620E-01 -1.453606E-05  5.000000E-01  9.965268E-01  2.422087E-05  0.000000E+00  2.940962E-02 -3.711583E-03  1.344016E-15 -2.194079E-01  0.000000E+00
  9.880680E-01 -2.086060E-04  5.000000E-01  9.980480E-01 -1.718089E-04  0.000000E+00  2.987560E-02 -3.826700E-03  2.195168E-15 -2.766166E-01  0.000000E+00
  9.891420E-01 -3.514239E-04  5.000000E-01  9.991328E-01 -3.160692E-04  0.000000E+00  2.812840E-02 -3.911135E-03 -5.471901E-16 -3.435009E-01  0.000000E+00
  9.897860E-01 -4.389487E-04  5.000000E-01  9.997833E-01 -4.044778E-04  0.000000E+00  3.788611E-02 -4.013267E-03 -1.084693E-14 -2.893958E-01  0.000000E+00
  9.900000E-01 -4.683023E-04  5.000000E-01  9.999995E-01 -4.341279E-04  0.000000E+00  2.618841E-02  5.267615E-03 -9.681783E-15 -5.820195E-01  0.000000E+00
  9.900000E-01 -1.843754E-04  5.000000E-01  9.999995E-01 -1.473336E-04  0.000000E+00  1.229775E-03 -7.885239E-03  3.711245E-16 -8.088124E-01  0.000000E+00
  9.900000E-01  9.955150E-05  5.000000E-01  9.999995E-01  1.394606E-04  0.000000E+00 -4.468914E-04 -2.274866E-02  2.828936E-15 -6.283627E-01  0.000000E+00
  9.900000E-01  3.834784E-04  5.000000E-01  9.999995E-01  4.262548E-04  0.000000E+00 -1.435992E-04 -8.862997E-03  4.106920E-15 -6.283186E-01  0.000000E+00
  9.900000E-01  6.674053E-04  5.000000E-01  9.999995E-01  7.130490E-04  0.000000E+00  4.646603E-04 -5.229948E-03  4.066263E-15 -6.881990E-01  0.000000E+00
  9.900000E-01  9.513321E-04  5.000000E-01  9.999995E-01  9.998432E-04  0.000000E+00  6.797342E-03 -6.632426E-03  3.563454E-15 -6.299479E-01  0.000000E+00
  9.900000E-01  9.513321E-04  5.000000E-01  9.999995E-01  9.998432E-04  0.000000E+00  6.797342E-03 -6.632426E-03  3.563454E-15 -6.299479E-01  0.000000E+00
  9.897890E-01  1.017904E-03  5.000000E-01  9.997864E-01  1.067087E-03  0.000000E+00  9.015769E-03 -3.469586E-03  2.877194E-15 -5.523877E-01  0.000000E+00
  9.891540E-01  1.218674E-03  5.000000E-01  9.991450E-01  1.269885E-03  0.000000E+00  4.567775E-03 -1.351279E-03  1.870664E-15 -5.709900E-01  0.000000E+00
  9.880950E-01  1.555408E-03  5.000000E-01  9.980753E-01  1.610019E-03  0.000000E+00  3.024787E-03 -9.609225E-04  1.035532E-15 -5.705501E-01  0.000000E+00
  9.866100E-01  2.031333E-03  5.000000E-01  9.965753E-01  2.090751E-03  0.000000E+00  1.983747E-03 -6.497761E-04  5.040816E-16 -5.626503E-01  0.000000E+00
  9.846960E-01  2.650662E-03  5.000000E-01  9.946419E-01  2.716335E-03  0.000000E+00  9.958913E-04 -3.234574E-04  2.148520E-16 -5.590125E-01  0.000000E+00
  9.823490E-01  3.418251E-03  5.000000E-01  9.922712E-01  3.491676E-03  0.000000E+00  1.849659E-04 -5.917906E-05  7.028251E-17 -5.580331E-01  0.000000E+00
  9.795670E-01  4.338749E-03  5.000000E-01  9.894611E-01  4.421469E-03  0.000000E+00 -4.278486E-04  1.427380E-04  3.195261E-18 -5.582751E-01  0.000000E+00
  9.763420E-01  5.417935E-03  5.000000E-01  9.862036E-01  5.511553E-03  0.000000E+00 -8.716151E-04  2.932925E-04 -2.017487E-17 -5.597198E-01  0.000000E+00
  9.726710E-01  6.659543E-03  5.000000E-01  9.824955E-01  6.765701E-03  0.000000E+00 -1.170642E-03  3.977089E-04 -2.062929E-17 -5.622536E-01  0.000000E+00
  9.685460E-01  8.066753E-03  5.000000E-01  9.783288E-01  8.187122E-03  0.000000E+00 -1.342212E-03  4.594707E-04 -1.248263E-17 -5.654569E-01  0.000000E+00
  9.639600E-01  9.641707E-03  5.000000E-01  9.736965E-01  9.777981E-03  0.000000E+00 -1.402963E-03  4.831438E-04 -3.976524E-18 -5.688220E-01  0.000000E+00
  9.589060E-01  1.138655E-02  5.000000E-01  9.685915E-01  1.154045E-02  0.000000E+00 -1.373309E-03  4.749993E-04  6.852141E-19 -5.718729E-01  0.000000E+00
  9.533750E-01  1.330247E-02  5.000000E-01  9.630046E-01  1.347571E-02  0.000000E+00 -1.279116E-03  4.433647E-04  1.606942E-18 -5.742459E-01  0.000000E+00
  9.473580E-01  1.538821E-02  5.000000E-01  9.569269E-01  1.558252E-02  0.000000E+00 -1.150215E-03  3.983905E-04  9.817352E-19 -5.757559E-01  0.000000E+00
  9.408450E-01  1.764045E-02  5.000000E-01  9.503481E-01  1.785750E-02  0.000000E+00 -1.016819E-03  3.507752E-04  7.230049E-20 -5.764325E-01  0.000000E+00
  9.338260E-01  2.005389E-02  5.000000E-01  9.432582E-01  2.029532E-02  0.000000E+00 -9.056260E-04  3.100140E-04  4.673920E-20 -5.765039E-01  0.000000E+00
  9.262910E-01  2.262009E-02  5.000000E-01  9.356471E-01  2.288743E-02  0.000000E+00 -8.372160E-04  2.831357E-04  6.705265E-19 -5.763228E-01  0.000000E+00
  9.182290E-01  2.532622E-02  5.000000E-01  9.275037E-01  2.562089E-02  0.000000E+00 -8.254953E-04  2.742226E-04  2.996251E-19 -5.762598E-01  0.000000E+00
  9.096280E-01  2.815458E-02  5.000000E-01  9.188158E-01  2.847781E-02  0.000000E+00 -8.781475E-04  2.845151E-04  5.185335E-19 -5.766754E-01  0.000000E+00
  9.004770E-01  3.108168E-02  5.000000E-01  9.095724E-01  3.143448E-02  0.000000E+00 -9.969973E-04  3.126339E-04  3.796168E-19 -5.778848E-01  0.000000E+00
  8.907650E-01  3.407659E-02  5.000000E-01  8.997623E-01  3.445963E-02  0.000000E+00 -1.179251E-03  3.542577E-04  5.304209E-19 -5.799728E-01  0.000000E+00
  8.804800E-01  3.709791E-02  5.000000E-01  8.893735E-01  3.751146E-02  0.000000E+00 -1.418066E-03  4.017191E-04  1.054376E-19 -5.828401E-01  0.000000E+00
  8.696090E-01  4.008988E-02  5.000000E-01  8.783927E-01  4.053365E-02  0.000000E+00 -1.699145E-03  4.455771E-04 -7.852858E-19 -5.864215E-01  0.000000E+00
  8.696090E-01  4.008988E-02  5.000000E-01  8.783927E-01  4.053365E-02  0.000000E+00 -1.699145E-03  4.455771E-04 -7.852858E-19 -5.864215E-01  0.000000E+00
  8.581400E-01  4.298043E-02  5.000000E-01  8.668079E-01  4.345339E-02  0.000000E+00 -2.002455E-03  4.769064E-04 -9.598895E-19 -5.897277E-01  0.000000E+00
  8.460600E-01  4.568537E-02  5.000000E-01  8.546059E-01  4.618564E-02  0.000000E+00 -2.310226E-03  4.855509E-04 -5.220083E-19 -5.905583E-01  0.000000E+00
  8.333640E-01  4.812484E-02  5.000000E-01  8.417817E-01  4.864975E-02  0.000000E+00 -2.567391E-03  4.509259E-04 -2.718756E-19 -5.921126E-01  0.000000E+00
  8.200460E-01  5.022324E-02  5.000000E-01  8.283292E-01  5.076934E-02  0.000000E+00 -2.540552E-03  3.448461E-04 -1.082348E-18 -6.136523E-01  0.000000E+00
  8.061050E-01  5.191316E-02  5.000000E-01  8.142474E-01  5.247632E-02  0.000000E+00 -1.647987E-03  1.621070E-04 -2.049371E-19 -6.844147E-01  0.000000E+00
  7.915460E-01  5.316883E-02  5.000000E-01  7.995413E-01  5.374468E-02  0.000000E+00  9.928313E-04 -5.252285E-05  1.998334E-18 -8.104116E-01  0.000000E+00
  7.763770E-01  5.402947E-02  5.000000E-01  7.842191E-01  5.461401E-02  0.000000E+00  5.991639E-03 -2.164551E-04  2.076112E-18 -9.517197E-01  0.000000E+00
  7.606070E-01  5.456438E-02  5.000000E-01  7.682899E-01  5.515432E-02  0.000000E+00  1.260951E-02 -2.326105E-04 -1.143639E-18 -1.050185E+00  0.000000E+00
  7.442510E-01  5.478091E-02  5.000000E-01  7.517687E-01  5.537303E-02  0.000000E+00  1.845377E-02 -4.485816E-05 -5.547592E-18 -1.081590E+00  0.000000E+00
  7.273250E-01  5.469697E-02  5.000000E-01  7.346718E-01  5.528825E-02  0.000000E+00  2.145569E-02  2.562032E-04 -9.781125E-18 -1.067290E+00  0.000000E+00
  7.098490E-01  5.436510E-02  5.000000E-01  7.170193E-01  5.495303E-02  0.000000E+00  2.167731E-02  4.873293E-04 -1.252689E-17 -1.042322E+00  0.000000E+00
  6.918480E-01  5.388147E-02  5.000000E-01  6.988365E-01  5.446452E-02  0.000000E+00  2.053616E-02  5.373173E-04 -1.242359E-17 -1.031263E+00  0.000000E+00
  6.733520E-01  5.339632E-02  5.000000E-01  6.801537E-01  5.397447E-02  0.000000E+00  1.933039E-02  3.957892E-04 -1.052431E-17 -1.044827E+00  0.000000E+00
  6.543930E-01  5.310934E-02  5.000000E-01  6.610032E-01  5.368458E-02  0.000000E+00  1.875501E-02  1.282315E-04 -8.676340E-18 -1.079535E+00  0.000000E+00
  6.350090E-01  5.314014E-02  5.000000E-01  6.414235E-01  5.371570E-02  0.000000E+00  1.903617E-02 -1.482954E-04 -7.025598E-18 -1.120011E+00  0.000000E+00
  6.152440E-01  5.342120E-02  5.000000E-01  6.214589E-01  5.399960E-02  0.000000E+00  1.996677E-02 -3.502097E-04 -6.373645E-18 -1.151723E+00  0.000000E+00
  5.951420E-01  5.384219E-02  5.000000E-01  6.011539E-01  5.442484E-02  0.000000E+00  2.109177E-02 -4.408586E-04 -6.038675E-18 -1.167706E+00  0.000000E+00
  5.747530E-01  5.427235E-02  5.000000E-01  5.805590E-01  5.485935E-02  0.000000E+00  2.204307E-02 -3.846173E-04 -5.670317E-18 -1.165499E+00  0.000000E+00
  5.541290E-01  5.456657E-02  5.000000E-01  5.597267E-01  5.515654E-02  0.000000E+00  2.265156E-02 -1.699550E-04 -6.011297E-18 -1.146543E+00  0.000000E+00
  5.333260E-01  5.458690E-02  5.000000E-01  5.387136E-01  5.517707E-02  0.000000E+00  2.285589E-02  1.304971E-04 -6.314729E-18 -1.118268E+00  0.000000E+00
  5.124010E-01  5.432287E-02  5.000000E-01  5.175773E-01  5.491037E-02  0.000000E+00  2.270661E-02  4.098403E-04 -6.340037E-18 -1.090247E+00  0.000000E+00
  4.914140E-01  5.382498E-02  5.000000E-01  4.963783E-01  5.440746E-02  0.000000E+00  2.238789E-02  6.239157E-04 -6.629933E-18 -1.067912E+00  0.000000E+00
  4.704230E-01  5.314956E-02  5.000000E-01  4.751754E-01  5.372521E-02  0.000000E+00  2.207917E-02  7.709215E-04 -7.786623E-18 -1.053319E+00  0.000000E+00
  1.696960E-04 -4.811925E-04  5.000000E-01  1.730287E-04 -4.471483E-04  0.000000E+00 -6.436748E-02  9.282805E-02 -7.430166E-14  5.407352E-01  0.000000E+00
  8.054360E-04 -9.784880E-04  5.000000E-01  8.151890E-04 -9.494659E-04  0.000000E+00 -4.693654E-02  3.287186E-02 -5.213749E-14  1.106720E+00  0.000000E+00
  1.973980E-03 -1.585609E-03  5.000000E-01  1.995534E-03 -1.562719E-03  0.000000E+00 -2.105688E-02  1.048586E-02 -2.449273E-14  1.176594E+00  0.000000E+00
  3.614630E-03 -2.300537E-03  5.000000E-01  3.652753E-03 -2.284866E-03  0.000000E+00 -4.061251E-03  1.776056E-03 -5.367440E-15  1.152961E+00  0.000000E+00
  5.721210E-03 -3.131704E-03  5.000000E-01  5.780607E-03 -3.124427E-03  0.000000E+00  5.014953E-03 -1.862724E-03  2.623901E-15  1.122647E+00  0.000000E+00
  8.297500E-03 -4.076637E-03  5.000000E-01  8.382914E-03 -4.078903E-03  0.000000E+00  9.325157E-03 -3.268184E-03  3.027661E-15  1.078334E+00  0.000000E+00
  1.136560E-02 -5.115739E-03  5.000000E-01  1.148200E-02 -5.128498E-03  0.000000E+00  1.109417E-02 -3.620105E-03  1.013551E-15  1.023918E+00  0.000000E+00
  1.493280E-02 -6.237763E-03  5.000000E-01  1.508522E-02 -6.261853E-03  0.000000E+00  1.169031E-02 -3.586074E-03 -3.991636E-16  9.694123E-01  0.000000E+00
  1.899460E-02 -7.451019E-03  5.000000E-01  1.918804E-02 -7.487362E-03  0.000000E+00  1.194719E-02 -3.516415E-03 -6.990320E-16  9.187173E-01  0.000000E+00
  2.354800E-02 -8.771558E-03  5.000000E-01  2.378743E-02 -8.821237E-03  0.000000E+00  1.228202E-02 -3.508686E-03 -4.402352E-16  8.688291E-01  0.000000E+00
  2.860130E-02 -1.019489E-02  5.000000E-01  2.889176E-02 -1.025894E-02  0.000000E+00  1.281359E-02 -3.547937E-03 -1.247664E-16  8.171025E-01  0.000000E+00
  3.416500E-02 -1.170992E-02  5.000000E-01  3.451165E-02 -1.178927E-02  0.000000E+00  1.352353E-02 -3.615630E-03  5.957122E-17  7.647613E-01  0.000000E+00
  4.024810E-02 -1.330745E-02  5.000000E-01  4.065618E-02 -1.340293E-02  0.000000E+00  1.435322E-02 -3.692549E-03  1.155634E-16  7.127160E-01  0.000000E+00
  4.686030E-02 -1.497517E-02  5.000000E-01  4.733516E-02 -1.508750E-02  0.000000E+00  1.523827E-02 -3.758837E-03  1.007950E-16  6.607507E-01  0.000000E+00
  5.401090E-02 -1.670139E-02  5.000000E-01  5.455797E-02 -1.683115E-02  0.000000E+00  1.613193E-02 -3.806077E-03  6.712994E-17  6.089340E-01  0.000000E+00
  6.170850E-02 -1.847745E-02  5.000000E-01  6.233331E-02 -1.862514E-02  0.000000E+00  1.700857E-02 -3.825926E-03  3.996617E-17  5.568937E-01  0.000000E+00
  6.996310E-02 -2.028901E-02  5.000000E-01  7.067127E-02 -2.045500E-02  0.000000E+00  1.785443E-02 -3.805859E-03  2.354676E-17  5.039259E-01  0.000000E+00
  7.878500E-02 -2.211641E-02  5.000000E-01  7.958226E-02 -2.230086E-02  0.000000E+00  1.866638E-02 -3.742247E-03  1.399368E-17  4.502277E-01  0.000000E+00
  8.818390E-02 -2.394049E-02  5.000000E-01  8.907608E-02 -2.414336E-02  0.000000E+00  1.944584E-02 -3.635167E-03  8.707694E-18  3.962335E-01  0.000000E+00
  9.816930E-02 -2.573866E-02  5.000000E-01  9.916232E-02 -2.595969E-02  0.000000E+00  2.018738E-02 -3.479950E-03  5.605694E-18  3.420036E-01  0.000000E+00
  1.087500E-01 -2.748401E-02  5.000000E-01  1.098499E-01 -2.772266E-02  0.000000E+00  2.087479E-02 -3.273090E-03  1.729850E-18  2.879603E-01  0.000000E+00
  1.199340E-01 -2.914915E-02  5.000000E-01  1.211468E-01 -2.940462E-02  0.000000E+00  2.147316E-02 -3.009543E-03 -1.960548E-18  2.348085E-01  0.000000E+00
  1.317280E-01 -3.070197E-02  5.000000E-01  1.330599E-01 -3.097312E-02  0.000000E+00  2.192170E-02 -2.680434E-03 -1.349640E-18  1.833986E-01  0.000000E+00
  1.441380E-01 -3.210502E-02  5.000000E-01  1.455952E-01 -3.239034E-02  0.000000E+00  2.214901E-02 -2.285706E-03  3.091201E-18  1.355192E-01  0.000000E+00
  1.441380E-01 -3.210502E-02  5.000000E-01  1.455952E-01 -3.239034E-02  0.000000E+00  2.214901E-02 -2.285706E-03  3.091201E-18  1.355192E-01  0.000000E+00
  1.571670E-01 -3.332175E-02  5.000000E-01  1.587558E-01 -3.361936E-02  0.000000E+00  2.210369E-02 -1.839083E-03  4.601109E-18  9.375459E-02  0.000000E+00
  1.708170E-01 -3.431716E-02  5.000000E-01  1.725437E-01 -3.462482E-02  0.000000E+00  2.179505E-02 -1.370328E-03  2.126659E-18  6.084771E-02  0.000000E+00
  1.850860E-01 -3.506742E-02  5.000000E-01  1.869568E-01 -3.538265E-02  0.000000E+00  2.132691E-02 -9.325178E-04  3.358595E-18  3.916101E-02  0.000000E+00
  1.999720E-01 -3.558106E-02  5.000000E-01  2.019931E-01 -3.590149E-02  0.000000E+00  2.088001E-02 -5.940731E-04  6.797307E-18  2.943790E-02  0.000000E+00
  2.154670E-01 -3.592368E-02  5.000000E-01  2.176446E-01 -3.624756E-02  0.000000E+00  2.059754E-02 -3.814332E-04  6.826600E-18  2.730982E-02  0.000000E+00
  2.315610E-01 -3.616548E-02  5.000000E-01  2.339011E-01 -3.649181E-02  0.000000E+00  2.046703E-02 -2.326974E-04  6.799211E-18  2.268904E-02  0.000000E+00
  2.482400E-01 -3.629818E-02  5.000000E-01  2.507486E-01 -3.662584E-02  0.000000E+00  2.039396E-02 -8.164274E-05  8.188280E-18  1.008763E-02  0.000000E+00
  2.654840E-01 -3.629986E-02  5.000000E-01  2.681667E-01 -3.662755E-02  0.000000E+00  2.031156E-02  8.661382E-05  9.542158E-18 -7.339917E-03  0.000000E+00
  2.832720E-01 -3.614528E-02  5.000000E-01  2.861343E-01 -3.647140E-02  0.000000E+00  2.018312E-02  2.696564E-04  9.712259E-18 -2.456592E-02  0.000000E+00
  3.015770E-01 -3.581343E-02  5.000000E-01  3.046242E-01 -3.613620E-02  0.000000E+00  1.999384E-02  4.580291E-04  8.291877E-18 -3.819444E-02  0.000000E+00
  3.203660E-01 -3.529143E-02  5.000000E-01  3.236030E-01 -3.560893E-02  0.000000E+00  1.974244E-02  6.413794E-04  5.289565E-18 -4.710056E-02  0.000000E+00
  3.396030E-01 -3.457448E-02  5.000000E-01  3.430342E-01 -3.488474E-02  0.000000E+00  1.943225E-02  8.134091E-04  1.305043E-18 -5.166777E-02  0.000000E+00
  3.592490E-01 -3.366071E-02  5.000000E-01  3.628786E-01 -3.396174E-02  0.000000E+00  1.906537E-02  9.724818E-04 -2.226464E-18 -5.270225E-02  0.000000E+00
  3.792580E-01 -3.254865E-02  5.000000E-01  3.830897E-01 -3.283845E-02  0.000000E+00  1.864364E-02  1.117518E-03 -5.082847E-18 -5.057668E-02  0.000000E+00
  3.995810E-01 -3.123974E-02  5.000000E-01  4.036179E-01 -3.151633E-02  0.000000E+00  1.817006E-02  1.246103E-03 -7.463025E-18 -4.516247E-02  0.000000E+00
  4.201670E-01 -2.973958E-02  5.000000E-01  4.244118E-01 -3.000101E-02  0.000000E+00  1.764685E-02  1.356460E-03 -8.117500E-18 -3.632593E-02  0.000000E+00
  4.409600E-01 -2.805574E-02  5.000000E-01  4.454148E-01 -2.830017E-02  0.000000E+00  1.707630E-02  1.447888E-03 -6.891366E-18 -2.415189E-02  0.000000E+00
  4.619030E-01 -2.619746E-02  5.000000E-01  4.665693E-01 -2.642312E-02  0.000000E+00  1.646675E-02  1.518199E-03 -2.675450E-18 -8.706464E-03  0.000000E+00
  4.829360E-01 -2.418234E-02  5.000000E-01  4.878147E-01 -2.438765E-02  0.000000E+00  1.583356E-02  1.564702E-03  1.073019E-18  9.824083E-03  0.000000E+00
  5.039990E-01 -2.203465E-02  5.000000E-01  5.090904E-01 -2.221827E-02  0.000000E+00  1.519466E-02  1.586695E-03  1.129421E-18  3.085987E-02  0.000000E+00
  5.250310E-01 -1.978450E-02  5.000000E-01  5.303348E-01 -1.994540E-02  0.000000E+00  1.456751E-02  1.585703E-03  1.599026E-18  5.353689E-02  0.000000E+00
  5.459710E-01 -1.746475E-02  5.000000E-01  5.514863E-01 -1.760222E-02  0.000000E+00  1.396721E-02  1.565394E-03  1.567222E-18  7.689001E-02  0.000000E+00
  5.667600E-01 -1.510700E-02  5.000000E-01  5.724853E-01 -1.522066E-02  0.000000E+00  1.340867E-02  1.528855E-03  1.977625E-19  1.002475E-01  0.000000E+00
  4.704230E-01  5.314956E-02  5.000000E-01  4.751754E-01  5.372521E-02  0.000000E+00  2.207917E-02  7.709215E-04 -7.786623E-18 -1.053319E+00  0.000000E+00
  4.494880E-01  5.235769E-02  5.000000E-01  4.540289E-01  5.292535E-02  0.000000E+00  2.188286E-02  8.581246E-04 -9.047250E-18 -1.046643E+00  0.000000E+00
  4.286690E-01  5.151036E-02  5.000000E-01  4.329997E-01  5.206946E-02  0.000000E+00  2.185230E-02  9.121886E-04 -1.024295E-17 -1.045458E+00  0.000000E+00
  4.080230E-01  5.062844E-02  5.000000E-01  4.121452E-01  5.117864E-02  0.000000E+00  2.199546E-02  9.727461E-04 -1.112210E-17 -1.045701E+00  0.000000E+00
  3.876050E-01  4.969686E-02  5.000000E-01  3.915210E-01  5.023765E-02  0.000000E+00  2.225016E-02  1.057788E-03 -1.111125E-17 -1.044741E+00  0.000000E+00
  3.674690E-01  4.870212E-02  5.000000E-01  3.711816E-01  4.923286E-02  0.000000E+00  2.252765E-02  1.164336E-03 -1.139972E-17 -1.041898E+00  0.000000E+00
  3.476650E-01  4.763403E-02  5.000000E-01  3.511776E-01  4.815398E-02  0.000000E+00  2.277191E-02  1.288055E-03 -1.256623E-17 -1.037226E+00  0.000000E+00
  3.282390E-01  4.648477E-02  5.000000E-01  3.315555E-01  4.699312E-02  0.000000E+00  2.296608E-02  1.426133E-03 -1.336427E-17 -1.031082E+00  0.000000E+00
  3.092330E-01  4.524902E-02  5.000000E-01  3.123575E-01  4.574489E-02  0.000000E+00  2.311264E-02  1.573403E-03 -1.293312E-17 -1.024106E+00  0.000000E+00
  2.906860E-01  4.392961E-02  5.000000E-01  2.936232E-01  4.441215E-02  0.000000E+00  2.322134E-02  1.724731E-03 -1.192991E-17 -1.016933E+00  0.000000E+00
  2.726330E-01  4.253207E-02  5.000000E-01  2.753879E-01  4.300049E-02  0.000000E+00  2.330455E-02  1.879239E-03 -1.166081E-17 -1.009829E+00  0.000000E+00
  2.551020E-01  4.106182E-02  5.000000E-01  2.576799E-01  4.151540E-02  0.000000E+00  2.337069E-02  2.037985E-03 -1.129643E-17 -1.002798E+00  0.000000E+00
  2.381210E-01  3.952479E-02  5.000000E-01  2.405274E-01  3.996285E-02  0.000000E+00  2.342571E-02  2.204338E-03 -1.026296E-17 -9.956975E-01  0.000000E+00
  2.217090E-01  3.792316E-02  5.000000E-01  2.239496E-01  3.834504E-02  0.000000E+00  2.346943E-02  2.379493E-03 -9.835530E-18 -9.888356E-01  0.000000E+00
  2.058840E-01  3.625947E-02  5.000000E-01  2.079648E-01  3.666455E-02  0.000000E+00  2.348215E-02  2.542138E-03 -1.045038E-17 -9.844319E-01  0.000000E+00
  1.906600E-01  3.456138E-02  5.000000E-01  1.925871E-01  3.494932E-02  0.000000E+00  2.345624E-02  2.655929E-03 -1.239023E-17 -9.858888E-01  0.000000E+00
  1.760460E-01  3.287946E-02  5.000000E-01  1.778255E-01  3.325040E-02  0.000000E+00  2.345884E-02  2.725578E-03 -1.783019E-17 -9.937276E-01  0.000000E+00
  1.620500E-01  3.123790E-02  5.000000E-01  1.636881E-01  3.159227E-02  0.000000E+00  2.358151E-02  2.793284E-03 -2.905758E-17 -1.005188E+00  0.000000E+00
  1.486750E-01  2.963893E-02  5.000000E-01  1.501781E-01  2.997716E-02  0.000000E+00  2.384519E-02  2.888759E-03 -4.608610E-17 -1.017347E+00  0.000000E+00
  1.359210E-01  2.807439E-02  5.000000E-01  1.372953E-01  2.839681E-02  0.000000E+00  2.419960E-02  3.019925E-03 -7.044633E-17 -1.028453E+00  0.000000E+00
  1.237890E-01  2.653545E-02  5.000000E-01  1.250407E-01  2.684233E-02  0.000000E+00  2.457409E-02  3.184163E-03 -1.089414E-16 -1.037858E+00  0.000000E+00
  1.122730E-01  2.501257E-02  5.000000E-01  1.134084E-01  2.530408E-02  0.000000E+00  2.491709E-02  3.376305E-03 -1.739769E-16 -1.045659E+00  0.000000E+00
  1.013710E-01  2.350010E-02  5.000000E-01  1.023964E-01  2.377633E-02  0.000000E+00  2.520578E-02  3.589859E-03 -2.864172E-16 -1.052466E+00  0.000000E+00
  9.107400E-02  2.199599E-02  5.000000E-01  9.199536E-02  2.225703E-02  0.000000E+00  2.544377E-02  3.824030E-03 -4.836425E-16 -1.058854E+00  0.000000E+00
  9.107400E-02  2.199599E-02  5.000000E-01  9.199536E-02  2.225703E-02  0.000000E+00  2.544377E-02  3.824030E-03 -4.836425E-16 -1.058854E+00  0.000000E+00
  8.137660E-02  2.049799E-02  5.000000E-01  8.220003E-02  2.074390E-02  0.000000E+00  2.563915E-02  4.077183E-03 -8.275279E-16 -1.065570E+00  0.000000E+00
  7.227050E-02  1.900851E-02  5.000000E-01  7.300197E-02  1.923938E-02  0.000000E+00  2.579631E-02  4.343384E-03 -1.430197E-15 -1.073629E+00  0.000000E+00
  6.374670E-02  1.753264E-02  5.000000E-01  6.439209E-02  1.774861E-02  0.000000E+00  2.592606E-02  4.623754E-03 -2.488752E-15 -1.083701E+00  0.000000E+00
  5.579720E-02  1.607369E-02  5.000000E-01  5.636231E-02  1.627492E-02  0.000000E+00  2.602902E-02  4.914449E-03 -4.313891E-15 -1.096696E+00  0.000000E+00
  4.841260E-02  1.464018E-02  5.000000E-01  4.890313E-02  1.482693E-02  0.000000E+00  2.610334E-02  5.210202E-03 -7.340781E-15 -1.113604E+00  0.000000E+00
  4.158390E-02  1.323992E-02  5.000000E-01  4.200547E-02  1.341254E-02  0.000000E+00  2.615415E-02  5.517458E-03 -1.208491E-14 -1.134816E+00  0.000000E+00
  3.530370E-02  1.187778E-02  5.000000E-01  3.566185E-02  1.203663E-02  0.000000E+00  2.616250E-02  5.830890E-03 -1.903288E-14 -1.161172E+00  0.000000E+00
  2.956270E-02  1.056325E-02  5.000000E-01  2.986287E-02  1.070884E-02  0.000000E+00  2.610113E-02  6.145666E-03 -2.843140E-14 -1.193336E+00  0.000000E+00
  2.435310E-02  9.302896E-03  5.000000E-01  2.460066E-02  9.435748E-03  0.000000E+00  2.593000E-02  6.473634E-03 -3.971761E-14 -1.230722E+00  0.000000E+00
  1.967110E-02  8.097181E-03  5.000000E-01  1.987137E-02  8.217858E-03  0.000000E+00  2.551451E-02  6.785370E-03 -5.047566E-14 -1.273638E+00  0.000000E+00
  1.550860E-02  6.953275E-03  5.000000E-01  1.566684E-02  7.062399E-03  0.000000E+00  2.467677E-02  7.032404E-03 -5.589985E-14 -1.322390E+00  0.000000E+00
  1.185930E-02  5.874833E-03  5.000000E-01  1.198068E-02  5.973066E-03  0.000000E+00  2.331924E-02  7.207476E-03 -5.045361E-14 -1.375129E+00  0.000000E+00
  8.724160E-03  4.858032E-03  5.000000E-01  8.813883E-03  4.945997E-03  0.000000E+00  2.156834E-02  7.338353E-03 -3.250284E-14 -1.431394E+00  0.000000E+00
  6.091130E-03  3.911061E-03  5.000000E-01  6.154263E-03  3.989462E-03  0.000000E+00  2.031332E-02  7.814651E-03 -9.931112E-15 -1.486584E+00  0.000000E+00
  3.952840E-03  3.036632E-03  5.000000E-01  3.994378E-03  3.106202E-03  0.000000E+00  2.112732E-02  9.727982E-03  2.493383E-15 -1.523769E+00  0.000000E+00
  2.330070E-03  2.221943E-03  5.000000E-01  2.355220E-03  2.283286E-03  0.000000E+00  2.423465E-02  1.419015E-02 -1.174189E-15 -1.531466E+00  0.000000E+00
  1.198080E-03  1.485100E-03  5.000000E-01  1.211798E-03  1.539002E-03  0.000000E+00  2.759998E-02  2.138697E-02 -1.166836E-14 -1.519642E+00  0.000000E+00
  5.019560E-04  8.591613E-04  5.000000E-01  5.086442E-04  9.067416E-04  0.000000E+00  3.041743E-02  3.350707E-02 -2.090920E-14 -1.531182E+00  0.000000E+00
  1.313430E-04  3.760484E-04  5.000000E-01  1.342884E-04  4.187498E-04  0.000000E+00  3.507598E-02  7.038603E-02 -3.185962E-14 -1.566389E+00  0.000000E+00
  8.078190E-06  6.791404E-05  5.000000E-01  9.778777E-06  1.075036E-04  0.000000E+00  3.055496E-02  1.733168E-01 -4.249156E-14 -1.484873E+00  0.000000E+00
 -1.602820E-06 -3.851477E-05  5.000000E-01  0.000000E+00  0.000000E+00  0.000000E+00 -4.940700E-03  2.521568E-01 -5.709946E-14 -1.190927E+00  0.000000E+00
  9.141860E-06 -1.485684E-04  5.000000E-01  1.085319E-05 -1.111650E-04  0.000000E+00 -4.976118E-02  1.967983E-01 -7.461082E-14 -4.688862E-01  0.000000E+00
  1.696960E-04 -4.811925E-04  5.000000E-01  1.730287E-04 -4.471483E-04  0.000000E+00 -6.436748E-02  9.282805E-02 -7.430166E-14  5.407352E-01  0.000000E+00
    1    2
    2    3
    3    4
    4    5
    5    6
    6    7
    7    8
    8    9
    9   10
   10   11
   11   12
   12   13
   13   14
   14   15
   15   16
   16   17
   17   18
   18   19
   19   20
   20   21
   21   22
   22   23
   23   24
   25   26
   26   27
   27   28
   28   29
   29   30
   30   31
   31   32
   32   33
   33   34
   34   35
   35   36
   36   37
   37   38
   38   39
   39   40
   40   41
   41   42
   42   43
   43   44
   44   45
   45   46
   46   47
   47   48
   49   50
   50   51
   51   52
   52   53
   53   54
   54   55
   55   56
   56   57
   57   58
   58   59
   59   60
   60   61
   61   62
   62   63
   63   64
   64   65
   65   66
   66   67
   67   68
   68   69
   69   70
   70   71
   71   72
   73   74
   74   75
   75   76
   76   77
   77   78
   78   79
   79   80
   80   81
   81   82
   82   83
   83   84
   84   85
   85   86
   86   87
   87   88
   88   89
   89   90
   90   91
   91   92
   92   93
   93   94
   94   95
   95   96
   97   98
   98   99
   99  100
  100  101
  101  102
  102  103
  103  104
  104  105
  105  106
  106  107
  107  108
  108  109
  109  110
  110  111
  111  112
  112  113
  113  114
  114  115
  115  116
  116  117
  117  118
  118  119
  119  120
  121  122
  122  123
  123  124
  124  125
  125  126
  126  127
  127  128
  128  129
  129  130
  130  131
  131  132
  132  133
  133  134
  134  135
  135  136
  136  137
  137  138
  138  139
  139  140
  140  141
  141  142
  142  143
  143  144
  145  146
  146  147
  147  148
  148  149
  149  150
  150  151
  151  152
  152  153
  153  154
  154  155
  155  156
  156  157
  157  158
  158  159
  159  160
  160  161
  161  162
  162  163
  163  164
  164  165
  165  166
  166  167
  167  168
  169  170
  170  171
  171  172
  172  173
  173  174
  174  175
  175  176
  176  177
  177  178
  178  179
  179  180
  180  181
  181  182
  182  183
  183  184
  184  185
  185  186
  186  187
  187  188
  188  189
  189  190
  190  191
  191  192
