 Title = "ADflow Slice Data"
Variables =  "CoordinateX"  "CoordinateY"  "CoordinateZ"  "XoC"  "YoC"  "ZoC" "VelocityX" "VelocityY" "VelocityZ" "CoefPressure" "Mach" 
Zone T= "Slice_0001 None Absolute Regular z = 0.50000000"
 Nodes =          192  Elements=          184  ZONETYPE=FELINESEG
 DATAPACKING=POINT
  5.667600E-01 -1.510711E-02  5.000000E-01  5.724853E-01 -1.522077E-02  0.000000E+00  1.340858E-02  1.528854E-03 -1.428562E-18  1.002501E-01  0.000000E+00
  5.873410E-01 -1.274746E-02  5.000000E-01  5.932741E-01 -1.283729E-02  0.000000E+00  1.290512E-02  1.478341E-03 -4.979726E-18  1.231440E-01  0.000000E+00
  6.076580E-01 -1.042223E-02  5.000000E-01  6.137963E-01 -1.048858E-02  0.000000E+00  1.246308E-02  1.417118E-03 -6.205606E-18  1.449829E-01  0.000000E+00
  6.276600E-01 -8.163532E-03  5.000000E-01  6.340003E-01 -8.207070E-03  0.000000E+00  1.207995E-02  1.349305E-03 -7.428778E-18  1.652027E-01  0.000000E+00
  6.472970E-01 -5.995491E-03  5.000000E-01  6.538356E-01 -6.017134E-03  0.000000E+00  1.174609E-02  1.279792E-03 -6.179736E-18  1.834558E-01  0.000000E+00
  6.665260E-01 -3.929656E-03  5.000000E-01  6.732588E-01 -3.930436E-03  0.000000E+00  1.145130E-02  1.211054E-03 -1.433848E-18  1.999567E-01  0.000000E+00
  6.853050E-01 -1.975572E-03  5.000000E-01  6.922274E-01 -1.956619E-03  0.000000E+00  1.118971E-02  1.140476E-03  5.135274E-18  2.155027E-01  0.000000E+00
  7.035980E-01 -1.505181E-04  5.000000E-01  7.107052E-01 -1.131333E-04  0.000000E+00  1.095154E-02  1.065407E-03  1.141105E-17  2.304290E-01  0.000000E+00
  7.213750E-01  1.533489E-03  5.000000E-01  7.286617E-01  1.587881E-03  0.000000E+00  1.071429E-02  9.862760E-04  1.481290E-17  2.443898E-01  0.000000E+00
  7.386080E-01  3.072108E-03  5.000000E-01  7.460687E-01  3.142038E-03  0.000000E+00  1.044913E-02  9.052257E-04  1.439492E-17  2.573018E-01  0.000000E+00
  7.552750E-01  4.470387E-03  5.000000E-01  7.629040E-01  4.554438E-03  0.000000E+00  1.013800E-02  8.265118E-04  1.096911E-17  2.695918E-01  0.000000E+00
  7.713580E-01  5.741122E-03  5.000000E-01  7.791495E-01  5.838006E-03  0.000000E+00  9.793701E-03  7.519515E-04  6.517342E-18  2.818180E-01  0.000000E+00
  7.868410E-01  6.895259E-03  5.000000E-01  7.947888E-01  7.003799E-03  0.000000E+00  9.483204E-03  6.642299E-04  6.651672E-18  2.957039E-01  0.000000E+00
  8.017160E-01  7.872815E-03  5.000000E-01  8.098140E-01  7.991226E-03  0.000000E+00  9.307616E-03  5.404670E-04  1.470672E-17  3.115880E-01  0.000000E+00
  8.159740E-01  8.590414E-03  5.000000E-01  8.242160E-01  8.716073E-03  0.000000E+00  9.330553E-03  3.861093E-04  2.590103E-17  3.245042E-01  0.000000E+00
  8.296120E-01  9.030410E-03  5.000000E-01  8.379918E-01  9.160512E-03  0.000000E+00  9.555764E-03  2.188064E-04  3.392500E-17  3.295860E-01  0.000000E+00
  8.426300E-01  9.209056E-03  5.000000E-01  8.511412E-01  9.340962E-03  0.000000E+00  9.959813E-03  4.536765E-05  3.541499E-17  3.267776E-01  0.000000E+00
  8.550290E-01  9.157715E-03  5.000000E-01  8.636654E-01  9.289103E-03  0.000000E+00  1.051442E-02 -1.332139E-04  3.037319E-17  3.180645E-01  0.000000E+00
  8.668160E-01  8.914111E-03  5.000000E-01  8.755715E-01  9.043038E-03  0.000000E+00  1.119062E-02 -3.157969E-04  2.105452E-17  3.047960E-01  0.000000E+00
  8.779950E-01  8.519500E-03  5.000000E-01  8.868634E-01  8.644443E-03  0.000000E+00  1.195858E-02 -4.998259E-04  1.112634E-17  2.875329E-01  0.000000E+00
  8.885730E-01  8.013154E-03  5.000000E-01  8.975482E-01  8.132982E-03  0.000000E+00  1.278899E-02 -6.827244E-04  3.797559E-18  2.668635E-01  0.000000E+00
  8.985610E-01  7.428438E-03  5.000000E-01  9.076371E-01  7.542362E-03  0.000000E+00  1.364927E-02 -8.577437E-04  3.390438E-18  2.433091E-01  0.000000E+00
  9.079670E-01  6.799126E-03  5.000000E-01  9.171381E-01  6.906694E-03  0.000000E+00  1.450012E-02 -1.012515E-03  6.095671E-18  2.173319E-01  0.000000E+00
  9.168010E-01  6.157722E-03  5.000000E-01  9.260613E-01  6.258813E-03  0.000000E+00  1.530393E-02 -1.137893E-03  8.616099E-18  1.899896E-01  0.000000E+00
  9.168010E-01  6.157722E-03  5.000000E-01  9.260613E-01  6.258813E-03  0.000000E+00  1.530393E-02 -1.137893E-03  8.616099E-18  1.899896E-01  0.000000E+00
  9.250730E-01  5.529031E-03  5.000000E-01  9.344168E-01  5.623773E-03  0.000000E+00  1.603751E-02 -1.235111E-03  1.238087E-17  1.628069E-01  0.000000E+00
  9.327940E-01  4.927292E-03  5.000000E-01  9.422158E-01  5.015957E-03  0.000000E+00  1.670036E-02 -1.315870E-03  1.479085E-17  1.370973E-01  0.000000E+00
  9.399760E-01  4.355780E-03  5.000000E-01  9.494703E-01  4.438673E-03  0.000000E+00  1.730870E-02 -1.391708E-03  1.598995E-17  1.131295E-01  0.000000E+00
  9.466320E-01  3.815199E-03  5.000000E-01  9.561935E-01  3.892633E-03  0.000000E+00  1.788270E-02 -1.467158E-03  1.725130E-17  9.016596E-02  0.000000E+00
  9.527730E-01  3.306371E-03  5.000000E-01  9.623965E-01  3.378666E-03  0.000000E+00  1.844703E-02 -1.548713E-03  1.832822E-17  6.766702E-02  0.000000E+00
  9.584110E-01  2.827154E-03  5.000000E-01  9.680915E-01  2.894610E-03  0.000000E+00  1.903440E-02 -1.647020E-03  2.156971E-17  4.540033E-02  0.000000E+00
  9.635570E-01  2.374318E-03  5.000000E-01  9.732895E-01  2.437201E-03  0.000000E+00  1.967872E-02 -1.767961E-03  3.180051E-17  2.264820E-02  0.000000E+00
  9.682220E-01  1.946793E-03  5.000000E-01  9.780016E-01  2.005358E-03  0.000000E+00  2.041211E-02 -1.912170E-03  4.289139E-17 -1.677993E-03  0.000000E+00
  9.724140E-01  1.545859E-03  5.000000E-01  9.822359E-01  1.600375E-03  0.000000E+00  2.128259E-02 -2.087654E-03  5.953275E-18 -2.820890E-02  0.000000E+00
  9.761430E-01  1.171440E-03  5.000000E-01  9.860026E-01  1.222175E-03  0.000000E+00  2.237231E-02 -2.311576E-03 -1.994448E-16 -5.739682E-02  0.000000E+00
  9.794160E-01  8.242704E-04  5.000000E-01  9.893086E-01  8.714995E-04  0.000000E+00  2.378326E-02 -2.597357E-03 -7.245661E-16 -9.032302E-02  0.000000E+00
  9.822400E-01  5.074293E-04  5.000000E-01  9.921611E-01  5.514587E-04  0.000000E+00  2.556637E-02 -2.947191E-03 -1.609023E-15 -1.284408E-01  0.000000E+00
  9.846200E-01  2.260650E-04  5.000000E-01  9.945652E-01  2.672530E-04  0.000000E+00  2.759062E-02 -3.347862E-03 -2.755785E-15 -1.720993E-01  0.000000E+00
  9.865620E-01 -1.453606E-05  5.000000E-01  9.965268E-01  2.422208E-05  0.000000E+00  2.940962E-02 -3.711583E-03 -5.126845E-15 -2.194078E-01  0.000000E+00
  9.880680E-01 -2.086060E-04  5.000000E-01  9.980480E-01 -1.718077E-04  0.000000E+00  2.987560E-02 -3.826700E-03 -1.526823E-14 -2.766166E-01  0.000000E+00
  9.891420E-01 -3.514239E-04  5.000000E-01  9.991328E-01 -3.160680E-04  0.000000E+00  2.812840E-02 -3.911135E-03 -4.631270E-14 -3.435009E-01  0.000000E+00
  9.897860E-01 -4.389487E-04  5.000000E-01  9.997833E-01 -4.044766E-04  0.000000E+00  3.788611E-02 -4.013267E-03 -1.365433E-13 -2.893957E-01  0.000000E+00
  9.900000E-01 -4.683023E-04  5.000000E-01  9.999995E-01 -4.341266E-04  0.000000E+00  2.618841E-02  5.267609E-03 -4.011070E-14 -5.820195E-01  0.000000E+00
  9.900000E-01 -1.843754E-04  5.000000E-01  9.999995E-01 -1.473324E-04  0.000000E+00  1.229774E-03 -7.885249E-03 -1.723125E-14 -8.088123E-01  0.000000E+00
  9.900000E-01  9.955150E-05  5.000000E-01  9.999995E-01  1.394618E-04  0.000000E+00 -4.468913E-04 -2.274866E-02 -1.379989E-13 -6.283624E-01  0.000000E+00
  9.900000E-01  3.834784E-04  5.000000E-01  9.999995E-01  4.262560E-04  0.000000E+00 -1.435992E-04 -8.862982E-03 -8.811478E-14 -6.283184E-01  0.000000E+00
  9.900000E-01  6.674053E-04  5.000000E-01  9.999995E-01  7.130502E-04  0.000000E+00  4.646602E-04 -5.229934E-03 -4.508415E-14 -6.881988E-01  0.000000E+00
  9.900000E-01  9.513321E-04  5.000000E-01  9.999995E-01  9.998444E-04  0.000000E+00  6.797349E-03 -6.632426E-03 -2.262755E-14 -6.299478E-01  0.000000E+00
  9.900000E-01  9.513321E-04  5.000000E-01  9.999995E-01  9.998444E-04  0.000000E+00  6.797349E-03 -6.632426E-03 -2.262755E-14 -6.299478E-01  0.000000E+00
  9.897890E-01  1.017904E-03  5.000000E-01  9.997864E-01  1.067088E-03  0.000000E+00  9.015779E-03 -3.469590E-03 -8.772799E-15 -5.523876E-01  0.000000E+00
  9.891540E-01  1.218674E-03  5.000000E-01  9.991450E-01  1.269886E-03  0.000000E+00  4.567782E-03 -1.351281E-03 -2.601085E-15 -5.709899E-01  0.000000E+00
  9.880950E-01  1.555408E-03  5.000000E-01  9.980753E-01  1.610021E-03  0.000000E+00  3.024793E-03 -9.609245E-04 -1.036916E-15 -5.705500E-01  0.000000E+00
  9.866100E-01  2.031333E-03  5.000000E-01  9.965753E-01  2.090752E-03  0.000000E+00  1.983753E-03 -6.497780E-04 -5.470955E-16 -5.626502E-01  0.000000E+00
  9.846960E-01  2.650662E-03  5.000000E-01  9.946419E-01  2.716336E-03  0.000000E+00  9.958960E-04 -3.234590E-04 -2.536317E-16 -5.590124E-01  0.000000E+00
  9.823490E-01  3.418251E-03  5.000000E-01  9.922712E-01  3.491677E-03  0.000000E+00  1.849695E-04 -5.918026E-05 -1.089999E-16 -5.580330E-01  0.000000E+00
  9.795670E-01  4.338749E-03  5.000000E-01  9.894611E-01  4.421470E-03  0.000000E+00 -4.278458E-04  1.427371E-04 -5.544199E-17 -5.582750E-01  0.000000E+00
  9.763420E-01  5.417935E-03  5.000000E-01  9.862036E-01  5.511554E-03  0.000000E+00 -8.716129E-04  2.932918E-04 -3.335562E-17 -5.597196E-01  0.000000E+00
  9.726710E-01  6.659543E-03  5.000000E-01  9.824955E-01  6.765702E-03  0.000000E+00 -1.170640E-03  3.977082E-04 -1.960732E-17 -5.622534E-01  0.000000E+00
  9.685460E-01  8.066753E-03  5.000000E-01  9.783288E-01  8.187123E-03  0.000000E+00 -1.342210E-03  4.594699E-04 -9.820816E-18 -5.654568E-01  0.000000E+00
  9.639600E-01  9.641707E-03  5.000000E-01  9.736965E-01  9.777982E-03  0.000000E+00 -1.402960E-03  4.831427E-04 -4.021988E-18 -5.688218E-01  0.000000E+00
  9.589060E-01  1.138655E-02  5.000000E-01  9.685915E-01  1.154045E-02  0.000000E+00 -1.373305E-03  4.749977E-04 -1.789918E-18 -5.718727E-01  0.000000E+00
  9.533750E-01  1.330247E-02  5.000000E-01  9.630046E-01  1.347572E-02  0.000000E+00 -1.279109E-03  4.433623E-04 -2.066796E-18 -5.742457E-01  0.000000E+00
  9.473580E-01  1.538821E-02  5.000000E-01  9.569269E-01  1.558252E-02  0.000000E+00 -1.150205E-03  3.983873E-04 -3.552578E-18 -5.757557E-01  0.000000E+00
  9.408450E-01  1.764045E-02  5.000000E-01  9.503481E-01  1.785750E-02  0.000000E+00 -1.016807E-03  3.507711E-04 -4.946866E-18 -5.764322E-01  0.000000E+00
  9.338260E-01  2.005389E-02  5.000000E-01  9.432582E-01  2.029532E-02  0.000000E+00 -9.056114E-04  3.100089E-04 -4.919798E-18 -5.765037E-01  0.000000E+00
  9.262910E-01  2.262009E-02  5.000000E-01  9.356471E-01  2.288743E-02  0.000000E+00 -8.371993E-04  2.831300E-04 -2.692414E-18 -5.763225E-01  0.000000E+00
  9.182290E-01  2.532622E-02  5.000000E-01  9.275037E-01  2.562089E-02  0.000000E+00 -8.254776E-04  2.742167E-04  1.253667E-18 -5.762596E-01  0.000000E+00
  9.096280E-01  2.815458E-02  5.000000E-01  9.188158E-01  2.847781E-02  0.000000E+00 -8.781311E-04  2.845098E-04  8.606600E-18 -5.766752E-01  0.000000E+00
  9.004770E-01  3.108168E-02  5.000000E-01  9.095724E-01  3.143448E-02  0.000000E+00 -9.969851E-04  3.126301E-04  2.225944E-17 -5.778846E-01  0.000000E+00
  8.907650E-01  3.407659E-02  5.000000E-01  8.997623E-01  3.445963E-02  0.000000E+00 -1.179246E-03  3.542559E-04  3.337019E-17 -5.799727E-01  0.000000E+00
  8.804800E-01  3.709791E-02  5.000000E-01  8.893735E-01  3.751146E-02  0.000000E+00 -1.418069E-03  4.017196E-04  3.468993E-17 -5.828402E-01  0.000000E+00
  8.696090E-01  4.008988E-02  5.000000E-01  8.783927E-01  4.053365E-02  0.000000E+00 -1.699156E-03  4.455796E-04  3.679749E-17 -5.864218E-01  0.000000E+00
  8.696090E-01  4.008988E-02  5.000000E-01  8.783927E-01  4.053365E-02  0.000000E+00 -1.699156E-03  4.455796E-04  3.679749E-17 -5.864218E-01  0.000000E+00
  8.581400E-01  4.298043E-02  5.000000E-01  8.668079E-01  4.345338E-02  0.000000E+00 -2.002472E-03  4.769103E-04  2.783802E-17 -5.897280E-01  0.000000E+00
  8.460600E-01  4.568536E-02  5.000000E-01  8.546059E-01  4.618564E-02  0.000000E+00 -2.310246E-03  4.855553E-04  1.135101E-17 -5.905583E-01  0.000000E+00
  8.333640E-01  4.812483E-02  5.000000E-01  8.417817E-01  4.864974E-02  0.000000E+00 -2.567411E-03  4.509293E-04  1.983838E-18 -5.921122E-01  0.000000E+00
  8.200460E-01  5.022323E-02  5.000000E-01  8.283292E-01  5.076934E-02  0.000000E+00 -2.540557E-03  3.448460E-04 -3.279465E-17 -6.136526E-01  0.000000E+00
  8.061050E-01  5.191314E-02  5.000000E-01  8.142474E-01  5.247631E-02  0.000000E+00 -1.647938E-03  1.621017E-04 -8.450247E-17 -6.844177E-01  0.000000E+00
  7.915460E-01  5.316881E-02  5.000000E-01  7.995413E-01  5.374466E-02  0.000000E+00  9.929938E-04 -5.253242E-05 -1.146010E-16 -8.104174E-01  0.000000E+00
  7.763770E-01  5.402944E-02  5.000000E-01  7.842191E-01  5.461398E-02  0.000000E+00  5.991930E-03 -2.164631E-04 -1.083997E-16 -9.517258E-01  0.000000E+00
  7.606070E-01  5.456434E-02  5.000000E-01  7.682899E-01  5.515428E-02  0.000000E+00  1.260983E-02 -2.326088E-04 -7.047443E-17 -1.050188E+00  0.000000E+00
  7.442510E-01  5.478085E-02  5.000000E-01  7.517687E-01  5.537298E-02  0.000000E+00  1.845396E-02 -4.484407E-05 -1.985477E-17 -1.081590E+00  0.000000E+00
  7.273250E-01  5.469690E-02  5.000000E-01  7.346718E-01  5.528818E-02  0.000000E+00  2.145570E-02  2.562240E-04  4.246537E-17 -1.067288E+00  0.000000E+00
  7.098490E-01  5.436501E-02  5.000000E-01  7.170193E-01  5.495294E-02  0.000000E+00  2.167722E-02  4.873499E-04  1.034954E-16 -1.042319E+00  0.000000E+00
  6.918480E-01  5.388136E-02  5.000000E-01  6.988365E-01  5.446441E-02  0.000000E+00  2.053607E-02  5.373353E-04  1.304508E-16 -1.031260E+00  0.000000E+00
  6.733520E-01  5.339620E-02  5.000000E-01  6.801537E-01  5.397435E-02  0.000000E+00  1.933033E-02  3.958041E-04  1.194639E-16 -1.044825E+00  0.000000E+00
  6.543930E-01  5.310920E-02  5.000000E-01  6.610032E-01  5.368445E-02  0.000000E+00  1.875499E-02  1.282426E-04  9.468603E-17 -1.079534E+00  0.000000E+00
  6.350090E-01  5.313999E-02  5.000000E-01  6.414235E-01  5.371555E-02  0.000000E+00  1.903617E-02 -1.482882E-04  7.346264E-17 -1.120010E+00  0.000000E+00
  6.152440E-01  5.342105E-02  5.000000E-01  6.214589E-01  5.399945E-02  0.000000E+00  1.996677E-02 -3.502049E-04  5.730683E-17 -1.151723E+00  0.000000E+00
  5.951420E-01  5.384204E-02  5.000000E-01  6.011539E-01  5.442469E-02  0.000000E+00  2.109176E-02 -4.408542E-04  4.293230E-17 -1.167706E+00  0.000000E+00
  5.747530E-01  5.427219E-02  5.000000E-01  5.805590E-01  5.485919E-02  0.000000E+00  2.204305E-02 -3.846115E-04  3.020516E-17 -1.165499E+00  0.000000E+00
  5.541290E-01  5.456641E-02  5.000000E-01  5.597267E-01  5.515637E-02  0.000000E+00  2.265152E-02 -1.699462E-04  2.235925E-17 -1.146542E+00  0.000000E+00
  5.333260E-01  5.458673E-02  5.000000E-01  5.387136E-01  5.517690E-02  0.000000E+00  2.285584E-02  1.305077E-04  1.856988E-17 -1.118267E+00  0.000000E+00
  5.124010E-01  5.432268E-02  5.000000E-01  5.175773E-01  5.491019E-02  0.000000E+00  2.270655E-02  4.098487E-04  1.687444E-17 -1.090246E+00  0.000000E+00
  4.914140E-01  5.382479E-02  5.000000E-01  4.963783E-01  5.440727E-02  0.000000E+00  2.238783E-02  6.239173E-04  1.791893E-17 -1.067912E+00  0.000000E+00
  4.704230E-01  5.314937E-02  5.000000E-01  4.751754E-01  5.372502E-02  0.000000E+00  2.207912E-02  7.709120E-04  2.045759E-17 -1.053320E+00  0.000000E+00
  1.696960E-04 -4.811940E-04  5.000000E-01  1.730287E-04 -4.471485E-04  0.000000E+00 -6.436748E-02  9.282812E-02 -2.126182E-13  5.407331E-01  0.000000E+00
  8.054360E-04 -9.784903E-04  5.000000E-01  8.151890E-04 -9.494670E-04  0.000000E+00 -4.693659E-02  3.287195E-02 -1.376522E-13  1.106719E+00  0.000000E+00
  1.973980E-03 -1.585613E-03  5.000000E-01  1.995534E-03 -1.562721E-03  0.000000E+00 -2.105695E-02  1.048592E-02 -7.157545E-14  1.176594E+00  0.000000E+00
  3.614630E-03 -2.300543E-03  5.000000E-01  3.652753E-03 -2.284871E-03  0.000000E+00 -4.061318E-03  1.776089E-03 -3.408866E-14  1.152961E+00  0.000000E+00
  5.721210E-03 -3.131713E-03  5.000000E-01  5.780607E-03 -3.124435E-03  0.000000E+00  5.014894E-03 -1.862709E-03 -1.651436E-14  1.122648E+00  0.000000E+00
  8.297500E-03 -4.076650E-03  5.000000E-01  8.382914E-03 -4.078915E-03  0.000000E+00  9.325105E-03 -3.268180E-03 -7.707539E-15  1.078335E+00  0.000000E+00
  1.136560E-02 -5.115757E-03  5.000000E-01  1.148200E-02 -5.128515E-03  0.000000E+00  1.109413E-02 -3.620107E-03 -3.466368E-15  1.023920E+00  0.000000E+00
  1.493280E-02 -6.237786E-03  5.000000E-01  1.508522E-02 -6.261876E-03  0.000000E+00  1.169026E-02 -3.586079E-03 -1.666960E-15  9.694136E-01  0.000000E+00
  1.899460E-02 -7.451050E-03  5.000000E-01  1.918804E-02 -7.487392E-03  0.000000E+00  1.194714E-02 -3.516422E-03 -8.530990E-16  9.187186E-01  0.000000E+00
  2.354800E-02 -8.771597E-03  5.000000E-01  2.378743E-02 -8.821275E-03  0.000000E+00  1.228198E-02 -3.508696E-03 -3.885339E-16  8.688304E-01  0.000000E+00
  2.860130E-02 -1.019494E-02  5.000000E-01  2.889176E-02 -1.025899E-02  0.000000E+00  1.281356E-02 -3.547949E-03 -1.060479E-16  8.171038E-01  0.000000E+00
  3.416500E-02 -1.170997E-02  5.000000E-01  3.451165E-02 -1.178933E-02  0.000000E+00  1.352350E-02 -3.615645E-03  4.080784E-17  7.647625E-01  0.000000E+00
  4.024810E-02 -1.330751E-02  5.000000E-01  4.065618E-02 -1.340300E-02  0.000000E+00  1.435319E-02 -3.692567E-03  1.019292E-16  7.127172E-01  0.000000E+00
  4.686030E-02 -1.497525E-02  5.000000E-01  4.733516E-02 -1.508758E-02  0.000000E+00  1.523825E-02 -3.758859E-03  1.258391E-16  6.607517E-01  0.000000E+00
  5.401090E-02 -1.670148E-02  5.000000E-01  5.455797E-02 -1.683124E-02  0.000000E+00  1.613192E-02 -3.806103E-03  1.402774E-16  6.089349E-01  0.000000E+00
  6.170850E-02 -1.847755E-02  5.000000E-01  6.233331E-02 -1.862525E-02  0.000000E+00  1.700857E-02 -3.825955E-03  1.549566E-16  5.568944E-01  0.000000E+00
  6.996310E-02 -2.028913E-02  5.000000E-01  7.067127E-02 -2.045512E-02  0.000000E+00  1.785443E-02 -3.805891E-03  1.710113E-16  5.039263E-01  0.000000E+00
  7.878500E-02 -2.211655E-02  5.000000E-01  7.958226E-02 -2.230100E-02  0.000000E+00  1.866639E-02 -3.742281E-03  1.843129E-16  4.502278E-01  0.000000E+00
  8.818390E-02 -2.394064E-02  5.000000E-01  8.907608E-02 -2.414351E-02  0.000000E+00  1.944587E-02 -3.635203E-03  1.928375E-16  3.962332E-01  0.000000E+00
  9.816930E-02 -2.573883E-02  5.000000E-01  9.916232E-02 -2.595986E-02  0.000000E+00  2.018741E-02 -3.479987E-03  1.956761E-16  3.420028E-01  0.000000E+00
  1.087500E-01 -2.748419E-02  5.000000E-01  1.098499E-01 -2.772284E-02  0.000000E+00  2.087483E-02 -3.273126E-03  1.974211E-16  2.879589E-01  0.000000E+00
  1.199340E-01 -2.914935E-02  5.000000E-01  1.211468E-01 -2.940482E-02  0.000000E+00  2.147320E-02 -3.009577E-03  2.054659E-16  2.348065E-01  0.000000E+00
  1.317280E-01 -3.070218E-02  5.000000E-01  1.330599E-01 -3.097334E-02  0.000000E+00  2.192174E-02 -2.680464E-03  2.062584E-16  1.833958E-01  0.000000E+00
  1.441380E-01 -3.210525E-02  5.000000E-01  1.455952E-01 -3.239057E-02  0.000000E+00  2.214905E-02 -2.285732E-03  2.135754E-16  1.355155E-01  0.000000E+00
  1.441380E-01 -3.210525E-02  5.000000E-01  1.455952E-01 -3.239057E-02  0.000000E+00  2.214905E-02 -2.285732E-03  2.135754E-16  1.355155E-01  0.000000E+00
  1.571670E-01 -3.332199E-02  5.000000E-01  1.587558E-01 -3.361960E-02  0.000000E+00  2.210373E-02 -1.839102E-03  2.417413E-16  9.374993E-02  0.000000E+00
  1.708170E-01 -3.431740E-02  5.000000E-01  1.725437E-01 -3.462506E-02  0.000000E+00  2.179509E-02 -1.370338E-03  2.589977E-16  6.084207E-02  0.000000E+00
  1.850860E-01 -3.506766E-02  5.000000E-01  1.869568E-01 -3.538290E-02  0.000000E+00  2.132694E-02 -9.325175E-04  2.588556E-16  3.915454E-02  0.000000E+00
  1.999720E-01 -3.558131E-02  5.000000E-01  2.019931E-01 -3.590173E-02  0.000000E+00  2.088004E-02 -5.940607E-04  2.479831E-16  2.943099E-02  0.000000E+00
  2.154670E-01 -3.592391E-02  5.000000E-01  2.176446E-01 -3.624779E-02  0.000000E+00  2.059755E-02 -3.814077E-04  2.187737E-16  2.730306E-02  0.000000E+00
  2.315610E-01 -3.616568E-02  5.000000E-01  2.339011E-01 -3.649201E-02  0.000000E+00  2.046702E-02 -2.326596E-04  1.699459E-16  2.268319E-02  0.000000E+00
  2.482400E-01 -3.629834E-02  5.000000E-01  2.507486E-01 -3.662601E-02  0.000000E+00  2.039391E-02 -8.159576E-05  9.928956E-17  1.008350E-02  0.000000E+00
  2.654840E-01 -3.629999E-02  5.000000E-01  2.681667E-01 -3.662767E-02  0.000000E+00  2.031147E-02  8.666477E-05  9.075240E-18 -7.341646E-03  0.000000E+00
  2.832720E-01 -3.614536E-02  5.000000E-01  2.861343E-01 -3.647148E-02  0.000000E+00  2.018297E-02  2.697038E-04 -8.428894E-17 -2.456476E-02  0.000000E+00
  3.015770E-01 -3.581346E-02  5.000000E-01  3.046242E-01 -3.613623E-02  0.000000E+00  1.999365E-02  4.580639E-04 -1.591552E-16 -3.819029E-02  0.000000E+00
  3.203660E-01 -3.529143E-02  5.000000E-01  3.236030E-01 -3.560893E-02  0.000000E+00  1.974225E-02  6.413930E-04 -2.002186E-16 -4.709383E-02  0.000000E+00
  3.396030E-01 -3.457448E-02  5.000000E-01  3.430342E-01 -3.488474E-02  0.000000E+00  1.943210E-02  8.133983E-04 -1.985336E-16 -5.165974E-02  0.000000E+00
  3.592490E-01 -3.366073E-02  5.000000E-01  3.628786E-01 -3.396176E-02  0.000000E+00  1.906528E-02  9.724528E-04 -1.549211E-16 -5.269494E-02  0.000000E+00
  3.792580E-01 -3.254871E-02  5.000000E-01  3.830897E-01 -3.283851E-02  0.000000E+00  1.864363E-02  1.117481E-03 -8.255599E-17 -5.057206E-02  0.000000E+00
  3.995810E-01 -3.123984E-02  5.000000E-01  4.036179E-01 -3.151642E-02  0.000000E+00  1.817011E-02  1.246069E-03 -3.604011E-18 -4.516173E-02  0.000000E+00
  4.201670E-01 -2.973972E-02  5.000000E-01  4.244118E-01 -3.000115E-02  0.000000E+00  1.764695E-02  1.356436E-03  6.012285E-17 -3.632934E-02  0.000000E+00
  4.409600E-01 -2.805592E-02  5.000000E-01  4.454148E-01 -2.830034E-02  0.000000E+00  1.707644E-02  1.447881E-03  9.775504E-17 -2.415864E-02  0.000000E+00
  4.619030E-01 -2.619764E-02  5.000000E-01  4.665693E-01 -2.642330E-02  0.000000E+00  1.646688E-02  1.518207E-03  1.054170E-16 -8.714490E-03  0.000000E+00
  4.829360E-01 -2.418252E-02  5.000000E-01  4.878147E-01 -2.438784E-02  0.000000E+00  1.583366E-02  1.564720E-03  8.771625E-17  9.817406E-03  0.000000E+00
  5.039990E-01 -2.203481E-02  5.000000E-01  5.090904E-01 -2.221843E-02  0.000000E+00  1.519472E-02  1.586715E-03  5.996733E-17  3.085646E-02  0.000000E+00
  5.250310E-01 -1.978465E-02  5.000000E-01  5.303348E-01 -1.994555E-02  0.000000E+00  1.456751E-02  1.585719E-03  3.212373E-17  5.353711E-02  0.000000E+00
  5.459710E-01 -1.746487E-02  5.000000E-01  5.514863E-01 -1.760235E-02  0.000000E+00  1.396716E-02  1.565401E-03  9.848997E-18  7.689259E-02  0.000000E+00
  5.667600E-01 -1.510711E-02  5.000000E-01  5.724853E-01 -1.522077E-02  0.000000E+00  1.340858E-02  1.528854E-03 -1.428562E-18  1.002501E-01  0.000000E+00
  4.704230E-01  5.314937E-02  5.000000E-01  4.751754E-01  5.372502E-02  0.000000E+00  2.207912E-02  7.709120E-04  2.045759E-17 -1.053320E+00  0.000000E+00
  4.494880E-01  5.235752E-02  5.000000E-01  4.540289E-01  5.292517E-02  0.000000E+00  2.188282E-02  8.581003E-04  1.908825E-17 -1.046646E+00  0.000000E+00
  4.286690E-01  5.151022E-02  5.000000E-01  4.329997E-01  5.206932E-02  0.000000E+00  2.185228E-02  9.121498E-04  1.154953E-17 -1.045463E+00  0.000000E+00
  4.080230E-01  5.062834E-02  5.000000E-01  4.121452E-01  5.117853E-02  0.000000E+00  2.199547E-02  9.726996E-04 -2.630722E-21 -1.045708E+00  0.000000E+00
  3.876050E-01  4.969680E-02  5.000000E-01  3.915210E-01  5.023759E-02  0.000000E+00  2.225020E-02  1.057744E-03 -1.377539E-17 -1.044747E+00  0.000000E+00
  3.674690E-01  4.870210E-02  5.000000E-01  3.711816E-01  4.923284E-02  0.000000E+00  2.252772E-02  1.164303E-03 -2.725380E-17 -1.041902E+00  0.000000E+00
  3.476650E-01  4.763403E-02  5.000000E-01  3.511776E-01  4.815399E-02  0.000000E+00  2.277198E-02  1.288044E-03 -3.976162E-17 -1.037229E+00  0.000000E+00
  3.282390E-01  4.648478E-02  5.000000E-01  3.315555E-01  4.699313E-02  0.000000E+00  2.296614E-02  1.426150E-03 -5.117676E-17 -1.031081E+00  0.000000E+00
  3.092330E-01  4.524900E-02  5.000000E-01  3.123575E-01  4.574487E-02  0.000000E+00  2.311268E-02  1.573444E-03 -5.952851E-17 -1.024102E+00  0.000000E+00
  2.906860E-01  4.392955E-02  5.000000E-01  2.936232E-01  4.441210E-02  0.000000E+00  2.322133E-02  1.724783E-03 -6.201813E-17 -1.016927E+00  0.000000E+00
  2.726330E-01  4.253196E-02  5.000000E-01  2.753879E-01  4.300039E-02  0.000000E+00  2.330450E-02  1.879290E-03 -5.717693E-17 -1.009822E+00  0.000000E+00
  2.551020E-01  4.106168E-02  5.000000E-01  2.576799E-01  4.151526E-02  0.000000E+00  2.337061E-02  2.038027E-03 -4.645003E-17 -1.002793E+00  0.000000E+00
  2.381210E-01  3.952462E-02  5.000000E-01  2.405274E-01  3.996268E-02  0.000000E+00  2.342561E-02  2.204365E-03 -3.210670E-17 -9.956936E-01  0.000000E+00
  2.217090E-01  3.792297E-02  5.000000E-01  2.239496E-01  3.834485E-02  0.000000E+00  2.346933E-02  2.379501E-03 -1.455376E-17 -9.888339E-01  0.000000E+00
  2.058840E-01  3.625927E-02  5.000000E-01  2.079648E-01  3.666435E-02  0.000000E+00  2.348204E-02  2.542127E-03  5.684373E-18 -9.844324E-01  0.000000E+00
  1.906600E-01  3.456119E-02  5.000000E-01  1.925871E-01  3.494913E-02  0.000000E+00  2.345614E-02  2.655905E-03  2.547869E-17 -9.858912E-01  0.000000E+00
  1.760460E-01  3.287927E-02  5.000000E-01  1.778255E-01  3.325022E-02  0.000000E+00  2.345875E-02  2.725545E-03  4.266598E-17 -9.937312E-01  0.000000E+00
  1.620500E-01  3.123773E-02  5.000000E-01  1.636881E-01  3.159210E-02  0.000000E+00  2.358144E-02  2.793248E-03  5.588012E-17 -1.005192E+00  0.000000E+00
  1.486750E-01  2.963878E-02  5.000000E-01  1.501781E-01  2.997701E-02  0.000000E+00  2.384514E-02  2.888722E-03  6.375328E-17 -1.017351E+00  0.000000E+00
  1.359210E-01  2.807426E-02  5.000000E-01  1.372953E-01  2.839668E-02  0.000000E+00  2.419957E-02  3.019889E-03  6.499399E-17 -1.028457E+00  0.000000E+00
  1.237890E-01  2.653533E-02  5.000000E-01  1.250407E-01  2.684221E-02  0.000000E+00  2.457407E-02  3.184129E-03  5.655325E-17 -1.037863E+00  0.000000E+00
  1.122730E-01  2.501247E-02  5.000000E-01  1.134084E-01  2.530397E-02  0.000000E+00  2.491709E-02  3.376274E-03  2.235426E-17 -1.045664E+00  0.000000E+00
  1.013710E-01  2.350001E-02  5.000000E-01  1.023964E-01  2.377624E-02  0.000000E+00  2.520579E-02  3.589831E-03 -6.355572E-17 -1.052471E+00  0.000000E+00
  9.107400E-02  2.199591E-02  5.000000E-01  9.199536E-02  2.225695E-02  0.000000E+00  2.544379E-02  3.824004E-03 -2.239350E-16 -1.058858E+00  0.000000E+00
  9.107400E-02  2.199591E-02  5.000000E-01  9.199536E-02  2.225695E-02  0.000000E+00  2.544379E-02  3.824004E-03 -2.239350E-16 -1.058858E+00  0.000000E+00
  8.137660E-02  2.049792E-02  5.000000E-01  8.220003E-02  2.074384E-02  0.000000E+00  2.563916E-02  4.077159E-03 -5.138879E-16 -1.065574E+00  0.000000E+00
  7.227050E-02  1.900845E-02  5.000000E-01  7.300197E-02  1.923932E-02  0.000000E+00  2.579631E-02  4.343359E-03 -1.044129E-15 -1.073632E+00  0.000000E+00
  6.374670E-02  1.753259E-02  5.000000E-01  6.439209E-02  1.774856E-02  0.000000E+00  2.592605E-02  4.623729E-03 -1.991752E-15 -1.083705E+00  0.000000E+00
  5.579720E-02  1.607364E-02  5.000000E-01  5.636231E-02  1.627488E-02  0.000000E+00  2.602900E-02  4.914423E-03 -3.662613E-15 -1.096700E+00  0.000000E+00
  4.841260E-02  1.464014E-02  5.000000E-01  4.890313E-02  1.482690E-02  0.000000E+00  2.610331E-02  5.210176E-03 -6.531407E-15 -1.113607E+00  0.000000E+00
  4.158390E-02  1.323989E-02  5.000000E-01  4.200547E-02  1.341250E-02  0.000000E+00  2.615413E-02  5.517432E-03 -1.121146E-14 -1.134819E+00  0.000000E+00
  3.530370E-02  1.187775E-02  5.000000E-01  3.566185E-02  1.203661E-02  0.000000E+00  2.616246E-02  5.830864E-03 -1.831565E-14 -1.161175E+00  0.000000E+00
  2.956270E-02  1.056323E-02  5.000000E-01  2.986287E-02  1.070881E-02  0.000000E+00  2.610109E-02  6.145639E-03 -2.807568E-14 -1.193340E+00  0.000000E+00
  2.435310E-02  9.302876E-03  5.000000E-01  2.460066E-02  9.435729E-03  0.000000E+00  2.592996E-02  6.473605E-03 -3.956331E-14 -1.230725E+00  0.000000E+00
  1.967110E-02  8.097165E-03  5.000000E-01  1.987137E-02  8.217842E-03  0.000000E+00  2.551446E-02  6.785337E-03 -4.972424E-14 -1.273641E+00  0.000000E+00
  1.550860E-02  6.953261E-03  5.000000E-01  1.566684E-02  7.062386E-03  0.000000E+00  2.467669E-02  7.032364E-03 -5.330552E-14 -1.322394E+00  0.000000E+00
  1.185930E-02  5.874821E-03  5.000000E-01  1.198068E-02  5.973055E-03  0.000000E+00  2.331914E-02  7.207429E-03 -4.465221E-14 -1.375133E+00  0.000000E+00
  8.724160E-03  4.858023E-03  5.000000E-01  8.813883E-03  4.945989E-03  0.000000E+00  2.156823E-02  7.338297E-03 -2.100517E-14 -1.431397E+00  0.000000E+00
  6.091130E-03  3.911055E-03  5.000000E-01  6.154263E-03  3.989457E-03  0.000000E+00  2.031321E-02  7.814592E-03  1.464508E-14 -1.486587E+00  0.000000E+00
  3.952840E-03  3.036627E-03  5.000000E-01  3.994378E-03  3.106198E-03  0.000000E+00  2.112724E-02  9.727927E-03  5.555050E-14 -1.523772E+00  0.000000E+00
  2.330070E-03  2.221940E-03  5.000000E-01  2.355220E-03  2.283284E-03  0.000000E+00  2.423461E-02  1.419011E-02  7.965593E-14 -1.531470E+00  0.000000E+00
  1.198080E-03  1.485098E-03  5.000000E-01  1.211798E-03  1.539001E-03  0.000000E+00  2.759999E-02  2.138694E-02  1.971341E-14 -1.519646E+00  0.000000E+00
  5.019560E-04  8.591596E-04  5.000000E-01  5.086442E-04  9.067411E-04  0.000000E+00  3.041749E-02  3.350711E-02 -6.126870E-14 -1.531186E+00  0.000000E+00
  1.313430E-04  3.760470E-04  5.000000E-01  1.342884E-04  4.187496E-04  0.000000E+00  3.507610E-02  7.038626E-02  4.858607E-13 -1.566393E+00  0.000000E+00
  8.078190E-06  6.791284E-05  5.000000E-01  9.778777E-06  1.075036E-04  0.000000E+00  3.055508E-02  1.733171E-01  5.764766E-13 -1.484875E+00  0.000000E+00
 -1.602820E-06 -3.851597E-05  5.000000E-01  0.000000E+00  0.000000E+00  0.000000E+00 -4.940668E-03  2.521570E-01 -4.343734E-13 -1.190928E+00  0.000000E+00
  9.141860E-06 -1.485696E-04  5.000000E-01  1.085319E-05 -1.111651E-04  0.000000E+00 -4.976118E-02  1.967983E-01 -6.090790E-13 -4.688880E-01  0.000000E+00
  1.696960E-04 -4.811940E-04  5.000000E-01  1.730287E-04 -4.471485E-04  0.000000E+00 -6.436748E-02  9.282812E-02 -2.126182E-13  5.407331E-01  0.000000E+00
    1    2
    2    3
    3    4
    4    5
    5    6
    6    7
    7    8
    8    9
    9   10
   10   11
   11   12
   12   13
   13   14
   14   15
   15   16
   16   17
   17   18
   18   19
   19   20
   20   21
   21   22
   22   23
   23   24
   25   26
   26   27
   27   28
   28   29
   29   30
   30   31
   31   32
   32   33
   33   34
   34   35
   35   36
   36   37
   37   38
   38   39
   39   40
   40   41
   41   42
   42   43
   43   44
   44   45
   45   46
   46   47
   47   48
   49   50
   50   51
   51   52
   52   53
   53   54
   54   55
   55   56
   56   57
   57   58
   58   59
   59   60
   60   61
   61   62
   62   63
   63   64
   64   65
   65   66
   66   67
   67   68
   68   69
   69   70
   70   71
   71   72
   73   74
   74   75
   75   76
   76   77
   77   78
   78   79
   79   80
   80   81
   81   82
   82   83
   83   84
   84   85
   85   86
   86   87
   87   88
   88   89
   89   90
   90   91
   91   92
   92   93
   93   94
   94   95
   95   96
   97   98
   98   99
   99  100
  100  101
  101  102
  102  103
  103  104
  104  105
  105  106
  106  107
  107  108
  108  109
  109  110
  110  111
  111  112
  112  113
  113  114
  114  115
  115  116
  116  117
  117  118
  118  119
  119  120
  121  122
  122  123
  123  124
  124  125
  125  126
  126  127
  127  128
  128  129
  129  130
  130  131
  131  132
  132  133
  133  134
  134  135
  135  136
  136  137
  137  138
  138  139
  139  140
  140  141
  141  142
  142  143
  143  144
  145  146
  146  147
  147  148
  148  149
  149  150
  150  151
  151  152
  152  153
  153  154
  154  155
  155  156
  156  157
  157  158
  158  159
  159  160
  160  161
  161  162
  162  163
  163  164
  164  165
  165  166
  166  167
  167  168
  169  170
  170  171
  171  172
  172  173
  173  174
  174  175
  175  176
  176  177
  177  178
  178  179
  179  180
  180  181
  181  182
  182  183
  183  184
  184  185
  185  186
  186  187
  187  188
  188  189
  189  190
  190  191
  191  192
