 Title = "ADflow Slice Data"
Variables =  "CoordinateX"  "CoordinateY"  "CoordinateZ"  "XoC"  "YoC"  "ZoC" "VelocityX" "VelocityY" "VelocityZ" "CoefPressure" "Mach" 
Zone T= "Slice_0001 None Absolute Regular z = 0.50000000"
 Nodes =          192  Elements=          184  ZONETYPE=FELINESEG
 DATAPACKING=POINT
  5.667600E-01 -1.510710E-02  5.000000E-01  5.724853E-01 -1.522076E-02  0.000000E+00  1.340861E-02  1.528856E-03  2.443116E-18  1.002529E-01  0.000000E+00
  5.873410E-01 -1.274745E-02  5.000000E-01  5.932741E-01 -1.283728E-02  0.000000E+00  1.290513E-02  1.478340E-03  2.388950E-18  1.231460E-01  0.000000E+00
  6.076580E-01 -1.042222E-02  5.000000E-01  6.137963E-01 -1.048857E-02  0.000000E+00  1.246307E-02  1.417115E-03  8.216649E-19  1.449835E-01  0.000000E+00
  6.276600E-01 -8.163525E-03  5.000000E-01  6.340003E-01 -8.207062E-03  0.000000E+00  1.207992E-02  1.349302E-03 -8.334187E-19  1.652017E-01  0.000000E+00
  6.472970E-01 -5.995484E-03  5.000000E-01  6.538356E-01 -6.017127E-03  0.000000E+00  1.174607E-02  1.279790E-03 -6.107084E-19  1.834541E-01  0.000000E+00
  6.665260E-01 -3.929649E-03  5.000000E-01  6.732588E-01 -3.930430E-03  0.000000E+00  1.145129E-02  1.211053E-03 -1.139409E-18  1.999553E-01  0.000000E+00
  6.853050E-01 -1.975567E-03  5.000000E-01  6.922274E-01 -1.956613E-03  0.000000E+00  1.118972E-02  1.140477E-03 -6.147622E-19  2.155023E-01  0.000000E+00
  7.035980E-01 -1.505138E-04  5.000000E-01  7.107052E-01 -1.131290E-04  0.000000E+00  1.095155E-02  1.065408E-03  3.418156E-19  2.304296E-01  0.000000E+00
  7.213750E-01  1.533493E-03  5.000000E-01  7.286617E-01  1.587884E-03  0.000000E+00  1.071431E-02  9.862767E-04  1.637851E-19  2.443910E-01  0.000000E+00
  7.386080E-01  3.072111E-03  5.000000E-01  7.460687E-01  3.142041E-03  0.000000E+00  1.044914E-02  9.052254E-04  2.339606E-19  2.573028E-01  0.000000E+00
  7.552750E-01  4.470389E-03  5.000000E-01  7.629040E-01  4.554440E-03  0.000000E+00  1.013800E-02  8.265108E-04 -2.838576E-20  2.695921E-01  0.000000E+00
  7.713580E-01  5.741124E-03  5.000000E-01  7.791495E-01  5.838008E-03  0.000000E+00  9.793696E-03  7.519505E-04 -9.795140E-19  2.818176E-01  0.000000E+00
  7.868410E-01  6.895260E-03  5.000000E-01  7.947888E-01  7.003800E-03  0.000000E+00  9.483199E-03  6.642295E-04 -7.891085E-19  2.957032E-01  0.000000E+00
  8.017160E-01  7.872816E-03  5.000000E-01  8.098140E-01  7.991227E-03  0.000000E+00  9.307615E-03  5.404671E-04 -2.725440E-19  3.115876E-01  0.000000E+00
  8.159740E-01  8.590415E-03  5.000000E-01  8.242160E-01  8.716073E-03  0.000000E+00  9.330554E-03  3.861096E-04 -3.571379E-19  3.245042E-01  0.000000E+00
  8.296120E-01  9.030410E-03  5.000000E-01  8.379918E-01  9.160512E-03  0.000000E+00  9.555765E-03  2.188064E-04 -3.182117E-19  3.295865E-01  0.000000E+00
  8.426300E-01  9.209056E-03  5.000000E-01  8.511412E-01  9.340962E-03  0.000000E+00  9.959811E-03  4.536736E-05 -2.188780E-19  3.267781E-01  0.000000E+00
  8.550290E-01  9.157715E-03  5.000000E-01  8.636654E-01  9.289103E-03  0.000000E+00  1.051441E-02 -1.332142E-04  1.267569E-19  3.180647E-01  0.000000E+00
  8.668160E-01  8.914111E-03  5.000000E-01  8.755715E-01  9.043038E-03  0.000000E+00  1.119061E-02 -3.157969E-04  3.411277E-19  3.047960E-01  0.000000E+00
  8.779950E-01  8.519500E-03  5.000000E-01  8.868634E-01  8.644443E-03  0.000000E+00  1.195857E-02 -4.998257E-04  9.471372E-19  2.875327E-01  0.000000E+00
  8.885730E-01  8.013154E-03  5.000000E-01  8.975482E-01  8.132982E-03  0.000000E+00  1.278899E-02 -6.827240E-04  1.496866E-18  2.668632E-01  0.000000E+00
  8.985610E-01  7.428438E-03  5.000000E-01  9.076371E-01  7.542362E-03  0.000000E+00  1.364926E-02 -8.577434E-04  1.617560E-18  2.433089E-01  0.000000E+00
  9.079670E-01  6.799126E-03  5.000000E-01  9.171381E-01  6.906694E-03  0.000000E+00  1.450012E-02 -1.012515E-03  1.628593E-18  2.173319E-01  0.000000E+00
  9.168010E-01  6.157722E-03  5.000000E-01  9.260613E-01  6.258813E-03  0.000000E+00  1.530393E-02 -1.137893E-03  1.852631E-18  1.899897E-01  0.000000E+00
  9.168010E-01  6.157722E-03  5.000000E-01  9.260613E-01  6.258813E-03  0.000000E+00  1.530393E-02 -1.137893E-03  1.852631E-18  1.899897E-01  0.000000E+00
  9.250730E-01  5.529031E-03  5.000000E-01  9.344168E-01  5.623773E-03  0.000000E+00  1.603752E-02 -1.235111E-03  2.468731E-18  1.628071E-01  0.000000E+00
  9.327940E-01  4.927292E-03  5.000000E-01  9.422158E-01  5.015956E-03  0.000000E+00  1.670036E-02 -1.315870E-03  2.782189E-18  1.370974E-01  0.000000E+00
  9.399760E-01  4.355780E-03  5.000000E-01  9.494703E-01  4.438673E-03  0.000000E+00  1.730870E-02 -1.391709E-03  2.715556E-18  1.131297E-01  0.000000E+00
  9.466320E-01  3.815199E-03  5.000000E-01  9.561935E-01  3.892633E-03  0.000000E+00  1.788270E-02 -1.467158E-03  3.704086E-18  9.016604E-02  0.000000E+00
  9.527730E-01  3.306371E-03  5.000000E-01  9.623965E-01  3.378666E-03  0.000000E+00  1.844703E-02 -1.548713E-03  6.661952E-18  6.766707E-02  0.000000E+00
  9.584110E-01  2.827154E-03  5.000000E-01  9.680915E-01  2.894610E-03  0.000000E+00  1.903440E-02 -1.647020E-03  1.476662E-17  4.540036E-02  0.000000E+00
  9.635570E-01  2.374318E-03  5.000000E-01  9.732895E-01  2.437201E-03  0.000000E+00  1.967872E-02 -1.767961E-03  3.660613E-17  2.264823E-02  0.000000E+00
  9.682220E-01  1.946793E-03  5.000000E-01  9.780016E-01  2.005358E-03  0.000000E+00  2.041211E-02 -1.912170E-03  7.070575E-17 -1.677966E-03  0.000000E+00
  9.724140E-01  1.545859E-03  5.000000E-01  9.822359E-01  1.600375E-03  0.000000E+00  2.128259E-02 -2.087654E-03  7.143194E-17 -2.820887E-02  0.000000E+00
  9.761430E-01  1.171440E-03  5.000000E-01  9.860026E-01  1.222175E-03  0.000000E+00  2.237231E-02 -2.311576E-03 -6.897180E-17 -5.739678E-02  0.000000E+00
  9.794160E-01  8.242704E-04  5.000000E-01  9.893086E-01  8.714994E-04  0.000000E+00  2.378326E-02 -2.597357E-03 -4.021602E-16 -9.032298E-02  0.000000E+00
  9.822400E-01  5.074293E-04  5.000000E-01  9.921611E-01  5.514586E-04  0.000000E+00  2.556637E-02 -2.947192E-03 -6.013237E-16 -1.284408E-01  0.000000E+00
  9.846200E-01  2.260650E-04  5.000000E-01  9.945652E-01  2.672529E-04  0.000000E+00  2.759062E-02 -3.347863E-03  1.882207E-16 -1.720992E-01  0.000000E+00
  9.865620E-01 -1.453606E-05  5.000000E-01  9.965268E-01  2.422196E-05  0.000000E+00  2.940962E-02 -3.711583E-03  2.501612E-15 -2.194078E-01  0.000000E+00
  9.880680E-01 -2.086060E-04  5.000000E-01  9.980480E-01 -1.718079E-04  0.000000E+00  2.987560E-02 -3.826700E-03  4.334496E-15 -2.766165E-01  0.000000E+00
  9.891420E-01 -3.514239E-04  5.000000E-01  9.991328E-01 -3.160681E-04  0.000000E+00  2.812840E-02 -3.911136E-03 -1.487213E-15 -3.435008E-01  0.000000E+00
  9.897860E-01 -4.389487E-04  5.000000E-01  9.997833E-01 -4.044768E-04  0.000000E+00  3.788611E-02 -4.013267E-03 -2.470588E-14 -2.893957E-01  0.000000E+00
  9.900000E-01 -4.683023E-04  5.000000E-01  9.999995E-01 -4.341268E-04  0.000000E+00  2.618841E-02  5.267609E-03 -1.926593E-14 -5.820194E-01  0.000000E+00
  9.900000E-01 -1.843754E-04  5.000000E-01  9.999995E-01 -1.473325E-04  0.000000E+00  1.229774E-03 -7.885249E-03 -3.002707E-15 -8.088123E-01  0.000000E+00
  9.900000E-01  9.955150E-05  5.000000E-01  9.999995E-01  1.394617E-04  0.000000E+00 -4.468914E-04 -2.274867E-02 -6.651248E-15 -6.283624E-01  0.000000E+00
  9.900000E-01  3.834784E-04  5.000000E-01  9.999995E-01  4.262559E-04  0.000000E+00 -1.435993E-04 -8.862983E-03 -3.651219E-16 -6.283183E-01  0.000000E+00
  9.900000E-01  6.674053E-04  5.000000E-01  9.999995E-01  7.130501E-04  0.000000E+00  4.646601E-04 -5.229934E-03  4.853172E-15 -6.881988E-01  0.000000E+00
  9.900000E-01  9.513321E-04  5.000000E-01  9.999995E-01  9.998443E-04  0.000000E+00  6.797349E-03 -6.632426E-03  6.199578E-15 -6.299478E-01  0.000000E+00
  9.900000E-01  9.513321E-04  5.000000E-01  9.999995E-01  9.998443E-04  0.000000E+00  6.797349E-03 -6.632426E-03  6.199578E-15 -6.299478E-01  0.000000E+00
  9.897890E-01  1.017904E-03  5.000000E-01  9.997864E-01  1.067088E-03  0.000000E+00  9.015779E-03 -3.469589E-03  4.693523E-15 -5.523876E-01  0.000000E+00
  9.891540E-01  1.218674E-03  5.000000E-01  9.991450E-01  1.269886E-03  0.000000E+00  4.567781E-03 -1.351281E-03  2.409814E-15 -5.709899E-01  0.000000E+00
  9.880950E-01  1.555408E-03  5.000000E-01  9.980753E-01  1.610020E-03  0.000000E+00  3.024793E-03 -9.609245E-04  9.326234E-16 -5.705500E-01  0.000000E+00
  9.866100E-01  2.031333E-03  5.000000E-01  9.965753E-01  2.090752E-03  0.000000E+00  1.983753E-03 -6.497781E-04  2.602063E-16 -5.626502E-01  0.000000E+00
  9.846960E-01  2.650662E-03  5.000000E-01  9.946419E-01  2.716336E-03  0.000000E+00  9.958967E-04 -3.234592E-04  1.722641E-17 -5.590124E-01  0.000000E+00
  9.823490E-01  3.418251E-03  5.000000E-01  9.922712E-01  3.491677E-03  0.000000E+00  1.849704E-04 -5.918053E-05 -4.934477E-17 -5.580330E-01  0.000000E+00
  9.795670E-01  4.338749E-03  5.000000E-01  9.894611E-01  4.421470E-03  0.000000E+00 -4.278449E-04  1.427367E-04 -5.315510E-17 -5.582749E-01  0.000000E+00
  9.763420E-01  5.417935E-03  5.000000E-01  9.862036E-01  5.511554E-03  0.000000E+00 -8.716120E-04  2.932915E-04 -3.807241E-17 -5.597196E-01  0.000000E+00
  9.726710E-01  6.659543E-03  5.000000E-01  9.824955E-01  6.765702E-03  0.000000E+00 -1.170639E-03  3.977079E-04 -2.079093E-17 -5.622534E-01  0.000000E+00
  9.685460E-01  8.066753E-03  5.000000E-01  9.783288E-01  8.187123E-03  0.000000E+00 -1.342209E-03  4.594697E-04 -7.183324E-18 -5.654567E-01  0.000000E+00
  9.639600E-01  9.641707E-03  5.000000E-01  9.736965E-01  9.777982E-03  0.000000E+00 -1.402960E-03  4.831426E-04  2.333253E-19 -5.688218E-01  0.000000E+00
  9.589060E-01  1.138655E-02  5.000000E-01  9.685915E-01  1.154045E-02  0.000000E+00 -1.373305E-03  4.749977E-04  1.887956E-18 -5.718726E-01  0.000000E+00
  9.533750E-01  1.330247E-02  5.000000E-01  9.630046E-01  1.347571E-02  0.000000E+00 -1.279110E-03  4.433626E-04  1.972232E-18 -5.742456E-01  0.000000E+00
  9.473580E-01  1.538821E-02  5.000000E-01  9.569269E-01  1.558252E-02  0.000000E+00 -1.150207E-03  3.983878E-04  1.127414E-18 -5.757556E-01  0.000000E+00
  9.408450E-01  1.764045E-02  5.000000E-01  9.503481E-01  1.785750E-02  0.000000E+00 -1.016809E-03  3.507718E-04 -2.145539E-19 -5.764322E-01  0.000000E+00
  9.338260E-01  2.005389E-02  5.000000E-01  9.432582E-01  2.029532E-02  0.000000E+00 -9.056142E-04  3.100099E-04  3.977358E-19 -5.765036E-01  0.000000E+00
  9.262910E-01  2.262009E-02  5.000000E-01  9.356471E-01  2.288743E-02  0.000000E+00 -8.372028E-04  2.831312E-04  3.119741E-19 -5.763225E-01  0.000000E+00
  9.182290E-01  2.532622E-02  5.000000E-01  9.275037E-01  2.562089E-02  0.000000E+00 -8.254817E-04  2.742181E-04 -4.154652E-19 -5.762595E-01  0.000000E+00
  9.096280E-01  2.815458E-02  5.000000E-01  9.188158E-01  2.847781E-02  0.000000E+00 -8.781356E-04  2.845113E-04 -2.089878E-19 -5.766751E-01  0.000000E+00
  9.004770E-01  3.108168E-02  5.000000E-01  9.095724E-01  3.143448E-02  0.000000E+00 -9.969896E-04  3.126315E-04  7.195883E-19 -5.778845E-01  0.000000E+00
  8.907650E-01  3.407659E-02  5.000000E-01  8.997623E-01  3.445963E-02  0.000000E+00 -1.179250E-03  3.542571E-04  3.052900E-18 -5.799727E-01  0.000000E+00
  8.804800E-01  3.709791E-02  5.000000E-01  8.893735E-01  3.751146E-02  0.000000E+00 -1.418072E-03  4.017204E-04  3.515639E-18 -5.828402E-01  0.000000E+00
  8.696090E-01  4.008988E-02  5.000000E-01  8.783927E-01  4.053365E-02  0.000000E+00 -1.699158E-03  4.455801E-04  2.217653E-18 -5.864217E-01  0.000000E+00
  8.696090E-01  4.008988E-02  5.000000E-01  8.783927E-01  4.053365E-02  0.000000E+00 -1.699158E-03  4.455801E-04  2.217653E-18 -5.864217E-01  0.000000E+00
  8.581400E-01  4.298043E-02  5.000000E-01  8.668079E-01  4.345338E-02  0.000000E+00 -2.002473E-03  4.769107E-04  5.042415E-19 -5.897278E-01  0.000000E+00
  8.460600E-01  4.568536E-02  5.000000E-01  8.546059E-01  4.618564E-02  0.000000E+00 -2.310248E-03  4.855558E-04 -1.959327E-18 -5.905581E-01  0.000000E+00
  8.333640E-01  4.812483E-02  5.000000E-01  8.417817E-01  4.864974E-02  0.000000E+00 -2.567414E-03  4.509297E-04 -2.317816E-18 -5.921121E-01  0.000000E+00
  8.200460E-01  5.022323E-02  5.000000E-01  8.283292E-01  5.076934E-02  0.000000E+00 -2.540562E-03  3.448464E-04 -6.910715E-19 -6.136526E-01  0.000000E+00
  8.061050E-01  5.191314E-02  5.000000E-01  8.142474E-01  5.247631E-02  0.000000E+00 -1.647946E-03  1.621025E-04  2.272800E-18 -6.844175E-01  0.000000E+00
  7.915460E-01  5.316881E-02  5.000000E-01  7.995413E-01  5.374466E-02  0.000000E+00  9.929749E-04 -5.253113E-05  5.084843E-18 -8.104169E-01  0.000000E+00
  7.763770E-01  5.402944E-02  5.000000E-01  7.842191E-01  5.461398E-02  0.000000E+00  5.991898E-03 -2.164619E-04  3.464410E-18 -9.517251E-01  0.000000E+00
  7.606070E-01  5.456434E-02  5.000000E-01  7.682899E-01  5.515428E-02  0.000000E+00  1.260979E-02 -2.326088E-04 -8.824146E-19 -1.050188E+00  0.000000E+00
  7.442510E-01  5.478086E-02  5.000000E-01  7.517687E-01  5.537299E-02  0.000000E+00  1.845394E-02 -4.484550E-05 -5.082963E-18 -1.081590E+00  0.000000E+00
  7.273250E-01  5.469690E-02  5.000000E-01  7.346718E-01  5.528819E-02  0.000000E+00  2.145570E-02  2.562219E-04 -9.180150E-18 -1.067288E+00  0.000000E+00
  7.098490E-01  5.436502E-02  5.000000E-01  7.170193E-01  5.495295E-02  0.000000E+00  2.167723E-02  4.873478E-04 -1.173906E-17 -1.042319E+00  0.000000E+00
  6.918480E-01  5.388137E-02  5.000000E-01  6.988365E-01  5.446442E-02  0.000000E+00  2.053608E-02  5.373334E-04 -1.176917E-17 -1.031260E+00  0.000000E+00
  6.733520E-01  5.339621E-02  5.000000E-01  6.801537E-01  5.397436E-02  0.000000E+00  1.933033E-02  3.958025E-04 -9.397268E-18 -1.044825E+00  0.000000E+00
  6.543930E-01  5.310921E-02  5.000000E-01  6.610032E-01  5.368446E-02  0.000000E+00  1.875499E-02  1.282415E-04 -6.568889E-18 -1.079534E+00  0.000000E+00
  6.350090E-01  5.314001E-02  5.000000E-01  6.414235E-01  5.371557E-02  0.000000E+00  1.903616E-02 -1.482889E-04 -4.850836E-18 -1.120010E+00  0.000000E+00
  6.152440E-01  5.342107E-02  5.000000E-01  6.214589E-01  5.399946E-02  0.000000E+00  1.996677E-02 -3.502053E-04 -4.218029E-18 -1.151723E+00  0.000000E+00
  5.951420E-01  5.384205E-02  5.000000E-01  6.011539E-01  5.442470E-02  0.000000E+00  2.109176E-02 -4.408546E-04 -4.788306E-18 -1.167706E+00  0.000000E+00
  5.747530E-01  5.427221E-02  5.000000E-01  5.805590E-01  5.485920E-02  0.000000E+00  2.204305E-02 -3.846121E-04 -6.070730E-18 -1.165499E+00  0.000000E+00
  5.541290E-01  5.456642E-02  5.000000E-01  5.597267E-01  5.515639E-02  0.000000E+00  2.265153E-02 -1.699471E-04 -6.831773E-18 -1.146543E+00  0.000000E+00
  5.333260E-01  5.458675E-02  5.000000E-01  5.387136E-01  5.517692E-02  0.000000E+00  2.285584E-02  1.305066E-04 -7.034447E-18 -1.118267E+00  0.000000E+00
  5.124010E-01  5.432270E-02  5.000000E-01  5.175773E-01  5.491020E-02  0.000000E+00  2.270655E-02  4.098479E-04 -7.176375E-18 -1.090246E+00  0.000000E+00
  4.914140E-01  5.382481E-02  5.000000E-01  4.963783E-01  5.440729E-02  0.000000E+00  2.238783E-02  6.239171E-04 -7.430609E-18 -1.067912E+00  0.000000E+00
  4.704230E-01  5.314939E-02  5.000000E-01  4.751754E-01  5.372504E-02  0.000000E+00  2.207912E-02  7.709129E-04 -8.264086E-18 -1.053320E+00  0.000000E+00
  1.696960E-04 -4.811938E-04  5.000000E-01  1.730287E-04 -4.471485E-04  0.000000E+00 -6.436748E-02  9.282811E-02 -9.289143E-14  5.407332E-01  0.000000E+00
  8.054360E-04 -9.784900E-04  5.000000E-01  8.151890E-04 -9.494669E-04  0.000000E+00 -4.693658E-02  3.287194E-02 -5.082337E-14  1.106719E+00  0.000000E+00
  1.973980E-03 -1.585613E-03  5.000000E-01  1.995534E-03 -1.562721E-03  0.000000E+00 -2.105694E-02  1.048591E-02 -2.284538E-14  1.176594E+00  0.000000E+00
  3.614630E-03 -2.300542E-03  5.000000E-01  3.652753E-03 -2.284870E-03  0.000000E+00 -4.061311E-03  1.776086E-03 -8.015668E-15  1.152961E+00  0.000000E+00
  5.721210E-03 -3.131712E-03  5.000000E-01  5.780607E-03 -3.124434E-03  0.000000E+00  5.014901E-03 -1.862711E-03 -2.366211E-15  1.122648E+00  0.000000E+00
  8.297500E-03 -4.076649E-03  5.000000E-01  8.382914E-03 -4.078914E-03  0.000000E+00  9.325111E-03 -3.268181E-03 -1.305656E-15  1.078335E+00  0.000000E+00
  1.136560E-02 -5.115755E-03  5.000000E-01  1.148200E-02 -5.128513E-03  0.000000E+00  1.109413E-02 -3.620107E-03 -1.481255E-15  1.023919E+00  0.000000E+00
  1.493280E-02 -6.237784E-03  5.000000E-01  1.508522E-02 -6.261874E-03  0.000000E+00  1.169027E-02 -3.586079E-03 -1.465521E-15  9.694134E-01  0.000000E+00
  1.899460E-02 -7.451047E-03  5.000000E-01  1.918804E-02 -7.487389E-03  0.000000E+00  1.194715E-02 -3.516422E-03 -1.088895E-15  9.187185E-01  0.000000E+00
  2.354800E-02 -8.771593E-03  5.000000E-01  2.378743E-02 -8.821271E-03  0.000000E+00  1.228198E-02 -3.508696E-03 -6.077761E-16  8.688303E-01  0.000000E+00
  2.860130E-02 -1.019493E-02  5.000000E-01  2.889176E-02 -1.025898E-02  0.000000E+00  1.281356E-02 -3.547948E-03 -2.441838E-16  8.171036E-01  0.000000E+00
  3.416500E-02 -1.170997E-02  5.000000E-01  3.451165E-02 -1.178932E-02  0.000000E+00  1.352351E-02 -3.615644E-03 -5.587166E-17  7.647624E-01  0.000000E+00
  4.024810E-02 -1.330751E-02  5.000000E-01  4.065618E-02 -1.340299E-02  0.000000E+00  1.435320E-02 -3.692566E-03  9.278096E-18  7.127170E-01  0.000000E+00
  4.686030E-02 -1.497524E-02  5.000000E-01  4.733516E-02 -1.508757E-02  0.000000E+00  1.523826E-02 -3.758858E-03  1.804992E-17  6.607515E-01  0.000000E+00
  5.401090E-02 -1.670147E-02  5.000000E-01  5.455797E-02 -1.683123E-02  0.000000E+00  1.613192E-02 -3.806101E-03  1.057721E-17  6.089348E-01  0.000000E+00
  6.170850E-02 -1.847754E-02  5.000000E-01  6.233331E-02 -1.862524E-02  0.000000E+00  1.700857E-02 -3.825953E-03  4.218770E-18  5.568942E-01  0.000000E+00
  6.996310E-02 -2.028911E-02  5.000000E-01  7.067127E-02 -2.045511E-02  0.000000E+00  1.785444E-02 -3.805890E-03  1.649942E-18  5.039262E-01  0.000000E+00
  7.878500E-02 -2.211653E-02  5.000000E-01  7.958226E-02 -2.230098E-02  0.000000E+00  1.866640E-02 -3.742280E-03 -7.347782E-19  4.502277E-01  0.000000E+00
  8.818390E-02 -2.394063E-02  5.000000E-01  8.907608E-02 -2.414350E-02  0.000000E+00  1.944588E-02 -3.635202E-03 -5.394471E-18  3.962332E-01  0.000000E+00
  9.816930E-02 -2.573881E-02  5.000000E-01  9.916232E-02 -2.595984E-02  0.000000E+00  2.018742E-02 -3.479985E-03 -9.034873E-18  3.420028E-01  0.000000E+00
  1.087500E-01 -2.748417E-02  5.000000E-01  1.098499E-01 -2.772283E-02  0.000000E+00  2.087484E-02 -3.273125E-03 -9.128834E-18  2.879590E-01  0.000000E+00
  1.199340E-01 -2.914933E-02  5.000000E-01  1.211468E-01 -2.940480E-02  0.000000E+00  2.147321E-02 -3.009576E-03 -8.659059E-18  2.348066E-01  0.000000E+00
  1.317280E-01 -3.070216E-02  5.000000E-01  1.330599E-01 -3.097331E-02  0.000000E+00  2.192175E-02 -2.680463E-03 -7.754054E-18  1.833960E-01  0.000000E+00
  1.441380E-01 -3.210523E-02  5.000000E-01  1.455952E-01 -3.239055E-02  0.000000E+00  2.214907E-02 -2.285731E-03 -4.286584E-18  1.355158E-01  0.000000E+00
  1.441380E-01 -3.210523E-02  5.000000E-01  1.455952E-01 -3.239055E-02  0.000000E+00  2.214907E-02 -2.285731E-03 -4.286584E-18  1.355158E-01  0.000000E+00
  1.571670E-01 -3.332197E-02  5.000000E-01  1.587558E-01 -3.361958E-02  0.000000E+00  2.210375E-02 -1.839102E-03 -2.497034E-18  9.375040E-02  0.000000E+00
  1.708170E-01 -3.431738E-02  5.000000E-01  1.725437E-01 -3.462504E-02  0.000000E+00  2.179511E-02 -1.370338E-03 -2.240576E-18  6.084268E-02  0.000000E+00
  1.850860E-01 -3.506764E-02  5.000000E-01  1.869568E-01 -3.538288E-02  0.000000E+00  2.132696E-02 -9.325186E-04  2.885219E-19  3.915529E-02  0.000000E+00
  1.999720E-01 -3.558128E-02  5.000000E-01  2.019931E-01 -3.590171E-02  0.000000E+00  2.088006E-02 -5.940626E-04  2.135304E-18  2.943185E-02  0.000000E+00
  2.154670E-01 -3.592388E-02  5.000000E-01  2.176446E-01 -3.624777E-02  0.000000E+00  2.059757E-02 -3.814107E-04  3.092556E-18  2.730397E-02  0.000000E+00
  2.315610E-01 -3.616566E-02  5.000000E-01  2.339011E-01 -3.649199E-02  0.000000E+00  2.046704E-02 -2.326636E-04  5.737803E-18  2.268410E-02  0.000000E+00
  2.482400E-01 -3.629833E-02  5.000000E-01  2.507486E-01 -3.662599E-02  0.000000E+00  2.039393E-02 -8.160048E-05  9.338181E-18  1.008433E-02  0.000000E+00
  2.654840E-01 -3.629998E-02  5.000000E-01  2.681667E-01 -3.662766E-02  0.000000E+00  2.031148E-02  8.665973E-05  1.185462E-17 -7.340958E-03  0.000000E+00
  2.832720E-01 -3.614535E-02  5.000000E-01  2.861343E-01 -3.647147E-02  0.000000E+00  2.018299E-02  2.696991E-04  1.201159E-17 -2.456429E-02  0.000000E+00
  3.015770E-01 -3.581346E-02  5.000000E-01  3.046242E-01 -3.613623E-02  0.000000E+00  1.999367E-02  4.580603E-04  1.027659E-17 -3.819005E-02  0.000000E+00
  3.203660E-01 -3.529143E-02  5.000000E-01  3.236030E-01 -3.560893E-02  0.000000E+00  1.974226E-02  6.413913E-04  8.027508E-18 -4.709384E-02  0.000000E+00
  3.396030E-01 -3.457448E-02  5.000000E-01  3.430342E-01 -3.488474E-02  0.000000E+00  1.943210E-02  8.133988E-04  4.760700E-18 -5.165993E-02  0.000000E+00
  3.592490E-01 -3.366073E-02  5.000000E-01  3.628786E-01 -3.396176E-02  0.000000E+00  1.906527E-02  9.724547E-04  1.785739E-19 -5.269523E-02  0.000000E+00
  3.792580E-01 -3.254870E-02  5.000000E-01  3.830897E-01 -3.283850E-02  0.000000E+00  1.864361E-02  1.117484E-03 -4.163615E-18 -5.057244E-02  0.000000E+00
  3.995810E-01 -3.123983E-02  5.000000E-01  4.036179E-01 -3.151641E-02  0.000000E+00  1.817009E-02  1.246070E-03 -7.486555E-18 -4.516229E-02  0.000000E+00
  4.201670E-01 -2.973971E-02  5.000000E-01  4.244118E-01 -3.000114E-02  0.000000E+00  1.764692E-02  1.356436E-03 -8.918651E-18 -3.633017E-02  0.000000E+00
  4.409600E-01 -2.805590E-02  5.000000E-01  4.454148E-01 -2.830033E-02  0.000000E+00  1.707641E-02  1.447880E-03 -7.491418E-18 -2.415971E-02  0.000000E+00
  4.619030E-01 -2.619762E-02  5.000000E-01  4.665693E-01 -2.642328E-02  0.000000E+00  1.646687E-02  1.518206E-03 -4.797112E-18 -8.715585E-03  0.000000E+00
  4.829360E-01 -2.418251E-02  5.000000E-01  4.878147E-01 -2.438782E-02  0.000000E+00  1.583366E-02  1.564719E-03 -2.038140E-18  9.816726E-03  0.000000E+00
  5.039990E-01 -2.203480E-02  5.000000E-01  5.090904E-01 -2.221842E-02  0.000000E+00  1.519474E-02  1.586717E-03  1.728773E-18  3.085671E-02  0.000000E+00
  5.250310E-01 -1.978463E-02  5.000000E-01  5.303348E-01 -1.994553E-02  0.000000E+00  1.456755E-02  1.585722E-03  4.811913E-18  5.353859E-02  0.000000E+00
  5.459710E-01 -1.746486E-02  5.000000E-01  5.514863E-01 -1.760233E-02  0.000000E+00  1.396720E-02  1.565405E-03  4.187572E-18  7.689510E-02  0.000000E+00
  5.667600E-01 -1.510710E-02  5.000000E-01  5.724853E-01 -1.522076E-02  0.000000E+00  1.340861E-02  1.528856E-03  2.443116E-18  1.002529E-01  0.000000E+00
  4.704230E-01  5.314939E-02  5.000000E-01  4.751754E-01  5.372504E-02  0.000000E+00  2.207912E-02  7.709129E-04 -8.264086E-18 -1.053320E+00  0.000000E+00
  4.494880E-01  5.235753E-02  5.000000E-01  4.540289E-01  5.292519E-02  0.000000E+00  2.188283E-02  8.581029E-04 -9.269872E-18 -1.046645E+00  0.000000E+00
  4.286690E-01  5.151023E-02  5.000000E-01  4.329997E-01  5.206933E-02  0.000000E+00  2.185229E-02  9.121539E-04 -9.995008E-18 -1.045462E+00  0.000000E+00
  4.080230E-01  5.062835E-02  5.000000E-01  4.121452E-01  5.117854E-02  0.000000E+00  2.199548E-02  9.727046E-04 -1.034083E-17 -1.045707E+00  0.000000E+00
  3.876050E-01  4.969681E-02  5.000000E-01  3.915210E-01  5.023760E-02  0.000000E+00  2.225021E-02  1.057749E-03 -9.968624E-18 -1.044747E+00  0.000000E+00
  3.674690E-01  4.870210E-02  5.000000E-01  3.711816E-01  4.923284E-02  0.000000E+00  2.252772E-02  1.164307E-03 -9.272237E-18 -1.041902E+00  0.000000E+00
  3.476650E-01  4.763403E-02  5.000000E-01  3.511776E-01  4.815398E-02  0.000000E+00  2.277198E-02  1.288045E-03 -8.985163E-18 -1.037228E+00  0.000000E+00
  3.282390E-01  4.648478E-02  5.000000E-01  3.315555E-01  4.699313E-02  0.000000E+00  2.296613E-02  1.426148E-03 -9.439966E-18 -1.031081E+00  0.000000E+00
  3.092330E-01  4.524900E-02  5.000000E-01  3.123575E-01  4.574487E-02  0.000000E+00  2.311267E-02  1.573439E-03 -9.446071E-18 -1.024102E+00  0.000000E+00
  2.906860E-01  4.392956E-02  5.000000E-01  2.936232E-01  4.441210E-02  0.000000E+00  2.322132E-02  1.724777E-03 -9.060434E-18 -1.016927E+00  0.000000E+00
  2.726330E-01  4.253197E-02  5.000000E-01  2.753879E-01  4.300040E-02  0.000000E+00  2.330449E-02  1.879283E-03 -9.555729E-18 -1.009823E+00  0.000000E+00
  2.551020E-01  4.106170E-02  5.000000E-01  2.576799E-01  4.151528E-02  0.000000E+00  2.337060E-02  2.038021E-03 -1.029157E-17 -1.002793E+00  0.000000E+00
  2.381210E-01  3.952463E-02  5.000000E-01  2.405274E-01  3.996269E-02  0.000000E+00  2.342560E-02  2.204360E-03 -1.109223E-17 -9.956940E-01  0.000000E+00
  2.217090E-01  3.792299E-02  5.000000E-01  2.239496E-01  3.834487E-02  0.000000E+00  2.346932E-02  2.379499E-03 -1.241646E-17 -9.888342E-01  0.000000E+00
  2.058840E-01  3.625929E-02  5.000000E-01  2.079648E-01  3.666437E-02  0.000000E+00  2.348204E-02  2.542127E-03 -1.447096E-17 -9.844325E-01  0.000000E+00
  1.906600E-01  3.456121E-02  5.000000E-01  1.925871E-01  3.494914E-02  0.000000E+00  2.345615E-02  2.655907E-03 -1.801720E-17 -9.858911E-01  0.000000E+00
  1.760460E-01  3.287929E-02  5.000000E-01  1.778255E-01  3.325024E-02  0.000000E+00  2.345877E-02  2.725549E-03 -2.451579E-17 -9.937310E-01  0.000000E+00
  1.620500E-01  3.123775E-02  5.000000E-01  1.636881E-01  3.159212E-02  0.000000E+00  2.358146E-02  2.793253E-03 -3.564398E-17 -1.005192E+00  0.000000E+00
  1.486750E-01  2.963880E-02  5.000000E-01  1.501781E-01  2.997702E-02  0.000000E+00  2.384516E-02  2.888727E-03 -5.243250E-17 -1.017351E+00  0.000000E+00
  1.359210E-01  2.807427E-02  5.000000E-01  1.372953E-01  2.839669E-02  0.000000E+00  2.419959E-02  3.019894E-03 -7.767957E-17 -1.028457E+00  0.000000E+00
  1.237890E-01  2.653534E-02  5.000000E-01  1.250407E-01  2.684222E-02  0.000000E+00  2.457409E-02  3.184134E-03 -1.180621E-16 -1.037862E+00  0.000000E+00
  1.122730E-01  2.501248E-02  5.000000E-01  1.134084E-01  2.530398E-02  0.000000E+00  2.491711E-02  3.376279E-03 -1.862628E-16 -1.045664E+00  0.000000E+00
  1.013710E-01  2.350002E-02  5.000000E-01  1.023964E-01  2.377625E-02  0.000000E+00  2.520580E-02  3.589836E-03 -3.028802E-16 -1.052470E+00  0.000000E+00
  9.107400E-02  2.199592E-02  5.000000E-01  9.199536E-02  2.225696E-02  0.000000E+00  2.544380E-02  3.824008E-03 -5.052725E-16 -1.058858E+00  0.000000E+00
  9.107400E-02  2.199592E-02  5.000000E-01  9.199536E-02  2.225696E-02  0.000000E+00  2.544380E-02  3.824008E-03 -5.052725E-16 -1.058858E+00  0.000000E+00
  8.137660E-02  2.049793E-02  5.000000E-01  8.220003E-02  2.074384E-02  0.000000E+00  2.563917E-02  4.077162E-03 -8.569726E-16 -1.065573E+00  0.000000E+00
  7.227050E-02  1.900846E-02  5.000000E-01  7.300197E-02  1.923933E-02  0.000000E+00  2.579632E-02  4.343363E-03 -1.467906E-15 -1.073632E+00  0.000000E+00
  6.374670E-02  1.753260E-02  5.000000E-01  6.439209E-02  1.774856E-02  0.000000E+00  2.592606E-02  4.623732E-03 -2.524198E-15 -1.083705E+00  0.000000E+00
  5.579720E-02  1.607365E-02  5.000000E-01  5.636231E-02  1.627488E-02  0.000000E+00  2.602901E-02  4.914427E-03 -4.322959E-15 -1.096700E+00  0.000000E+00
  4.841260E-02  1.464015E-02  5.000000E-01  4.890313E-02  1.482690E-02  0.000000E+00  2.610332E-02  5.210180E-03 -7.310740E-15 -1.113607E+00  0.000000E+00
  4.158390E-02  1.323989E-02  5.000000E-01  4.200547E-02  1.341251E-02  0.000000E+00  2.615413E-02  5.517436E-03 -1.206327E-14 -1.134819E+00  0.000000E+00
  3.530370E-02  1.187775E-02  5.000000E-01  3.566185E-02  1.203661E-02  0.000000E+00  2.616247E-02  5.830868E-03 -1.914583E-14 -1.161175E+00  0.000000E+00
  2.956270E-02  1.056323E-02  5.000000E-01  2.986287E-02  1.070881E-02  0.000000E+00  2.610110E-02  6.145643E-03 -2.878176E-14 -1.193339E+00  0.000000E+00
  2.435310E-02  9.302878E-03  5.000000E-01  2.460066E-02  9.435731E-03  0.000000E+00  2.592997E-02  6.473609E-03 -4.020279E-14 -1.230725E+00  0.000000E+00
  1.967110E-02  8.097166E-03  5.000000E-01  1.987137E-02  8.217843E-03  0.000000E+00  2.551447E-02  6.785342E-03 -5.084547E-14 -1.273641E+00  0.000000E+00
  1.550860E-02  6.953263E-03  5.000000E-01  1.566684E-02  7.062387E-03  0.000000E+00  2.467671E-02  7.032371E-03 -5.635042E-14 -1.322393E+00  0.000000E+00
  1.185930E-02  5.874823E-03  5.000000E-01  1.198068E-02  5.973056E-03  0.000000E+00  2.331916E-02  7.207436E-03 -5.233664E-14 -1.375132E+00  0.000000E+00
  8.724160E-03  4.858024E-03  5.000000E-01  8.813883E-03  4.945990E-03  0.000000E+00  2.156825E-02  7.338306E-03 -3.787171E-14 -1.431397E+00  0.000000E+00
  6.091130E-03  3.911055E-03  5.000000E-01  6.154263E-03  3.989457E-03  0.000000E+00  2.031323E-02  7.814602E-03 -1.864718E-14 -1.486587E+00  0.000000E+00
  3.952840E-03  3.036627E-03  5.000000E-01  3.994378E-03  3.106198E-03  0.000000E+00  2.112726E-02  9.727937E-03 -2.042059E-15 -1.523772E+00  0.000000E+00
  2.330070E-03  2.221940E-03  5.000000E-01  2.355220E-03  2.283284E-03  0.000000E+00  2.423463E-02  1.419012E-02  1.309258E-14 -1.531470E+00  0.000000E+00
  1.198080E-03  1.485098E-03  5.000000E-01  1.211798E-03  1.539001E-03  0.000000E+00  2.760000E-02  2.138695E-02  2.186027E-14 -1.519646E+00  0.000000E+00
  5.019560E-04  8.591598E-04  5.000000E-01  5.086442E-04  9.067412E-04  0.000000E+00  3.041749E-02  3.350711E-02 -9.255328E-15 -1.531186E+00  0.000000E+00
  1.313430E-04  3.760472E-04  5.000000E-01  1.342884E-04  4.187496E-04  0.000000E+00  3.507609E-02  7.038624E-02 -6.726538E-14 -1.566392E+00  0.000000E+00
  8.078190E-06  6.791296E-05  5.000000E-01  9.778777E-06  1.075036E-04  0.000000E+00  3.055507E-02  1.733171E-01  2.811892E-14 -1.484875E+00  0.000000E+00
 -1.602820E-06 -3.851585E-05  5.000000E-01  0.000000E+00  0.000000E+00  0.000000E+00 -4.940668E-03  2.521570E-01  2.938102E-14 -1.190928E+00  0.000000E+00
  9.141860E-06 -1.485695E-04  5.000000E-01  1.085319E-05 -1.111651E-04  0.000000E+00 -4.976118E-02  1.967983E-01 -1.041474E-13 -4.688879E-01  0.000000E+00
  1.696960E-04 -4.811938E-04  5.000000E-01  1.730287E-04 -4.471485E-04  0.000000E+00 -6.436748E-02  9.282811E-02 -9.289143E-14  5.407332E-01  0.000000E+00
    1    2
    2    3
    3    4
    4    5
    5    6
    6    7
    7    8
    8    9
    9   10
   10   11
   11   12
   12   13
   13   14
   14   15
   15   16
   16   17
   17   18
   18   19
   19   20
   20   21
   21   22
   22   23
   23   24
   25   26
   26   27
   27   28
   28   29
   29   30
   30   31
   31   32
   32   33
   33   34
   34   35
   35   36
   36   37
   37   38
   38   39
   39   40
   40   41
   41   42
   42   43
   43   44
   44   45
   45   46
   46   47
   47   48
   49   50
   50   51
   51   52
   52   53
   53   54
   54   55
   55   56
   56   57
   57   58
   58   59
   59   60
   60   61
   61   62
   62   63
   63   64
   64   65
   65   66
   66   67
   67   68
   68   69
   69   70
   70   71
   71   72
   73   74
   74   75
   75   76
   76   77
   77   78
   78   79
   79   80
   80   81
   81   82
   82   83
   83   84
   84   85
   85   86
   86   87
   87   88
   88   89
   89   90
   90   91
   91   92
   92   93
   93   94
   94   95
   95   96
   97   98
   98   99
   99  100
  100  101
  101  102
  102  103
  103  104
  104  105
  105  106
  106  107
  107  108
  108  109
  109  110
  110  111
  111  112
  112  113
  113  114
  114  115
  115  116
  116  117
  117  118
  118  119
  119  120
  121  122
  122  123
  123  124
  124  125
  125  126
  126  127
  127  128
  128  129
  129  130
  130  131
  131  132
  132  133
  133  134
  134  135
  135  136
  136  137
  137  138
  138  139
  139  140
  140  141
  141  142
  142  143
  143  144
  145  146
  146  147
  147  148
  148  149
  149  150
  150  151
  151  152
  152  153
  153  154
  154  155
  155  156
  156  157
  157  158
  158  159
  159  160
  160  161
  161  162
  162  163
  163  164
  164  165
  165  166
  166  167
  167  168
  169  170
  170  171
  171  172
  172  173
  173  174
  174  175
  175  176
  176  177
  177  178
  178  179
  179  180
  180  181
  181  182
  182  183
  183  184
  184  185
  185  186
  186  187
  187  188
  188  189
  189  190
  190  191
  191  192
