 Title = "ADflow Slice Data"
Variables =  "CoordinateX"  "CoordinateY"  "CoordinateZ"  "XoC"  "YoC"  "ZoC" "VelocityX" "VelocityY" "VelocityZ" "CoefPressure" "Mach" 
Zone T= "Slice_0001 None Absolute Regular z = 0.50000000"
 Nodes =          192  Elements=          184  ZONETYPE=FELINESEG
 DATAPACKING=POINT
  5.667600E-01 -1.510711E-02  5.000000E-01  5.724853E-01 -1.522077E-02  0.000000E+00  1.340861E-02  1.528857E-03  4.747130E-19  1.002522E-01  0.000000E+00
  5.873410E-01 -1.274746E-02  5.000000E-01  5.932741E-01 -1.283729E-02  0.000000E+00  1.290513E-02  1.478342E-03  6.102829E-19  1.231459E-01  0.000000E+00
  6.076580E-01 -1.042223E-02  5.000000E-01  6.137963E-01 -1.048858E-02  0.000000E+00  1.246308E-02  1.417117E-03  1.712145E-19  1.449838E-01  0.000000E+00
  6.276600E-01 -8.163532E-03  5.000000E-01  6.340003E-01 -8.207070E-03  0.000000E+00  1.207993E-02  1.349303E-03  1.099531E-18  1.652023E-01  0.000000E+00
  6.472970E-01 -5.995491E-03  5.000000E-01  6.538356E-01 -6.017134E-03  0.000000E+00  1.174608E-02  1.279791E-03  2.462139E-19  1.834550E-01  0.000000E+00
  6.665260E-01 -3.929656E-03  5.000000E-01  6.732588E-01 -3.930436E-03  0.000000E+00  1.145129E-02  1.211053E-03 -4.137051E-19  1.999565E-01  0.000000E+00
  6.853050E-01 -1.975572E-03  5.000000E-01  6.922274E-01 -1.956619E-03  0.000000E+00  1.118970E-02  1.140475E-03 -9.579746E-19  2.155033E-01  0.000000E+00
  7.035980E-01 -1.505181E-04  5.000000E-01  7.107052E-01 -1.131333E-04  0.000000E+00  1.095153E-02  1.065406E-03 -1.066004E-18  2.304298E-01  0.000000E+00
  7.213750E-01  1.533489E-03  5.000000E-01  7.286617E-01  1.587881E-03  0.000000E+00  1.071429E-02  9.862752E-04 -1.153573E-18  2.443900E-01  0.000000E+00
  7.386080E-01  3.072108E-03  5.000000E-01  7.460687E-01  3.142038E-03  0.000000E+00  1.044913E-02  9.052256E-04 -1.634219E-18  2.573011E-01  0.000000E+00
  7.552750E-01  4.470387E-03  5.000000E-01  7.629040E-01  4.554438E-03  0.000000E+00  1.013800E-02  8.265126E-04 -3.500980E-19  2.695912E-01  0.000000E+00
  7.713580E-01  5.741122E-03  5.000000E-01  7.791495E-01  5.838006E-03  0.000000E+00  9.793705E-03  7.519525E-04  3.141387E-19  2.818182E-01  0.000000E+00
  7.868410E-01  6.895259E-03  5.000000E-01  7.947888E-01  7.003799E-03  0.000000E+00  9.483202E-03  6.642303E-04  3.062899E-20  2.957051E-01  0.000000E+00
  8.017160E-01  7.872815E-03  5.000000E-01  8.098140E-01  7.991226E-03  0.000000E+00  9.307608E-03  5.404663E-04 -1.005657E-18  3.115893E-01  0.000000E+00
  8.159740E-01  8.590414E-03  5.000000E-01  8.242160E-01  8.716073E-03  0.000000E+00  9.330544E-03  3.861081E-04 -2.207476E-18  3.245045E-01  0.000000E+00
  8.296120E-01  9.030410E-03  5.000000E-01  8.379918E-01  9.160512E-03  0.000000E+00  9.555760E-03  2.188056E-04 -1.560507E-18  3.295853E-01  0.000000E+00
  8.426300E-01  9.209056E-03  5.000000E-01  8.511412E-01  9.340962E-03  0.000000E+00  9.959818E-03  4.536773E-05 -7.728771E-19  3.267765E-01  0.000000E+00
  8.550290E-01  9.157715E-03  5.000000E-01  8.636654E-01  9.289103E-03  0.000000E+00  1.051443E-02 -1.332133E-04 -2.365928E-19  3.180641E-01  0.000000E+00
  8.668160E-01  8.914111E-03  5.000000E-01  8.755715E-01  9.043038E-03  0.000000E+00  1.119063E-02 -3.157963E-04  1.115630E-19  3.047968E-01  0.000000E+00
  8.779950E-01  8.519500E-03  5.000000E-01  8.868634E-01  8.644443E-03  0.000000E+00  1.195857E-02 -4.998256E-04  1.483707E-19  2.875344E-01  0.000000E+00
  8.885730E-01  8.013154E-03  5.000000E-01  8.975482E-01  8.132982E-03  0.000000E+00  1.278898E-02 -6.827243E-04  9.453910E-19  2.668646E-01  0.000000E+00
  8.985610E-01  7.428438E-03  5.000000E-01  9.076371E-01  7.542362E-03  0.000000E+00  1.364925E-02 -8.577436E-04  1.133558E-18  2.433092E-01  0.000000E+00
  9.079670E-01  6.799126E-03  5.000000E-01  9.171381E-01  6.906694E-03  0.000000E+00  1.450011E-02 -1.012515E-03  1.947873E-18  2.173311E-01  0.000000E+00
  9.168010E-01  6.157722E-03  5.000000E-01  9.260613E-01  6.258813E-03  0.000000E+00  1.530393E-02 -1.137893E-03  2.091826E-18  1.899884E-01  0.000000E+00
  9.168010E-01  6.157722E-03  5.000000E-01  9.260613E-01  6.258813E-03  0.000000E+00  1.530393E-02 -1.137893E-03  2.091826E-18  1.899884E-01  0.000000E+00
  9.250730E-01  5.529031E-03  5.000000E-01  9.344168E-01  5.623773E-03  0.000000E+00  1.603753E-02 -1.235111E-03  6.589824E-19  1.628061E-01  0.000000E+00
  9.327940E-01  4.927292E-03  5.000000E-01  9.422158E-01  5.015957E-03  0.000000E+00  1.670038E-02 -1.315871E-03  9.595326E-20  1.370974E-01  0.000000E+00
  9.399760E-01  4.355780E-03  5.000000E-01  9.494703E-01  4.438673E-03  0.000000E+00  1.730872E-02 -1.391709E-03  5.847331E-19  1.131304E-01  0.000000E+00
  9.466320E-01  3.815199E-03  5.000000E-01  9.561935E-01  3.892633E-03  0.000000E+00  1.788271E-02 -1.467159E-03  1.213719E-19  9.016721E-02  0.000000E+00
  9.527730E-01  3.306371E-03  5.000000E-01  9.623965E-01  3.378666E-03  0.000000E+00  1.844703E-02 -1.548713E-03 -1.411085E-18  6.766803E-02  0.000000E+00
  9.584110E-01  2.827154E-03  5.000000E-01  9.680915E-01  2.894610E-03  0.000000E+00  1.903440E-02 -1.647020E-03 -4.937371E-19  4.540071E-02  0.000000E+00
  9.635570E-01  2.374318E-03  5.000000E-01  9.732895E-01  2.437201E-03  0.000000E+00  1.967871E-02 -1.767961E-03  5.882901E-18  2.264786E-02  0.000000E+00
  9.682220E-01  1.946793E-03  5.000000E-01  9.780016E-01  2.005358E-03  0.000000E+00  2.041211E-02 -1.912170E-03  2.036450E-17 -1.678830E-03  0.000000E+00
  9.724140E-01  1.545859E-03  5.000000E-01  9.822359E-01  1.600375E-03  0.000000E+00  2.128260E-02 -2.087655E-03  2.216593E-17 -2.820986E-02  0.000000E+00
  9.761430E-01  1.171440E-03  5.000000E-01  9.860026E-01  1.222175E-03  0.000000E+00  2.237232E-02 -2.311577E-03 -4.714838E-17 -5.739757E-02  0.000000E+00
  9.794160E-01  8.242704E-04  5.000000E-01  9.893086E-01  8.714995E-04  0.000000E+00  2.378328E-02 -2.597358E-03 -2.183847E-16 -9.032337E-02  0.000000E+00
  9.822400E-01  5.074293E-04  5.000000E-01  9.921611E-01  5.514587E-04  0.000000E+00  2.556638E-02 -2.947193E-03 -2.990251E-16 -1.284408E-01  0.000000E+00
  9.846200E-01  2.260650E-04  5.000000E-01  9.945652E-01  2.672530E-04  0.000000E+00  2.759063E-02 -3.347864E-03  3.130655E-16 -1.720990E-01  0.000000E+00
  9.865620E-01 -1.453606E-05  5.000000E-01  9.965268E-01  2.422208E-05  0.000000E+00  2.940963E-02 -3.711585E-03  2.187032E-15 -2.194075E-01  0.000000E+00
  9.880680E-01 -2.086060E-04  5.000000E-01  9.980480E-01 -1.718077E-04  0.000000E+00  2.987563E-02 -3.826704E-03  3.858072E-15 -2.766163E-01  0.000000E+00
  9.891420E-01 -3.514239E-04  5.000000E-01  9.991328E-01 -3.160680E-04  0.000000E+00  2.812845E-02 -3.911143E-03 -1.378098E-15 -3.435009E-01  0.000000E+00
  9.897860E-01 -4.389487E-04  5.000000E-01  9.997833E-01 -4.044766E-04  0.000000E+00  3.788620E-02 -4.013278E-03 -2.234156E-14 -2.893962E-01  0.000000E+00
  9.900000E-01 -4.683023E-04  5.000000E-01  9.999995E-01 -4.341266E-04  0.000000E+00  2.618847E-02  5.267600E-03 -1.997655E-14 -5.820203E-01  0.000000E+00
  9.900000E-01 -1.843754E-04  5.000000E-01  9.999995E-01 -1.473324E-04  0.000000E+00  1.229777E-03 -7.885261E-03  1.569101E-17 -8.088133E-01  0.000000E+00
  9.900000E-01  9.955150E-05  5.000000E-01  9.999995E-01  1.394618E-04  0.000000E+00 -4.468932E-04 -2.274867E-02  3.311262E-15 -6.283633E-01  0.000000E+00
  9.900000E-01  3.834784E-04  5.000000E-01  9.999995E-01  4.262560E-04  0.000000E+00 -1.436005E-04 -8.862960E-03  4.422958E-15 -6.283192E-01  0.000000E+00
  9.900000E-01  6.674053E-04  5.000000E-01  9.999995E-01  7.130502E-04  0.000000E+00  4.646615E-04 -5.229920E-03  4.040660E-15 -6.881999E-01  0.000000E+00
  9.900000E-01  9.513321E-04  5.000000E-01  9.999995E-01  9.998444E-04  0.000000E+00  6.797387E-03 -6.632444E-03  3.372218E-15 -6.299487E-01  0.000000E+00
  9.900000E-01  9.513321E-04  5.000000E-01  9.999995E-01  9.998444E-04  0.000000E+00  6.797387E-03 -6.632444E-03  3.372218E-15 -6.299487E-01  0.000000E+00
  9.897890E-01  1.017904E-03  5.000000E-01  9.997864E-01  1.067088E-03  0.000000E+00  9.015841E-03 -3.469610E-03  2.728605E-15 -5.523882E-01  0.000000E+00
  9.891540E-01  1.218674E-03  5.000000E-01  9.991450E-01  1.269886E-03  0.000000E+00  4.567829E-03 -1.351295E-03  1.821364E-15 -5.709906E-01  0.000000E+00
  9.880950E-01  1.555408E-03  5.000000E-01  9.980753E-01  1.610021E-03  0.000000E+00  3.024834E-03 -9.609377E-04  1.041070E-15 -5.705506E-01  0.000000E+00
  9.866100E-01  2.031333E-03  5.000000E-01  9.965753E-01  2.090752E-03  0.000000E+00  1.983787E-03 -6.497891E-04  5.212526E-16 -5.626508E-01  0.000000E+00
  9.846960E-01  2.650662E-03  5.000000E-01  9.946419E-01  2.716336E-03  0.000000E+00  9.959229E-04 -3.234677E-04  2.271897E-16 -5.590129E-01  0.000000E+00
  9.823490E-01  3.418251E-03  5.000000E-01  9.922712E-01  3.491677E-03  0.000000E+00  1.849874E-04 -5.918615E-05  7.694841E-17 -5.580335E-01  0.000000E+00
  9.795670E-01  4.338749E-03  5.000000E-01  9.894611E-01  4.421470E-03  0.000000E+00 -4.278382E-04  1.427345E-04  7.788429E-18 -5.582754E-01  0.000000E+00
  9.763420E-01  5.417935E-03  5.000000E-01  9.862036E-01  5.511554E-03  0.000000E+00 -8.716169E-04  2.932931E-04 -1.609478E-17 -5.597201E-01  0.000000E+00
  9.726710E-01  6.659543E-03  5.000000E-01  9.824955E-01  6.765702E-03  0.000000E+00 -1.170656E-03  3.977137E-04 -1.740680E-17 -5.622539E-01  0.000000E+00
  9.685460E-01  8.066753E-03  5.000000E-01  9.783288E-01  8.187123E-03  0.000000E+00 -1.342238E-03  4.594794E-04 -1.052100E-17 -5.654573E-01  0.000000E+00
  9.639600E-01  9.641707E-03  5.000000E-01  9.736965E-01  9.777982E-03  0.000000E+00 -1.402997E-03  4.831554E-04 -3.444133E-18 -5.688223E-01  0.000000E+00
  9.589060E-01  1.138655E-02  5.000000E-01  9.685915E-01  1.154045E-02  0.000000E+00 -1.373345E-03  4.750118E-04 -7.659133E-19 -5.718731E-01  0.000000E+00
  9.533750E-01  1.330247E-02  5.000000E-01  9.630046E-01  1.347572E-02  0.000000E+00 -1.279147E-03  4.433754E-04 -9.589357E-19 -5.742461E-01  0.000000E+00
  9.473580E-01  1.538821E-02  5.000000E-01  9.569269E-01  1.558252E-02  0.000000E+00 -1.150231E-03  3.983963E-04 -1.142864E-18 -5.757560E-01  0.000000E+00
  9.408450E-01  1.764045E-02  5.000000E-01  9.503481E-01  1.785750E-02  0.000000E+00 -1.016812E-03  3.507729E-04 -5.801522E-19 -5.764325E-01  0.000000E+00
  9.338260E-01  2.005389E-02  5.000000E-01  9.432582E-01  2.029532E-02  0.000000E+00 -9.055890E-04  3.100013E-04  4.375313E-19 -5.765038E-01  0.000000E+00
  9.262910E-01  2.262009E-02  5.000000E-01  9.356471E-01  2.288743E-02  0.000000E+00 -8.371466E-04  2.831122E-04  1.266045E-18 -5.763226E-01  0.000000E+00
  9.182290E-01  2.532622E-02  5.000000E-01  9.275037E-01  2.562089E-02  0.000000E+00 -8.253991E-04  2.741907E-04  1.761893E-18 -5.762597E-01  0.000000E+00
  9.096280E-01  2.815458E-02  5.000000E-01  9.188158E-01  2.847781E-02  0.000000E+00 -8.780394E-04  2.844802E-04  4.148540E-19 -5.766753E-01  0.000000E+00
  9.004770E-01  3.108168E-02  5.000000E-01  9.095724E-01  3.143448E-02  0.000000E+00 -9.969002E-04  3.126034E-04 -4.948693E-19 -5.778846E-01  0.000000E+00
  8.907650E-01  3.407659E-02  5.000000E-01  8.997623E-01  3.445963E-02  0.000000E+00 -1.179191E-03  3.542390E-04  4.407909E-19 -5.799729E-01  0.000000E+00
  8.804800E-01  3.709791E-02  5.000000E-01  8.893735E-01  3.751146E-02  0.000000E+00 -1.418062E-03  4.017171E-04  2.387888E-19 -5.828404E-01  0.000000E+00
  8.696090E-01  4.008988E-02  5.000000E-01  8.783927E-01  4.053365E-02  0.000000E+00 -1.699206E-03  4.455920E-04 -5.229288E-19 -5.864223E-01  0.000000E+00
  8.696090E-01  4.008988E-02  5.000000E-01  8.783927E-01  4.053365E-02  0.000000E+00 -1.699206E-03  4.455920E-04 -5.229288E-19 -5.864223E-01  0.000000E+00
  8.581400E-01  4.298043E-02  5.000000E-01  8.668079E-01  4.345338E-02  0.000000E+00 -2.002570E-03  4.769339E-04 -5.323661E-19 -5.897286E-01  0.000000E+00
  8.460600E-01  4.568536E-02  5.000000E-01  8.546059E-01  4.618564E-02  0.000000E+00 -2.310378E-03  4.855840E-04 -3.031702E-19 -5.905581E-01  0.000000E+00
  8.333640E-01  4.812483E-02  5.000000E-01  8.417817E-01  4.864974E-02  0.000000E+00 -2.567553E-03  4.509551E-04 -2.267988E-19 -5.921108E-01  0.000000E+00
  8.200460E-01  5.022323E-02  5.000000E-01  8.283292E-01  5.076934E-02  0.000000E+00 -2.540667E-03  3.448606E-04 -7.535792E-19 -6.136521E-01  0.000000E+00
  8.061050E-01  5.191314E-02  5.000000E-01  8.142474E-01  5.247631E-02  0.000000E+00 -1.647922E-03  1.621000E-04 -3.368286E-20 -6.844225E-01  0.000000E+00
  7.915460E-01  5.316881E-02  5.000000E-01  7.995413E-01  5.374466E-02  0.000000E+00  9.932679E-04 -5.254947E-05  1.578129E-18 -8.104295E-01  0.000000E+00
  7.763770E-01  5.402944E-02  5.000000E-01  7.842191E-01  5.461398E-02  0.000000E+00  5.992495E-03 -2.164858E-04  1.437776E-18 -9.517405E-01  0.000000E+00
  7.606070E-01  5.456434E-02  5.000000E-01  7.682899E-01  5.515428E-02  0.000000E+00  1.261044E-02 -2.326244E-04 -9.827957E-19 -1.050199E+00  0.000000E+00
  7.442510E-01  5.478085E-02  5.000000E-01  7.517687E-01  5.537298E-02  0.000000E+00  1.845426E-02 -4.484899E-05 -5.770973E-18 -1.081593E+00  0.000000E+00
  7.273250E-01  5.469690E-02  5.000000E-01  7.346718E-01  5.528818E-02  0.000000E+00  2.145560E-02  2.562218E-04 -1.093605E-17 -1.067288E+00  0.000000E+00
  7.098490E-01  5.436501E-02  5.000000E-01  7.170193E-01  5.495294E-02  0.000000E+00  2.167694E-02  4.873444E-04 -1.348506E-17 -1.042318E+00  0.000000E+00
  6.918480E-01  5.388136E-02  5.000000E-01  6.988365E-01  5.446441E-02  0.000000E+00  2.053585E-02  5.373299E-04 -1.360892E-17 -1.031259E+00  0.000000E+00
  6.733520E-01  5.339620E-02  5.000000E-01  6.801537E-01  5.397435E-02  0.000000E+00  1.933026E-02  3.958022E-04 -1.189466E-17 -1.044825E+00  0.000000E+00
  6.543930E-01  5.310920E-02  5.000000E-01  6.610032E-01  5.368445E-02  0.000000E+00  1.875503E-02  1.282425E-04 -8.328476E-18 -1.079534E+00  0.000000E+00
  6.350090E-01  5.313999E-02  5.000000E-01  6.414235E-01  5.371555E-02  0.000000E+00  1.903624E-02 -1.482888E-04 -5.277089E-18 -1.120010E+00  0.000000E+00
  6.152440E-01  5.342105E-02  5.000000E-01  6.214589E-01  5.399945E-02  0.000000E+00  1.996682E-02 -3.502058E-04 -4.509959E-18 -1.151723E+00  0.000000E+00
  5.951420E-01  5.384204E-02  5.000000E-01  6.011539E-01  5.442469E-02  0.000000E+00  2.109177E-02 -4.408546E-04 -4.863338E-18 -1.167706E+00  0.000000E+00
  5.747530E-01  5.427219E-02  5.000000E-01  5.805590E-01  5.485919E-02  0.000000E+00  2.204304E-02 -3.846114E-04 -5.296477E-18 -1.165499E+00  0.000000E+00
  5.541290E-01  5.456641E-02  5.000000E-01  5.597267E-01  5.515637E-02  0.000000E+00  2.265151E-02 -1.699461E-04 -5.892747E-18 -1.146543E+00  0.000000E+00
  5.333260E-01  5.458673E-02  5.000000E-01  5.387136E-01  5.517690E-02  0.000000E+00  2.285583E-02  1.305077E-04 -6.030448E-18 -1.118267E+00  0.000000E+00
  5.124010E-01  5.432268E-02  5.000000E-01  5.175773E-01  5.491019E-02  0.000000E+00  2.270654E-02  4.098487E-04 -6.197539E-18 -1.090247E+00  0.000000E+00
  4.914140E-01  5.382479E-02  5.000000E-01  4.963783E-01  5.440727E-02  0.000000E+00  2.238783E-02  6.239173E-04 -6.258748E-18 -1.067912E+00  0.000000E+00
  4.704230E-01  5.314937E-02  5.000000E-01  4.751754E-01  5.372502E-02  0.000000E+00  2.207912E-02  7.709122E-04 -5.947988E-18 -1.053320E+00  0.000000E+00
  1.696960E-04 -4.811940E-04  5.000000E-01  1.730287E-04 -4.471485E-04  0.000000E+00 -6.436749E-02  9.282813E-02 -6.674635E-14  5.407327E-01  0.000000E+00
  8.054360E-04 -9.784903E-04  5.000000E-01  8.151890E-04 -9.494670E-04  0.000000E+00 -4.693661E-02  3.287196E-02 -5.184877E-14  1.106718E+00  0.000000E+00
  1.973980E-03 -1.585613E-03  5.000000E-01  1.995534E-03 -1.562721E-03  0.000000E+00 -2.105697E-02  1.048592E-02 -2.857169E-14  1.176594E+00  0.000000E+00
  3.614630E-03 -2.300543E-03  5.000000E-01  3.652753E-03 -2.284871E-03  0.000000E+00 -4.061324E-03  1.776092E-03 -9.839560E-15  1.152961E+00  0.000000E+00
  5.721210E-03 -3.131713E-03  5.000000E-01  5.780607E-03 -3.124435E-03  0.000000E+00  5.014900E-03 -1.862711E-03 -1.181468E-16  1.122648E+00  0.000000E+00
  8.297500E-03 -4.076650E-03  5.000000E-01  8.382914E-03 -4.078915E-03  0.000000E+00  9.325117E-03 -3.268184E-03  2.454134E-15  1.078335E+00  0.000000E+00
  1.136560E-02 -5.115757E-03  5.000000E-01  1.148200E-02 -5.128515E-03  0.000000E+00  1.109414E-02 -3.620111E-03  1.824951E-15  1.023920E+00  0.000000E+00
  1.493280E-02 -6.237786E-03  5.000000E-01  1.508522E-02 -6.261876E-03  0.000000E+00  1.169027E-02 -3.586082E-03  7.037132E-16  9.694136E-01  0.000000E+00
  1.899460E-02 -7.451050E-03  5.000000E-01  1.918804E-02 -7.487392E-03  0.000000E+00  1.194715E-02 -3.516424E-03  5.931038E-17  9.187187E-01  0.000000E+00
  2.354800E-02 -8.771597E-03  5.000000E-01  2.378743E-02 -8.821275E-03  0.000000E+00  1.228198E-02 -3.508695E-03 -1.201276E-16  8.688305E-01  0.000000E+00
  2.860130E-02 -1.019494E-02  5.000000E-01  2.889176E-02 -1.025899E-02  0.000000E+00  1.281355E-02 -3.547946E-03 -9.306874E-17  8.171039E-01  0.000000E+00
  3.416500E-02 -1.170997E-02  5.000000E-01  3.451165E-02 -1.178933E-02  0.000000E+00  1.352348E-02 -3.615640E-03 -3.483103E-17  7.647627E-01  0.000000E+00
  4.024810E-02 -1.330751E-02  5.000000E-01  4.065618E-02 -1.340300E-02  0.000000E+00  1.435317E-02 -3.692560E-03 -2.014562E-18  7.127173E-01  0.000000E+00
  4.686030E-02 -1.497525E-02  5.000000E-01  4.733516E-02 -1.508758E-02  0.000000E+00  1.523821E-02 -3.758850E-03  6.035634E-18  6.607518E-01  0.000000E+00
  5.401090E-02 -1.670148E-02  5.000000E-01  5.455797E-02 -1.683124E-02  0.000000E+00  1.613187E-02 -3.806092E-03  4.249708E-18  6.089350E-01  0.000000E+00
  6.170850E-02 -1.847755E-02  5.000000E-01  6.233331E-02 -1.862525E-02  0.000000E+00  1.700852E-02 -3.825944E-03  1.044172E-18  5.568945E-01  0.000000E+00
  6.996310E-02 -2.028913E-02  5.000000E-01  7.067127E-02 -2.045512E-02  0.000000E+00  1.785439E-02 -3.805882E-03 -1.944902E-19  5.039264E-01  0.000000E+00
  7.878500E-02 -2.211655E-02  5.000000E-01  7.958226E-02 -2.230100E-02  0.000000E+00  1.866636E-02 -3.742275E-03  4.148778E-19  4.502279E-01  0.000000E+00
  8.818390E-02 -2.394064E-02  5.000000E-01  8.907608E-02 -2.414351E-02  0.000000E+00  1.944585E-02 -3.635201E-03 -3.238969E-19  3.962334E-01  0.000000E+00
  9.816930E-02 -2.573883E-02  5.000000E-01  9.916232E-02 -2.595986E-02  0.000000E+00  2.018742E-02 -3.479988E-03 -1.124419E-18  3.420031E-01  0.000000E+00
  1.087500E-01 -2.748419E-02  5.000000E-01  1.098499E-01 -2.772284E-02  0.000000E+00  2.087486E-02 -3.273131E-03  6.872322E-20  2.879592E-01  0.000000E+00
  1.199340E-01 -2.914935E-02  5.000000E-01  1.211468E-01 -2.940482E-02  0.000000E+00  2.147324E-02 -3.009583E-03  1.103606E-18  2.348068E-01  0.000000E+00
  1.317280E-01 -3.070218E-02  5.000000E-01  1.330599E-01 -3.097334E-02  0.000000E+00  2.192179E-02 -2.680471E-03  1.888099E-19  1.833961E-01  0.000000E+00
  1.441380E-01 -3.210525E-02  5.000000E-01  1.455952E-01 -3.239057E-02  0.000000E+00  2.214910E-02 -2.285737E-03 -3.655971E-19  1.355158E-01  0.000000E+00
  1.441380E-01 -3.210525E-02  5.000000E-01  1.455952E-01 -3.239057E-02  0.000000E+00  2.214910E-02 -2.285737E-03 -3.655971E-19  1.355158E-01  0.000000E+00
  1.571670E-01 -3.332199E-02  5.000000E-01  1.587558E-01 -3.361960E-02  0.000000E+00  2.210376E-02 -1.839104E-03  8.074164E-19  9.375022E-02  0.000000E+00
  1.708170E-01 -3.431740E-02  5.000000E-01  1.725437E-01 -3.462506E-02  0.000000E+00  2.179511E-02 -1.370339E-03  1.479995E-18  6.084236E-02  0.000000E+00
  1.850860E-01 -3.506766E-02  5.000000E-01  1.869568E-01 -3.538290E-02  0.000000E+00  2.132695E-02 -9.325175E-04  1.332148E-18  3.915489E-02  0.000000E+00
  1.999720E-01 -3.558131E-02  5.000000E-01  2.019931E-01 -3.590173E-02  0.000000E+00  2.088005E-02 -5.940604E-04  9.272272E-19  2.943144E-02  0.000000E+00
  2.154670E-01 -3.592391E-02  5.000000E-01  2.176446E-01 -3.624779E-02  0.000000E+00  2.059757E-02 -3.814074E-04  1.031866E-18  2.730366E-02  0.000000E+00
  2.315610E-01 -3.616568E-02  5.000000E-01  2.339011E-01 -3.649201E-02  0.000000E+00  2.046705E-02 -2.326594E-04  1.896475E-18  2.268396E-02  0.000000E+00
  2.482400E-01 -3.629834E-02  5.000000E-01  2.507486E-01 -3.662601E-02  0.000000E+00  2.039394E-02 -8.159566E-05  1.311650E-18  1.008443E-02  0.000000E+00
  2.654840E-01 -3.629999E-02  5.000000E-01  2.681667E-01 -3.662767E-02  0.000000E+00  2.031149E-02  8.666476E-05  1.381403E-18 -7.340610E-03  0.000000E+00
  2.832720E-01 -3.614536E-02  5.000000E-01  2.861343E-01 -3.647148E-02  0.000000E+00  2.018299E-02  2.697036E-04  2.500009E-18 -2.456373E-02  0.000000E+00
  3.015770E-01 -3.581346E-02  5.000000E-01  3.046242E-01 -3.613623E-02  0.000000E+00  1.999365E-02  4.580632E-04  1.729166E-18 -3.818936E-02  0.000000E+00
  3.203660E-01 -3.529143E-02  5.000000E-01  3.236030E-01 -3.560893E-02  0.000000E+00  1.974223E-02  6.413916E-04  1.360582E-19 -4.709311E-02  0.000000E+00
  3.396030E-01 -3.457448E-02  5.000000E-01  3.430342E-01 -3.488474E-02  0.000000E+00  1.943206E-02  8.133963E-04  3.344026E-19 -5.165926E-02  0.000000E+00
  3.592490E-01 -3.366073E-02  5.000000E-01  3.628786E-01 -3.396176E-02  0.000000E+00  1.906524E-02  9.724504E-04  1.107057E-18 -5.269464E-02  0.000000E+00
  3.792580E-01 -3.254871E-02  5.000000E-01  3.830897E-01 -3.283851E-02  0.000000E+00  1.864359E-02  1.117479E-03  7.339235E-19 -5.057182E-02  0.000000E+00
  3.995810E-01 -3.123984E-02  5.000000E-01  4.036179E-01 -3.151642E-02  0.000000E+00  1.817008E-02  1.246067E-03  2.718806E-20 -4.516149E-02  0.000000E+00
  4.201670E-01 -2.973972E-02  5.000000E-01  4.244118E-01 -3.000115E-02  0.000000E+00  1.764693E-02  1.356434E-03 -8.804634E-19 -3.632917E-02  0.000000E+00
  4.409600E-01 -2.805592E-02  5.000000E-01  4.454148E-01 -2.830034E-02  0.000000E+00  1.707642E-02  1.447879E-03 -1.593742E-19 -2.415874E-02  0.000000E+00
  4.619030E-01 -2.619764E-02  5.000000E-01  4.665693E-01 -2.642330E-02  0.000000E+00  1.646687E-02  1.518206E-03  5.759799E-19 -8.715077E-03  0.000000E+00
  4.829360E-01 -2.418252E-02  5.000000E-01  4.878147E-01 -2.438784E-02  0.000000E+00  1.583366E-02  1.564720E-03  4.571724E-19  9.816406E-03  0.000000E+00
  5.039990E-01 -2.203481E-02  5.000000E-01  5.090904E-01 -2.221843E-02  0.000000E+00  1.519474E-02  1.586717E-03  1.309905E-19  3.085553E-02  0.000000E+00
  5.250310E-01 -1.978465E-02  5.000000E-01  5.303348E-01 -1.994555E-02  0.000000E+00  1.456754E-02  1.585723E-03 -1.593737E-19  5.353700E-02  0.000000E+00
  5.459710E-01 -1.746487E-02  5.000000E-01  5.514863E-01 -1.760235E-02  0.000000E+00  1.396719E-02  1.565406E-03 -3.922123E-19  7.689373E-02  0.000000E+00
  5.667600E-01 -1.510711E-02  5.000000E-01  5.724853E-01 -1.522077E-02  0.000000E+00  1.340861E-02  1.528857E-03  4.747130E-19  1.002522E-01  0.000000E+00
  4.704230E-01  5.314937E-02  5.000000E-01  4.751754E-01  5.372502E-02  0.000000E+00  2.207912E-02  7.709122E-04 -5.947988E-18 -1.053320E+00  0.000000E+00
  4.494880E-01  5.235752E-02  5.000000E-01  4.540289E-01  5.292517E-02  0.000000E+00  2.188284E-02  8.581008E-04 -7.081381E-18 -1.046646E+00  0.000000E+00
  4.286690E-01  5.151022E-02  5.000000E-01  4.329997E-01  5.206932E-02  0.000000E+00  2.185231E-02  9.121506E-04 -9.009410E-18 -1.045463E+00  0.000000E+00
  4.080230E-01  5.062834E-02  5.000000E-01  4.121452E-01  5.117853E-02  0.000000E+00  2.199550E-02  9.727005E-04 -1.003651E-17 -1.045708E+00  0.000000E+00
  3.876050E-01  4.969680E-02  5.000000E-01  3.915210E-01  5.023759E-02  0.000000E+00  2.225022E-02  1.057745E-03 -1.079389E-17 -1.044748E+00  0.000000E+00
  3.674690E-01  4.870210E-02  5.000000E-01  3.711816E-01  4.923284E-02  0.000000E+00  2.252773E-02  1.164304E-03 -1.208020E-17 -1.041902E+00  0.000000E+00
  3.476650E-01  4.763403E-02  5.000000E-01  3.511776E-01  4.815399E-02  0.000000E+00  2.277197E-02  1.288044E-03 -1.259020E-17 -1.037229E+00  0.000000E+00
  3.282390E-01  4.648478E-02  5.000000E-01  3.315555E-01  4.699313E-02  0.000000E+00  2.296612E-02  1.426149E-03 -1.255866E-17 -1.031081E+00  0.000000E+00
  3.092330E-01  4.524900E-02  5.000000E-01  3.123575E-01  4.574487E-02  0.000000E+00  2.311264E-02  1.573442E-03 -1.212405E-17 -1.024102E+00  0.000000E+00
  2.906860E-01  4.392955E-02  5.000000E-01  2.936232E-01  4.441210E-02  0.000000E+00  2.322129E-02  1.724780E-03 -1.282653E-17 -1.016927E+00  0.000000E+00
  2.726330E-01  4.253196E-02  5.000000E-01  2.753879E-01  4.300039E-02  0.000000E+00  2.330447E-02  1.879287E-03 -1.320829E-17 -1.009822E+00  0.000000E+00
  2.551020E-01  4.106168E-02  5.000000E-01  2.576799E-01  4.151526E-02  0.000000E+00  2.337059E-02  2.038025E-03 -1.221160E-17 -1.002793E+00  0.000000E+00
  2.381210E-01  3.952462E-02  5.000000E-01  2.405274E-01  3.996268E-02  0.000000E+00  2.342560E-02  2.204363E-03 -1.281563E-17 -9.956938E-01  0.000000E+00
  2.217090E-01  3.792297E-02  5.000000E-01  2.239496E-01  3.834485E-02  0.000000E+00  2.346933E-02  2.379501E-03 -1.305122E-17 -9.888342E-01  0.000000E+00
  2.058840E-01  3.625927E-02  5.000000E-01  2.079648E-01  3.666435E-02  0.000000E+00  2.348205E-02  2.542128E-03 -1.339313E-17 -9.844327E-01  0.000000E+00
  1.906600E-01  3.456119E-02  5.000000E-01  1.925871E-01  3.494913E-02  0.000000E+00  2.345615E-02  2.655906E-03 -1.525204E-17 -9.858915E-01  0.000000E+00
  1.760460E-01  3.287927E-02  5.000000E-01  1.778255E-01  3.325022E-02  0.000000E+00  2.345876E-02  2.725546E-03 -2.079054E-17 -9.937315E-01  0.000000E+00
  1.620500E-01  3.123773E-02  5.000000E-01  1.636881E-01  3.159210E-02  0.000000E+00  2.358145E-02  2.793249E-03 -3.074912E-17 -1.005192E+00  0.000000E+00
  1.486750E-01  2.963878E-02  5.000000E-01  1.501781E-01  2.997701E-02  0.000000E+00  2.384514E-02  2.888722E-03 -4.543054E-17 -1.017352E+00  0.000000E+00
  1.359210E-01  2.807426E-02  5.000000E-01  1.372953E-01  2.839668E-02  0.000000E+00  2.419957E-02  3.019889E-03 -7.014639E-17 -1.028458E+00  0.000000E+00
  1.237890E-01  2.653533E-02  5.000000E-01  1.250407E-01  2.684221E-02  0.000000E+00  2.457407E-02  3.184128E-03 -1.116820E-16 -1.037863E+00  0.000000E+00
  1.122730E-01  2.501247E-02  5.000000E-01  1.134084E-01  2.530397E-02  0.000000E+00  2.491709E-02  3.376274E-03 -1.812614E-16 -1.045664E+00  0.000000E+00
  1.013710E-01  2.350001E-02  5.000000E-01  1.023964E-01  2.377624E-02  0.000000E+00  2.520579E-02  3.589831E-03 -2.983456E-16 -1.052471E+00  0.000000E+00
  9.107400E-02  2.199591E-02  5.000000E-01  9.199536E-02  2.225695E-02  0.000000E+00  2.544379E-02  3.824004E-03 -4.989152E-16 -1.058858E+00  0.000000E+00
  9.107400E-02  2.199591E-02  5.000000E-01  9.199536E-02  2.225695E-02  0.000000E+00  2.544379E-02  3.824004E-03 -4.989152E-16 -1.058858E+00  0.000000E+00
  8.137660E-02  2.049792E-02  5.000000E-01  8.220003E-02  2.074384E-02  0.000000E+00  2.563917E-02  4.077159E-03 -8.434381E-16 -1.065574E+00  0.000000E+00
  7.227050E-02  1.900845E-02  5.000000E-01  7.300197E-02  1.923932E-02  0.000000E+00  2.579632E-02  4.343360E-03 -1.437672E-15 -1.073633E+00  0.000000E+00
  6.374670E-02  1.753259E-02  5.000000E-01  6.439209E-02  1.774856E-02  0.000000E+00  2.592606E-02  4.623729E-03 -2.468130E-15 -1.083705E+00  0.000000E+00
  5.579720E-02  1.607364E-02  5.000000E-01  5.636231E-02  1.627488E-02  0.000000E+00  2.602901E-02  4.914424E-03 -4.241216E-15 -1.096700E+00  0.000000E+00
  4.841260E-02  1.464014E-02  5.000000E-01  4.890313E-02  1.482690E-02  0.000000E+00  2.610332E-02  5.210177E-03 -7.230185E-15 -1.113608E+00  0.000000E+00
  4.158390E-02  1.323989E-02  5.000000E-01  4.200547E-02  1.341250E-02  0.000000E+00  2.615413E-02  5.517433E-03 -1.206192E-14 -1.134820E+00  0.000000E+00
  3.530370E-02  1.187775E-02  5.000000E-01  3.566185E-02  1.203661E-02  0.000000E+00  2.616247E-02  5.830865E-03 -1.933498E-14 -1.161175E+00  0.000000E+00
  2.956270E-02  1.056323E-02  5.000000E-01  2.986287E-02  1.070881E-02  0.000000E+00  2.610109E-02  6.145640E-03 -2.917516E-14 -1.193340E+00  0.000000E+00
  2.435310E-02  9.302876E-03  5.000000E-01  2.460066E-02  9.435729E-03  0.000000E+00  2.592996E-02  6.473605E-03 -4.045180E-14 -1.230726E+00  0.000000E+00
  1.967110E-02  8.097165E-03  5.000000E-01  1.987137E-02  8.217842E-03  0.000000E+00  2.551446E-02  6.785338E-03 -5.007956E-14 -1.273642E+00  0.000000E+00
  1.550860E-02  6.953261E-03  5.000000E-01  1.566684E-02  7.062386E-03  0.000000E+00  2.467669E-02  7.032365E-03 -5.363397E-14 -1.322394E+00  0.000000E+00
  1.185930E-02  5.874821E-03  5.000000E-01  1.198068E-02  5.973055E-03  0.000000E+00  2.331914E-02  7.207429E-03 -4.780168E-14 -1.375133E+00  0.000000E+00
  8.724160E-03  4.858023E-03  5.000000E-01  8.813883E-03  4.945989E-03  0.000000E+00  2.156823E-02  7.338298E-03 -3.328164E-14 -1.431398E+00  0.000000E+00
  6.091130E-03  3.911055E-03  5.000000E-01  6.154263E-03  3.989457E-03  0.000000E+00  2.031321E-02  7.814593E-03 -1.636413E-14 -1.486588E+00  0.000000E+00
  3.952840E-03  3.036627E-03  5.000000E-01  3.994378E-03  3.106198E-03  0.000000E+00  2.112725E-02  9.727930E-03 -5.790354E-15 -1.523773E+00  0.000000E+00
  2.330070E-03  2.221940E-03  5.000000E-01  2.355220E-03  2.283284E-03  0.000000E+00  2.423462E-02  1.419011E-02 -5.331410E-15 -1.531471E+00  0.000000E+00
  1.198080E-03  1.485098E-03  5.000000E-01  1.211798E-03  1.539001E-03  0.000000E+00  2.760000E-02  2.138695E-02 -1.171319E-14 -1.519647E+00  0.000000E+00
  5.019560E-04  8.591596E-04  5.000000E-01  5.086442E-04  9.067411E-04  0.000000E+00  3.041750E-02  3.350713E-02 -2.036841E-14 -1.531187E+00  0.000000E+00
  1.313430E-04  3.760470E-04  5.000000E-01  1.342884E-04  4.187496E-04  0.000000E+00  3.507612E-02  7.038629E-02 -2.952997E-14 -1.566393E+00  0.000000E+00
  8.078190E-06  6.791284E-05  5.000000E-01  9.778777E-06  1.075036E-04  0.000000E+00  3.055509E-02  1.733171E-01 -4.094467E-14 -1.484875E+00  0.000000E+00
 -1.602820E-06 -3.851597E-05  5.000000E-01  0.000000E+00  0.000000E+00  0.000000E+00 -4.940665E-03  2.521570E-01 -5.241934E-14 -1.190928E+00  0.000000E+00
  9.141860E-06 -1.485696E-04  5.000000E-01  1.085319E-05 -1.111651E-04  0.000000E+00 -4.976118E-02  1.967983E-01 -6.354283E-14 -4.688884E-01  0.000000E+00
  1.696960E-04 -4.811940E-04  5.000000E-01  1.730287E-04 -4.471485E-04  0.000000E+00 -6.436749E-02  9.282813E-02 -6.674635E-14  5.407327E-01  0.000000E+00
    1    2
    2    3
    3    4
    4    5
    5    6
    6    7
    7    8
    8    9
    9   10
   10   11
   11   12
   12   13
   13   14
   14   15
   15   16
   16   17
   17   18
   18   19
   19   20
   20   21
   21   22
   22   23
   23   24
   25   26
   26   27
   27   28
   28   29
   29   30
   30   31
   31   32
   32   33
   33   34
   34   35
   35   36
   36   37
   37   38
   38   39
   39   40
   40   41
   41   42
   42   43
   43   44
   44   45
   45   46
   46   47
   47   48
   49   50
   50   51
   51   52
   52   53
   53   54
   54   55
   55   56
   56   57
   57   58
   58   59
   59   60
   60   61
   61   62
   62   63
   63   64
   64   65
   65   66
   66   67
   67   68
   68   69
   69   70
   70   71
   71   72
   73   74
   74   75
   75   76
   76   77
   77   78
   78   79
   79   80
   80   81
   81   82
   82   83
   83   84
   84   85
   85   86
   86   87
   87   88
   88   89
   89   90
   90   91
   91   92
   92   93
   93   94
   94   95
   95   96
   97   98
   98   99
   99  100
  100  101
  101  102
  102  103
  103  104
  104  105
  105  106
  106  107
  107  108
  108  109
  109  110
  110  111
  111  112
  112  113
  113  114
  114  115
  115  116
  116  117
  117  118
  118  119
  119  120
  121  122
  122  123
  123  124
  124  125
  125  126
  126  127
  127  128
  128  129
  129  130
  130  131
  131  132
  132  133
  133  134
  134  135
  135  136
  136  137
  137  138
  138  139
  139  140
  140  141
  141  142
  142  143
  143  144
  145  146
  146  147
  147  148
  148  149
  149  150
  150  151
  151  152
  152  153
  153  154
  154  155
  155  156
  156  157
  157  158
  158  159
  159  160
  160  161
  161  162
  162  163
  163  164
  164  165
  165  166
  166  167
  167  168
  169  170
  170  171
  171  172
  172  173
  173  174
  174  175
  175  176
  176  177
  177  178
  178  179
  179  180
  180  181
  181  182
  182  183
  183  184
  184  185
  185  186
  186  187
  187  188
  188  189
  189  190
  190  191
  191  192
