 Title = "ADflow Slice Data"
Variables =  "CoordinateX"  "CoordinateY"  "CoordinateZ"  "XoC"  "YoC"  "ZoC" "VelocityX" "VelocityY" "VelocityZ" "CoefPressure" "Mach" 
Zone T= "Slice_0001 None Absolute Regular z = 0.50000000"
 Nodes =          192  Elements=          184  ZONETYPE=FELINESEG
 DATAPACKING=POINT
  5.667600E-01 -1.059866E-02  5.000000E-01  5.724852E-01 -1.061247E-02  0.000000E+00  9.780840E-03  1.231893E-03  7.600325E-19  2.401715E-01  0.000000E+00
  5.873410E-01 -8.099829E-03  5.000000E-01  5.932741E-01 -8.088401E-03  0.000000E+00  9.910871E-03  1.159630E-03 -1.470435E-19  2.513456E-01  0.000000E+00
  6.076580E-01 -5.810559E-03  5.000000E-01  6.137962E-01 -5.776012E-03  0.000000E+00  1.006159E-02  1.089831E-03  1.332927E-18  2.597239E-01  0.000000E+00
  6.276600E-01 -3.729244E-03  5.000000E-01  6.340002E-01 -3.673679E-03  0.000000E+00  1.023706E-02  1.020528E-03  1.763116E-18  2.661383E-01  0.000000E+00
  6.472970E-01 -1.855551E-03  5.000000E-01  6.538356E-01 -1.781064E-03  0.000000E+00  1.044131E-02  9.508584E-04  6.218044E-19  2.707055E-01  0.000000E+00
  6.665260E-01 -1.864892E-04  5.000000E-01  6.732587E-01 -9.514655E-05  0.000000E+00  1.066957E-02  8.822395E-04  5.712621E-19  2.732079E-01  0.000000E+00
  6.853050E-01  1.290096E-03  5.000000E-01  6.922274E-01  1.396350E-03  0.000000E+00  1.090160E-02  8.188137E-04  1.294084E-18  2.735321E-01  0.000000E+00
  7.035980E-01  2.600392E-03  5.000000E-01  7.107051E-01  2.719879E-03  0.000000E+00  1.110229E-02  7.635639E-04  2.448430E-18  2.722699E-01  0.000000E+00
  7.213750E-01  3.772993E-03  5.000000E-01  7.286617E-01  3.904321E-03  0.000000E+00  1.122711E-02  7.162140E-04  1.298132E-18  2.706804E-01  0.000000E+00
  7.386080E-01  4.835360E-03  5.000000E-01  7.460687E-01  4.977417E-03  0.000000E+00  1.123158E-02  6.760872E-04  4.672590E-19  2.700908E-01  0.000000E+00
  7.552750E-01  5.814573E-03  5.000000E-01  7.629040E-01  5.966520E-03  0.000000E+00  1.108982E-02  6.440976E-04  2.028049E-18  2.716005E-01  0.000000E+00
  7.713580E-01  6.736760E-03  5.000000E-01  7.791494E-01  6.898019E-03  0.000000E+00  1.081722E-02  6.179505E-04  1.352589E-18  2.758792E-01  0.000000E+00
  7.868410E-01  7.619053E-03  5.000000E-01  7.947888E-01  7.789222E-03  0.000000E+00  1.049836E-02  5.717975E-04 -4.782518E-20  2.846728E-01  0.000000E+00
  8.017160E-01  8.395304E-03  5.000000E-01  8.098140E-01  8.573312E-03  0.000000E+00  1.026403E-02  4.739081E-04  1.412124E-18  2.981917E-01  0.000000E+00
  8.159740E-01  8.966476E-03  5.000000E-01  8.242160E-01  9.150253E-03  0.000000E+00  1.020483E-02  3.308451E-04  2.202162E-18  3.105916E-01  0.000000E+00
  8.296120E-01  9.300742E-03  5.000000E-01  8.379917E-01  9.487895E-03  0.000000E+00  1.034126E-02  1.671710E-04  9.440580E-19  3.158740E-01  0.000000E+00
  8.426300E-01  9.403183E-03  5.000000E-01  8.511412E-01  9.591370E-03  0.000000E+00  1.065906E-02 -5.542731E-06 -5.925826E-20  3.133935E-01  0.000000E+00
  8.550290E-01  9.296887E-03  5.000000E-01  8.636654E-01  9.484000E-03  0.000000E+00  1.113443E-02 -1.838743E-04  4.069710E-19  3.050057E-01  0.000000E+00
  8.668160E-01  9.013599E-03  5.000000E-01  8.755714E-01  9.197851E-03  0.000000E+00  1.174000E-02 -3.656196E-04  1.378224E-18  2.920891E-01  0.000000E+00
  8.779950E-01  8.590327E-03  5.000000E-01  8.868633E-01  8.770306E-03  0.000000E+00  1.244590E-02 -5.479183E-04  1.703334E-18  2.752187E-01  0.000000E+00
  8.885730E-01  8.063297E-03  5.000000E-01  8.975482E-01  8.237953E-03  0.000000E+00  1.322209E-02 -7.283224E-04  4.143586E-19  2.549598E-01  0.000000E+00
  8.985610E-01  7.463682E-03  5.000000E-01  9.076370E-01  7.632282E-03  0.000000E+00  1.403496E-02 -9.002108E-04  6.850087E-19  2.318085E-01  0.000000E+00
  9.079670E-01  6.823679E-03  5.000000E-01  9.171380E-01  6.985816E-03  0.000000E+00  1.484426E-02 -1.051257E-03  1.997949E-18  2.062195E-01  0.000000E+00
  9.168010E-01  6.174647E-03  5.000000E-01  9.260612E-01  6.330230E-03  0.000000E+00  1.561171E-02 -1.172537E-03  4.293982E-18  1.792533E-01  0.000000E+00
  9.168010E-01  6.174647E-03  5.000000E-01  9.260612E-01  6.330230E-03  0.000000E+00  1.561171E-02 -1.172537E-03  4.293982E-18  1.792533E-01  0.000000E+00
  9.250730E-01  5.540552E-03  5.000000E-01  9.344168E-01  5.689731E-03  0.000000E+00  1.631373E-02 -1.265672E-03  6.943449E-18  1.524330E-01  0.000000E+00
  9.327940E-01  4.935016E-03  5.000000E-01  9.422157E-01  5.078080E-03  0.000000E+00  1.694961E-02 -1.342751E-03  7.786377E-18  1.270662E-01  0.000000E+00
  9.399760E-01  4.360867E-03  5.000000E-01  9.494703E-01  4.498132E-03  0.000000E+00  1.753524E-02 -1.415499E-03  5.218905E-18  1.034132E-01  0.000000E+00
  9.466320E-01  3.818477E-03  5.000000E-01  9.561935E-01  3.950265E-03  0.000000E+00  1.809018E-02 -1.488414E-03  2.727047E-18  8.072997E-02  0.000000E+00
  9.527730E-01  3.308429E-03  5.000000E-01  9.623965E-01  3.435066E-03  0.000000E+00  1.863845E-02 -1.567944E-03  2.834208E-18  5.847815E-02  0.000000E+00
  9.584110E-01  2.828407E-03  5.000000E-01  9.680914E-01  2.950197E-03  0.000000E+00  1.921210E-02 -1.664713E-03  3.907550E-18  3.643039E-02  0.000000E+00
  9.635570E-01  2.375053E-03  5.000000E-01  9.732894E-01  2.492264E-03  0.000000E+00  1.984424E-02 -1.784497E-03  3.920875E-18  1.387523E-02  0.000000E+00
  9.682220E-01  1.947205E-03  5.000000E-01  9.780015E-01  2.060095E-03  0.000000E+00  2.056609E-02 -1.927762E-03  1.136804E-18 -1.026786E-02  0.000000E+00
  9.724140E-01  1.546077E-03  5.000000E-01  9.822358E-01  1.654916E-03  0.000000E+00  2.142479E-02 -2.102393E-03 -7.842694E-19 -3.661908E-02  0.000000E+00
  9.761430E-01  1.171547E-03  5.000000E-01  9.860025E-01  1.276604E-03  0.000000E+00  2.250186E-02 -2.325474E-03 -3.228101E-18 -6.562145E-02  0.000000E+00
  9.794160E-01  8.243175E-04  5.000000E-01  9.893086E-01  9.258681E-04  0.000000E+00  2.389949E-02 -2.610368E-03 -9.142673E-18 -9.835325E-02  0.000000E+00
  9.822400E-01  5.074468E-04  5.000000E-01  9.921611E-01  6.057974E-04  0.000000E+00  2.567034E-02 -2.959346E-03 -1.600735E-17 -1.362754E-01  0.000000E+00
  9.846200E-01  2.260695E-04  5.000000E-01  9.945651E-01  3.215785E-04  0.000000E+00  2.768732E-02 -3.359667E-03 -6.739913E-18 -1.797641E-01  0.000000E+00
  9.865620E-01 -1.453645E-05  5.000000E-01  9.965267E-01  7.854274E-05  0.000000E+00  2.951036E-02 -3.724484E-03  4.087805E-17 -2.269514E-01  0.000000E+00
  9.880680E-01 -2.086076E-04  5.000000E-01  9.980479E-01 -1.174883E-04  0.000000E+00  2.999931E-02 -3.842725E-03  9.814779E-17 -2.840679E-01  0.000000E+00
  9.891420E-01 -3.514255E-04  5.000000E-01  9.991328E-01 -2.617484E-04  0.000000E+00  2.829282E-02 -3.933021E-03 -6.024943E-17 -3.510630E-01  0.000000E+00
  9.897860E-01 -4.389499E-04  5.000000E-01  9.997833E-01 -3.501568E-04  0.000000E+00  3.811469E-02 -4.037707E-03 -8.446634E-16 -2.978165E-01  0.000000E+00
  9.900000E-01 -4.683034E-04  5.000000E-01  9.999994E-01 -3.798067E-04  0.000000E+00  2.633780E-02  5.251510E-03 -4.473832E-16 -5.906789E-01  0.000000E+00
  9.900000E-01 -1.843763E-04  5.000000E-01  9.999994E-01 -9.301229E-05  0.000000E+00  1.242853E-03 -7.923116E-03  1.794325E-15 -8.173494E-01  0.000000E+00
  9.900000E-01  9.955081E-05  5.000000E-01  9.999994E-01  1.937821E-04  0.000000E+00 -4.501801E-04 -2.277631E-02  3.657277E-15 -6.369326E-01  0.000000E+00
  9.900000E-01  3.834779E-04  5.000000E-01  9.999994E-01  4.805766E-04  0.000000E+00 -1.469336E-04 -8.800703E-03  4.375241E-15 -6.366398E-01  0.000000E+00
  9.900000E-01  6.674050E-04  5.000000E-01  9.999994E-01  7.673710E-04  0.000000E+00  4.684510E-04 -5.162621E-03  4.155894E-15 -6.969923E-01  0.000000E+00
  9.900000E-01  9.513321E-04  5.000000E-01  9.999994E-01  1.054165E-03  0.000000E+00  6.856338E-03 -6.643926E-03  3.735213E-15 -6.388547E-01  0.000000E+00
  9.900000E-01  9.513321E-04  5.000000E-01  9.999994E-01  1.054165E-03  0.000000E+00  6.856338E-03 -6.643926E-03  3.735213E-15 -6.388547E-01  0.000000E+00
  9.897890E-01  1.017904E-03  5.000000E-01  9.997863E-01  1.121409E-03  0.000000E+00  9.111080E-03 -3.504128E-03  3.101025E-15 -5.611479E-01  0.000000E+00
  9.891540E-01  1.218674E-03  5.000000E-01  9.991449E-01  1.324207E-03  0.000000E+00  4.665410E-03 -1.381294E-03  2.034331E-15 -5.798504E-01  0.000000E+00
  9.880950E-01  1.555408E-03  5.000000E-01  9.980752E-01  1.664341E-03  0.000000E+00  3.151957E-03 -1.001699E-03  1.124182E-15 -5.792589E-01  0.000000E+00
  9.866100E-01  2.031334E-03  5.000000E-01  9.965752E-01  2.145074E-03  0.000000E+00  2.139049E-03 -6.999199E-04  5.486436E-16 -5.711492E-01  0.000000E+00
  9.846960E-01  2.650669E-03  5.000000E-01  9.946419E-01  2.770664E-03  0.000000E+00  1.171869E-03 -3.806475E-04  2.414074E-16 -5.672275E-01  0.000000E+00
  9.823490E-01  3.418272E-03  5.000000E-01  9.922712E-01  3.546018E-03  0.000000E+00  3.703616E-04 -1.201345E-04  8.719306E-17 -5.658408E-01  0.000000E+00
  9.795670E-01  4.338800E-03  5.000000E-01  9.894611E-01  4.475843E-03  0.000000E+00 -2.487438E-04  8.316786E-05  1.323658E-17 -5.655976E-01  0.000000E+00
  9.763420E-01  5.418050E-03  5.000000E-01  9.862035E-01  5.565992E-03  0.000000E+00 -7.169157E-04  2.413022E-04 -1.564005E-17 -5.665605E-01  0.000000E+00
  9.726710E-01  6.659779E-03  5.000000E-01  9.824954E-01  6.820261E-03  0.000000E+00 -1.058002E-03  3.595219E-04 -1.959623E-17 -5.687038E-01  0.000000E+00
  9.685460E-01  8.067203E-03  5.000000E-01  9.783288E-01  8.241898E-03  0.000000E+00 -1.285803E-03  4.402524E-04 -1.354741E-17 -5.716990E-01  0.000000E+00
  9.639600E-01  9.642521E-03  5.000000E-01  9.736965E-01  9.833125E-03  0.000000E+00 -1.410489E-03  4.858573E-04 -6.073842E-18 -5.751159E-01  0.000000E+00
  9.589060E-01  1.138797E-02  5.000000E-01  9.685914E-01  1.159620E-02  0.000000E+00 -1.443754E-03  4.995337E-04 -1.899814E-18 -5.785103E-01  0.000000E+00
  9.533750E-01  1.330484E-02  5.000000E-01  9.630046E-01  1.353243E-02  0.000000E+00 -1.402099E-03  4.862343E-04  1.158184E-18 -5.814809E-01  0.000000E+00
  9.473580E-01  1.539208E-02  5.000000E-01  9.569268E-01  1.564075E-02  0.000000E+00 -1.307293E-03  4.531494E-04  2.392816E-18 -5.837292E-01  0.000000E+00
  9.408450E-01  1.764660E-02  5.000000E-01  9.503480E-01  1.791804E-02  0.000000E+00 -1.184304E-03  4.090494E-04  9.240192E-20 -5.851150E-01  0.000000E+00
  9.338260E-01  2.006348E-02  5.000000E-01  9.432582E-01  2.035932E-02  0.000000E+00 -1.057830E-03  3.627698E-04 -1.107066E-20 -5.856955E-01  0.000000E+00
  9.262910E-01  2.263478E-02  5.000000E-01  9.356471E-01  2.295659E-02  0.000000E+00 -9.488986E-04  3.217260E-04  1.087540E-18 -5.857068E-01  0.000000E+00
  9.182290E-01  2.534840E-02  5.000000E-01  9.275036E-01  2.569762E-02  0.000000E+00 -8.731733E-04  2.911703E-04  1.035876E-18 -5.854686E-01  0.000000E+00
  9.096280E-01  2.818767E-02  5.000000E-01  9.188158E-01  2.856556E-02  0.000000E+00 -8.412937E-04  2.741483E-04  1.257277E-19 -5.852999E-01  0.000000E+00
  9.004770E-01  3.113053E-02  5.000000E-01  9.095724E-01  3.153814E-02  0.000000E+00 -8.600650E-04  2.717155E-04 -3.276820E-19 -5.855098E-01  0.000000E+00
  8.907650E-01  3.414809E-02  5.000000E-01  8.997623E-01  3.458618E-02  0.000000E+00 -9.335778E-04  2.831622E-04  3.028764E-18 -5.863850E-01  0.000000E+00
  8.804800E-01  3.720184E-02  5.000000E-01  8.893734E-01  3.767076E-02  0.000000E+00 -1.064635E-03  3.061053E-04  1.725812E-18 -5.880759E-01  0.000000E+00
  8.696090E-01  4.024008E-02  5.000000E-01  8.783926E-01  4.073968E-02  0.000000E+00 -1.256048E-03  3.363685E-04 -8.484140E-19 -5.905140E-01  0.000000E+00
  8.696090E-01  4.024008E-02  5.000000E-01  8.783926E-01  4.073968E-02  0.000000E+00 -1.256048E-03  3.363685E-04 -8.484140E-19 -5.905140E-01  0.000000E+00
  8.581400E-01  4.319650E-02  5.000000E-01  8.668078E-01  4.372596E-02  0.000000E+00 -1.508939E-03  3.671579E-04 -3.723915E-19 -5.936161E-01  0.000000E+00
  8.460600E-01  4.599510E-02  5.000000E-01  8.546058E-01  4.655282E-02  0.000000E+00 -1.815207E-03  3.907845E-04 -1.345576E-18 -5.976637E-01  0.000000E+00
  8.333640E-01  4.856761E-02  5.000000E-01  8.417816E-01  4.915131E-02  0.000000E+00 -2.154099E-03  4.021412E-04 -7.229651E-19 -6.024144E-01  0.000000E+00
  8.200460E-01  5.085481E-02  5.000000E-01  8.283291E-01  5.146161E-02  0.000000E+00 -2.504483E-03  3.956451E-04  1.195984E-18 -6.056021E-01  0.000000E+00
  8.061050E-01  5.281191E-02  5.000000E-01  8.142473E-01  5.343847E-02  0.000000E+00 -2.821580E-03  3.598595E-04  2.237326E-18 -6.085765E-01  0.000000E+00
  7.915460E-01  5.444331E-02  5.000000E-01  7.995413E-01  5.508635E-02  0.000000E+00 -2.902452E-03  2.843919E-04  2.074507E-18 -6.296162E-01  0.000000E+00
  7.763770E-01  5.582533E-02  5.000000E-01  7.842191E-01  5.648232E-02  0.000000E+00 -2.186265E-03  1.640003E-04  2.186964E-18 -7.019102E-01  0.000000E+00
  7.606070E-01  5.705119E-02  5.000000E-01  7.682898E-01  5.772056E-02  0.000000E+00  2.720582E-04 -1.909273E-05  4.948673E-18 -8.369872E-01  0.000000E+00
  7.442510E-01  5.810552E-02  5.000000E-01  7.517687E-01  5.878554E-02  0.000000E+00  5.329327E-03 -2.618134E-04  1.339877E-17 -9.942548E-01  0.000000E+00
  7.273250E-01  5.894870E-02  5.000000E-01  7.346717E-01  5.963723E-02  0.000000E+00  1.254451E-02 -4.597733E-04  2.754460E-17 -1.109366E+00  0.000000E+00
  7.098490E-01  5.953379E-02  5.000000E-01  7.170193E-01  6.022823E-02  0.000000E+00  1.944834E-02 -4.327469E-04  3.937641E-17 -1.150077E+00  0.000000E+00
  6.918480E-01  5.980709E-02  5.000000E-01  6.988365E-01  6.050429E-02  0.000000E+00  2.346179E-02 -1.145714E-04  3.687494E-17 -1.130632E+00  0.000000E+00
  6.733520E-01  5.971860E-02  5.000000E-01  6.801537E-01  6.041491E-02  0.000000E+00  2.424481E-02  3.599376E-04  2.099295E-17 -1.082065E+00  0.000000E+00
  6.543930E-01  5.923381E-02  5.000000E-01  6.610032E-01  5.992523E-02  0.000000E+00  2.317974E-02  7.961420E-04  2.899324E-18 -1.028340E+00  0.000000E+00
  6.350090E-01  5.838055E-02  5.000000E-01  6.414235E-01  5.906335E-02  0.000000E+00  2.164302E-02  1.074955E-03 -8.980306E-18 -9.848258E-01  0.000000E+00
  6.152440E-01  5.727451E-02  5.000000E-01  6.214589E-01  5.794614E-02  0.000000E+00  2.035192E-02  1.184232E-03 -1.423904E-17 -9.605764E-01  0.000000E+00
  5.951420E-01  5.605398E-02  5.000000E-01  6.011538E-01  5.671329E-02  0.000000E+00  1.955341E-02  1.155043E-03 -1.556476E-17 -9.600183E-01  0.000000E+00
  5.747530E-01  5.487658E-02  5.000000E-01  5.805589E-01  5.552400E-02  0.000000E+00  1.927960E-02  9.980572E-04 -1.469336E-17 -9.844529E-01  0.000000E+00
  5.541290E-01  5.391839E-02  5.000000E-01  5.597267E-01  5.455613E-02  0.000000E+00  1.953000E-02  7.239453E-04 -1.356249E-17 -1.028879E+00  0.000000E+00
  5.333260E-01  5.333335E-02  5.000000E-01  5.387136E-01  5.396518E-02  0.000000E+00  2.035123E-02  4.397457E-04 -1.238313E-17 -1.076174E+00  0.000000E+00
  5.124010E-01  5.302065E-02  5.000000E-01  5.175773E-01  5.364932E-02  0.000000E+00  2.162671E-02  3.044620E-04 -1.046103E-17 -1.105554E+00  0.000000E+00
  4.914140E-01  5.275126E-02  5.000000E-01  4.963783E-01  5.337721E-02  0.000000E+00  2.292888E-02  4.080537E-04 -8.563146E-18 -1.105504E+00  0.000000E+00
  4.704230E-01  5.228561E-02  5.000000E-01  4.751753E-01  5.290686E-02  0.000000E+00  2.380531E-02  7.872687E-04 -5.820640E-18 -1.072140E+00  0.000000E+00
  1.696960E-04 -5.443566E-04  5.000000E-01  1.730287E-04 -4.566280E-04  0.000000E+00 -6.417077E-02  9.544524E-02 -1.057614E-13  4.640329E-01  0.000000E+00
  8.054360E-04 -1.076237E-03  5.000000E-01  8.151890E-04 -9.938797E-04  0.000000E+00 -4.827922E-02  3.627517E-02 -8.253873E-14  1.058204E+00  0.000000E+00
  1.973980E-03 -1.747087E-03  5.000000E-01  1.995534E-03 -1.671505E-03  0.000000E+00 -2.332513E-02  1.284898E-02 -4.604482E-14  1.164898E+00  0.000000E+00
  3.614630E-03 -2.551845E-03  5.000000E-01  3.652752E-03 -2.484389E-03  0.000000E+00 -6.376711E-03  3.090020E-03 -1.639255E-14  1.162883E+00  0.000000E+00
  5.721210E-03 -3.498833E-03  5.000000E-01  5.780606E-03 -3.440941E-03  0.000000E+00  2.973467E-03 -1.248911E-03 -7.203172E-16  1.145150E+00  0.000000E+00
  8.297500E-03 -4.585947E-03  5.000000E-01  8.382914E-03 -4.539034E-03  0.000000E+00  7.568186E-03 -3.065230E-03  3.647261E-15  1.109861E+00  0.000000E+00
  1.136560E-02 -5.794809E-03  5.000000E-01  1.148200E-02 -5.760103E-03  0.000000E+00  9.569396E-03 -3.650417E-03  2.828486E-15  1.062072E+00  0.000000E+00
  1.493280E-02 -7.114461E-03  5.000000E-01  1.508522E-02 -7.093083E-03  0.000000E+00  1.033141E-02 -3.741087E-03  1.120953E-15  1.011686E+00  0.000000E+00
  1.899460E-02 -8.552798E-03  5.000000E-01  1.918804E-02 -8.545945E-03  0.000000E+00  1.068383E-02 -3.736294E-03  1.156337E-16  9.630724E-01  0.000000E+00
  2.354800E-02 -1.012547E-02  5.000000E-01  2.378743E-02 -1.013450E-02  0.000000E+00  1.106073E-02 -3.771478E-03 -1.715324E-16  9.141763E-01  0.000000E+00
  2.860130E-02 -1.182797E-02  5.000000E-01  2.889176E-02 -1.185420E-02  0.000000E+00  1.161277E-02 -3.855519E-03 -1.374523E-16  8.628664E-01  0.000000E+00
  3.416500E-02 -1.364915E-02  5.000000E-01  3.451164E-02 -1.369376E-02  0.000000E+00  1.234933E-02 -3.978937E-03 -5.350479E-17  8.102623E-01  0.000000E+00
  4.024810E-02 -1.557947E-02  5.000000E-01  4.065618E-02 -1.564358E-02  0.000000E+00  1.322905E-02 -4.123852E-03 -5.693157E-18  7.571570E-01  0.000000E+00
  4.686030E-02 -1.760617E-02  5.000000E-01  4.733515E-02 -1.769074E-02  0.000000E+00  1.419413E-02 -4.267603E-03  7.468977E-18  7.033448E-01  0.000000E+00
  5.401090E-02 -1.971683E-02  5.000000E-01  5.455797E-02 -1.982273E-02  0.000000E+00  1.519530E-02 -4.396711E-03  3.890145E-18  6.489119E-01  0.000000E+00
  6.170850E-02 -2.190193E-02  5.000000E-01  6.233330E-02 -2.202989E-02  0.000000E+00  1.620122E-02 -4.498546E-03 -7.882854E-19  5.935000E-01  0.000000E+00
  6.996310E-02 -2.414601E-02  5.000000E-01  7.067126E-02 -2.429663E-02  0.000000E+00  1.719429E-02 -4.557877E-03 -3.112599E-18  5.363870E-01  0.000000E+00
  7.878500E-02 -2.642804E-02  5.000000E-01  7.958225E-02 -2.660170E-02  0.000000E+00  1.816975E-02 -4.569132E-03 -1.185003E-18  4.776791E-01  0.000000E+00
  8.818390E-02 -2.872712E-02  5.000000E-01  8.907607E-02 -2.892401E-02  0.000000E+00  1.912944E-02 -4.530959E-03  8.453850E-19  4.176889E-01  0.000000E+00
  9.816930E-02 -3.101859E-02  5.000000E-01  9.916231E-02 -3.123861E-02  0.000000E+00  2.006987E-02 -4.437115E-03  1.259979E-18  3.563530E-01  0.000000E+00
  1.087500E-01 -3.327296E-02  5.000000E-01  1.098499E-01 -3.351575E-02  0.000000E+00  2.097598E-02 -4.281535E-03  5.375914E-19  2.939564E-01  0.000000E+00
  1.199340E-01 -3.545980E-02  5.000000E-01  1.211468E-01 -3.572468E-02  0.000000E+00  2.181095E-02 -4.055051E-03 -1.857400E-18  2.310585E-01  0.000000E+00
  1.317280E-01 -3.754339E-02  5.000000E-01  1.330599E-01 -3.782931E-02  0.000000E+00  2.250733E-02 -3.742949E-03 -2.088298E-18  1.683832E-01  0.000000E+00
  1.441380E-01 -3.948222E-02  5.000000E-01  1.455952E-01 -3.978772E-02  0.000000E+00  2.298143E-02 -3.339440E-03 -1.573338E-18  1.076599E-01  0.000000E+00
  1.441380E-01 -3.948222E-02  5.000000E-01  1.455952E-01 -3.978772E-02  0.000000E+00  2.298143E-02 -3.339440E-03 -1.573338E-18  1.076599E-01  0.000000E+00
  1.571670E-01 -4.123541E-02  5.000000E-01  1.587558E-01 -4.155862E-02  0.000000E+00  2.317055E-02 -2.856218E-03  2.137588E-19  5.156049E-02  0.000000E+00
  1.708170E-01 -4.276406E-02  5.000000E-01  1.725437E-01 -4.310270E-02  0.000000E+00  2.309174E-02 -2.328877E-03  1.807999E-18  3.078693E-03  0.000000E+00
  1.850860E-01 -4.404210E-02  5.000000E-01  1.869568E-01 -4.439365E-02  0.000000E+00  2.289644E-02 -1.826783E-03  1.486345E-18 -3.520332E-02  0.000000E+00
  1.999720E-01 -4.507998E-02  5.000000E-01  2.019931E-01 -4.544201E-02  0.000000E+00  2.285680E-02 -1.442326E-03  1.000698E-18 -6.280405E-02  0.000000E+00
  2.154670E-01 -4.595219E-02  5.000000E-01  2.176446E-01 -4.632303E-02  0.000000E+00  2.320633E-02 -1.209774E-03  3.148510E-19 -8.607493E-02  0.000000E+00
  2.315610E-01 -4.672825E-02  5.000000E-01  2.339011E-01 -4.710692E-02  0.000000E+00  2.395049E-02 -1.028790E-03 -1.747209E-18 -1.193470E-01  0.000000E+00
  2.482400E-01 -4.736546E-02  5.000000E-01  2.507485E-01 -4.775057E-02  0.000000E+00  2.491728E-02 -7.751913E-04 -3.731581E-18 -1.714643E-01  0.000000E+00
  2.654840E-01 -4.778731E-02  5.000000E-01  2.681667E-01 -4.817668E-02  0.000000E+00  2.583145E-02 -3.872556E-04 -3.110138E-18 -2.390313E-01  0.000000E+00
  2.832720E-01 -4.789277E-02  5.000000E-01  2.861343E-01 -4.828320E-02  0.000000E+00  2.626319E-02  1.602415E-04 -2.698707E-18 -3.123406E-01  0.000000E+00
  3.015770E-01 -4.756383E-02  5.000000E-01  3.046242E-01 -4.795095E-02  0.000000E+00  2.570587E-02  8.308138E-04 -4.864876E-19 -3.769215E-01  0.000000E+00
  3.203660E-01 -4.667541E-02  5.000000E-01  3.236029E-01 -4.705355E-02  0.000000E+00  2.386254E-02  1.507360E-03  7.006225E-19 -4.137692E-01  0.000000E+00
  3.396030E-01 -4.511293E-02  5.000000E-01  3.430342E-01 -4.547529E-02  0.000000E+00  2.099164E-02  2.012828E-03  4.304378E-19 -4.021730E-01  0.000000E+00
  3.592490E-01 -4.287367E-02  5.000000E-01  3.628786E-01 -4.321342E-02  0.000000E+00  1.783128E-02  2.241059E-03  9.966802E-19 -3.334357E-01  0.000000E+00
  3.792580E-01 -4.006733E-02  5.000000E-01  3.830897E-01 -4.037874E-02  0.000000E+00  1.504877E-02  2.244600E-03  1.011855E-18 -2.245907E-01  0.000000E+00
  3.995810E-01 -3.682942E-02  5.000000E-01  4.036179E-01 -3.710813E-02  0.000000E+00  1.293640E-02  2.134411E-03 -8.843802E-19 -1.081472E-01  0.000000E+00
  4.201670E-01 -3.331661E-02  5.000000E-01  4.244118E-01 -3.355984E-02  0.000000E+00  1.149329E-02  1.982136E-03 -3.532562E-18 -9.422072E-03  0.000000E+00
  4.409600E-01 -2.970193E-02  5.000000E-01  4.454148E-01 -2.990866E-02  0.000000E+00  1.058275E-02  1.822034E-03 -2.085309E-18  6.369716E-02  0.000000E+00
  4.619030E-01 -2.613896E-02  5.000000E-01  4.665693E-01 -2.630971E-02  0.000000E+00  1.004711E-02  1.680308E-03  1.065257E-18  1.147139E-01  0.000000E+00
  4.829360E-01 -2.268463E-02  5.000000E-01  4.878147E-01 -2.282049E-02  0.000000E+00  9.756120E-03  1.567149E-03  1.503492E-18  1.512084E-01  0.000000E+00
  5.039990E-01 -1.937426E-02  5.000000E-01  5.090904E-01 -1.947669E-02  0.000000E+00  9.629184E-03  1.473327E-03 -4.860255E-20  1.802859E-01  0.000000E+00
  5.250310E-01 -1.624118E-02  5.000000E-01  5.303348E-01 -1.631197E-02  0.000000E+00  9.615372E-03  1.388659E-03  9.690674E-19  2.048455E-01  0.000000E+00
  5.459710E-01 -1.331170E-02  5.000000E-01  5.514863E-01 -1.335291E-02  0.000000E+00  9.676107E-03  1.308292E-03  1.735845E-18  2.249033E-01  0.000000E+00
  5.667600E-01 -1.059866E-02  5.000000E-01  5.724852E-01 -1.061247E-02  0.000000E+00  9.780840E-03  1.231893E-03  7.600325E-19  2.401715E-01  0.000000E+00
  4.704230E-01  5.228561E-02  5.000000E-01  4.751753E-01  5.290686E-02  0.000000E+00  2.380531E-02  7.872687E-04 -5.820640E-18 -1.072140E+00  0.000000E+00
  4.494880E-01  5.138326E-02  5.000000E-01  4.540289E-01  5.199540E-02  0.000000E+00  2.401874E-02  1.422279E-03 -1.512842E-18 -1.007177E+00  0.000000E+00
  4.286690E-01  4.982251E-02  5.000000E-01  4.329997E-01  5.041888E-02  0.000000E+00  2.345872E-02  2.119443E-03  2.033063E-18 -9.249762E-01  0.000000E+00
  4.080230E-01  4.762063E-02  5.000000E-01  4.121452E-01  4.819477E-02  0.000000E+00  2.216819E-02  2.590052E-03  3.867729E-18 -8.501617E-01  0.000000E+00
  3.876050E-01  4.500135E-02  5.000000E-01  3.915210E-01  4.554904E-02  0.000000E+00  2.049248E-02  2.737155E-03  5.610326E-18 -8.008891E-01  0.000000E+00
  3.674690E-01  4.218914E-02  5.000000E-01  3.711816E-01  4.270842E-02  0.000000E+00  1.889556E-02  2.647667E-03  8.423920E-18 -7.847391E-01  0.000000E+00
  3.476650E-01  3.939601E-02  5.000000E-01  3.511776E-01  3.988709E-02  0.000000E+00  1.773340E-02  2.426236E-03  1.034540E-17 -8.030571E-01  0.000000E+00
  3.282390E-01  3.681534E-02  5.000000E-01  3.315554E-01  3.728035E-02  0.000000E+00  1.723205E-02  2.159503E-03  9.424946E-18 -8.496989E-01  0.000000E+00
  3.092330E-01  3.457814E-02  5.000000E-01  3.123575E-01  3.502056E-02  0.000000E+00  1.749135E-02  1.930412E-03  6.830315E-18 -9.102301E-01  0.000000E+00
  2.906860E-01  3.267013E-02  5.000000E-01  2.936232E-01  3.309329E-02  0.000000E+00  1.838547E-02  1.777167E-03  1.524916E-18 -9.700328E-01  0.000000E+00
  2.726330E-01  3.103560E-02  5.000000E-01  2.753879E-01  3.144224E-02  0.000000E+00  1.957275E-02  1.679677E-03 -6.077823E-18 -1.021363E+00  0.000000E+00
  2.551020E-01  2.961156E-02  5.000000E-01  2.576798E-01  3.000382E-02  0.000000E+00  2.070222E-02  1.616527E-03 -1.708355E-17 -1.061686E+00  0.000000E+00
  2.381210E-01  2.833783E-02  5.000000E-01  2.405274E-01  2.871724E-02  0.000000E+00  2.157134E-02  1.584530E-03 -3.507771E-17 -1.091419E+00  0.000000E+00
  2.217090E-01  2.715845E-02  5.000000E-01  2.239496E-01  2.752594E-02  0.000000E+00  2.214632E-02  1.587184E-03 -5.897942E-17 -1.112657E+00  0.000000E+00
  2.058840E-01  2.602767E-02  5.000000E-01  2.079648E-01  2.638375E-02  0.000000E+00  2.247735E-02  1.608401E-03 -9.262298E-17 -1.129269E+00  0.000000E+00
  1.906600E-01  2.493398E-02  5.000000E-01  1.925871E-01  2.527901E-02  0.000000E+00  2.264340E-02  1.615782E-03 -1.450182E-16 -1.145701E+00  0.000000E+00
  1.760460E-01  2.389553E-02  5.000000E-01  1.778255E-01  2.423008E-02  0.000000E+00  2.276838E-02  1.609082E-03 -2.261144E-16 -1.163435E+00  0.000000E+00
  1.620500E-01  2.291166E-02  5.000000E-01  1.636881E-01  2.323626E-02  0.000000E+00  2.296558E-02  1.618522E-03 -3.547007E-16 -1.180993E+00  0.000000E+00
  1.486750E-01  2.196736E-02  5.000000E-01  1.501781E-01  2.228243E-02  0.000000E+00  2.326045E-02  1.664566E-03 -5.577378E-16 -1.196767E+00  0.000000E+00
  1.359210E-01  2.104310E-02  5.000000E-01  1.372953E-01  2.134884E-02  0.000000E+00  2.360888E-02  1.751636E-03 -8.739254E-16 -1.210039E+00  0.000000E+00
  1.237890E-01  2.012262E-02  5.000000E-01  1.250407E-01  2.041906E-02  0.000000E+00  2.395287E-02  1.877127E-03 -1.363734E-15 -1.220829E+00  0.000000E+00
  1.122730E-01  1.919194E-02  5.000000E-01  1.134084E-01  1.947898E-02  0.000000E+00  2.425455E-02  2.036476E-03 -2.125734E-15 -1.229630E+00  0.000000E+00
  1.013710E-01  1.824247E-02  5.000000E-01  1.023963E-01  1.851992E-02  0.000000E+00  2.449957E-02  2.223146E-03 -3.312172E-15 -1.237268E+00  0.000000E+00
  9.107400E-02  1.727079E-02  5.000000E-01  9.199536E-02  1.753843E-02  0.000000E+00  2.469451E-02  2.434929E-03 -5.155400E-15 -1.244442E+00  0.000000E+00
  9.107400E-02  1.727079E-02  5.000000E-01  9.199536E-02  1.753843E-02  0.000000E+00  2.469451E-02  2.434929E-03 -5.155400E-15 -1.244442E+00  0.000000E+00
  8.137660E-02  1.627383E-02  5.000000E-01  8.220003E-02  1.653140E-02  0.000000E+00  2.484601E-02  2.668526E-03 -8.010258E-15 -1.251919E+00  0.000000E+00
  7.227050E-02  1.525387E-02  5.000000E-01  7.300197E-02  1.550114E-02  0.000000E+00  2.495371E-02  2.916562E-03 -1.241132E-14 -1.260647E+00  0.000000E+00
  6.374670E-02  1.421628E-02  5.000000E-01  6.439209E-02  1.445308E-02  0.000000E+00  2.502210E-02  3.177752E-03 -1.911165E-14 -1.271258E+00  0.000000E+00
  5.579720E-02  1.316482E-02  5.000000E-01  5.636230E-02  1.339099E-02  0.000000E+00  2.504309E-02  3.446199E-03 -2.902632E-14 -1.284610E+00  0.000000E+00
  4.841260E-02  1.210871E-02  5.000000E-01  4.890313E-02  1.232422E-02  0.000000E+00  2.500446E-02  3.714289E-03 -4.300136E-14 -1.301633E+00  0.000000E+00
  4.158390E-02  1.105654E-02  5.000000E-01  4.200547E-02  1.126143E-02  0.000000E+00  2.489841E-02  3.983974E-03 -6.114201E-14 -1.322732E+00  0.000000E+00
  3.530370E-02  1.001389E-02  5.000000E-01  3.566184E-02  1.020824E-02  0.000000E+00  2.467865E-02  4.244288E-03 -8.163967E-14 -1.348706E+00  0.000000E+00
  2.956270E-02  8.991117E-03  5.000000E-01  2.986287E-02  9.175143E-03  0.000000E+00  2.425826E-02  4.477495E-03 -9.975382E-14 -1.380177E+00  0.000000E+00
  2.435310E-02  7.995498E-03  5.000000E-01  2.460066E-02  8.169469E-03  0.000000E+00  2.348375E-02  4.665404E-03 -1.079398E-13 -1.416635E+00  0.000000E+00
  1.967110E-02  7.027955E-03  5.000000E-01  1.987137E-02  7.192155E-03  0.000000E+00  2.205896E-02  4.735990E-03 -9.855722E-14 -1.458317E+00  0.000000E+00
  1.550860E-02  6.096284E-03  5.000000E-01  1.566684E-02  6.251075E-03  0.000000E+00  1.972505E-02  4.602524E-03 -7.025938E-14 -1.505320E+00  0.000000E+00
  1.185930E-02  5.204568E-03  5.000000E-01  1.198068E-02  5.350354E-03  0.000000E+00  1.667180E-02  4.279716E-03 -3.319366E-14 -1.555564E+00  0.000000E+00
  8.724160E-03  4.348910E-03  5.000000E-01  8.813883E-03  4.486054E-03  0.000000E+00  1.389628E-02  3.999957E-03 -4.478015E-15 -1.606917E+00  0.000000E+00
  6.091130E-03  3.538035E-03  5.000000E-01  6.154262E-03  3.666991E-03  0.000000E+00  1.331136E-02  4.464526E-03  4.494797E-15 -1.653191E+00  0.000000E+00
  3.952840E-03  2.774827E-03  5.000000E-01  3.994378E-03  2.896075E-03  0.000000E+00  1.652149E-02  6.844778E-03 -3.188247E-15 -1.680944E+00  0.000000E+00
  2.330070E-03  2.045061E-03  5.000000E-01  2.355220E-03  2.158940E-03  0.000000E+00  2.246243E-02  1.206778E-02 -1.623109E-14 -1.684243E+00  0.000000E+00
  1.198080E-03  1.367810E-03  5.000000E-01  1.211798E-03  1.474849E-03  0.000000E+00  2.799048E-02  2.023854E-02 -2.772617E-14 -1.674839E+00  0.000000E+00
  5.019560E-04  7.786999E-04  5.000000E-01  5.086442E-04  8.797898E-04  0.000000E+00  3.259243E-02  3.454876E-02 -3.736582E-14 -1.683872E+00  0.000000E+00
  1.313430E-04  3.152588E-04  5.000000E-01  1.342884E-04  4.116685E-04  0.000000E+00  3.965978E-02  7.860724E-02 -5.069249E-14 -1.685583E+00  0.000000E+00
  8.078190E-06  1.364723E-05  5.000000E-01  9.778777E-06  1.070110E-04  0.000000E+00  3.473693E-02  1.840106E-01 -7.081990E-14 -1.540295E+00  0.000000E+00
 -1.602820E-06 -9.229393E-05  5.000000E-01  0.000000E+00  0.000000E+00  0.000000E+00 -3.995095E-03  2.561954E-01 -8.689804E-14 -1.228585E+00  0.000000E+00
  9.141860E-06 -2.029608E-04  5.000000E-01  1.085319E-05 -1.117845E-04  0.000000E+00 -4.947510E-02  1.977234E-01 -1.011418E-13 -5.377502E-01  0.000000E+00
  1.696960E-04 -5.443566E-04  5.000000E-01  1.730287E-04 -4.566280E-04  0.000000E+00 -6.417077E-02  9.544524E-02 -1.057614E-13  4.640329E-01  0.000000E+00
    1    2
    2    3
    3    4
    4    5
    5    6
    6    7
    7    8
    8    9
    9   10
   10   11
   11   12
   12   13
   13   14
   14   15
   15   16
   16   17
   17   18
   18   19
   19   20
   20   21
   21   22
   22   23
   23   24
   25   26
   26   27
   27   28
   28   29
   29   30
   30   31
   31   32
   32   33
   33   34
   34   35
   35   36
   36   37
   37   38
   38   39
   39   40
   40   41
   41   42
   42   43
   43   44
   44   45
   45   46
   46   47
   47   48
   49   50
   50   51
   51   52
   52   53
   53   54
   54   55
   55   56
   56   57
   57   58
   58   59
   59   60
   60   61
   61   62
   62   63
   63   64
   64   65
   65   66
   66   67
   67   68
   68   69
   69   70
   70   71
   71   72
   73   74
   74   75
   75   76
   76   77
   77   78
   78   79
   79   80
   80   81
   81   82
   82   83
   83   84
   84   85
   85   86
   86   87
   87   88
   88   89
   89   90
   90   91
   91   92
   92   93
   93   94
   94   95
   95   96
   97   98
   98   99
   99  100
  100  101
  101  102
  102  103
  103  104
  104  105
  105  106
  106  107
  107  108
  108  109
  109  110
  110  111
  111  112
  112  113
  113  114
  114  115
  115  116
  116  117
  117  118
  118  119
  119  120
  121  122
  122  123
  123  124
  124  125
  125  126
  126  127
  127  128
  128  129
  129  130
  130  131
  131  132
  132  133
  133  134
  134  135
  135  136
  136  137
  137  138
  138  139
  139  140
  140  141
  141  142
  142  143
  143  144
  145  146
  146  147
  147  148
  148  149
  149  150
  150  151
  151  152
  152  153
  153  154
  154  155
  155  156
  156  157
  157  158
  158  159
  159  160
  160  161
  161  162
  162  163
  163  164
  164  165
  165  166
  166  167
  167  168
  169  170
  170  171
  171  172
  172  173
  173  174
  174  175
  175  176
  176  177
  177  178
  178  179
  179  180
  180  181
  181  182
  182  183
  183  184
  184  185
  185  186
  186  187
  187  188
  188  189
  189  190
  190  191
  191  192
