 Title = "ADflow Slice Data"
Variables =  "CoordinateX"  "CoordinateY"  "CoordinateZ"  "XoC"  "YoC"  "ZoC" "VelocityX" "VelocityY" "VelocityZ" "CoefPressure" "Mach" 
Zone T= "Slice_0001 None Absolute Regular z = 0.50000000"
 Nodes =          192  Elements=          184  ZONETYPE=FELINESEG
 DATAPACKING=POINT
  5.667600E-01 -1.495722E-02  5.000000E-01  5.724853E-01 -1.507057E-02  0.000000E+00  1.339717E-02  1.518231E-03  1.472659E-18  1.022866E-01  0.000000E+00
  5.873410E-01 -1.261282E-02  5.000000E-01  5.932741E-01 -1.270250E-02  0.000000E+00  1.290907E-02  1.468904E-03  7.862271E-19  1.246369E-01  0.000000E+00
  6.076580E-01 -1.030369E-02  5.000000E-01  6.137963E-01 -1.037004E-02  0.000000E+00  1.247870E-02  1.408896E-03  7.103640E-19  1.460149E-01  0.000000E+00
  6.276600E-01 -8.061201E-03  5.000000E-01  6.340003E-01 -8.104909E-03  0.000000E+00  1.210416E-02  1.342263E-03  8.954055E-19  1.658320E-01  0.000000E+00
  6.472970E-01 -5.908855E-03  5.000000E-01  6.538356E-01 -5.930826E-03  0.000000E+00  1.177637E-02  1.273880E-03 -1.134059E-18  1.837371E-01  0.000000E+00
  6.665260E-01 -3.857702E-03  5.000000E-01  6.732588E-01 -3.858960E-03  0.000000E+00  1.148556E-02  1.206208E-03 -1.409525E-18  1.999497E-01  0.000000E+00
  6.853050E-01 -1.916945E-03  5.000000E-01  6.922274E-01 -1.898603E-03  0.000000E+00  1.122625E-02  1.136596E-03  1.865847E-19  2.152696E-01  0.000000E+00
  7.035980E-01 -1.036694E-04  5.000000E-01  7.107052E-01 -6.701523E-05  0.000000E+00  1.098898E-02  1.062368E-03  6.062317E-19  2.300277E-01  0.000000E+00
  7.213750E-01  1.570186E-03  5.000000E-01  7.286617E-01  1.623744E-03  0.000000E+00  1.075144E-02  9.839579E-04  5.858005E-19  2.438695E-01  0.000000E+00
  7.386080E-01  3.100269E-03  5.000000E-01  7.460687E-01  3.169279E-03  0.000000E+00  1.048493E-02  9.035259E-04 -1.073028E-20  2.567037E-01  0.000000E+00
  7.552750E-01  4.491553E-03  5.000000E-01  7.629040E-01  4.574614E-03  0.000000E+00  1.017154E-02  8.253474E-04 -1.726155E-18  2.689516E-01  0.000000E+00
  7.713580E-01  5.756723E-03  5.000000E-01  7.791495E-01  5.852561E-03  0.000000E+00  9.824293E-03  7.512441E-04 -2.802366E-18  2.811675E-01  0.000000E+00
  7.868410E-01  6.906597E-03  5.000000E-01  7.947888E-01  7.014047E-03  0.000000E+00  9.510537E-03  6.638286E-04 -2.263948E-18  2.950736E-01  0.000000E+00
  8.017160E-01  7.880998E-03  5.000000E-01  8.098140E-01  7.998289E-03  0.000000E+00  9.331840E-03  5.401429E-04 -1.050210E-18  3.110034E-01  0.000000E+00
  8.159740E-01  8.596304E-03  5.000000E-01  8.242160E-01  8.720818E-03  0.000000E+00  9.352082E-03  3.856943E-04 -1.595269E-18  3.239741E-01  0.000000E+00
  8.296120E-01  9.034643E-03  5.000000E-01  8.379918E-01  9.163584E-03  0.000000E+00  9.575052E-03  2.182437E-04 -8.885640E-19  3.291027E-01  0.000000E+00
  8.426300E-01  9.212095E-03  5.000000E-01  8.511412E-01  9.342828E-03  0.000000E+00  9.977256E-03  4.465790E-05  1.008848E-18  3.263281E-01  0.000000E+00
  8.550290E-01  9.159894E-03  5.000000E-01  8.636654E-01  9.290100E-03  0.000000E+00  1.053034E-02 -1.340470E-04  9.405834E-19  3.176390E-01  0.000000E+00
  8.668160E-01  8.915668E-03  5.000000E-01  8.755715E-01  9.043407E-03  0.000000E+00  1.120528E-02 -3.167215E-04  1.051777E-18  3.043894E-01  0.000000E+00
  8.779950E-01  8.520609E-03  5.000000E-01  8.868634E-01  8.644358E-03  0.000000E+00  1.197216E-02 -5.008096E-04  1.080816E-18  2.871424E-01  0.000000E+00
  8.885730E-01  8.013938E-03  5.000000E-01  8.975482E-01  8.132571E-03  0.000000E+00  1.280166E-02 -6.837396E-04  8.210054E-19  2.664868E-01  0.000000E+00
  8.985610E-01  7.428989E-03  5.000000E-01  9.076371E-01  7.541715E-03  0.000000E+00  1.366110E-02 -8.587639E-04  5.983665E-19  2.429443E-01  0.000000E+00
  9.079670E-01  6.799510E-03  5.000000E-01  9.171381E-01  6.905878E-03  0.000000E+00  1.451116E-02 -1.013511E-03  1.021071E-18  2.169778E-01  0.000000E+00
  9.168010E-01  6.157987E-03  5.000000E-01  9.260613E-01  6.257877E-03  0.000000E+00  1.531419E-02 -1.138836E-03  2.212988E-18  1.896461E-01  0.000000E+00
  9.168010E-01  6.157987E-03  5.000000E-01  9.260613E-01  6.257877E-03  0.000000E+00  1.531419E-02 -1.138836E-03  2.212988E-18  1.896461E-01  0.000000E+00
  9.250730E-01  5.529211E-03  5.000000E-01  9.344168E-01  5.622751E-03  0.000000E+00  1.604697E-02 -1.235982E-03  1.839084E-18  1.624749E-01  0.000000E+00
  9.327940E-01  4.927412E-03  5.000000E-01  9.422158E-01  5.014875E-03  0.000000E+00  1.670900E-02 -1.316662E-03  1.812419E-18  1.367787E-01  0.000000E+00
  9.399760E-01  4.355859E-03  5.000000E-01  9.494703E-01  4.437550E-03  0.000000E+00  1.731652E-02 -1.392423E-03  2.046126E-18  1.128263E-01  0.000000E+00
  9.466320E-01  3.815250E-03  5.000000E-01  9.561935E-01  3.891481E-03  0.000000E+00  1.788972E-02 -1.467800E-03  1.413326E-18  8.987906E-02  0.000000E+00
  9.527730E-01  3.306403E-03  5.000000E-01  9.623966E-01  3.377495E-03  0.000000E+00  1.845329E-02 -1.549287E-03  2.970627E-19  6.739697E-02  0.000000E+00
  9.584110E-01  2.827174E-03  5.000000E-01  9.680915E-01  2.893426E-03  0.000000E+00  1.903995E-02 -1.647535E-03 -4.744269E-19  4.514710E-02  0.000000E+00
  9.635570E-01  2.374329E-03  5.000000E-01  9.732895E-01  2.436009E-03  0.000000E+00  1.968362E-02 -1.768426E-03 -2.895828E-19  2.241121E-02  0.000000E+00
  9.682220E-01  1.946799E-03  5.000000E-01  9.780016E-01  2.004161E-03  0.000000E+00  2.041644E-02 -1.912593E-03  8.047736E-20 -1.899940E-03  0.000000E+00
  9.724140E-01  1.545862E-03  5.000000E-01  9.822359E-01  1.599175E-03  0.000000E+00  2.128645E-02 -2.088045E-03 -3.943691E-20 -2.841758E-02  0.000000E+00
  9.761430E-01  1.171442E-03  5.000000E-01  9.860026E-01  1.220973E-03  0.000000E+00  2.237582E-02 -2.311946E-03 -3.454219E-18 -5.759462E-02  0.000000E+00
  9.794160E-01  8.242711E-04  5.000000E-01  9.893086E-01  8.702965E-04  0.000000E+00  2.378658E-02 -2.597725E-03 -1.208450E-17 -9.051321E-02  0.000000E+00
  9.822400E-01  5.074296E-04  5.000000E-01  9.921611E-01  5.502552E-04  0.000000E+00  2.556978E-02 -2.947587E-03 -1.928910E-17 -1.286279E-01  0.000000E+00
  9.846200E-01  2.260651E-04  5.000000E-01  9.945652E-01  2.660492E-04  0.000000E+00  2.759455E-02 -3.348340E-03 -3.557992E-18 -1.722894E-01  0.000000E+00
  9.865620E-01 -1.453608E-05  5.000000E-01  9.965268E-01  2.301829E-05  0.000000E+00  2.941474E-02 -3.712239E-03  6.135804E-17 -2.196075E-01  0.000000E+00
  9.880680E-01 -2.086060E-04  5.000000E-01  9.980480E-01 -1.730115E-04  0.000000E+00  2.988282E-02 -3.827636E-03  1.305326E-16 -2.768299E-01  0.000000E+00
  9.891420E-01 -3.514239E-04  5.000000E-01  9.991328E-01 -3.172718E-04  0.000000E+00  2.813835E-02 -3.912462E-03 -8.551759E-17 -3.437390E-01  0.000000E+00
  9.897860E-01 -4.389487E-04  5.000000E-01  9.997833E-01 -4.056804E-04  0.000000E+00  3.789994E-02 -4.014790E-03 -1.061211E-15 -2.896838E-01  0.000000E+00
  9.900000E-01 -4.683023E-04  5.000000E-01  9.999995E-01 -4.353304E-04  0.000000E+00  2.619734E-02  5.267375E-03 -7.207677E-16 -5.823494E-01  0.000000E+00
  9.900000E-01 -1.843754E-04  5.000000E-01  9.999995E-01 -1.485362E-04  0.000000E+00  1.230463E-03 -7.886674E-03  1.480091E-15 -8.091614E-01  0.000000E+00
  9.900000E-01  9.955149E-05  5.000000E-01  9.999995E-01  1.382580E-04  0.000000E+00 -4.470571E-04 -2.275163E-02  3.168475E-15 -6.287080E-01  0.000000E+00
  9.900000E-01  3.834784E-04  5.000000E-01  9.999995E-01  4.250522E-04  0.000000E+00 -1.437030E-04 -8.863592E-03  3.840312E-15 -6.286513E-01  0.000000E+00
  9.900000E-01  6.674052E-04  5.000000E-01  9.999995E-01  7.118464E-04  0.000000E+00  4.648066E-04 -5.230256E-03  3.703273E-15 -6.885394E-01  0.000000E+00
  9.900000E-01  9.513321E-04  5.000000E-01  9.999995E-01  9.986407E-04  0.000000E+00  6.799883E-03 -6.634080E-03  3.394380E-15 -6.302838E-01  0.000000E+00
  9.900000E-01  9.513321E-04  5.000000E-01  9.999995E-01  9.986407E-04  0.000000E+00  6.799883E-03 -6.634080E-03  3.394380E-15 -6.302838E-01  0.000000E+00
  9.897890E-01  1.017904E-03  5.000000E-01  9.997864E-01  1.065885E-03  0.000000E+00  9.019505E-03 -3.470915E-03  2.852245E-15 -5.527117E-01  0.000000E+00
  9.891540E-01  1.218674E-03  5.000000E-01  9.991450E-01  1.268682E-03  0.000000E+00  4.570163E-03 -1.352014E-03  1.880586E-15 -5.713112E-01  0.000000E+00
  9.880950E-01  1.555408E-03  5.000000E-01  9.980753E-01  1.608817E-03  0.000000E+00  3.026562E-03 -9.614914E-04  1.039479E-15 -5.708671E-01  0.000000E+00
  9.866100E-01  2.031333E-03  5.000000E-01  9.965753E-01  2.089548E-03  0.000000E+00  1.985045E-03 -6.501964E-04  5.024208E-16 -5.629643E-01  0.000000E+00
  9.846960E-01  2.650662E-03  5.000000E-01  9.946419E-01  2.715132E-03  0.000000E+00  9.967608E-04 -3.237394E-04  2.158445E-16 -5.593240E-01  0.000000E+00
  9.823490E-01  3.418252E-03  5.000000E-01  9.922712E-01  3.490473E-03  0.000000E+00  1.854114E-04 -5.932490E-05  7.514181E-17 -5.583425E-01  0.000000E+00
  9.795670E-01  4.338749E-03  5.000000E-01  9.894611E-01  4.420267E-03  0.000000E+00 -4.278768E-04  1.427480E-04  9.845484E-18 -5.585831E-01  0.000000E+00
  9.763420E-01  5.417936E-03  5.000000E-01  9.862036E-01  5.510352E-03  0.000000E+00 -8.721947E-04  2.934884E-04 -1.439565E-17 -5.600279E-01  0.000000E+00
  9.726710E-01  6.659547E-03  5.000000E-01  9.824955E-01  6.764502E-03  0.000000E+00 -1.171842E-03  3.981178E-04 -1.650661E-17 -5.625637E-01  0.000000E+00
  9.685460E-01  8.066760E-03  5.000000E-01  9.783288E-01  8.185926E-03  0.000000E+00 -1.344060E-03  4.601048E-04 -1.056424E-17 -5.657715E-01  0.000000E+00
  9.639600E-01  9.641719E-03  5.000000E-01  9.736965E-01  9.776791E-03  0.000000E+00 -1.405419E-03  4.839917E-04 -4.637733E-18 -5.691435E-01  0.000000E+00
  9.589060E-01  1.138657E-02  5.000000E-01  9.685915E-01  1.153927E-02  0.000000E+00 -1.376256E-03  4.760213E-04 -1.064460E-18 -5.722034E-01  0.000000E+00
  9.533750E-01  1.330251E-02  5.000000E-01  9.630046E-01  1.347455E-02  0.000000E+00 -1.282366E-03  4.444950E-04  4.999475E-19 -5.745865E-01  0.000000E+00
  9.473580E-01  1.538827E-02  5.000000E-01  9.569269E-01  1.558138E-02  0.000000E+00 -1.153532E-03  3.995448E-04  9.426535E-19 -5.761060E-01  0.000000E+00
  9.408450E-01  1.764055E-02  5.000000E-01  9.503481E-01  1.785640E-02  0.000000E+00 -1.019948E-03  3.518616E-04  6.166068E-20 -5.767897E-01  0.000000E+00
  9.338260E-01  2.005404E-02  5.000000E-01  9.432582E-01  2.029426E-02  0.000000E+00 -9.083107E-04  3.109416E-04 -5.531118E-19 -5.768644E-01  0.000000E+00
  9.262910E-01  2.262032E-02  5.000000E-01  9.356471E-01  2.288646E-02  0.000000E+00 -8.392066E-04  2.838202E-04  6.703410E-19 -5.766824E-01  0.000000E+00
  9.182290E-01  2.532657E-02  5.000000E-01  9.275037E-01  2.562004E-02  0.000000E+00 -8.265496E-04  2.745897E-04  9.933140E-19 -5.766140E-01  0.000000E+00
  9.096280E-01  2.815510E-02  5.000000E-01  9.188158E-01  2.847713E-02  0.000000E+00 -8.780482E-04  2.845072E-04 -7.828206E-19 -5.770194E-01  0.000000E+00
  9.004770E-01  3.108245E-02  5.000000E-01  9.095724E-01  3.143404E-02  0.000000E+00 -9.955821E-04  3.122227E-04 -1.760489E-18 -5.782153E-01  0.000000E+00
  8.907650E-01  3.407771E-02  5.000000E-01  8.997623E-01  3.445956E-02  0.000000E+00 -1.176451E-03  3.534736E-04 -6.923533E-19 -5.802895E-01  0.000000E+00
  8.804800E-01  3.709954E-02  5.000000E-01  8.893735E-01  3.751190E-02  0.000000E+00 -1.414006E-03  4.006709E-04  3.604249E-19 -5.831411E-01  0.000000E+00
  8.696090E-01  4.009223E-02  5.000000E-01  8.783927E-01  4.053482E-02  0.000000E+00 -1.694253E-03  4.444076E-04  3.761599E-19 -5.867097E-01  0.000000E+00
  8.696090E-01  4.009223E-02  5.000000E-01  8.783927E-01  4.053482E-02  0.000000E+00 -1.694253E-03  4.444076E-04  3.761599E-19 -5.867097E-01  0.000000E+00
  8.581400E-01  4.298381E-02  5.000000E-01  8.668079E-01  4.345560E-02  0.000000E+00 -1.997229E-03  4.757578E-04  1.070978E-19 -5.900483E-01  0.000000E+00
  8.460600E-01  4.569021E-02  5.000000E-01  8.546059E-01  4.618934E-02  0.000000E+00 -2.305082E-03  4.847282E-04  3.280413E-19 -5.909637E-01  0.000000E+00
  8.333640E-01  4.813176E-02  5.000000E-01  8.417817E-01  4.865554E-02  0.000000E+00 -2.564475E-03  4.511110E-04  5.123056E-20 -5.924139E-01  0.000000E+00
  8.200460E-01  5.023313E-02  5.000000E-01  8.283292E-01  5.077812E-02  0.000000E+00 -2.548252E-03  3.468600E-04 -1.848405E-19 -6.132224E-01  0.000000E+00
  8.061050E-01  5.192722E-02  5.000000E-01  8.142474E-01  5.248933E-02  0.000000E+00 -1.684594E-03  1.661166E-04  8.219451E-19 -6.826586E-01  0.000000E+00
  7.915460E-01  5.318878E-02  5.000000E-01  7.995413E-01  5.376363E-02  0.000000E+00  9.034828E-04 -4.773854E-05  1.757102E-18 -8.076912E-01  0.000000E+00
  7.763770E-01  5.405757E-02  5.000000E-01  7.842192E-01  5.464119E-02  0.000000E+00  5.845002E-03 -2.144860E-04  8.808139E-19 -9.494205E-01  0.000000E+00
  7.606070E-01  5.460341E-02  5.000000E-01  7.682899E-01  5.519255E-02  0.000000E+00  1.244701E-02 -2.383952E-04 -2.255761E-18 -1.049544E+00  0.000000E+00
  7.442510E-01  5.483372E-02  5.000000E-01  7.517687E-01  5.542518E-02  0.000000E+00  1.834167E-02 -6.031761E-05 -5.977576E-18 -1.082758E+00  0.000000E+00
  7.273250E-01  5.476621E-02  5.000000E-01  7.346718E-01  5.535698E-02  0.000000E+00  2.142599E-02  2.345256E-04 -1.067948E-17 -1.069646E+00  0.000000E+00
  7.098490E-01  5.445285E-02  5.000000E-01  7.170193E-01  5.504047E-02  0.000000E+00  2.171054E-02  4.648220E-04 -1.328689E-17 -1.045196E+00  0.000000E+00
  6.918480E-01  5.398879E-02  5.000000E-01  6.988365E-01  5.457171E-02  0.000000E+00  2.059743E-02  5.171154E-04 -1.290548E-17 -1.034185E+00  0.000000E+00
  6.733520E-01  5.352267E-02  5.000000E-01  6.801537E-01  5.410089E-02  0.000000E+00  1.939660E-02  3.787502E-04 -1.052096E-17 -1.047448E+00  0.000000E+00
  6.543930E-01  5.325215E-02  5.000000E-01  6.610032E-01  5.382764E-02  0.000000E+00  1.881582E-02  1.143380E-04 -6.990906E-18 -1.081615E+00  0.000000E+00
  6.350090E-01  5.329562E-02  5.000000E-01  6.414235E-01  5.387155E-02  0.000000E+00  1.908725E-02 -1.594241E-04 -5.090350E-18 -1.121489E+00  0.000000E+00
  6.152440E-01  5.358604E-02  5.000000E-01  6.214589E-01  5.416490E-02  0.000000E+00  2.000692E-02 -3.590579E-04 -5.129850E-18 -1.152696E+00  0.000000E+00
  5.951420E-01  5.401392E-02  5.000000E-01  6.011539E-01  5.459710E-02  0.000000E+00  2.112290E-02 -4.479981E-04 -5.597043E-18 -1.168345E+00  0.000000E+00
  5.747530E-01  5.444956E-02  5.000000E-01  5.805590E-01  5.503714E-02  0.000000E+00  2.206946E-02 -3.909562E-04 -5.714032E-18 -1.165989E+00  0.000000E+00
  5.541290E-01  5.474906E-02  5.000000E-01  5.597267E-01  5.533966E-02  0.000000E+00  2.267806E-02 -1.763802E-04 -6.084201E-18 -1.147015E+00  0.000000E+00
  5.333260E-01  5.477543E-02  5.000000E-01  5.387136E-01  5.536630E-02  0.000000E+00  2.288690E-02  1.247434E-04 -5.975478E-18 -1.118666E+00  0.000000E+00
  5.124010E-01  5.451631E-02  5.000000E-01  5.175773E-01  5.510456E-02  0.000000E+00  2.274410E-02  4.076118E-04 -5.750916E-18 -1.090281E+00  0.000000E+00
  4.914140E-01  5.401898E-02  5.000000E-01  4.963783E-01  5.460222E-02  0.000000E+00  2.242886E-02  6.285940E-04 -6.354908E-18 -1.067152E+00  0.000000E+00
  4.704230E-01  5.333648E-02  5.000000E-01  4.751754E-01  5.391282E-02  0.000000E+00  2.211606E-02  7.855437E-04 -7.029849E-18 -1.051303E+00  0.000000E+00
  1.696960E-04 -4.797647E-04  5.000000E-01  1.730287E-04 -4.469086E-04  0.000000E+00 -6.436609E-02  9.275747E-02 -6.420909E-14  5.426116E-01  0.000000E+00
  8.054360E-04 -9.762293E-04  5.000000E-01  8.151890E-04 -9.483869E-04  0.000000E+00 -4.689515E-02  3.278531E-02 -4.989878E-14  1.107821E+00  0.000000E+00
  1.973980E-03 -1.581785E-03  5.000000E-01  1.995534E-03 -1.560058E-03  0.000000E+00 -2.099544E-02  1.042790E-02 -2.748441E-14  1.176780E+00  0.000000E+00
  3.614630E-03 -2.294426E-03  5.000000E-01  3.652753E-03 -2.279896E-03  0.000000E+00 -4.000556E-03  1.745248E-03 -9.437643E-15  1.152607E+00  0.000000E+00
  5.721210E-03 -3.122528E-03  5.000000E-01  5.780607E-03 -3.116361E-03  0.000000E+00  5.068239E-03 -1.875405E-03 -7.829167E-17  1.121974E+00  0.000000E+00
  8.297500E-03 -4.063551E-03  5.000000E-01  8.382914E-03 -4.066887E-03  0.000000E+00  9.371323E-03 -3.269981E-03  2.382715E-15  1.077430E+00  0.000000E+00
  1.136560E-02 -5.097823E-03  5.000000E-01  1.148200E-02 -5.111604E-03  0.000000E+00  1.113453E-02 -3.615512E-03  1.756554E-15  1.022847E+00  0.000000E+00
  1.493280E-02 -6.214055E-03  5.000000E-01  1.508522E-02 -6.239109E-03  0.000000E+00  1.172637E-02 -3.577846E-03  6.672451E-16  9.682434E-01  0.000000E+00
  1.899460E-02 -7.420535E-03  5.000000E-01  1.918804E-02 -7.457772E-03  0.000000E+00  1.198048E-02 -3.505970E-03  5.052374E-17  9.175103E-01  0.000000E+00
  2.354800E-02 -8.733282E-03  5.000000E-01  2.378743E-02 -8.783777E-03  0.000000E+00  1.231356E-02 -3.496410E-03 -1.162854E-16  8.676221E-01  0.000000E+00
  2.860130E-02 -1.014779E-02  5.000000E-01  2.889176E-02 -1.021257E-02  0.000000E+00  1.284346E-02 -3.533620E-03 -8.858204E-17  8.159242E-01  0.000000E+00
  3.416500E-02 -1.165296E-02  5.000000E-01  3.451165E-02 -1.173294E-02  0.000000E+00  1.355105E-02 -3.598884E-03 -3.462020E-17  7.636449E-01  0.000000E+00
  4.024810E-02 -1.323962E-02  5.000000E-01  4.065618E-02 -1.333562E-02  0.000000E+00  1.437729E-02 -3.673022E-03 -4.704186E-18  7.116995E-01  0.000000E+00
  4.686030E-02 -1.489549E-02  5.000000E-01  4.733516E-02 -1.500822E-02  0.000000E+00  1.525766E-02 -3.736324E-03  4.133733E-18  6.598739E-01  0.000000E+00
  5.401090E-02 -1.660892E-02  5.000000E-01  5.455797E-02 -1.673895E-02  0.000000E+00  1.614551E-02 -3.780544E-03  3.544893E-18  6.082384E-01  0.000000E+00
  6.170850E-02 -1.837133E-02  5.000000E-01  6.233331E-02 -1.851915E-02  0.000000E+00  1.701532E-02 -3.797484E-03  1.573222E-18  5.564236E-01  0.000000E+00
  6.996310E-02 -2.016844E-02  5.000000E-01  7.067127E-02 -2.033442E-02  0.000000E+00  1.785334E-02 -3.774740E-03  1.084649E-18  5.037316E-01  0.000000E+00
  7.878500E-02 -2.198073E-02  5.000000E-01  7.958226E-02 -2.216501E-02  0.000000E+00  1.865638E-02 -3.708775E-03  2.682121E-18  4.503671E-01  0.000000E+00
  8.818390E-02 -2.378917E-02  5.000000E-01  8.907608E-02 -2.399171E-02  0.000000E+00  1.942567E-02 -3.599753E-03  2.166272E-18  3.967738E-01  0.000000E+00
  9.816930E-02 -2.557138E-02  5.000000E-01  9.916232E-02 -2.579192E-02  0.000000E+00  2.015544E-02 -3.443129E-03 -2.292911E-19  3.430234E-01  0.000000E+00
  1.087500E-01 -2.730070E-02  5.000000E-01  1.098499E-01 -2.753870E-02  0.000000E+00  2.082909E-02 -3.235577E-03 -3.024633E-19  2.895506E-01  0.000000E+00
  1.199340E-01 -2.895012E-02  5.000000E-01  1.211468E-01 -2.920478E-02  0.000000E+00  2.141145E-02 -2.972347E-03  1.163760E-19  2.370712E-01  0.000000E+00
  1.317280E-01 -3.048797E-02  5.000000E-01  1.330599E-01 -3.075817E-02  0.000000E+00  2.184199E-02 -2.645042E-03  7.179102E-20  1.864411E-01  0.000000E+00
  1.441380E-01 -3.187750E-02  5.000000E-01  1.455953E-01 -3.216173E-02  0.000000E+00  2.205071E-02 -2.254193E-03  1.060774E-18  1.394375E-01  0.000000E+00
  1.441380E-01 -3.187750E-02  5.000000E-01  1.455953E-01 -3.216173E-02  0.000000E+00  2.205071E-02 -2.254193E-03  1.060774E-18  1.394375E-01  0.000000E+00
  1.571670E-01 -3.308305E-02  5.000000E-01  1.587558E-01 -3.337945E-02  0.000000E+00  2.198914E-02 -1.814062E-03  1.917499E-18  9.860231E-02  0.000000E+00
  1.708170E-01 -3.407084E-02  5.000000E-01  1.725437E-01 -3.437721E-02  0.000000E+00  2.167091E-02 -1.354647E-03  1.514705E-18  6.658743E-02  0.000000E+00
  1.850860E-01 -3.481868E-02  5.000000E-01  1.869568E-01 -3.513260E-02  0.000000E+00  2.120443E-02 -9.286929E-04 -2.768028E-19  4.560697E-02  0.000000E+00
  1.999720E-01 -3.533711E-02  5.000000E-01  2.019931E-01 -3.565628E-02  0.000000E+00  2.077404E-02 -6.038081E-04 -2.612708E-19  3.621935E-02  0.000000E+00
  2.154670E-01 -3.569396E-02  5.000000E-01  2.176446E-01 -3.601673E-02  0.000000E+00  2.052480E-02 -4.052993E-04  4.754869E-19  3.386504E-02  0.000000E+00
  2.315610E-01 -3.596073E-02  5.000000E-01  2.339011E-01 -3.628619E-02  0.000000E+00  2.044415E-02 -2.696225E-04  5.552695E-19  2.830753E-02  0.000000E+00
  2.482400E-01 -3.612844E-02  5.000000E-01  2.507486E-01 -3.645560E-02  0.000000E+00  2.043460E-02 -1.285325E-04  7.508304E-19  1.403292E-02  0.000000E+00
  2.654840E-01 -3.617305E-02  5.000000E-01  2.681667E-01 -3.650066E-02  0.000000E+00  2.042142E-02  3.500860E-05  9.593640E-21 -5.720093E-03  0.000000E+00
  2.832720E-01 -3.606526E-02  5.000000E-01  2.861343E-01 -3.639178E-02  0.000000E+00  2.035336E-02  2.206603E-04 -7.104407E-19 -2.575185E-02  0.000000E+00
  3.015770E-01 -3.577781E-02  5.000000E-01  3.046242E-01 -3.610143E-02  0.000000E+00  2.019749E-02  4.202898E-04 -1.938853E-19 -4.232492E-02  0.000000E+00
  3.203660E-01 -3.528932E-02  5.000000E-01  3.236030E-01 -3.560800E-02  0.000000E+00  1.993811E-02  6.230757E-04  9.853803E-19 -5.376312E-02  0.000000E+00
  3.396030E-01 -3.458528E-02  5.000000E-01  3.430342E-01 -3.489685E-02  0.000000E+00  1.957850E-02  8.174738E-04  1.526804E-18 -5.962568E-02  0.000000E+00
  3.592490E-01 -3.366138E-02  5.000000E-01  3.628786E-01 -3.396362E-02  0.000000E+00  1.913675E-02  9.937466E-04  1.191657E-18 -6.005305E-02  0.000000E+00
  3.792580E-01 -3.252178E-02  5.000000E-01  3.830897E-01 -3.281251E-02  0.000000E+00  1.863499E-02  1.147073E-03  3.332411E-19 -5.564861E-02  0.000000E+00
  3.995810E-01 -3.117475E-02  5.000000E-01  4.036179E-01 -3.145188E-02  0.000000E+00  1.809305E-02  1.275744E-03 -7.630529E-20 -4.717024E-02  0.000000E+00
  4.201670E-01 -2.963356E-02  5.000000E-01  4.244118E-01 -2.989513E-02  0.000000E+00  1.752526E-02  1.379613E-03 -6.688693E-19 -3.533247E-02  0.000000E+00
  4.409600E-01 -2.791410E-02  5.000000E-01  4.454148E-01 -2.815830E-02  0.000000E+00  1.693866E-02  1.460445E-03 -5.694667E-19 -2.082074E-02  0.000000E+00
  4.619030E-01 -2.603226E-02  5.000000E-01  4.665693E-01 -2.625745E-02  0.000000E+00  1.633656E-02  1.520208E-03 -2.286656E-20 -4.127039E-03  0.000000E+00
  4.829360E-01 -2.400532E-02  5.000000E-01  4.878147E-01 -2.421004E-02  0.000000E+00  1.572453E-02  1.559256E-03  2.518592E-19  1.454734E-02  0.000000E+00
  5.039990E-01 -2.185547E-02  5.000000E-01  5.090904E-01 -2.203848E-02  0.000000E+00  1.511251E-02  1.577001E-03  1.943017E-19  3.505851E-02  0.000000E+00
  5.250310E-01 -1.961066E-02  5.000000E-01  5.303348E-01 -1.977101E-02  0.000000E+00  1.451244E-02  1.574239E-03  2.919920E-19  5.698012E-02  0.000000E+00
  5.459710E-01 -1.730144E-02  5.000000E-01  5.514863E-01 -1.743846E-02  0.000000E+00  1.393613E-02  1.553884E-03  8.374835E-19  7.958371E-02  0.000000E+00
  5.667600E-01 -1.495722E-02  5.000000E-01  5.724853E-01 -1.507057E-02  0.000000E+00  1.339717E-02  1.518231E-03  1.472659E-18  1.022866E-01  0.000000E+00
  4.704230E-01  5.333648E-02  5.000000E-01  4.751754E-01  5.391282E-02  0.000000E+00  2.211606E-02  7.855437E-04 -7.029849E-18 -1.051303E+00  0.000000E+00
  4.494880E-01  5.252669E-02  5.000000E-01  4.540289E-01  5.309485E-02  0.000000E+00  2.190537E-02  8.850475E-04 -7.714150E-18 -1.043015E+00  0.000000E+00
  4.286690E-01  5.164784E-02  5.000000E-01  4.329997E-01  5.220712E-02  0.000000E+00  2.184717E-02  9.503657E-04 -7.638880E-18 -1.040287E+00  0.000000E+00
  4.080230E-01  5.072433E-02  5.000000E-01  4.121452E-01  5.127429E-02  0.000000E+00  2.195009E-02  1.015668E-03 -7.956573E-18 -1.039683E+00  0.000000E+00
  3.876050E-01  4.974991E-02  5.000000E-01  3.915210E-01  5.029003E-02  0.000000E+00  2.216272E-02  1.096324E-03 -9.981259E-18 -1.038973E+00  0.000000E+00
  3.674690E-01  4.871954E-02  5.000000E-01  3.711816E-01  4.924925E-02  0.000000E+00  2.241075E-02  1.189585E-03 -1.160051E-17 -1.037570E+00  0.000000E+00
  3.476650E-01  4.763074E-02  5.000000E-01  3.511776E-01  4.814945E-02  0.000000E+00  2.264715E-02  1.291931E-03 -1.160323E-17 -1.035435E+00  0.000000E+00
  3.282390E-01  4.648247E-02  5.000000E-01  3.315555E-01  4.698959E-02  0.000000E+00  2.285966E-02  1.404012E-03 -1.179260E-17 -1.032481E+00  0.000000E+00
  3.092330E-01  4.527164E-02  5.000000E-01  3.123575E-01  4.576653E-02  0.000000E+00  2.305404E-02  1.530248E-03 -1.250975E-17 -1.028400E+00  0.000000E+00
  2.906860E-01  4.399161E-02  5.000000E-01  2.936232E-01  4.447358E-02  0.000000E+00  2.323124E-02  1.673156E-03 -1.266934E-17 -1.022977E+00  0.000000E+00
  2.726330E-01  4.263752E-02  5.000000E-01  2.753879E-01  4.310581E-02  0.000000E+00  2.338169E-02  1.831082E-03 -1.284286E-17 -1.016274E+00  0.000000E+00
  2.551020E-01  4.120688E-02  5.000000E-01  2.576799E-01  4.166073E-02  0.000000E+00  2.349543E-02  2.001268E-03 -1.286636E-17 -1.008466E+00  0.000000E+00
  2.381210E-01  3.970040E-02  5.000000E-01  2.405274E-01  4.013903E-02  0.000000E+00  2.357144E-02  2.183492E-03 -1.250244E-17 -9.997241E-01  0.000000E+00
  2.217090E-01  3.811744E-02  5.000000E-01  2.239496E-01  3.854009E-02  0.000000E+00  2.361214E-02  2.376192E-03 -1.213742E-17 -9.907100E-01  0.000000E+00
  2.058840E-01  3.645956E-02  5.000000E-01  2.079648E-01  3.686547E-02  0.000000E+00  2.360355E-02  2.554876E-03 -1.186700E-17 -9.840595E-01  0.000000E+00
  1.906600E-01  3.475619E-02  5.000000E-01  1.925871E-01  3.514489E-02  0.000000E+00  2.354392E-02  2.679475E-03 -1.253948E-17 -9.836290E-01  0.000000E+00
  1.760460E-01  3.306219E-02  5.000000E-01  1.778255E-01  3.343378E-02  0.000000E+00  2.350913E-02  2.754093E-03 -1.715263E-17 -9.901759E-01  0.000000E+00
  1.620500E-01  3.140510E-02  5.000000E-01  1.636881E-01  3.175996E-02  0.000000E+00  2.360040E-02  2.823416E-03 -2.661021E-17 -1.000894E+00  0.000000E+00
  1.486750E-01  2.978935E-02  5.000000E-01  1.501781E-01  3.012789E-02  0.000000E+00  2.384370E-02  2.919215E-03 -4.124685E-17 -1.012717E+00  0.000000E+00
  1.359210E-01  2.820806E-02  5.000000E-01  1.372953E-01  2.853063E-02  0.000000E+00  2.418854E-02  3.050318E-03 -6.405006E-17 -1.023747E+00  0.000000E+00
  1.237890E-01  2.665319E-02  5.000000E-01  1.250407E-01  2.696006E-02  0.000000E+00  2.456087E-02  3.214277E-03 -1.001285E-16 -1.033227E+00  0.000000E+00
  1.122730E-01  2.511561E-02  5.000000E-01  1.134084E-01  2.540695E-02  0.000000E+00  2.490540E-02  3.405849E-03 -1.603804E-16 -1.041182E+00  0.000000E+00
  1.013710E-01  2.358982E-02  5.000000E-01  1.023964E-01  2.386575E-02  0.000000E+00  2.519679E-02  3.618504E-03 -2.630690E-16 -1.048181E+00  0.000000E+00
  9.107400E-02  2.207383E-02  5.000000E-01  9.199536E-02  2.233445E-02  0.000000E+00  2.543757E-02  3.851514E-03 -4.395757E-16 -1.054773E+00  0.000000E+00
  9.107400E-02  2.207383E-02  5.000000E-01  9.199536E-02  2.233445E-02  0.000000E+00  2.543757E-02  3.851514E-03 -4.395757E-16 -1.054773E+00  0.000000E+00
  8.137660E-02  2.056536E-02  5.000000E-01  8.220003E-02  2.081075E-02  0.000000E+00  2.563569E-02  4.103388E-03 -7.472342E-16 -1.061693E+00  0.000000E+00
  7.227050E-02  1.906671E-02  5.000000E-01  7.300197E-02  1.929697E-02  0.000000E+00  2.579579E-02  4.368353E-03 -1.283305E-15 -1.069944E+00  0.000000E+00
  6.374670E-02  1.758287E-02  5.000000E-01  6.439209E-02  1.779813E-02  0.000000E+00  2.592888E-02  4.647673E-03 -2.218184E-15 -1.080192E+00  0.000000E+00
  5.579720E-02  1.611700E-02  5.000000E-01  5.636231E-02  1.631746E-02  0.000000E+00  2.603574E-02  4.937621E-03 -3.839240E-15 -1.093339E+00  0.000000E+00
  4.841260E-02  1.467749E-02  5.000000E-01  4.890313E-02  1.486342E-02  0.000000E+00  2.611460E-02  5.233028E-03 -6.593599E-15 -1.110372E+00  0.000000E+00
  4.158390E-02  1.327203E-02  5.000000E-01  4.200547E-02  1.344376E-02  0.000000E+00  2.617066E-02  5.540424E-03 -1.107986E-14 -1.131679E+00  0.000000E+00
  3.530370E-02  1.190533E-02  5.000000E-01  3.566185E-02  1.206326E-02  0.000000E+00  2.618511E-02  5.854578E-03 -1.788483E-14 -1.158095E+00  0.000000E+00
  2.956270E-02  1.058680E-02  5.000000E-01  2.986287E-02  1.073142E-02  0.000000E+00  2.613104E-02  6.170795E-03 -2.717024E-14 -1.190285E+00  0.000000E+00
  2.435310E-02  9.322877E-03  5.000000E-01  2.460066E-02  9.454729E-03  0.000000E+00  2.596898E-02  6.501154E-03 -3.792347E-14 -1.227660E+00  0.000000E+00
  1.967110E-02  8.113969E-03  5.000000E-01  1.987137E-02  8.233613E-03  0.000000E+00  2.556518E-02  6.816513E-03 -4.726753E-14 -1.270532E+00  0.000000E+00
  1.550860E-02  6.967174E-03  5.000000E-01  1.566684E-02  7.075236E-03  0.000000E+00  2.474229E-02  7.068661E-03 -5.098896E-14 -1.319212E+00  0.000000E+00
  1.185930E-02  5.886109E-03  5.000000E-01  1.198068E-02  5.983253E-03  0.000000E+00  2.340153E-02  7.250367E-03 -4.581625E-14 -1.371857E+00  0.000000E+00
  8.724160E-03  4.866945E-03  5.000000E-01  8.813883E-03  4.953797E-03  0.000000E+00  2.166445E-02  7.388131E-03 -3.221405E-14 -1.428028E+00  0.000000E+00
  6.091130E-03  3.917865E-03  5.000000E-01  6.154263E-03  3.995132E-03  0.000000E+00  2.041151E-02  7.869041E-03 -1.604009E-14 -1.483160E+00  0.000000E+00
  3.952840E-03  3.041605E-03  5.000000E-01  3.994378E-03  3.110023E-03  0.000000E+00  2.120884E-02  9.782981E-03 -5.724229E-15 -1.520301E+00  0.000000E+00
  2.330070E-03  2.225441E-03  5.000000E-01  2.355220E-03  2.285616E-03  0.000000E+00  2.428485E-02  1.424085E-02 -5.117269E-15 -1.527909E+00  0.000000E+00
  1.198080E-03  1.487507E-03  5.000000E-01  1.211798E-03  1.540230E-03  0.000000E+00  2.761522E-02  2.142573E-02 -1.121025E-14 -1.515903E+00  0.000000E+00
  5.019560E-04  8.608652E-04  5.000000E-01  5.086442E-04  9.072601E-04  0.000000E+00  3.038557E-02  3.349315E-02 -1.953922E-14 -1.527417E+00  0.000000E+00
  1.313430E-04  3.773670E-04  5.000000E-01  1.342884E-04  4.188792E-04  0.000000E+00  3.497736E-02  7.019206E-02 -2.828881E-14 -1.563382E+00  0.000000E+00
  8.078190E-06  6.910919E-05  5.000000E-01  9.778777E-06  1.075083E-04  0.000000E+00  3.044718E-02  1.730362E-01 -3.921815E-14 -1.483605E+00  0.000000E+00
 -1.602820E-06 -3.732423E-05  5.000000E-01  0.000000E+00  0.000000E+00  0.000000E+00 -4.974107E-03  2.520635E-01 -5.031696E-14 -1.190057E+00  0.000000E+00
  9.141860E-06 -1.473579E-04  5.000000E-01  1.085319E-05 -1.111449E-04  0.000000E+00 -4.976520E-02  1.967997E-01 -6.108615E-14 -4.670703E-01  0.000000E+00
  1.696960E-04 -4.797647E-04  5.000000E-01  1.730287E-04 -4.469086E-04  0.000000E+00 -6.436609E-02  9.275747E-02 -6.420909E-14  5.426116E-01  0.000000E+00
    1    2
    2    3
    3    4
    4    5
    5    6
    6    7
    7    8
    8    9
    9   10
   10   11
   11   12
   12   13
   13   14
   14   15
   15   16
   16   17
   17   18
   18   19
   19   20
   20   21
   21   22
   22   23
   23   24
   25   26
   26   27
   27   28
   28   29
   29   30
   30   31
   31   32
   32   33
   33   34
   34   35
   35   36
   36   37
   37   38
   38   39
   39   40
   40   41
   41   42
   42   43
   43   44
   44   45
   45   46
   46   47
   47   48
   49   50
   50   51
   51   52
   52   53
   53   54
   54   55
   55   56
   56   57
   57   58
   58   59
   59   60
   60   61
   61   62
   62   63
   63   64
   64   65
   65   66
   66   67
   67   68
   68   69
   69   70
   70   71
   71   72
   73   74
   74   75
   75   76
   76   77
   77   78
   78   79
   79   80
   80   81
   81   82
   82   83
   83   84
   84   85
   85   86
   86   87
   87   88
   88   89
   89   90
   90   91
   91   92
   92   93
   93   94
   94   95
   95   96
   97   98
   98   99
   99  100
  100  101
  101  102
  102  103
  103  104
  104  105
  105  106
  106  107
  107  108
  108  109
  109  110
  110  111
  111  112
  112  113
  113  114
  114  115
  115  116
  116  117
  117  118
  118  119
  119  120
  121  122
  122  123
  123  124
  124  125
  125  126
  126  127
  127  128
  128  129
  129  130
  130  131
  131  132
  132  133
  133  134
  134  135
  135  136
  136  137
  137  138
  138  139
  139  140
  140  141
  141  142
  142  143
  143  144
  145  146
  146  147
  147  148
  148  149
  149  150
  150  151
  151  152
  152  153
  153  154
  154  155
  155  156
  156  157
  157  158
  158  159
  159  160
  160  161
  161  162
  162  163
  163  164
  164  165
  165  166
  166  167
  167  168
  169  170
  170  171
  171  172
  172  173
  173  174
  174  175
  175  176
  176  177
  177  178
  178  179
  179  180
  180  181
  181  182
  182  183
  183  184
  184  185
  185  186
  186  187
  187  188
  188  189
  189  190
  190  191
  191  192
