 Title = "ADflow Slice Data"
Variables =  "CoordinateX"  "CoordinateY"  "CoordinateZ"  "XoC"  "YoC"  "ZoC" "VelocityX" "VelocityY" "VelocityZ" "CoefPressure" "Mach" 
Zone T= "Slice_0001 None Absolute Regular z = 0.50000000"
 Nodes =          192  Elements=          184  ZONETYPE=FELINESEG
 DATAPACKING=POINT
  5.667600E-01 -1.405429E-02  5.000000E-01  5.724853E-01 -1.416936E-02  0.000000E+00  1.368103E-02  1.459850E-03 -1.038994E-18  1.015921E-01  0.000000E+00
  5.873410E-01 -1.182178E-02  5.000000E-01  5.932741E-01 -1.191430E-02  0.000000E+00  1.317297E-02  1.437356E-03 -1.195532E-18  1.218712E-01  0.000000E+00
  6.076580E-01 -9.591343E-03  5.000000E-01  6.137963E-01 -9.661338E-03  0.000000E+00  1.268896E-02  1.389366E-03  5.412595E-19  1.441340E-01  0.000000E+00
  6.276600E-01 -7.408441E-03  5.000000E-01  6.340003E-01 -7.456390E-03  0.000000E+00  1.226143E-02  1.324845E-03  2.100643E-18  1.655785E-01  0.000000E+00
  6.472970E-01 -5.309882E-03  5.000000E-01  6.538356E-01 -5.336638E-03  0.000000E+00  1.190201E-02  1.252662E-03  6.362743E-19  1.846978E-01  0.000000E+00
  6.665260E-01 -3.318861E-03  5.000000E-01  6.732588E-01 -3.325510E-03  0.000000E+00  1.160714E-02  1.179062E-03  1.867997E-18  2.012943E-01  0.000000E+00
  6.853050E-01 -1.449031E-03  5.000000E-01  6.922274E-01 -1.436797E-03  0.000000E+00  1.136442E-02  1.105710E-03  2.130878E-18  2.159859E-01  0.000000E+00
  7.035980E-01  2.886104E-04  5.000000E-01  7.107052E-01  3.183924E-04  0.000000E+00  1.115233E-02  1.031694E-03  5.696162E-19  2.293794E-01  0.000000E+00
  7.213750E-01  1.888135E-03  5.000000E-01  7.286617E-01  1.934070E-03  0.000000E+00  1.093871E-02  9.563609E-04  1.144791E-18  2.417265E-01  0.000000E+00
  7.386080E-01  3.349705E-03  5.000000E-01  7.460687E-01  3.410401E-03  0.000000E+00  1.068837E-02  8.805724E-04  2.456576E-20  2.533264E-01  0.000000E+00
  7.552750E-01  4.681255E-03  5.000000E-01  7.629041E-01  4.755397E-03  0.000000E+00  1.038006E-02  8.076918E-04  5.021183E-19  2.647143E-01  0.000000E+00
  7.713580E-01  5.897096E-03  5.000000E-01  7.791495E-01  5.983518E-03  0.000000E+00  1.002655E-02  7.388715E-04  3.005260E-19  2.764294E-01  0.000000E+00
  7.868410E-01  7.008628E-03  5.000000E-01  7.947888E-01  7.106275E-03  0.000000E+00  9.698122E-03  6.556400E-04 -6.740021E-19  2.901836E-01  0.000000E+00
  8.017160E-01  7.954644E-03  5.000000E-01  8.098141E-01  8.061845E-03  0.000000E+00  9.501151E-03  5.340471E-04 -8.389033E-19  3.062798E-01  0.000000E+00
  8.159740E-01  8.649304E-03  5.000000E-01  8.242160E-01  8.763520E-03  0.000000E+00  9.503277E-03  3.799645E-04 -1.764466E-18  3.195825E-01  0.000000E+00
  8.296120E-01  9.072737E-03  5.000000E-01  8.379918E-01  9.191229E-03  0.000000E+00  9.709955E-03  2.121331E-04 -9.288894E-19  3.250330E-01  0.000000E+00
  8.426300E-01  9.239447E-03  5.000000E-01  8.511412E-01  9.359622E-03  0.000000E+00  1.009812E-02  3.799204E-05 -2.866322E-19  3.225030E-01  0.000000E+00
  8.550290E-01  9.179499E-03  5.000000E-01  8.636655E-01  9.299069E-03  0.000000E+00  1.063934E-02 -1.411910E-04 -3.081633E-19  3.139952E-01  0.000000E+00
  8.668160E-01  8.929680E-03  5.000000E-01  8.755715E-01  9.046727E-03  0.000000E+00  1.130429E-02 -3.241715E-04  2.117944E-19  3.008956E-01  0.000000E+00
  8.779950E-01  8.530581E-03  5.000000E-01  8.868634E-01  8.643598E-03  0.000000E+00  1.206272E-02 -5.083785E-04  1.578743E-18  2.837830E-01  0.000000E+00
  8.885730E-01  8.020997E-03  5.000000E-01  8.975482E-01  8.128867E-03  0.000000E+00  1.288494E-02 -6.912683E-04  1.168712E-18  2.632478E-01  0.000000E+00
  8.985610E-01  7.433949E-03  5.000000E-01  9.076371E-01  7.535890E-03  0.000000E+00  1.373789E-02 -8.661004E-04 -2.041699E-19  2.398114E-01  0.000000E+00
  9.079670E-01  6.802963E-03  5.000000E-01  9.171381E-01  6.898533E-03  0.000000E+00  1.458189E-02 -1.020483E-03 -3.720151E-19  2.139408E-01  0.000000E+00
  9.168010E-01  6.160366E-03  5.000000E-01  9.260613E-01  6.249446E-03  0.000000E+00  1.537898E-02 -1.145284E-03  7.700258E-19  1.867028E-01  0.000000E+00
  9.168010E-01  6.160366E-03  5.000000E-01  9.260613E-01  6.249446E-03  0.000000E+00  1.537898E-02 -1.145284E-03  7.700258E-19  1.867028E-01  0.000000E+00
  9.250730E-01  5.530829E-03  5.000000E-01  9.344168E-01  5.613552E-03  0.000000E+00  1.610581E-02 -1.241805E-03  1.007094E-18  1.596321E-01  0.000000E+00
  9.327940E-01  4.928496E-03  5.000000E-01  9.422158E-01  5.005136E-03  0.000000E+00  1.676190E-02 -1.321838E-03 -4.369501E-19  1.340479E-01  0.000000E+00
  9.399760E-01  4.356572E-03  5.000000E-01  9.494703E-01  4.427436E-03  0.000000E+00  1.736359E-02 -1.396983E-03 -8.403029E-19  1.102179E-01  0.000000E+00
  9.466320E-01  3.815709E-03  5.000000E-01  9.561935E-01  3.881111E-03  0.000000E+00  1.793114E-02 -1.471786E-03 -2.150291E-19  8.739897E-02  0.000000E+00
  9.527730E-01  3.306690E-03  5.000000E-01  9.623966E-01  3.366951E-03  0.000000E+00  1.848934E-02 -1.552752E-03  1.167551E-18  6.504625E-02  0.000000E+00
  9.584110E-01  2.827348E-03  5.000000E-01  9.680915E-01  2.882769E-03  0.000000E+00  1.907102E-02 -1.650543E-03  1.593495E-18  4.292378E-02  0.000000E+00
  9.635570E-01  2.374431E-03  5.000000E-01  9.732895E-01  2.425278E-03  0.000000E+00  1.971017E-02 -1.771040E-03  4.429053E-19  2.031041E-02  0.000000E+00
  9.682220E-01  1.946856E-03  5.000000E-01  9.780016E-01  1.993384E-03  0.000000E+00  2.043900E-02 -1.914866E-03  3.145437E-19 -3.886378E-03  0.000000E+00
  9.724140E-01  1.545892E-03  5.000000E-01  9.822359E-01  1.588371E-03  0.000000E+00  2.130564E-02 -2.090035E-03  4.230139E-19 -3.030109E-02  0.000000E+00
  9.761430E-01  1.171456E-03  5.000000E-01  9.860026E-01  1.210154E-03  0.000000E+00  2.239238E-02 -2.313727E-03 -1.454237E-18 -5.939033E-02  0.000000E+00
  9.794160E-01  8.242771E-04  5.000000E-01  9.893086E-01  8.594687E-04  0.000000E+00  2.380154E-02 -2.599401E-03 -4.861687E-18 -9.224140E-02  0.000000E+00
  9.822400E-01  5.074316E-04  5.000000E-01  9.921611E-01  5.394234E-04  0.000000E+00  2.558469E-02 -2.949326E-03 -8.381630E-18 -1.303158E-01  0.000000E+00
  9.846200E-01  2.260654E-04  5.000000E-01  9.945652E-01  2.552157E-04  0.000000E+00  2.761196E-02 -3.350460E-03 -1.139971E-17 -1.739742E-01  0.000000E+00
  9.865620E-01 -1.453632E-05  5.000000E-01  9.965268E-01  1.218417E-05  0.000000E+00  2.943862E-02 -3.715304E-03 -1.289338E-17 -2.213279E-01  0.000000E+00
  9.880680E-01 -2.086063E-04  5.000000E-01  9.980480E-01 -1.838457E-04  0.000000E+00  2.991886E-02 -3.832301E-03 -1.568571E-17 -2.786090E-01  0.000000E+00
  9.891420E-01 -3.514242E-04  5.000000E-01  9.991328E-01 -3.281059E-04  0.000000E+00  2.819086E-02 -3.919447E-03 -5.090364E-17 -3.456392E-01  0.000000E+00
  9.897860E-01 -4.389489E-04  5.000000E-01  9.997834E-01 -4.165145E-04  0.000000E+00  3.797468E-02 -4.022955E-03 -1.792511E-16 -2.918884E-01  0.000000E+00
  9.900000E-01 -4.683024E-04  5.000000E-01  9.999995E-01 -4.461645E-04  0.000000E+00  2.624588E-02  5.265208E-03  2.247510E-17 -5.847048E-01  0.000000E+00
  9.900000E-01 -1.843755E-04  5.000000E-01  9.999995E-01 -1.593702E-04  0.000000E+00  1.234359E-03 -7.893854E-03  1.379637E-15 -8.115517E-01  0.000000E+00
  9.900000E-01  9.955134E-05  5.000000E-01  9.999995E-01  1.274240E-04  0.000000E+00 -4.480068E-04 -2.276395E-02  2.968343E-15 -6.311262E-01  0.000000E+00
  9.900000E-01  3.834782E-04  5.000000E-01  9.999995E-01  4.142182E-04  0.000000E+00 -1.443689E-04 -8.861959E-03  3.594514E-15 -6.310017E-01  0.000000E+00
  9.900000E-01  6.674051E-04  5.000000E-01  9.999995E-01  7.010125E-04  0.000000E+00  4.657508E-04 -5.229118E-03  3.470912E-15 -6.909396E-01  0.000000E+00
  9.900000E-01  9.513320E-04  5.000000E-01  9.999995E-01  9.878067E-04  0.000000E+00  6.816476E-03 -6.643894E-03  3.195074E-15 -6.326642E-01  0.000000E+00
  9.900000E-01  9.513320E-04  5.000000E-01  9.999995E-01  9.878067E-04  0.000000E+00  6.816476E-03 -6.643894E-03  3.195074E-15 -6.326642E-01  0.000000E+00
  9.897890E-01  1.017904E-03  5.000000E-01  9.997864E-01  1.055051E-03  0.000000E+00  9.044321E-03 -3.479739E-03  2.691299E-15 -5.550249E-01  0.000000E+00
  9.891540E-01  1.218674E-03  5.000000E-01  9.991450E-01  1.257848E-03  0.000000E+00  4.587197E-03 -1.357264E-03  1.775364E-15 -5.736058E-01  0.000000E+00
  9.880950E-01  1.555407E-03  5.000000E-01  9.980753E-01  1.597983E-03  0.000000E+00  3.040583E-03 -9.659848E-04  9.832049E-16 -5.731310E-01  0.000000E+00
  9.866100E-01  2.031333E-03  5.000000E-01  9.965753E-01  2.078714E-03  0.000000E+00  1.996701E-03 -6.539653E-04  4.779584E-16 -5.652043E-01  0.000000E+00
  9.846960E-01  2.650663E-03  5.000000E-01  9.946419E-01  2.704299E-03  0.000000E+00  1.006075E-03 -3.267634E-04  2.070439E-16 -5.615418E-01  0.000000E+00
  9.823490E-01  3.418254E-03  5.000000E-01  9.922712E-01  3.479642E-03  0.000000E+00  1.920376E-04 -6.150080E-05  7.199161E-17 -5.605375E-01  0.000000E+00
  9.795670E-01  4.338756E-03  5.000000E-01  9.894612E-01  4.409440E-03  0.000000E+00 -4.247414E-04  1.417079E-04  8.963245E-18 -5.607601E-01  0.000000E+00
  9.763420E-01  5.417951E-03  5.000000E-01  9.862036E-01  5.499534E-03  0.000000E+00 -8.735822E-04  2.939610E-04 -1.435325E-17 -5.621975E-01  0.000000E+00
  9.726710E-01  6.659579E-03  5.000000E-01  9.824955E-01  6.753700E-03  0.000000E+00 -1.178701E-03  4.004560E-04 -1.647289E-17 -5.647420E-01  0.000000E+00
  9.685460E-01  8.066821E-03  5.000000E-01  9.783289E-01  8.175154E-03  0.000000E+00 -1.356941E-03  4.645256E-04 -9.488933E-18 -5.679792E-01  0.000000E+00
  9.639600E-01  9.641832E-03  5.000000E-01  9.736965E-01  9.766071E-03  0.000000E+00 -1.424211E-03  4.904798E-04 -2.939612E-18 -5.714036E-01  0.000000E+00
  9.589060E-01  1.138677E-02  5.000000E-01  9.685915E-01  1.152863E-02  0.000000E+00 -1.400044E-03  4.842732E-04 -4.986500E-19 -5.745363E-01  0.000000E+00
  9.533750E-01  1.330284E-02  5.000000E-01  9.630046E-01  1.346405E-02  0.000000E+00 -1.309465E-03  4.539225E-04 -5.088430E-20 -5.770040E-01  0.000000E+00
  9.473580E-01  1.538881E-02  5.000000E-01  9.569269E-01  1.557109E-02  0.000000E+00 -1.181686E-03  4.093444E-04 -5.512814E-19 -5.786056E-01  0.000000E+00
  9.408450E-01  1.764141E-02  5.000000E-01  9.503481E-01  1.784643E-02  0.000000E+00 -1.046618E-03  3.611260E-04 -5.011289E-19 -5.793519E-01  0.000000E+00
  9.338260E-01  2.005538E-02  5.000000E-01  9.432582E-01  2.028479E-02  0.000000E+00 -9.309419E-04  3.187699E-04 -1.262150E-19 -5.794573E-01  0.000000E+00
  9.262910E-01  2.262238E-02  5.000000E-01  9.356471E-01  2.287771E-02  0.000000E+00 -8.553687E-04  2.893919E-04 -8.078202E-19 -5.792680E-01  0.000000E+00
  9.182290E-01  2.532969E-02  5.000000E-01  9.275037E-01  2.561235E-02  0.000000E+00 -8.340227E-04  2.772279E-04 -1.101130E-18 -5.791528E-01  0.000000E+00
  9.096280E-01  2.815975E-02  5.000000E-01  9.188158E-01  2.847100E-02  0.000000E+00 -8.749863E-04  2.837363E-04 -6.854343E-19 -5.794697E-01  0.000000E+00
  9.004770E-01  3.108932E-02  5.000000E-01  9.095724E-01  3.143015E-02  0.000000E+00 -9.807477E-04  3.078606E-04  4.481106E-19 -5.805473E-01  0.000000E+00
  8.907650E-01  3.408777E-02  5.000000E-01  8.997623E-01  3.445889E-02  0.000000E+00 -1.149447E-03  3.458526E-04 -1.291157E-18 -5.825042E-01  0.000000E+00
  8.804800E-01  3.711417E-02  5.000000E-01  8.893735E-01  3.751585E-02  0.000000E+00 -1.376015E-03  3.908058E-04 -1.569388E-18 -5.852277E-01  0.000000E+00
  8.696090E-01  4.011339E-02  5.000000E-01  8.783927E-01  4.054535E-02  0.000000E+00 -1.649015E-03  4.336038E-04  4.413095E-19 -5.886762E-01  0.000000E+00
  8.696090E-01  4.011339E-02  5.000000E-01  8.783927E-01  4.054535E-02  0.000000E+00 -1.649015E-03  4.336038E-04  4.413095E-19 -5.886762E-01  0.000000E+00
  8.581400E-01  4.301425E-02  5.000000E-01  8.668079E-01  4.347551E-02  0.000000E+00 -1.949185E-03  4.651707E-04 -2.722062E-20 -5.922590E-01  0.000000E+00
  8.460600E-01  4.573386E-02  5.000000E-01  8.546059E-01  4.622259E-02  0.000000E+00 -2.257240E-03  4.767452E-04 -2.028422E-18 -5.939654E-01  0.000000E+00
  8.333640E-01  4.819417E-02  5.000000E-01  8.417817E-01  4.870774E-02  0.000000E+00 -2.533274E-03  4.516456E-04 -2.531359E-18 -5.947917E-01  0.000000E+00
  8.200460E-01  5.032215E-02  5.000000E-01  8.283292E-01  5.085721E-02  0.000000E+00 -2.605176E-03  3.635475E-04 -1.679453E-18 -6.094329E-01  0.000000E+00
  8.061050E-01  5.205392E-02  5.000000E-01  8.142474E-01  5.260647E-02  0.000000E+00 -1.994980E-03  2.021290E-04 -2.841735E-19 -6.666500E-01  0.000000E+00
  7.915460E-01  5.336846E-02  5.000000E-01  7.995413E-01  5.393429E-02  0.000000E+00  1.187272E-04 -1.687073E-06  2.052889E-18 -7.816393E-01  0.000000E+00
  7.763770E-01  5.431079E-02  5.000000E-01  7.842192E-01  5.488613E-02  0.000000E+00  4.516606E-03 -1.890720E-04  2.082728E-18 -9.256675E-01  0.000000E+00
  7.606070E-01  5.495490E-02  5.000000E-01  7.682899E-01  5.553675E-02  0.000000E+00  1.090191E-02 -2.775809E-04 -1.096650E-19 -1.040400E+00  0.000000E+00
  7.442510E-01  5.530831E-02  5.000000E-01  7.517687E-01  5.589373E-02  0.000000E+00  1.719834E-02 -1.865415E-04 -2.859163E-18 -1.090703E+00  0.000000E+00
  7.273250E-01  5.538591E-02  5.000000E-01  7.346718E-01  5.597211E-02  0.000000E+00  2.104982E-02  4.793102E-05 -6.449344E-18 -1.088989E+00  0.000000E+00
  7.098490E-01  5.523324E-02  5.000000E-01  7.170193E-01  5.581790E-02  0.000000E+00  2.195772E-02  2.690596E-04 -9.922166E-18 -1.069120E+00  0.000000E+00
  6.918480E-01  5.493431E-02  5.000000E-01  6.988365E-01  5.551595E-02  0.000000E+00  2.113175E-02  3.457249E-04 -1.128275E-17 -1.057796E+00  0.000000E+00
  6.733520E-01  5.462160E-02  5.000000E-01  6.801537E-01  5.520008E-02  0.000000E+00  1.997588E-02  2.432467E-04 -9.305748E-18 -1.067301E+00  0.000000E+00
  6.543930E-01  5.447257E-02  5.000000E-01  6.610033E-01  5.504955E-02  0.000000E+00  1.932473E-02  1.591992E-05 -6.573895E-18 -1.095671E+00  0.000000E+00
  6.350090E-01  5.459555E-02  5.000000E-01  6.414235E-01  5.517377E-02  0.000000E+00  1.947663E-02 -2.264165E-04 -5.737958E-18 -1.129784E+00  0.000000E+00
  6.152440E-01  5.493445E-02  5.000000E-01  6.214589E-01  5.551609E-02  0.000000E+00  2.026824E-02 -4.049845E-04 -6.213978E-18 -1.156959E+00  0.000000E+00
  5.951420E-01  5.539486E-02  5.000000E-01  6.011539E-01  5.598115E-02  0.000000E+00  2.128737E-02 -4.869255E-04 -7.198943E-18 -1.171035E+00  0.000000E+00
  5.747530E-01  5.586428E-02  5.000000E-01  5.805590E-01  5.645531E-02  0.000000E+00  2.219340E-02 -4.419218E-04 -8.594869E-18 -1.169690E+00  0.000000E+00
  5.541290E-01  5.621783E-02  5.000000E-01  5.597267E-01  5.681243E-02  0.000000E+00  2.282216E-02 -2.568537E-04 -9.837482E-18 -1.153623E+00  0.000000E+00
  5.333260E-01  5.633348E-02  5.000000E-01  5.387136E-01  5.692925E-02  0.000000E+00  2.311127E-02  2.179700E-05 -9.560152E-18 -1.127672E+00  0.000000E+00
  5.124010E-01  5.617512E-02  5.000000E-01  5.175773E-01  5.676930E-02  0.000000E+00  2.308407E-02  3.204533E-04 -8.981363E-18 -1.098094E+00  0.000000E+00
  4.914140E-01  5.574813E-02  5.000000E-01  4.963784E-01  5.633799E-02  0.000000E+00  2.285725E-02  6.043827E-04 -7.422116E-18 -1.068356E+00  0.000000E+00
  4.704230E-01  5.506328E-02  5.000000E-01  4.751754E-01  5.564622E-02  0.000000E+00  2.254667E-02  8.663364E-04 -4.168161E-18 -1.039926E+00  0.000000E+00
  1.696960E-04 -4.669015E-04  5.000000E-01  1.730287E-04 -4.447494E-04  0.000000E+00 -6.433870E-02  9.210690E-02 -3.240232E-14  5.597386E-01  0.000000E+00
  8.054360E-04 -9.558807E-04  5.000000E-01  8.151890E-04 -9.386668E-04  0.000000E+00 -4.649973E-02  3.199603E-02 -2.524592E-14  1.117655E+00  0.000000E+00
  1.973980E-03 -1.547331E-03  5.000000E-01  1.995534E-03 -1.536090E-03  0.000000E+00 -2.042390E-02  9.904788E-03 -1.387048E-14  1.178227E+00  0.000000E+00
  3.614630E-03 -2.239373E-03  5.000000E-01  3.652753E-03 -2.235121E-03  0.000000E+00 -3.442219E-03  1.470816E-03 -4.714100E-15  1.149168E+00  0.000000E+00
  5.721210E-03 -3.039864E-03  5.000000E-01  5.780607E-03 -3.043696E-03  0.000000E+00  5.554724E-03 -1.984898E-03  1.793888E-17  1.115649E+00  0.000000E+00
  8.297500E-03 -3.945659E-03  5.000000E-01  8.382914E-03 -3.958639E-03  0.000000E+00  9.790414E-03 -3.280833E-03  1.241143E-15  1.069042E+00  0.000000E+00
  1.136560E-02 -4.936419E-03  5.000000E-01  1.148200E-02 -4.959404E-03  0.000000E+00  1.149933E-02 -3.568710E-03  9.012452E-16  1.012977E+00  0.000000E+00
  1.493280E-02 -6.000481E-03  5.000000E-01  1.508522E-02 -6.034212E-03  0.000000E+00  1.205123E-02 -3.498382E-03  3.367682E-16  9.575241E-01  0.000000E+00
  1.899460E-02 -7.145904E-03  5.000000E-01  1.918804E-02 -7.191203E-03  0.000000E+00  1.227970E-02 -3.406593E-03  2.078180E-17  9.064840E-01  0.000000E+00
  2.354800E-02 -8.388456E-03  5.000000E-01  2.378743E-02 -8.446302E-03  0.000000E+00  1.259612E-02 -3.380482E-03 -6.352085E-17  8.566368E-01  0.000000E+00
  2.860130E-02 -9.723469E-03  5.000000E-01  2.889176E-02 -9.794798E-03  0.000000E+00  1.310977E-02 -3.399218E-03 -4.612952E-17  8.052421E-01  0.000000E+00
  3.416500E-02 -1.113986E-02  5.000000E-01  3.451165E-02 -1.122550E-02  0.000000E+00  1.379470E-02 -3.442580E-03 -1.555695E-17  7.535686E-01  0.000000E+00
  4.024810E-02 -1.262860E-02  5.000000E-01  4.065618E-02 -1.272927E-02  0.000000E+00  1.458822E-02 -3.491849E-03 -7.557593E-19  7.025740E-01  0.000000E+00
  4.686030E-02 -1.417772E-02  5.000000E-01  4.733516E-02 -1.429403E-02  0.000000E+00  1.542490E-02 -3.528703E-03  2.919942E-18  6.520608E-01  0.000000E+00
  5.401090E-02 -1.577599E-02  5.000000E-01  5.455797E-02 -1.590844E-02  0.000000E+00  1.625898E-02 -3.546452E-03  1.996846E-18  6.021108E-01  0.000000E+00
  6.170850E-02 -1.741537E-02  5.000000E-01  6.233331E-02 -1.756438E-02  0.000000E+00  1.706604E-02 -3.538169E-03  7.154095E-19  5.523802E-01  0.000000E+00
  6.996310E-02 -1.908237E-02  5.000000E-01  7.067127E-02 -1.924822E-02  0.000000E+00  1.783258E-02 -3.492507E-03 -6.602153E-19  5.022217E-01  0.000000E+00
  7.878500E-02 -2.075853E-02  5.000000E-01  7.958226E-02 -2.094130E-02  0.000000E+00  1.855471E-02 -3.406746E-03 -3.372037E-19  4.519045E-01  0.000000E+00
  8.818390E-02 -2.242616E-02  5.000000E-01  8.907608E-02 -2.262577E-02  0.000000E+00  1.923200E-02 -3.281819E-03  6.254920E-19  4.019490E-01  0.000000E+00
  9.816930E-02 -2.406466E-02  5.000000E-01  9.916232E-02 -2.428082E-02  0.000000E+00  1.985603E-02 -3.114303E-03  7.446582E-19  3.525192E-01  0.000000E+00
  1.087500E-01 -2.564980E-02  5.000000E-01  1.098499E-01 -2.588196E-02  0.000000E+00  2.040714E-02 -2.902483E-03  8.721211E-20  3.041425E-01  0.000000E+00
  1.199340E-01 -2.715772E-02  5.000000E-01  1.211468E-01 -2.740511E-02  0.000000E+00  2.084844E-02 -2.644203E-03 -1.337868E-18  2.576108E-01  0.000000E+00
  1.317280E-01 -2.856113E-02  5.000000E-01  1.330599E-01 -2.882270E-02  0.000000E+00  2.112282E-02 -2.335081E-03 -3.460840E-19  2.137970E-01  0.000000E+00
  1.441380E-01 -2.982927E-02  5.000000E-01  1.455953E-01 -3.010364E-02  0.000000E+00  2.117297E-02 -1.980348E-03  6.282013E-19  1.743432E-01  0.000000E+00
  1.441380E-01 -2.982927E-02  5.000000E-01  1.455953E-01 -3.010364E-02  0.000000E+00  2.117297E-02 -1.980348E-03  6.282013E-19  1.743432E-01  0.000000E+00
  1.571670E-01 -3.093467E-02  5.000000E-01  1.587558E-01 -3.122020E-02  0.000000E+00  2.097554E-02 -1.598316E-03  6.400116E-19  1.413921E-01  0.000000E+00
  1.708170E-01 -3.185468E-02  5.000000E-01  1.725437E-01 -3.214951E-02  0.000000E+00  2.057988E-02 -1.220449E-03  1.043971E-18  1.168080E-01  0.000000E+00
  1.850860E-01 -3.258187E-02  5.000000E-01  1.869568E-01 -3.288404E-02  0.000000E+00  2.013237E-02 -8.968257E-04  1.229443E-18  1.015706E-01  0.000000E+00
  1.999720E-01 -3.314510E-02  5.000000E-01  2.019931E-01 -3.345296E-02  0.000000E+00  1.984799E-02 -6.895019E-04  4.505597E-19  9.473784E-02  0.000000E+00
  2.154670E-01 -3.363244E-02  5.000000E-01  2.176446E-01 -3.394522E-02  0.000000E+00  1.989027E-02 -6.165069E-04 -3.092430E-19  9.018396E-02  0.000000E+00
  2.315610E-01 -3.412662E-02  5.000000E-01  2.339011E-01 -3.444439E-02  0.000000E+00  2.025154E-02 -6.020199E-04  1.033537E-19  7.635215E-02  0.000000E+00
  2.482400E-01 -3.461109E-02  5.000000E-01  2.507486E-01 -3.493376E-02  0.000000E+00  2.081526E-02 -5.597174E-04  1.071494E-18  4.732691E-02  0.000000E+00
  2.654840E-01 -3.504005E-02  5.000000E-01  2.681667E-01 -3.536705E-02  0.000000E+00  2.143643E-02 -4.488406E-04  2.602621E-20  6.790129E-03  0.000000E+00
  2.832720E-01 -3.534461E-02  5.000000E-01  2.861343E-01 -3.567468E-02  0.000000E+00  2.191919E-02 -2.414499E-04 -2.638716E-18 -3.882612E-02  0.000000E+00
  3.015770E-01 -3.543666E-02  5.000000E-01  3.046242E-01 -3.576767E-02  0.000000E+00  2.203126E-02  7.584981E-05 -3.807976E-18 -8.270226E-02  0.000000E+00
  3.203660E-01 -3.521319E-02  5.000000E-01  3.236030E-01 -3.554194E-02  0.000000E+00  2.158853E-02  4.859232E-04 -2.597841E-18 -1.174408E-01  0.000000E+00
  3.396030E-01 -3.456757E-02  5.000000E-01  3.430342E-01 -3.488980E-02  0.000000E+00  2.060036E-02  9.065030E-04 -2.978982E-19 -1.334338E-01  0.000000E+00
  3.592490E-01 -3.347876E-02  5.000000E-01  3.628786E-01 -3.378999E-02  0.000000E+00  1.929704E-02  1.230851E-03  5.939303E-19 -1.234410E-01  0.000000E+00
  3.792580E-01 -3.201742E-02  5.000000E-01  3.830897E-01 -3.231389E-02  0.000000E+00  1.796341E-02  1.423572E-03  2.088193E-19 -9.116927E-02  0.000000E+00
  3.995810E-01 -3.027168E-02  5.000000E-01  4.036179E-01 -3.055052E-02  0.000000E+00  1.681455E-02  1.508886E-03 -1.280030E-19 -4.838855E-02  0.000000E+00
  4.201670E-01 -2.834337E-02  5.000000E-01  4.244118E-01 -2.860274E-02  0.000000E+00  1.597568E-02  1.516891E-03  6.171463E-19 -6.279943E-03  0.000000E+00
  4.409600E-01 -2.634371E-02  5.000000E-01  4.454148E-01 -2.658289E-02  0.000000E+00  1.546603E-02  1.477884E-03  5.828971E-19  2.784836E-02  0.000000E+00
  4.619030E-01 -2.435983E-02  5.000000E-01  4.665693E-01 -2.457897E-02  0.000000E+00  1.519132E-02  1.434967E-03 -7.969685E-20  4.979459E-02  0.000000E+00
  4.829360E-01 -2.238288E-02  5.000000E-01  4.878147E-01 -2.258206E-02  0.000000E+00  1.501261E-02  1.417146E-03 -1.178107E-18  6.082018E-02  0.000000E+00
  5.039990E-01 -2.038546E-02  5.000000E-01  5.090904E-01 -2.056447E-02  0.000000E+00  1.482137E-02  1.421050E-03 -1.027877E-18  6.734160E-02  0.000000E+00
  5.250310E-01 -1.834437E-02  5.000000E-01  5.303348E-01 -1.850276E-02  0.000000E+00  1.454699E-02  1.436596E-03 -4.623437E-19  7.486152E-02  0.000000E+00
  5.459710E-01 -1.623898E-02  5.000000E-01  5.514863E-01 -1.637611E-02  0.000000E+00  1.415902E-02  1.454923E-03 -1.198025E-18  8.586099E-02  0.000000E+00
  5.667600E-01 -1.405429E-02  5.000000E-01  5.724853E-01 -1.416936E-02  0.000000E+00  1.368103E-02  1.459850E-03 -1.038994E-18  1.015921E-01  0.000000E+00
  4.704230E-01  5.506328E-02  5.000000E-01  4.751754E-01  5.564622E-02  0.000000E+00  2.254667E-02  8.663364E-04 -4.168161E-18 -1.039926E+00  0.000000E+00
  4.494880E-01  5.413705E-02  5.000000E-01  4.540289E-01  5.471064E-02  0.000000E+00  2.221693E-02  1.102226E-03 -8.763919E-19 -1.014080E+00  0.000000E+00
  4.286690E-01  5.299172E-02  5.000000E-01  4.329997E-01  5.355375E-02  0.000000E+00  2.188530E-02  1.293893E-03  1.332592E-18 -9.934280E-01  0.000000E+00
  4.080230E-01  5.168357E-02  5.000000E-01  4.121452E-01  5.223238E-02  0.000000E+00  2.156613E-02  1.414901E-03  1.297255E-18 -9.815976E-01  0.000000E+00
  3.876050E-01  5.029541E-02  5.000000E-01  3.915210E-01  5.083021E-02  0.000000E+00  2.131857E-02  1.458103E-03  6.627746E-19 -9.809541E-01  0.000000E+00
  3.674690E-01  4.890793E-02  5.000000E-01  3.711816E-01  4.942871E-02  0.000000E+00  2.122121E-02  1.431621E-03 -1.127642E-18 -9.920250E-01  0.000000E+00
  3.476650E-01  4.759681E-02  5.000000E-01  3.511776E-01  4.810435E-02  0.000000E+00  2.133049E-02  1.343641E-03 -5.779186E-18 -1.013610E+00  0.000000E+00
  3.282390E-01  4.643002E-02  5.000000E-01  3.315555E-01  4.692578E-02  0.000000E+00  2.169019E-02  1.222341E-03 -1.084111E-17 -1.040949E+00  0.000000E+00
  3.092330E-01  4.542942E-02  5.000000E-01  3.123575E-01  4.591507E-02  0.000000E+00  2.233568E-02  1.150492E-03 -1.541283E-17 -1.064382E+00  0.000000E+00
  2.906860E-01  4.450057E-02  5.000000E-01  2.936232E-01  4.497684E-02  0.000000E+00  2.317217E-02  1.198667E-03 -1.865013E-17 -1.075777E+00  0.000000E+00
  2.726330E-01  4.354128E-02  5.000000E-01  2.753879E-01  4.400787E-02  0.000000E+00  2.396723E-02  1.367960E-03 -1.948996E-17 -1.073468E+00  0.000000E+00
  2.551020E-01  4.247455E-02  5.000000E-01  2.576799E-01  4.293036E-02  0.000000E+00  2.453248E-02  1.631218E-03 -1.916847E-17 -1.059330E+00  0.000000E+00
  2.381210E-01  4.125165E-02  5.000000E-01  2.405274E-01  4.169511E-02  0.000000E+00  2.481146E-02  1.958611E-03 -1.702390E-17 -1.036373E+00  0.000000E+00
  2.217090E-01  3.984491E-02  5.000000E-01  2.239496E-01  4.027417E-02  0.000000E+00  2.484234E-02  2.320324E-03 -1.287815E-17 -1.008312E+00  0.000000E+00
  2.058840E-01  3.824596E-02  5.000000E-01  2.079648E-01  3.865907E-02  0.000000E+00  2.466597E-02  2.656843E-03 -9.047529E-18 -9.814281E-01  0.000000E+00
  1.906600E-01  3.649974E-02  5.000000E-01  1.925871E-01  3.689521E-02  0.000000E+00  2.432534E-02  2.888164E-03 -5.149712E-18 -9.637227E-01  0.000000E+00
  1.760460E-01  3.470036E-02  5.000000E-01  1.778255E-01  3.507766E-02  0.000000E+00  2.396602E-02  3.010715E-03 -2.052963E-18 -9.582308E-01  0.000000E+00
  1.620500E-01  3.290585E-02  5.000000E-01  1.636881E-01  3.326503E-02  0.000000E+00  2.377298E-02  3.093484E-03 -1.035583E-18 -9.618711E-01  0.000000E+00
  1.486750E-01  3.114050E-02  5.000000E-01  1.501781E-01  3.148185E-02  0.000000E+00  2.382119E-02  3.189505E-03  4.217952E-19 -9.703746E-01  0.000000E+00
  1.359210E-01  2.940958E-02  5.000000E-01  1.372953E-01  2.973345E-02  0.000000E+00  2.406569E-02  3.317649E-03  5.270817E-18 -9.805572E-01  0.000000E+00
  1.237890E-01  2.771206E-02  5.000000E-01  1.250407E-01  2.801878E-02  0.000000E+00  2.440815E-02  3.477762E-03  1.406147E-17 -9.906477E-01  0.000000E+00
  1.122730E-01  2.604251E-02  5.000000E-01  1.134085E-01  2.633238E-02  0.000000E+00  2.476123E-02  3.663839E-03  2.739366E-17 -9.999998E-01  0.000000E+00
  1.013710E-01  2.439719E-02  5.000000E-01  1.023964E-01  2.467044E-02  0.000000E+00  2.507567E-02  3.868580E-03  4.479247E-17 -1.008772E+00  0.000000E+00
  9.107400E-02  2.277449E-02  5.000000E-01  9.199536E-02  2.303135E-02  0.000000E+00  2.534209E-02  4.091475E-03  6.424819E-17 -1.017273E+00  0.000000E+00
  9.107400E-02  2.277449E-02  5.000000E-01  9.199536E-02  2.303135E-02  0.000000E+00  2.534209E-02  4.091475E-03  6.424819E-17 -1.017273E+00  0.000000E+00
  8.137660E-02  2.117183E-02  5.000000E-01  8.220003E-02  2.141251E-02  0.000000E+00  2.556554E-02  4.332063E-03  7.933520E-17 -1.026090E+00  0.000000E+00
  7.227050E-02  1.959075E-02  5.000000E-01  7.300197E-02  1.981547E-02  0.000000E+00  2.575205E-02  4.585949E-03  7.322193E-17 -1.036138E+00  0.000000E+00
  6.374670E-02  1.803515E-02  5.000000E-01  6.439209E-02  1.824415E-02  0.000000E+00  2.591438E-02  4.855655E-03  4.070948E-18 -1.048020E+00  0.000000E+00
  5.579720E-02  1.650704E-02  5.000000E-01  5.636231E-02  1.670061E-02  0.000000E+00  2.605479E-02  5.138521E-03 -2.170394E-16 -1.062589E+00  0.000000E+00
  4.841260E-02  1.501357E-02  5.000000E-01  4.890313E-02  1.519206E-02  0.000000E+00  2.617254E-02  5.430283E-03 -7.595456E-16 -1.080788E+00  0.000000E+00
  4.158390E-02  1.356119E-02  5.000000E-01  4.200547E-02  1.372501E-02  0.000000E+00  2.627323E-02  5.738240E-03 -1.909189E-15 -1.102971E+00  0.000000E+00
  3.530370E-02  1.215352E-02  5.000000E-01  3.566185E-02  1.230313E-02  0.000000E+00  2.633974E-02  6.058068E-03 -4.063222E-15 -1.129948E+00  0.000000E+00
  2.956270E-02  1.079891E-02  5.000000E-01  2.986287E-02  1.093483E-02  0.000000E+00  2.634954E-02  6.386636E-03 -7.612467E-15 -1.162367E+00  0.000000E+00
  2.435310E-02  9.502884E-03  5.000000E-01  2.460066E-02  9.625719E-03  0.000000E+00  2.627355E-02  6.739541E-03 -1.260523E-14 -1.199628E+00  0.000000E+00
  1.967110E-02  8.265209E-03  5.000000E-01  1.987138E-02  8.375546E-03  0.000000E+00  2.600163E-02  7.094951E-03 -1.826775E-14 -1.242055E+00  0.000000E+00
  1.550860E-02  7.092391E-03  5.000000E-01  1.566684E-02  7.190884E-03  0.000000E+00  2.539325E-02  7.417861E-03 -2.279505E-14 -1.289996E+00  0.000000E+00
  1.185930E-02  5.987696E-03  5.000000E-01  1.198068E-02  6.075032E-03  0.000000E+00  2.437693E-02  7.718301E-03 -2.387452E-14 -1.341650E+00  0.000000E+00
  8.724160E-03  4.947238E-03  5.000000E-01  8.813883E-03  5.024067E-03  0.000000E+00  2.303705E-02  8.023524E-03 -2.004892E-14 -1.396797E+00  0.000000E+00
  6.091130E-03  3.979159E-03  5.000000E-01  6.154263E-03  4.046211E-03  0.000000E+00  2.208954E-02  8.680739E-03 -1.259298E-14 -1.451288E+00  0.000000E+00
  3.952840E-03  3.086415E-03  5.000000E-01  3.994378E-03  3.144451E-03  0.000000E+00  2.285562E-02  1.070759E-02 -5.762485E-15 -1.488147E+00  0.000000E+00
  2.330070E-03  2.256950E-03  5.000000E-01  2.355220E-03  2.306610E-03  0.000000E+00  2.547926E-02  1.512444E-02 -3.297155E-15 -1.495270E+00  0.000000E+00
  1.198080E-03  1.509189E-03  5.000000E-01  1.211798E-03  1.551297E-03  0.000000E+00  2.817658E-02  2.208926E-02 -5.157841E-15 -1.481893E+00  0.000000E+00
  5.019560E-04  8.762155E-04  5.000000E-01  5.086442E-04  9.119316E-04  0.000000E+00  3.027377E-02  3.354384E-02 -9.036397E-15 -1.493051E+00  0.000000E+00
  1.313430E-04  3.892471E-04  5.000000E-01  1.342884E-04  4.200454E-04  0.000000E+00  3.414565E-02  6.852194E-02 -1.326245E-14 -1.535451E+00  0.000000E+00
  8.078190E-06  7.987629E-05  5.000000E-01  9.778777E-06  1.075502E-04  0.000000E+00  2.949811E-02  1.703112E-01 -1.845383E-14 -1.471348E+00  0.000000E+00
 -1.602820E-06 -2.659867E-05  5.000000E-01  0.000000E+00  0.000000E+00  0.000000E+00 -5.292673E-03  2.510044E-01 -2.436549E-14 -1.181717E+00  0.000000E+00
  9.141860E-06 -1.364525E-04  5.000000E-01  1.085319E-05 -1.109632E-04  0.000000E+00 -4.982281E-02  1.968066E-01 -3.050584E-14 -4.503156E-01  0.000000E+00
  1.696960E-04 -4.669015E-04  5.000000E-01  1.730287E-04 -4.447494E-04  0.000000E+00 -6.433870E-02  9.210690E-02 -3.240232E-14  5.597386E-01  0.000000E+00
    1    2
    2    3
    3    4
    4    5
    5    6
    6    7
    7    8
    8    9
    9   10
   10   11
   11   12
   12   13
   13   14
   14   15
   15   16
   16   17
   17   18
   18   19
   19   20
   20   21
   21   22
   22   23
   23   24
   25   26
   26   27
   27   28
   28   29
   29   30
   30   31
   31   32
   32   33
   33   34
   34   35
   35   36
   36   37
   37   38
   38   39
   39   40
   40   41
   41   42
   42   43
   43   44
   44   45
   45   46
   46   47
   47   48
   49   50
   50   51
   51   52
   52   53
   53   54
   54   55
   55   56
   56   57
   57   58
   58   59
   59   60
   60   61
   61   62
   62   63
   63   64
   64   65
   65   66
   66   67
   67   68
   68   69
   69   70
   70   71
   71   72
   73   74
   74   75
   75   76
   76   77
   77   78
   78   79
   79   80
   80   81
   81   82
   82   83
   83   84
   84   85
   85   86
   86   87
   87   88
   88   89
   89   90
   90   91
   91   92
   92   93
   93   94
   94   95
   95   96
   97   98
   98   99
   99  100
  100  101
  101  102
  102  103
  103  104
  104  105
  105  106
  106  107
  107  108
  108  109
  109  110
  110  111
  111  112
  112  113
  113  114
  114  115
  115  116
  116  117
  117  118
  118  119
  119  120
  121  122
  122  123
  123  124
  124  125
  125  126
  126  127
  127  128
  128  129
  129  130
  130  131
  131  132
  132  133
  133  134
  134  135
  135  136
  136  137
  137  138
  138  139
  139  140
  140  141
  141  142
  142  143
  143  144
  145  146
  146  147
  147  148
  148  149
  149  150
  150  151
  151  152
  152  153
  153  154
  154  155
  155  156
  156  157
  157  158
  158  159
  159  160
  160  161
  161  162
  162  163
  163  164
  164  165
  165  166
  166  167
  167  168
  169  170
  170  171
  171  172
  172  173
  173  174
  174  175
  175  176
  176  177
  177  178
  178  179
  179  180
  180  181
  181  182
  182  183
  183  184
  184  185
  185  186
  186  187
  187  188
  188  189
  189  190
  190  191
  191  192
