 Title = "ADflow Slice Data"
Variables =  "CoordinateX"  "CoordinateY"  "CoordinateZ"  "XoC"  "YoC"  "ZoC" "VelocityX" "VelocityY" "VelocityZ" "CoefPressure" "Mach" 
Zone T= "Slice_0001 None Absolute Regular z = 0.50000000"
 Nodes =          192  Elements=          184  ZONETYPE=FELINESEG
 DATAPACKING=POINT
  5.667600E-01 -1.511664E-02  5.000000E-01  5.724853E-01 -1.523057E-02  0.000000E+00  1.340984E-02  1.529898E-03  1.395958E-18  1.000110E-01  0.000000E+00
  5.873410E-01 -1.275523E-02  5.000000E-01  5.932741E-01 -1.284531E-02  0.000000E+00  1.290387E-02  1.479430E-03  1.524074E-18  1.229779E-01  0.000000E+00
  6.076580E-01 -1.042785E-02  5.000000E-01  6.137963E-01 -1.049442E-02  0.000000E+00  1.245956E-02  1.418065E-03  1.475006E-18  1.449109E-01  0.000000E+00
  6.276600E-01 -8.166945E-03  5.000000E-01  6.340003E-01 -8.210690E-03  0.000000E+00  1.207478E-02  1.350001E-03  2.530276E-19  1.652187E-01  0.000000E+00
  6.472970E-01 -5.996940E-03  5.000000E-01  6.538356E-01 -6.018770E-03  0.000000E+00  1.174016E-02  1.280179E-03 -1.182971E-18  1.835399E-01  0.000000E+00
  6.665260E-01 -3.929651E-03  5.000000E-01  6.732588E-01 -3.930604E-03  0.000000E+00  1.144546E-02  1.211131E-03 -6.331355E-19  2.000831E-01  0.000000E+00
  6.853050E-01 -1.974724E-03  5.000000E-01  6.922274E-01 -1.955935E-03  0.000000E+00  1.118459E-02  1.140322E-03  4.592956E-19  2.156411E-01  0.000000E+00
  7.035980E-01 -1.492984E-04  5.000000E-01  7.107052E-01 -1.120743E-04  0.000000E+00  1.094743E-02  1.065134E-03  1.120238E-18  2.305549E-01  0.000000E+00
  7.213750E-01  1.534762E-03  5.000000E-01  7.286617E-01  1.588994E-03  0.000000E+00  1.071125E-02  9.859684E-04  1.554650E-19  2.444923E-01  0.000000E+00
  7.386080E-01  3.073249E-03  5.000000E-01  7.460687E-01  3.143017E-03  0.000000E+00  1.044704E-02  9.049347E-04 -2.433154E-18  2.573796E-01  0.000000E+00
  7.552750E-01  4.471312E-03  5.000000E-01  7.629040E-01  4.555199E-03  0.000000E+00  1.013667E-02  8.262656E-04 -1.206610E-18  2.696479E-01  0.000000E+00
  7.713580E-01  5.741821E-03  5.000000E-01  7.791495E-01  5.838539E-03  0.000000E+00  9.792940E-03  7.517628E-04 -8.840307E-19  2.818562E-01  0.000000E+00
  7.868410E-01  6.895768E-03  5.000000E-01  7.947888E-01  7.004139E-03  0.000000E+00  9.482807E-03  6.640977E-04 -8.974495E-19  2.957289E-01  0.000000E+00
  8.017160E-01  7.873182E-03  5.000000E-01  8.098140E-01  7.991424E-03  0.000000E+00  9.307431E-03  5.403781E-04  1.033477E-18  3.116052E-01  0.000000E+00
  8.159740E-01  8.590678E-03  5.000000E-01  8.242160E-01  8.716166E-03  0.000000E+00  9.330475E-03  3.860475E-04  1.211256E-18  3.245175E-01  0.000000E+00
  8.296120E-01  9.030600E-03  5.000000E-01  8.379918E-01  9.160530E-03  0.000000E+00  9.555732E-03  2.187604E-04  1.780733E-18  3.295974E-01  0.000000E+00
  8.426300E-01  9.209192E-03  5.000000E-01  8.511412E-01  9.340926E-03  0.000000E+00  9.959792E-03  4.533161E-05  1.614404E-18  3.267875E-01  0.000000E+00
  8.550290E-01  9.157812E-03  5.000000E-01  8.636654E-01  9.289028E-03  0.000000E+00  1.051439E-02 -1.332426E-04  1.708136E-18  3.180729E-01  0.000000E+00
  8.668160E-01  8.914180E-03  5.000000E-01  8.755715E-01  9.042935E-03  0.000000E+00  1.119059E-02 -3.158195E-04  1.822794E-18  3.048032E-01  0.000000E+00
  8.779950E-01  8.519550E-03  5.000000E-01  8.868634E-01  8.644319E-03  0.000000E+00  1.195854E-02 -4.998433E-04  5.760884E-19  2.875391E-01  0.000000E+00
  8.885730E-01  8.013189E-03  5.000000E-01  8.975482E-01  8.132845E-03  0.000000E+00  1.278895E-02 -6.827376E-04 -4.483840E-20  2.668691E-01  0.000000E+00
  8.985610E-01  7.428463E-03  5.000000E-01  9.076371E-01  7.542214E-03  0.000000E+00  1.364923E-02 -8.577537E-04 -9.160539E-19  2.433145E-01  0.000000E+00
  9.079670E-01  6.799143E-03  5.000000E-01  9.171381E-01  6.906538E-03  0.000000E+00  1.450008E-02 -1.012523E-03 -9.329915E-20  2.173372E-01  0.000000E+00
  9.168010E-01  6.157734E-03  5.000000E-01  9.260613E-01  6.258652E-03  0.000000E+00  1.530390E-02 -1.137899E-03  2.100618E-18  1.899947E-01  0.000000E+00
  9.168010E-01  6.157734E-03  5.000000E-01  9.260613E-01  6.258652E-03  0.000000E+00  1.530390E-02 -1.137899E-03  2.100618E-18  1.899947E-01  0.000000E+00
  9.250730E-01  5.529039E-03  5.000000E-01  9.344168E-01  5.623608E-03  0.000000E+00  1.603749E-02 -1.235116E-03  2.782819E-18  1.628117E-01  0.000000E+00
  9.327940E-01  4.927297E-03  5.000000E-01  9.422158E-01  5.015789E-03  0.000000E+00  1.670035E-02 -1.315874E-03  2.649842E-18  1.371017E-01  0.000000E+00
  9.399760E-01  4.355783E-03  5.000000E-01  9.494703E-01  4.438504E-03  0.000000E+00  1.730870E-02 -1.391712E-03  1.215742E-18  1.131336E-01  0.000000E+00
  9.466320E-01  3.815201E-03  5.000000E-01  9.561935E-01  3.892462E-03  0.000000E+00  1.788270E-02 -1.467161E-03  3.164253E-18  9.016970E-02  0.000000E+00
  9.527730E-01  3.306372E-03  5.000000E-01  9.623965E-01  3.378494E-03  0.000000E+00  1.844705E-02 -1.548716E-03  1.167266E-17  6.767046E-02  0.000000E+00
  9.584110E-01  2.827155E-03  5.000000E-01  9.680915E-01  2.894438E-03  0.000000E+00  1.903443E-02 -1.647023E-03  1.279874E-17  4.540349E-02  0.000000E+00
  9.635570E-01  2.374318E-03  5.000000E-01  9.732895E-01  2.437028E-03  0.000000E+00  1.967875E-02 -1.767965E-03 -2.500800E-17  2.265105E-02  0.000000E+00
  9.682220E-01  1.946793E-03  5.000000E-01  9.780016E-01  2.005185E-03  0.000000E+00  2.041215E-02 -1.912175E-03 -1.116920E-16 -1.675498E-03  0.000000E+00
  9.724140E-01  1.545859E-03  5.000000E-01  9.822359E-01  1.600202E-03  0.000000E+00  2.128265E-02 -2.087660E-03 -1.220574E-16 -2.820679E-02  0.000000E+00
  9.761430E-01  1.171440E-03  5.000000E-01  9.860026E-01  1.222002E-03  0.000000E+00  2.237237E-02 -2.311583E-03  2.366666E-16 -5.739511E-02  0.000000E+00
  9.794160E-01  8.242704E-04  5.000000E-01  9.893086E-01  8.713265E-04  0.000000E+00  2.378333E-02 -2.597365E-03  1.059499E-15 -9.032170E-02  0.000000E+00
  9.822400E-01  5.074293E-04  5.000000E-01  9.921611E-01  5.512856E-04  0.000000E+00  2.556645E-02 -2.947201E-03  1.324149E-15 -1.284399E-01  0.000000E+00
  9.846200E-01  2.260650E-04  5.000000E-01  9.945652E-01  2.670799E-04  0.000000E+00  2.759072E-02 -3.347875E-03 -1.694963E-15 -1.720987E-01  0.000000E+00
  9.865620E-01 -1.453608E-05  5.000000E-01  9.965268E-01  2.404898E-05  0.000000E+00  2.940975E-02 -3.711600E-03 -9.943877E-15 -2.194077E-01  0.000000E+00
  9.880680E-01 -2.086060E-04  5.000000E-01  9.980480E-01 -1.719808E-04  0.000000E+00  2.987577E-02 -3.826722E-03 -1.624588E-14 -2.766169E-01  0.000000E+00
  9.891420E-01 -3.514239E-04  5.000000E-01  9.991328E-01 -3.162411E-04  0.000000E+00  2.812862E-02 -3.911164E-03  6.051326E-15 -3.435019E-01  0.000000E+00
  9.897860E-01 -4.389487E-04  5.000000E-01  9.997833E-01 -4.046497E-04  0.000000E+00  3.788641E-02 -4.013300E-03  8.605765E-14 -2.893977E-01  0.000000E+00
  9.900000E-01 -4.683023E-04  5.000000E-01  9.999995E-01 -4.342997E-04  0.000000E+00  2.618860E-02  5.267628E-03  8.028613E-14 -5.820231E-01  0.000000E+00
  9.900000E-01 -1.843754E-04  5.000000E-01  9.999995E-01 -1.475055E-04  0.000000E+00  1.229789E-03 -7.885266E-03  1.109319E-14 -8.088169E-01  0.000000E+00
  9.900000E-01  9.955150E-05  5.000000E-01  9.999995E-01  1.392887E-04  0.000000E+00 -4.468945E-04 -2.274876E-02  2.143578E-15 -6.283667E-01  0.000000E+00
  9.900000E-01  3.834784E-04  5.000000E-01  9.999995E-01  4.260829E-04  0.000000E+00 -1.436011E-04 -8.863029E-03 -2.024483E-17 -6.283224E-01  0.000000E+00
  9.900000E-01  6.674053E-04  5.000000E-01  9.999995E-01  7.128771E-04  0.000000E+00  4.646631E-04 -5.229955E-03  1.681054E-15 -6.882030E-01  0.000000E+00
  9.900000E-01  9.513321E-04  5.000000E-01  9.999995E-01  9.996714E-04  0.000000E+00  6.797377E-03 -6.632450E-03  3.987461E-15 -6.299519E-01  0.000000E+00
  9.900000E-01  9.513321E-04  5.000000E-01  9.999995E-01  9.996714E-04  0.000000E+00  6.797377E-03 -6.632450E-03  3.987461E-15 -6.299519E-01  0.000000E+00
  9.897890E-01  1.017904E-03  5.000000E-01  9.997864E-01  1.066915E-03  0.000000E+00  9.015816E-03 -3.469604E-03  4.107414E-15 -5.523915E-01  0.000000E+00
  9.891540E-01  1.218674E-03  5.000000E-01  9.991450E-01  1.269713E-03  0.000000E+00  4.567806E-03 -1.351288E-03  2.480526E-15 -5.709938E-01  0.000000E+00
  9.880950E-01  1.555408E-03  5.000000E-01  9.980753E-01  1.609847E-03  0.000000E+00  3.024820E-03 -9.609330E-04  1.058597E-15 -5.705537E-01  0.000000E+00
  9.866100E-01  2.031333E-03  5.000000E-01  9.965753E-01  2.090579E-03  0.000000E+00  1.983785E-03 -6.497885E-04  3.488053E-16 -5.626538E-01  0.000000E+00
  9.846960E-01  2.650662E-03  5.000000E-01  9.946419E-01  2.716163E-03  0.000000E+00  9.959344E-04 -3.234714E-04  1.192998E-16 -5.590159E-01  0.000000E+00
  9.823490E-01  3.418251E-03  5.000000E-01  9.922712E-01  3.491504E-03  0.000000E+00  1.850112E-04 -5.919395E-05  5.809484E-17 -5.580364E-01  0.000000E+00
  9.795670E-01  4.338749E-03  5.000000E-01  9.894611E-01  4.421297E-03  0.000000E+00 -4.278047E-04  1.427234E-04  2.444603E-17 -5.582782E-01  0.000000E+00
  9.763420E-01  5.417935E-03  5.000000E-01  9.862036E-01  5.511381E-03  0.000000E+00 -8.715775E-04  2.932799E-04 -9.912561E-19 -5.597228E-01  0.000000E+00
  9.726710E-01  6.659543E-03  5.000000E-01  9.824955E-01  6.765529E-03  0.000000E+00 -1.170616E-03  3.977001E-04 -1.186777E-17 -5.622566E-01  0.000000E+00
  9.685460E-01  8.066753E-03  5.000000E-01  9.783288E-01  8.186950E-03  0.000000E+00 -1.342203E-03  4.594676E-04 -1.004693E-17 -5.654600E-01  0.000000E+00
  9.639600E-01  9.641707E-03  5.000000E-01  9.736965E-01  9.777809E-03  0.000000E+00 -1.402975E-03  4.831478E-04 -4.644410E-18 -5.688253E-01  0.000000E+00
  9.589060E-01  1.138655E-02  5.000000E-01  9.685915E-01  1.154028E-02  0.000000E+00 -1.373344E-03  4.750113E-04 -1.321112E-18 -5.718764E-01  0.000000E+00
  9.533750E-01  1.330247E-02  5.000000E-01  9.630046E-01  1.347554E-02  0.000000E+00 -1.279174E-03  4.433848E-04 -2.971307E-19 -5.742498E-01  0.000000E+00
  9.473580E-01  1.538822E-02  5.000000E-01  9.569269E-01  1.558235E-02  0.000000E+00 -1.150294E-03  3.984181E-04 -5.962619E-19 -5.757602E-01  0.000000E+00
  9.408450E-01  1.764046E-02  5.000000E-01  9.503481E-01  1.785734E-02  0.000000E+00 -1.016916E-03  3.508089E-04  3.074932E-19 -5.764370E-01  0.000000E+00
  9.338260E-01  2.005390E-02  5.000000E-01  9.432582E-01  2.029515E-02  0.000000E+00 -9.057348E-04  3.100515E-04  1.167803E-18 -5.765086E-01  0.000000E+00
  9.262910E-01  2.262010E-02  5.000000E-01  9.356471E-01  2.288727E-02  0.000000E+00 -8.373263E-04  2.831733E-04  3.233146E-19 -5.763275E-01  0.000000E+00
  9.182290E-01  2.532624E-02  5.000000E-01  9.275037E-01  2.562074E-02  0.000000E+00 -8.255914E-04  2.742552E-04 -7.568931E-19 -5.762643E-01  0.000000E+00
  9.096280E-01  2.815460E-02  5.000000E-01  9.188158E-01  2.847766E-02  0.000000E+00 -8.782093E-04  2.845362E-04 -9.244266E-19 -5.766796E-01  0.000000E+00
  9.004770E-01  3.108172E-02  5.000000E-01  9.095724E-01  3.143434E-02  0.000000E+00 -9.970029E-04  3.126371E-04 -2.115830E-20 -5.778884E-01  0.000000E+00
  8.907650E-01  3.407664E-02  5.000000E-01  8.997623E-01  3.445951E-02  0.000000E+00 -1.179182E-03  3.542394E-04  5.122582E-19 -5.799761E-01  0.000000E+00
  8.804800E-01  3.709799E-02  5.000000E-01  8.893735E-01  3.751136E-02  0.000000E+00 -1.417916E-03  4.016810E-04 -3.703628E-19 -5.828430E-01  0.000000E+00
  8.696090E-01  4.008999E-02  5.000000E-01  8.783927E-01  4.053358E-02  0.000000E+00 -1.698930E-03  4.455260E-04 -1.037713E-18 -5.864239E-01  0.000000E+00
  8.696090E-01  4.008999E-02  5.000000E-01  8.783927E-01  4.053358E-02  0.000000E+00 -1.698930E-03  4.455260E-04 -1.037713E-18 -5.864239E-01  0.000000E+00
  8.581400E-01  4.298058E-02  5.000000E-01  8.668079E-01  4.345336E-02  0.000000E+00 -2.002209E-03  4.768535E-04 -1.294936E-18 -5.897314E-01  0.000000E+00
  8.460600E-01  4.568558E-02  5.000000E-01  8.546059E-01  4.618569E-02  0.000000E+00 -2.309994E-03  4.855142E-04  4.440735E-19 -5.905654E-01  0.000000E+00
  8.333640E-01  4.812514E-02  5.000000E-01  8.417817E-01  4.864988E-02  0.000000E+00 -2.567282E-03  4.509344E-04  9.864123E-19 -5.921170E-01  0.000000E+00
  8.200460E-01  5.022368E-02  5.000000E-01  8.283292E-01  5.076961E-02  0.000000E+00 -2.540888E-03  3.449294E-04 -6.225788E-19 -6.136327E-01  0.000000E+00
  8.061050E-01  5.191377E-02  5.000000E-01  8.142474E-01  5.247678E-02  0.000000E+00 -1.649410E-03  1.622640E-04  8.395526E-19 -6.843518E-01  0.000000E+00
  7.915460E-01  5.316971E-02  5.000000E-01  7.995413E-01  5.374539E-02  0.000000E+00  9.895872E-04 -5.235359E-05  2.269303E-18 -8.103214E-01  0.000000E+00
  7.763770E-01  5.403070E-02  5.000000E-01  7.842191E-01  5.461508E-02  0.000000E+00  5.986762E-03 -2.164265E-04  1.250105E-18 -9.516535E-01  0.000000E+00
  7.606070E-01  5.456608E-02  5.000000E-01  7.682899E-01  5.515586E-02  0.000000E+00  1.260500E-02 -2.328853E-04  1.778993E-19 -1.050182E+00  0.000000E+00
  7.442510E-01  5.478314E-02  5.000000E-01  7.517687E-01  5.537512E-02  0.000000E+00  1.845217E-02 -4.540094E-05 -3.537968E-18 -1.081643E+00  0.000000E+00
  7.273250E-01  5.469973E-02  5.000000E-01  7.346718E-01  5.529086E-02  0.000000E+00  2.145762E-02  2.556756E-04 -1.058904E-17 -1.067360E+00  0.000000E+00
  7.098490E-01  5.436825E-02  5.000000E-01  7.170193E-01  5.495604E-02  0.000000E+00  2.168134E-02  4.871349E-04 -1.449998E-17 -1.042365E+00  0.000000E+00
  6.918480E-01  5.388469E-02  5.000000E-01  6.988365E-01  5.446760E-02  0.000000E+00  2.054051E-02  5.376414E-04 -1.410402E-17 -1.031241E+00  0.000000E+00
  6.733520E-01  5.339909E-02  5.000000E-01  6.801537E-01  5.397709E-02  0.000000E+00  1.933388E-02  3.967335E-04 -1.185645E-17 -1.044711E+00  0.000000E+00
  6.543930E-01  5.311086E-02  5.000000E-01  6.610032E-01  5.368596E-02  0.000000E+00  1.875687E-02  1.298513E-04 -8.716625E-18 -1.079317E+00  0.000000E+00
  6.350090E-01  5.313962E-02  5.000000E-01  6.414235E-01  5.371500E-02  0.000000E+00  1.903571E-02 -1.460743E-04 -5.685318E-18 -1.119716E+00  0.000000E+00
  6.152440E-01  5.341817E-02  5.000000E-01  6.214589E-01  5.399637E-02  0.000000E+00  1.996373E-02 -3.476400E-04 -4.158498E-18 -1.151403E+00  0.000000E+00
  5.951420E-01  5.383664E-02  5.000000E-01  6.011539E-01  5.441906E-02  0.000000E+00  2.108663E-02 -4.383921E-04 -4.924605E-18 -1.167423E+00  0.000000E+00
  5.747530E-01  5.426476E-02  5.000000E-01  5.805590E-01  5.485151E-02  0.000000E+00  2.203683E-02 -3.828985E-04 -6.453793E-18 -1.165314E+00  0.000000E+00
  5.541290E-01  5.455797E-02  5.000000E-01  5.597267E-01  5.514768E-02  0.000000E+00  2.264534E-02 -1.696379E-04 -6.736461E-18 -1.146511E+00  0.000000E+00
  5.333260E-01  5.457880E-02  5.000000E-01  5.387136E-01  5.516872E-02  0.000000E+00  2.285102E-02  1.292229E-04 -7.099714E-18 -1.118406E+00  0.000000E+00
  5.124010E-01  5.431658E-02  5.000000E-01  5.175773E-01  5.490385E-02  0.000000E+00  2.270439E-02  4.074110E-04 -7.059536E-18 -1.090527E+00  0.000000E+00
  4.914140E-01  5.382133E-02  5.000000E-01  4.963783E-01  5.440360E-02  0.000000E+00  2.238890E-02  6.209951E-04 -6.136775E-18 -1.068275E+00  0.000000E+00
  4.704230E-01  5.314883E-02  5.000000E-01  4.751754E-01  5.372431E-02  0.000000E+00  2.208316E-02  7.681251E-04 -6.839360E-18 -1.053695E+00  0.000000E+00
  1.696960E-04 -4.809876E-04  5.000000E-01  1.730287E-04 -4.471132E-04  0.000000E+00 -6.437021E-02  9.282103E-02 -6.628452E-14  5.409080E-01  0.000000E+00
  8.054360E-04 -9.781630E-04  5.000000E-01  8.151890E-04 -9.493095E-04  0.000000E+00 -4.693466E-02  3.286203E-02 -5.078139E-14  1.106833E+00  0.000000E+00
  1.973980E-03 -1.585058E-03  5.000000E-01  1.995534E-03 -1.562334E-03  0.000000E+00 -2.105177E-02  1.047930E-02 -2.778041E-14  1.176614E+00  0.000000E+00
  3.614630E-03 -2.299656E-03  5.000000E-01  3.652753E-03 -2.284148E-03  0.000000E+00 -4.055536E-03  1.772870E-03 -9.705220E-15  1.152925E+00  0.000000E+00
  5.721210E-03 -3.130382E-03  5.000000E-01  5.780607E-03 -3.123264E-03  0.000000E+00  5.020201E-03 -1.863640E-03 -3.721979E-16  1.122579E+00  0.000000E+00
  8.297500E-03 -4.074756E-03  5.000000E-01  8.382914E-03 -4.077175E-03  0.000000E+00  9.329721E-03 -3.267737E-03  2.222352E-15  1.078245E+00  0.000000E+00
  1.136560E-02 -5.113171E-03  5.000000E-01  1.148200E-02 -5.126077E-03  0.000000E+00  1.109802E-02 -3.618859E-03  1.761075E-15  1.023817E+00  0.000000E+00
  1.493280E-02 -6.234381E-03  5.000000E-01  1.508522E-02 -6.258610E-03  0.000000E+00  1.169350E-02 -3.584368E-03  7.381784E-16  9.693077E-01  0.000000E+00
  1.899460E-02 -7.446697E-03  5.000000E-01  1.918804E-02 -7.483169E-03  0.000000E+00  1.194983E-02 -3.514412E-03  1.080963E-16  9.186172E-01  0.000000E+00
  2.354800E-02 -8.766171E-03  5.000000E-01  2.378743E-02 -8.815968E-03  0.000000E+00  1.228418E-02 -3.506426E-03 -8.808154E-17  8.687392E-01  0.000000E+00
  2.860130E-02 -1.018832E-02  5.000000E-01  2.889176E-02 -1.025247E-02  0.000000E+00  1.281524E-02 -3.545401E-03 -8.043145E-17  8.170280E-01  0.000000E+00
  3.416500E-02 -1.170205E-02  5.000000E-01  3.451165E-02 -1.178150E-02  0.000000E+00  1.352457E-02 -3.612789E-03 -3.548167E-17  7.647078E-01  0.000000E+00
  4.024810E-02 -1.329819E-02  5.000000E-01  4.065618E-02 -1.339375E-02  0.000000E+00  1.435351E-02 -3.689390E-03 -7.919554E-18  7.126894E-01  0.000000E+00
  4.686030E-02 -1.496444E-02  5.000000E-01  4.733516E-02 -1.507684E-02  0.000000E+00  1.523767E-02 -3.755372E-03  9.173358E-19  6.607568E-01  0.000000E+00
  5.401090E-02 -1.668913E-02  5.000000E-01  5.455797E-02 -1.681894E-02  0.000000E+00  1.613030E-02 -3.802343E-03  5.590809E-19  6.089788E-01  0.000000E+00
  6.170850E-02 -1.846364E-02  5.000000E-01  6.233331E-02 -1.861137E-02  0.000000E+00  1.700580E-02 -3.821983E-03 -4.883867E-19  5.569830E-01  0.000000E+00
  6.996310E-02 -2.027364E-02  5.000000E-01  7.067127E-02 -2.043965E-02  0.000000E+00  1.785043E-02 -3.801790E-03 -3.621942E-19  5.040659E-01  0.000000E+00
  7.878500E-02 -2.209952E-02  5.000000E-01  7.958226E-02 -2.228397E-02  0.000000E+00  1.866108E-02 -3.738153E-03 -9.045398E-19  4.504247E-01  0.000000E+00
  8.818390E-02 -2.392216E-02  5.000000E-01  8.907608E-02 -2.412502E-02  0.000000E+00  1.943918E-02 -3.631165E-03 -1.769889E-18  3.964936E-01  0.000000E+00
  9.816930E-02 -2.571902E-02  5.000000E-01  9.916232E-02 -2.594002E-02  0.000000E+00  2.017930E-02 -3.476180E-03 -2.203733E-18  3.423324E-01  0.000000E+00
  1.087500E-01 -2.746325E-02  5.000000E-01  1.098499E-01 -2.770187E-02  0.000000E+00  2.086532E-02 -3.269719E-03 -1.337001E-18  2.883623E-01  0.000000E+00
  1.199340E-01 -2.912755E-02  5.000000E-01  1.211468E-01 -2.938297E-02  0.000000E+00  2.146244E-02 -3.006768E-03  2.557594E-19  2.352859E-01  0.000000E+00
  1.317280E-01 -3.067985E-02  5.000000E-01  1.330599E-01 -3.095095E-02  0.000000E+00  2.191009E-02 -2.678484E-03  1.028178E-18  1.839496E-01  0.000000E+00
  1.441380E-01 -3.208283E-02  5.000000E-01  1.455952E-01 -3.236810E-02  0.000000E+00  2.213718E-02 -2.284813E-03 -2.069706E-19  1.361351E-01  0.000000E+00
  1.441380E-01 -3.208283E-02  5.000000E-01  1.455952E-01 -3.236810E-02  0.000000E+00  2.213718E-02 -2.284813E-03 -2.069706E-19  1.361351E-01  0.000000E+00
  1.571670E-01 -3.330002E-02  5.000000E-01  1.587558E-01 -3.359758E-02  0.000000E+00  2.209258E-02 -1.839423E-03  2.518157E-19  9.441622E-02  0.000000E+00
  1.708170E-01 -3.429652E-02  5.000000E-01  1.725437E-01 -3.460414E-02  0.000000E+00  2.178571E-02 -1.371960E-03  1.765742E-18  6.152307E-02  0.000000E+00
  1.850860E-01 -3.504857E-02  5.000000E-01  1.869568E-01 -3.536379E-02  0.000000E+00  2.132022E-02 -9.353270E-04  2.256899E-18  3.980602E-02  0.000000E+00
  1.999720E-01 -3.556471E-02  5.000000E-01  2.019931E-01 -3.588514E-02  0.000000E+00  2.087643E-02 -5.977752E-04  3.110688E-18  3.000240E-02  0.000000E+00
  2.154670E-01 -3.591040E-02  5.000000E-01  2.176446E-01 -3.623432E-02  0.000000E+00  2.059720E-02 -3.856946E-04  1.911859E-18  2.775197E-02  0.000000E+00
  2.315610E-01 -3.615568E-02  5.000000E-01  2.339011E-01 -3.648208E-02  0.000000E+00  2.047006E-02 -2.372790E-04 -3.974869E-19  2.298950E-02  0.000000E+00
  2.482400E-01 -3.629218E-02  5.000000E-01  2.507486E-01 -3.661996E-02  0.000000E+00  2.040053E-02 -8.635111E-05 -4.514504E-19  1.024116E-02  0.000000E+00
  2.654840E-01 -3.629787E-02  5.000000E-01  2.681667E-01 -3.662570E-02  0.000000E+00  2.032157E-02  8.204159E-05  2.672709E-19 -7.340962E-03  0.000000E+00
  2.832720E-01 -3.614726E-02  5.000000E-01  2.861343E-01 -3.647357E-02  0.000000E+00  2.019585E-02  2.655574E-04  4.142273E-19 -2.473041E-02  0.000000E+00
  3.015770E-01 -3.581907E-02  5.000000E-01  3.046242E-01 -3.614207E-02  0.000000E+00  2.000781E-02  4.547697E-04  1.375144E-18 -3.851960E-02  0.000000E+00
  3.203660E-01 -3.530004E-02  5.000000E-01  3.236030E-01 -3.561779E-02  0.000000E+00  1.975564E-02  6.392749E-04  2.020193E-18 -4.755871E-02  0.000000E+00
  3.396030E-01 -3.458496E-02  5.000000E-01  3.430342E-01 -3.489550E-02  0.000000E+00  1.944277E-02  8.125289E-04  2.202402E-18 -5.219490E-02  0.000000E+00
  3.592490E-01 -3.367190E-02  5.000000E-01  3.628786E-01 -3.397321E-02  0.000000E+00  1.907216E-02  9.725432E-04  1.286999E-18 -5.320790E-02  0.000000E+00
  3.792580E-01 -3.255967E-02  5.000000E-01  3.830897E-01 -3.284976E-02  0.000000E+00  1.864670E-02  1.118083E-03  8.618449E-20 -5.098506E-02  0.000000E+00
  3.995810E-01 -3.125008E-02  5.000000E-01  4.036179E-01 -3.152694E-02  0.000000E+00  1.817032E-02  1.246775E-03  1.012275E-18 -4.544163E-02  0.000000E+00
  4.201670E-01 -2.974912E-02  5.000000E-01  4.244118E-01 -3.001082E-02  0.000000E+00  1.764590E-02  1.356931E-03  3.476825E-19 -3.648591E-02  0.000000E+00
  4.409600E-01 -2.806482E-02  5.000000E-01  4.454148E-01 -2.830951E-02  0.000000E+00  1.707588E-02  1.447995E-03  4.884974E-19 -2.423374E-02  0.000000E+00
  4.619030E-01 -2.620669E-02  5.000000E-01  4.665693E-01 -2.643262E-02  0.000000E+00  1.646801E-02  1.518039E-03  8.709847E-19 -8.774987E-03  0.000000E+00
  4.829360E-01 -2.419216E-02  5.000000E-01  4.878147E-01 -2.439774E-02  0.000000E+00  1.583669E-02  1.564546E-03 -2.297537E-19  9.708479E-03  0.000000E+00
  5.039990E-01 -2.204513E-02  5.000000E-01  5.090904E-01 -2.222903E-02  0.000000E+00  1.519906E-02  1.586763E-03 -2.306854E-19  3.067426E-02  0.000000E+00
  5.250310E-01 -1.979539E-02  5.000000E-01  5.303348E-01 -1.995657E-02  0.000000E+00  1.457204E-02  1.586116E-03 -6.460188E-19  5.329538E-02  0.000000E+00
  5.459710E-01 -1.747545E-02  5.000000E-01  5.514863E-01 -1.761320E-02  0.000000E+00  1.397056E-02  1.566179E-03  3.599074E-19  7.662744E-02  0.000000E+00
  5.667600E-01 -1.511664E-02  5.000000E-01  5.724853E-01 -1.523057E-02  0.000000E+00  1.340984E-02  1.529898E-03  1.395958E-18  1.000110E-01  0.000000E+00
  4.704230E-01  5.314883E-02  5.000000E-01  4.751754E-01  5.372431E-02  0.000000E+00  2.208316E-02  7.681251E-04 -6.839360E-18 -1.053695E+00  0.000000E+00
  4.494880E-01  5.235965E-02  5.000000E-01  4.540289E-01  5.292715E-02  0.000000E+00  2.188897E-02  8.559591E-04 -7.660195E-18 -1.046964E+00  0.000000E+00
  4.286690E-01  5.151424E-02  5.000000E-01  4.329997E-01  5.207321E-02  0.000000E+00  2.185920E-02  9.109144E-04 -8.464818E-18 -1.045678E+00  0.000000E+00
  4.080230E-01  5.063335E-02  5.000000E-01  4.121452E-01  5.118342E-02  0.000000E+00  2.200164E-02  9.722984E-04 -9.768372E-18 -1.045811E+00  0.000000E+00
  3.876050E-01  4.970207E-02  5.000000E-01  3.915210E-01  5.024274E-02  0.000000E+00  2.225460E-02  1.057960E-03 -1.101508E-17 -1.044756E+00  0.000000E+00
  3.674690E-01  4.870709E-02  5.000000E-01  3.711816E-01  4.923771E-02  0.000000E+00  2.253009E-02  1.164934E-03 -1.286197E-17 -1.041840E+00  0.000000E+00
  3.476650E-01  4.763840E-02  5.000000E-01  3.511776E-01  4.815822E-02  0.000000E+00  2.277261E-02  1.288909E-03 -1.372605E-17 -1.037121E+00  0.000000E+00
  3.282390E-01  4.648834E-02  5.000000E-01  3.315555E-01  4.699655E-02  0.000000E+00  2.296551E-02  1.427085E-03 -1.314873E-17 -1.030952E+00  0.000000E+00
  3.092330E-01  4.525174E-02  5.000000E-01  3.123575E-01  4.574746E-02  0.000000E+00  2.311128E-02  1.574314E-03 -1.231720E-17 -1.023973E+00  0.000000E+00
  2.906860E-01  4.393155E-02  5.000000E-01  2.936232E-01  4.441394E-02  0.000000E+00  2.321957E-02  1.725492E-03 -1.260168E-17 -1.016813E+00  0.000000E+00
  2.726330E-01  4.253338E-02  5.000000E-01  2.753879E-01  4.300165E-02  0.000000E+00  2.330269E-02  1.879770E-03 -1.254529E-17 -1.009734E+00  0.000000E+00
  2.551020E-01  4.106272E-02  5.000000E-01  2.576799E-01  4.151613E-02  0.000000E+00  2.336902E-02  2.038242E-03 -1.219885E-17 -1.002739E+00  0.000000E+00
  2.381210E-01  3.952550E-02  5.000000E-01  2.405274E-01  3.996340E-02  0.000000E+00  2.342445E-02  2.204305E-03 -1.228642E-17 -9.956786E-01  0.000000E+00
  2.217090E-01  3.792393E-02  5.000000E-01  2.239496E-01  3.834565E-02  0.000000E+00  2.346876E-02  2.379176E-03 -1.203288E-17 -9.888582E-01  0.000000E+00
  2.058840E-01  3.626052E-02  5.000000E-01  2.079648E-01  3.666544E-02  0.000000E+00  2.348223E-02  2.541599E-03 -1.286363E-17 -9.844905E-01  0.000000E+00
  1.906600E-01  3.456288E-02  5.000000E-01  1.925871E-01  3.495066E-02  0.000000E+00  2.345720E-02  2.655316E-03 -1.525866E-17 -9.859686E-01  0.000000E+00
  1.760460E-01  3.288143E-02  5.000000E-01  1.778255E-01  3.325222E-02  0.000000E+00  2.346066E-02  2.725044E-03 -2.159855E-17 -9.938102E-01  0.000000E+00
  1.620500E-01  3.124030E-02  5.000000E-01  1.636881E-01  3.159452E-02  0.000000E+00  2.358395E-02  2.792904E-03 -3.193680E-17 -1.005259E+00  0.000000E+00
  1.486750E-01  2.964168E-02  5.000000E-01  1.501781E-01  2.997976E-02  0.000000E+00  2.384792E-02  2.888545E-03 -4.710169E-17 -1.017399E+00  0.000000E+00
  1.359210E-01  2.807739E-02  5.000000E-01  1.372953E-01  2.839967E-02  0.000000E+00  2.420236E-02  3.019864E-03 -7.121612E-17 -1.028483E+00  0.000000E+00
  1.237890E-01  2.653861E-02  5.000000E-01  1.250407E-01  2.684536E-02  0.000000E+00  2.457672E-02  3.184239E-03 -1.109589E-16 -1.037866E+00  0.000000E+00
  1.122730E-01  2.501583E-02  5.000000E-01  1.134084E-01  2.530720E-02  0.000000E+00  2.491960E-02  3.376509E-03 -1.785967E-16 -1.045648E+00  0.000000E+00
  1.013710E-01  2.350339E-02  5.000000E-01  1.023964E-01  2.377948E-02  0.000000E+00  2.520821E-02  3.590185E-03 -2.943115E-16 -1.052437E+00  0.000000E+00
  9.107400E-02  2.199927E-02  5.000000E-01  9.199536E-02  2.226017E-02  0.000000E+00  2.544620E-02  3.824477E-03 -4.933165E-16 -1.058808E+00  0.000000E+00
  9.107400E-02  2.199927E-02  5.000000E-01  9.199536E-02  2.226017E-02  0.000000E+00  2.544620E-02  3.824477E-03 -4.933165E-16 -1.058808E+00  0.000000E+00
  8.137660E-02  2.050122E-02  5.000000E-01  8.220003E-02  2.074699E-02  0.000000E+00  2.564165E-02  4.077752E-03 -8.353826E-16 -1.065509E+00  0.000000E+00
  7.227050E-02  1.901166E-02  5.000000E-01  7.300197E-02  1.924239E-02  0.000000E+00  2.579893E-02  4.344081E-03 -1.424397E-15 -1.073554E+00  0.000000E+00
  6.374670E-02  1.753570E-02  5.000000E-01  6.439209E-02  1.775152E-02  0.000000E+00  2.592887E-02  4.624592E-03 -2.444485E-15 -1.083612E+00  0.000000E+00
  5.579720E-02  1.607663E-02  5.000000E-01  5.636231E-02  1.627771E-02  0.000000E+00  2.603205E-02  4.915448E-03 -4.205310E-15 -1.096592E+00  0.000000E+00
  4.841260E-02  1.464299E-02  5.000000E-01  4.890313E-02  1.482959E-02  0.000000E+00  2.610666E-02  5.211392E-03 -7.177028E-15 -1.113482E+00  0.000000E+00
  4.158390E-02  1.324258E-02  5.000000E-01  4.200547E-02  1.341504E-02  0.000000E+00  2.615782E-02  5.518876E-03 -1.197886E-14 -1.134675E+00  0.000000E+00
  3.530370E-02  1.188026E-02  5.000000E-01  3.566185E-02  1.203897E-02  0.000000E+00  2.616659E-02  5.832586E-03 -1.920852E-14 -1.161009E+00  0.000000E+00
  2.956270E-02  1.056555E-02  5.000000E-01  2.986287E-02  1.071098E-02  0.000000E+00  2.610577E-02  6.147707E-03 -2.899908E-14 -1.193150E+00  0.000000E+00
  2.435310E-02  9.304985E-03  5.000000E-01  2.460066E-02  9.437686E-03  0.000000E+00  2.593537E-02  6.476111E-03 -4.022920E-14 -1.230509E+00  0.000000E+00
  1.967110E-02  8.099047E-03  5.000000E-01  1.987137E-02  8.219571E-03  0.000000E+00  2.552089E-02  6.788409E-03 -4.982537E-14 -1.273397E+00  0.000000E+00
  1.550860E-02  6.954904E-03  5.000000E-01  1.566684E-02  7.063872E-03  0.000000E+00  2.468452E-02  7.036157E-03 -5.338223E-14 -1.322120E+00  0.000000E+00
  1.185930E-02  5.876215E-03  5.000000E-01  1.198068E-02  5.974290E-03  0.000000E+00  2.332859E-02  7.212096E-03 -4.761151E-14 -1.374829E+00  0.000000E+00
  8.724160E-03  4.859167E-03  5.000000E-01  8.813883E-03  4.946971E-03  0.000000E+00  2.157901E-02  7.343847E-03 -3.321763E-14 -1.431067E+00  0.000000E+00
  6.091130E-03  3.911955E-03  5.000000E-01  6.154263E-03  3.990193E-03  0.000000E+00  2.032403E-02  7.820730E-03 -1.641624E-14 -1.486237E+00  0.000000E+00
  3.952840E-03  3.037302E-03  5.000000E-01  3.994378E-03  3.106707E-03  0.000000E+00  2.113584E-02  9.734096E-03 -5.793275E-15 -1.523408E+00  0.000000E+00
  2.330070E-03  2.222424E-03  5.000000E-01  2.355220E-03  2.283600E-03  0.000000E+00  2.423901E-02  1.419548E-02 -5.072541E-15 -1.531091E+00  0.000000E+00
  1.198080E-03  1.485436E-03  5.000000E-01  1.211798E-03  1.539169E-03  0.000000E+00  2.759959E-02  2.139021E-02 -1.124417E-14 -1.519249E+00  0.000000E+00
  5.019560E-04  8.594018E-04  5.000000E-01  5.086442E-04  9.068127E-04  0.000000E+00  3.041141E-02  3.350363E-02 -2.011946E-14 -1.530793E+00  0.000000E+00
  1.313430E-04  3.762358E-04  5.000000E-01  1.342884E-04  4.187673E-04  0.000000E+00  3.506317E-02  7.036259E-02 -2.976020E-14 -1.566090E+00  0.000000E+00
  8.078190E-06  6.808464E-05  5.000000E-01  9.778777E-06  1.075041E-04  0.000000E+00  3.054268E-02  1.732844E-01 -4.113897E-14 -1.484761E+00  0.000000E+00
 -1.602820E-06 -3.834462E-05  5.000000E-01  0.000000E+00  0.000000E+00  0.000000E+00 -4.944460E-03  2.521462E-01 -5.247034E-14 -1.190869E+00  0.000000E+00
  9.141860E-06 -1.483952E-04  5.000000E-01  1.085319E-05 -1.111620E-04  0.000000E+00 -4.976323E-02  1.967995E-01 -6.366783E-14 -4.687400E-01  0.000000E+00
  1.696960E-04 -4.809876E-04  5.000000E-01  1.730287E-04 -4.471132E-04  0.000000E+00 -6.437021E-02  9.282103E-02 -6.628452E-14  5.409080E-01  0.000000E+00
    1    2
    2    3
    3    4
    4    5
    5    6
    6    7
    7    8
    8    9
    9   10
   10   11
   11   12
   12   13
   13   14
   14   15
   15   16
   16   17
   17   18
   18   19
   19   20
   20   21
   21   22
   22   23
   23   24
   25   26
   26   27
   27   28
   28   29
   29   30
   30   31
   31   32
   32   33
   33   34
   34   35
   35   36
   36   37
   37   38
   38   39
   39   40
   40   41
   41   42
   42   43
   43   44
   44   45
   45   46
   46   47
   47   48
   49   50
   50   51
   51   52
   52   53
   53   54
   54   55
   55   56
   56   57
   57   58
   58   59
   59   60
   60   61
   61   62
   62   63
   63   64
   64   65
   65   66
   66   67
   67   68
   68   69
   69   70
   70   71
   71   72
   73   74
   74   75
   75   76
   76   77
   77   78
   78   79
   79   80
   80   81
   81   82
   82   83
   83   84
   84   85
   85   86
   86   87
   87   88
   88   89
   89   90
   90   91
   91   92
   92   93
   93   94
   94   95
   95   96
   97   98
   98   99
   99  100
  100  101
  101  102
  102  103
  103  104
  104  105
  105  106
  106  107
  107  108
  108  109
  109  110
  110  111
  111  112
  112  113
  113  114
  114  115
  115  116
  116  117
  117  118
  118  119
  119  120
  121  122
  122  123
  123  124
  124  125
  125  126
  126  127
  127  128
  128  129
  129  130
  130  131
  131  132
  132  133
  133  134
  134  135
  135  136
  136  137
  137  138
  138  139
  139  140
  140  141
  141  142
  142  143
  143  144
  145  146
  146  147
  147  148
  148  149
  149  150
  150  151
  151  152
  152  153
  153  154
  154  155
  155  156
  156  157
  157  158
  158  159
  159  160
  160  161
  161  162
  162  163
  163  164
  164  165
  165  166
  166  167
  167  168
  169  170
  170  171
  171  172
  172  173
  173  174
  174  175
  175  176
  176  177
  177  178
  178  179
  179  180
  180  181
  181  182
  182  183
  183  184
  184  185
  185  186
  186  187
  187  188
  188  189
  189  190
  190  191
  191  192
