 Title = "ADflow Slice Data"
Variables =  "CoordinateX"  "CoordinateY"  "CoordinateZ"  "XoC"  "YoC"  "ZoC" "VelocityX" "VelocityY" "VelocityZ" "CoefPressure" "Mach" 
Zone T= "Slice_0001 None Absolute Regular z = 0.50000000"
 Nodes =          192  Elements=          184  ZONETYPE=FELINESEG
 DATAPACKING=POINT
  5.667600E-01 -1.512090E-02  5.000000E-01  5.724853E-01 -1.523486E-02  0.000000E+00  1.341178E-02  1.530186E-03  2.718532E-17  9.988740E-02  0.000000E+00
  5.873410E-01 -1.275927E-02  5.000000E-01  5.932741E-01 -1.284938E-02  0.000000E+00  1.290507E-02  1.479757E-03  2.308132E-17  1.228746E-01  0.000000E+00
  6.076580E-01 -1.043151E-02  5.000000E-01  6.137963E-01 -1.049811E-02  0.000000E+00  1.246007E-02  1.418384E-03  2.149685E-17  1.448330E-01  0.000000E+00
  6.276600E-01 -8.170146E-03  5.000000E-01  6.340003E-01 -8.213913E-03  0.000000E+00  1.207472E-02  1.350284E-03  2.021808E-17  1.651655E-01  0.000000E+00
  6.472970E-01 -5.999655E-03  5.000000E-01  6.538356E-01 -6.021502E-03  0.000000E+00  1.173965E-02  1.280411E-03  1.995982E-17  1.835072E-01  0.000000E+00
  6.665260E-01 -3.931902E-03  5.000000E-01  6.732588E-01 -3.932867E-03  0.000000E+00  1.144464E-02  1.211308E-03  2.297758E-17  2.000652E-01  0.000000E+00
  6.853050E-01 -1.976560E-03  5.000000E-01  6.922274E-01 -1.957778E-03  0.000000E+00  1.118357E-02  1.140453E-03  2.598319E-17  2.156327E-01  0.000000E+00
  7.035980E-01 -1.507684E-04  5.000000E-01  7.107052E-01 -1.135483E-04  0.000000E+00  1.094631E-02  1.065230E-03  2.491424E-17  2.305522E-01  0.000000E+00
  7.213750E-01  1.533607E-03  5.000000E-01  7.286617E-01  1.587838E-03  0.000000E+00  1.071010E-02  9.860395E-04  1.989011E-17  2.444937E-01  0.000000E+00
  7.386080E-01  3.072360E-03  5.000000E-01  7.460687E-01  3.142130E-03  0.000000E+00  1.044591E-02  9.049865E-04  1.458881E-17  2.573848E-01  0.000000E+00
  7.552750E-01  4.470642E-03  5.000000E-01  7.629040E-01  4.554533E-03  0.000000E+00  1.013560E-02  8.263011E-04  7.169164E-18  2.696566E-01  0.000000E+00
  7.713580E-01  5.741326E-03  5.000000E-01  7.791495E-01  5.838050E-03  0.000000E+00  9.791947E-03  7.517834E-04  1.643934E-18  2.818674E-01  0.000000E+00
  7.868410E-01  6.895408E-03  5.000000E-01  7.947888E-01  7.003787E-03  0.000000E+00  9.481903E-03  6.641078E-04  4.647725E-18  2.957412E-01  0.000000E+00
  8.017160E-01  7.872922E-03  5.000000E-01  8.098140E-01  7.991173E-03  0.000000E+00  9.306615E-03  5.403853E-04  1.434433E-17  3.116169E-01  0.000000E+00
  8.159740E-01  8.590492E-03  5.000000E-01  8.242160E-01  8.715989E-03  0.000000E+00  9.329740E-03  3.860582E-04  2.721638E-17  3.245279E-01  0.000000E+00
  8.296120E-01  9.030466E-03  5.000000E-01  8.379918E-01  9.160406E-03  0.000000E+00  9.555071E-03  2.187770E-04  3.794171E-17  3.296067E-01  0.000000E+00
  8.426300E-01  9.209096E-03  5.000000E-01  8.511412E-01  9.340840E-03  0.000000E+00  9.959197E-03  4.535406E-05  4.409139E-17  3.267962E-01  0.000000E+00
  8.550290E-01  9.157744E-03  5.000000E-01  8.636654E-01  9.288969E-03  0.000000E+00  1.051385E-02 -1.332155E-04  4.872039E-17  3.180816E-01  0.000000E+00
  8.668160E-01  8.914131E-03  5.000000E-01  8.755715E-01  9.042896E-03  0.000000E+00  1.119009E-02 -3.157892E-04  5.409083E-17  3.048119E-01  0.000000E+00
  8.779950E-01  8.519515E-03  5.000000E-01  8.868634E-01  8.644295E-03  0.000000E+00  1.195808E-02 -4.998111E-04  5.626656E-17  2.875477E-01  0.000000E+00
  8.885730E-01  8.013164E-03  5.000000E-01  8.975482E-01  8.132830E-03  0.000000E+00  1.278853E-02 -6.827045E-04  5.544325E-17  2.668773E-01  0.000000E+00
  8.985610E-01  7.428445E-03  5.000000E-01  9.076371E-01  7.542207E-03  0.000000E+00  1.364884E-02 -8.577205E-04  5.391937E-17  2.433222E-01  0.000000E+00
  9.079670E-01  6.799131E-03  5.000000E-01  9.171381E-01  6.906537E-03  0.000000E+00  1.449972E-02 -1.012490E-03  4.956766E-17  2.173445E-01  0.000000E+00
  9.168010E-01  6.157726E-03  5.000000E-01  9.260613E-01  6.258654E-03  0.000000E+00  1.530357E-02 -1.137869E-03  3.772744E-17  1.900017E-01  0.000000E+00
  9.168010E-01  6.157726E-03  5.000000E-01  9.260613E-01  6.258654E-03  0.000000E+00  1.530357E-02 -1.137869E-03  3.772744E-17  1.900017E-01  0.000000E+00
  9.250730E-01  5.529033E-03  5.000000E-01  9.344168E-01  5.623613E-03  0.000000E+00  1.603719E-02 -1.235088E-03  3.715031E-17  1.628186E-01  0.000000E+00
  9.327940E-01  4.927293E-03  5.000000E-01  9.422158E-01  5.015796E-03  0.000000E+00  1.670007E-02 -1.315848E-03  4.578540E-17  1.371085E-01  0.000000E+00
  9.399760E-01  4.355781E-03  5.000000E-01  9.494703E-01  4.438512E-03  0.000000E+00  1.730844E-02 -1.391689E-03  4.962984E-17  1.131401E-01  0.000000E+00
  9.466320E-01  3.815200E-03  5.000000E-01  9.561935E-01  3.892472E-03  0.000000E+00  1.788247E-02 -1.467140E-03  5.517002E-17  9.017583E-02  0.000000E+00
  9.527730E-01  3.306371E-03  5.000000E-01  9.623965E-01  3.378504E-03  0.000000E+00  1.844683E-02 -1.548697E-03  4.295789E-17  6.767616E-02  0.000000E+00
  9.584110E-01  2.827154E-03  5.000000E-01  9.680915E-01  2.894448E-03  0.000000E+00  1.903423E-02 -1.647005E-03 -4.011706E-17  4.540875E-02  0.000000E+00
  9.635570E-01  2.374318E-03  5.000000E-01  9.732895E-01  2.437039E-03  0.000000E+00  1.967858E-02 -1.767948E-03 -2.962102E-16  2.265591E-02  0.000000E+00
  9.682220E-01  1.946793E-03  5.000000E-01  9.780016E-01  2.005196E-03  0.000000E+00  2.041199E-02 -1.912159E-03 -8.489008E-16 -1.670940E-03  0.000000E+00
  9.724140E-01  1.545859E-03  5.000000E-01  9.822359E-01  1.600213E-03  0.000000E+00  2.128250E-02 -2.087645E-03 -1.739928E-15 -2.820246E-02  0.000000E+00
  9.761430E-01  1.171440E-03  5.000000E-01  9.860026E-01  1.222013E-03  0.000000E+00  2.237223E-02 -2.311568E-03 -2.863216E-15 -5.739094E-02  0.000000E+00
  9.794160E-01  8.242704E-04  5.000000E-01  9.893086E-01  8.713373E-04  0.000000E+00  2.378320E-02 -2.597351E-03 -4.283813E-15 -9.031765E-02  0.000000E+00
  9.822400E-01  5.074293E-04  5.000000E-01  9.921611E-01  5.512965E-04  0.000000E+00  2.556632E-02 -2.947186E-03 -7.124817E-15 -1.284359E-01  0.000000E+00
  9.846200E-01  2.260650E-04  5.000000E-01  9.945652E-01  2.670907E-04  0.000000E+00  2.759057E-02 -3.347857E-03 -1.411828E-14 -1.720947E-01  0.000000E+00
  9.865620E-01 -1.453607E-05  5.000000E-01  9.965268E-01  2.405984E-05  0.000000E+00  2.940957E-02 -3.711578E-03 -2.761654E-14 -2.194034E-01  0.000000E+00
  9.880680E-01 -2.086060E-04  5.000000E-01  9.980480E-01 -1.719700E-04  0.000000E+00  2.987555E-02 -3.826694E-03 -4.558625E-14 -2.766123E-01  0.000000E+00
  9.891420E-01 -3.514239E-04  5.000000E-01  9.991328E-01 -3.162302E-04  0.000000E+00  2.812835E-02 -3.911128E-03 -7.308687E-14 -3.434967E-01  0.000000E+00
  9.897860E-01 -4.389487E-04  5.000000E-01  9.997833E-01 -4.046389E-04  0.000000E+00  3.788604E-02 -4.013259E-03 -2.351322E-13 -2.893912E-01  0.000000E+00
  9.900000E-01 -4.683023E-04  5.000000E-01  9.999995E-01 -4.342889E-04  0.000000E+00  2.618837E-02  5.267632E-03 -9.859415E-14 -5.820153E-01  0.000000E+00
  9.900000E-01 -1.843754E-04  5.000000E-01  9.999995E-01 -1.474947E-04  0.000000E+00  1.229771E-03 -7.885212E-03 -4.094758E-14 -8.088085E-01  0.000000E+00
  9.900000E-01  9.955150E-05  5.000000E-01  9.999995E-01  1.392996E-04  0.000000E+00 -4.468899E-04 -2.274863E-02 -2.347572E-13 -6.283585E-01  0.000000E+00
  9.900000E-01  3.834784E-04  5.000000E-01  9.999995E-01  4.260938E-04  0.000000E+00 -1.435986E-04 -8.862959E-03 -1.424459E-13 -6.283146E-01  0.000000E+00
  9.900000E-01  6.674053E-04  5.000000E-01  9.999995E-01  7.128880E-04  0.000000E+00  4.646613E-04 -5.229925E-03 -5.429901E-14 -6.881952E-01  0.000000E+00
  9.900000E-01  9.513321E-04  5.000000E-01  9.999995E-01  9.996822E-04  0.000000E+00  6.797355E-03 -6.632427E-03 -1.485929E-14 -6.299440E-01  0.000000E+00
  9.900000E-01  9.513321E-04  5.000000E-01  9.999995E-01  9.996822E-04  0.000000E+00  6.797355E-03 -6.632427E-03 -1.485929E-14 -6.299440E-01  0.000000E+00
  9.897890E-01  1.017904E-03  5.000000E-01  9.997864E-01  1.066926E-03  0.000000E+00  9.015791E-03 -3.469593E-03  8.405438E-16 -5.523836E-01  0.000000E+00
  9.891540E-01  1.218674E-03  5.000000E-01  9.991450E-01  1.269724E-03  0.000000E+00  4.567797E-03 -1.351286E-03  8.939213E-16 -5.709859E-01  0.000000E+00
  9.880950E-01  1.555408E-03  5.000000E-01  9.980753E-01  1.609858E-03  0.000000E+00  3.024812E-03 -9.609306E-04  3.700410E-16 -5.705460E-01  0.000000E+00
  9.866100E-01  2.031333E-03  5.000000E-01  9.965753E-01  2.090590E-03  0.000000E+00  1.983774E-03 -6.497847E-04  1.173089E-15 -5.626461E-01  0.000000E+00
  9.846960E-01  2.650662E-03  5.000000E-01  9.946419E-01  2.716174E-03  0.000000E+00  9.959171E-04 -3.234657E-04  1.222211E-15 -5.590082E-01  0.000000E+00
  9.823490E-01  3.418251E-03  5.000000E-01  9.922712E-01  3.491515E-03  0.000000E+00  1.849887E-04 -5.918649E-05  8.741769E-16 -5.580288E-01  0.000000E+00
  9.795670E-01  4.338749E-03  5.000000E-01  9.894611E-01  4.421308E-03  0.000000E+00 -4.278298E-04  1.427318E-04  5.483347E-16 -5.582707E-01  0.000000E+00
  9.763420E-01  5.417935E-03  5.000000E-01  9.862036E-01  5.511392E-03  0.000000E+00 -8.716011E-04  2.932878E-04  3.164941E-16 -5.597153E-01  0.000000E+00
  9.726710E-01  6.659543E-03  5.000000E-01  9.824955E-01  6.765540E-03  0.000000E+00 -1.170633E-03  3.977058E-04  1.709432E-16 -5.622491E-01  0.000000E+00
  9.685460E-01  8.066753E-03  5.000000E-01  9.783288E-01  8.186961E-03  0.000000E+00 -1.342208E-03  4.594693E-04  9.025892E-17 -5.654525E-01  0.000000E+00
  9.639600E-01  9.641707E-03  5.000000E-01  9.736965E-01  9.777820E-03  0.000000E+00 -1.402963E-03  4.831439E-04  4.849220E-17 -5.688176E-01  0.000000E+00
  9.589060E-01  1.138655E-02  5.000000E-01  9.685915E-01  1.154029E-02  0.000000E+00 -1.373313E-03  4.750007E-04  2.604702E-17 -5.718685E-01  0.000000E+00
  9.533750E-01  1.330247E-02  5.000000E-01  9.630046E-01  1.347555E-02  0.000000E+00 -1.279123E-03  4.433671E-04  1.306312E-17 -5.742416E-01  0.000000E+00
  9.473580E-01  1.538821E-02  5.000000E-01  9.569269E-01  1.558236E-02  0.000000E+00 -1.150224E-03  3.983937E-04  5.681174E-18 -5.757516E-01  0.000000E+00
  9.408450E-01  1.764045E-02  5.000000E-01  9.503481E-01  1.785734E-02  0.000000E+00 -1.016829E-03  3.507789E-04  3.839689E-18 -5.764282E-01  0.000000E+00
  9.338260E-01  2.005389E-02  5.000000E-01  9.432582E-01  2.029516E-02  0.000000E+00 -9.056364E-04  3.100176E-04  7.136504E-18 -5.764996E-01  0.000000E+00
  9.262910E-01  2.262009E-02  5.000000E-01  9.356471E-01  2.288727E-02  0.000000E+00 -8.372247E-04  2.831387E-04  1.513588E-17 -5.763184E-01  0.000000E+00
  9.182290E-01  2.532623E-02  5.000000E-01  9.275037E-01  2.562074E-02  0.000000E+00 -8.254993E-04  2.742241E-04  2.649668E-17 -5.762554E-01  0.000000E+00
  9.096280E-01  2.815459E-02  5.000000E-01  9.188158E-01  2.847766E-02  0.000000E+00 -8.781440E-04  2.845143E-04  4.002463E-17 -5.766709E-01  0.000000E+00
  9.004770E-01  3.108169E-02  5.000000E-01  9.095724E-01  3.143432E-02  0.000000E+00 -9.969835E-04  3.126301E-04  5.640046E-17 -5.778801E-01  0.000000E+00
  8.907650E-01  3.407660E-02  5.000000E-01  8.997623E-01  3.445948E-02  0.000000E+00 -1.179226E-03  3.542509E-04  6.172660E-17 -5.799681E-01  0.000000E+00
  8.804800E-01  3.709793E-02  5.000000E-01  8.893735E-01  3.751132E-02  0.000000E+00 -1.418031E-03  4.017105E-04  5.462426E-17 -5.828353E-01  0.000000E+00
  8.696090E-01  4.008991E-02  5.000000E-01  8.783927E-01  4.053352E-02  0.000000E+00 -1.699107E-03  4.455687E-04  4.588512E-17 -5.864168E-01  0.000000E+00
  8.696090E-01  4.008991E-02  5.000000E-01  8.783927E-01  4.053352E-02  0.000000E+00 -1.699107E-03  4.455687E-04  4.588512E-17 -5.864168E-01  0.000000E+00
  8.581400E-01  4.298047E-02  5.000000E-01  8.668079E-01  4.345327E-02  0.000000E+00 -2.002424E-03  4.769009E-04  2.080990E-17 -5.897232E-01  0.000000E+00
  8.460600E-01  4.568543E-02  5.000000E-01  8.546059E-01  4.618554E-02  0.000000E+00 -2.310215E-03  4.855520E-04 -6.232686E-18 -5.905543E-01  0.000000E+00
  8.333640E-01  4.812492E-02  5.000000E-01  8.417817E-01  4.864967E-02  0.000000E+00 -2.567422E-03  4.509381E-04 -4.005771E-17 -5.921080E-01  0.000000E+00
  8.200460E-01  5.022336E-02  5.000000E-01  8.283292E-01  5.076930E-02  0.000000E+00 -2.540679E-03  3.448722E-04 -1.251534E-16 -6.136442E-01  0.000000E+00
  8.061050E-01  5.191333E-02  5.000000E-01  8.142474E-01  5.247634E-02  0.000000E+00 -1.648292E-03  1.621418E-04 -2.403525E-16 -6.844019E-01  0.000000E+00
  7.915460E-01  5.316907E-02  5.000000E-01  7.995413E-01  5.374476E-02  0.000000E+00  9.923066E-04 -5.249836E-05 -3.368308E-16 -8.103988E-01  0.000000E+00
  7.763770E-01  5.402981E-02  5.000000E-01  7.842191E-01  5.461419E-02  0.000000E+00  5.991079E-03 -2.164766E-04 -3.166660E-16 -9.517153E-01  0.000000E+00
  7.606070E-01  5.456484E-02  5.000000E-01  7.682899E-01  5.515463E-02  0.000000E+00  1.260939E-02 -2.326982E-04 -1.287105E-16 -1.050192E+00  0.000000E+00
  7.442510E-01  5.478150E-02  5.000000E-01  7.517687E-01  5.537347E-02  0.000000E+00  1.845447E-02 -4.495964E-05  1.167236E-16 -1.081601E+00  0.000000E+00
  7.273250E-01  5.469763E-02  5.000000E-01  7.346718E-01  5.528876E-02  0.000000E+00  2.145708E-02  2.562057E-04  3.407873E-16 -1.067292E+00  0.000000E+00
  7.098490E-01  5.436572E-02  5.000000E-01  7.170193E-01  5.495349E-02  0.000000E+00  2.167889E-02  4.875463E-04  5.044509E-16 -1.042298E+00  0.000000E+00
  6.918480E-01  5.388183E-02  5.000000E-01  6.988365E-01  5.446472E-02  0.000000E+00  2.053744E-02  5.378167E-04  5.307573E-16 -1.031198E+00  0.000000E+00
  6.733520E-01  5.339611E-02  5.000000E-01  6.801537E-01  5.397409E-02  0.000000E+00  1.933098E-02  3.966236E-04  4.152238E-16 -1.044709E+00  0.000000E+00
  6.543930E-01  5.310811E-02  5.000000E-01  6.610032E-01  5.368318E-02  0.000000E+00  1.875457E-02  1.294297E-04  2.445722E-16 -1.079364E+00  0.000000E+00
  6.350090E-01  5.313747E-02  5.000000E-01  6.414235E-01  5.371284E-02  0.000000E+00  1.903431E-02 -1.468031E-04  9.657737E-17 -1.119807E+00  0.000000E+00
  6.152440E-01  5.341693E-02  5.000000E-01  6.214589E-01  5.399513E-02  0.000000E+00  1.996342E-02 -3.486273E-04  4.342245E-18 -1.151524E+00  0.000000E+00
  5.951420E-01  5.383647E-02  5.000000E-01  6.011539E-01  5.441890E-02  0.000000E+00  2.108736E-02 -4.395269E-04 -1.906883E-17 -1.167553E+00  0.000000E+00
  5.747530E-01  5.426568E-02  5.000000E-01  5.805590E-01  5.485245E-02  0.000000E+00  2.203836E-02 -3.839934E-04  1.343963E-17 -1.165434E+00  0.000000E+00
  5.541290E-01  5.455981E-02  5.000000E-01  5.597267E-01  5.514954E-02  0.000000E+00  2.264737E-02 -1.704724E-04  4.840900E-17 -1.146602E+00  0.000000E+00
  5.333260E-01  5.458123E-02  5.000000E-01  5.387136E-01  5.517118E-02  0.000000E+00  2.285315E-02  1.287738E-04  3.437783E-17 -1.118458E+00  0.000000E+00
  5.124010E-01  5.431925E-02  5.000000E-01  5.175773E-01  5.490656E-02  0.000000E+00  2.270622E-02  4.073164E-04 -1.916171E-17 -1.090540E+00  0.000000E+00
  4.914140E-01  5.382398E-02  5.000000E-01  4.963783E-01  5.440629E-02  0.000000E+00  2.239019E-02  6.211513E-04 -5.924519E-17 -1.068257E+00  0.000000E+00
  4.704230E-01  5.315127E-02  5.000000E-01  4.751754E-01  5.372678E-02  0.000000E+00  2.208385E-02  7.684236E-04 -5.569540E-17 -1.053656E+00  0.000000E+00
  1.696960E-04 -4.810013E-04  5.000000E-01  1.730287E-04 -4.471162E-04  0.000000E+00 -6.436948E-02  9.282100E-02 -1.029299E-12  5.409115E-01  0.000000E+00
  8.054360E-04 -9.781859E-04  5.000000E-01  8.151890E-04 -9.493217E-04  0.000000E+00 -4.693411E-02  3.286234E-02 -4.660208E-13  1.106832E+00  0.000000E+00
  1.973980E-03 -1.585099E-03  5.000000E-01  1.995534E-03 -1.562364E-03  0.000000E+00 -2.105153E-02  1.047951E-02 -1.911448E-13  1.176614E+00  0.000000E+00
  3.614630E-03 -2.299724E-03  5.000000E-01  3.652753E-03 -2.284206E-03  0.000000E+00 -4.055467E-03  1.772906E-03 -8.026183E-14  1.152925E+00  0.000000E+00
  5.721210E-03 -3.130488E-03  5.000000E-01  5.780607E-03 -3.123360E-03  0.000000E+00  5.020201E-03 -1.863737E-03 -3.826953E-14  1.122580E+00  0.000000E+00
  8.297500E-03 -4.074913E-03  5.000000E-01  8.382914E-03 -4.077322E-03  0.000000E+00  9.329720E-03 -3.267924E-03 -1.876898E-14  1.078246E+00  0.000000E+00
  1.136560E-02 -5.113390E-03  5.000000E-01  1.148200E-02 -5.126287E-03  0.000000E+00  1.109807E-02 -3.619103E-03 -9.068351E-15  1.023816E+00  0.000000E+00
  1.493280E-02 -6.234675E-03  5.000000E-01  1.508522E-02 -6.258895E-03  0.000000E+00  1.169363E-02 -3.584650E-03 -4.531175E-15  9.693047E-01  0.000000E+00
  1.899460E-02 -7.447076E-03  5.000000E-01  1.918804E-02 -7.483540E-03  0.000000E+00  1.195005E-02 -3.514725E-03 -2.407118E-15  9.186115E-01  0.000000E+00
  2.354800E-02 -8.766644E-03  5.000000E-01  2.378743E-02 -8.816435E-03  0.000000E+00  1.228450E-02 -3.506770E-03 -1.292191E-15  8.687300E-01  0.000000E+00
  2.860130E-02 -1.018889E-02  5.000000E-01  2.889176E-02 -1.025304E-02  0.000000E+00  1.281569E-02 -3.545773E-03 -6.444270E-16  8.170143E-01  0.000000E+00
  3.416500E-02 -1.170273E-02  5.000000E-01  3.451165E-02 -1.178217E-02  0.000000E+00  1.352516E-02 -3.613186E-03 -2.665636E-16  7.646886E-01  0.000000E+00
  4.024810E-02 -1.329897E-02  5.000000E-01  4.065618E-02 -1.339453E-02  0.000000E+00  1.435425E-02 -3.689802E-03 -5.309428E-17  7.126640E-01  0.000000E+00
  4.686030E-02 -1.496532E-02  5.000000E-01  4.733516E-02 -1.507771E-02  0.000000E+00  1.523858E-02 -3.755787E-03  7.381436E-17  6.607243E-01  0.000000E+00
  5.401090E-02 -1.669008E-02  5.000000E-01  5.455797E-02 -1.681989E-02  0.000000E+00  1.613139E-02 -3.802745E-03  1.617986E-16  6.089386E-01  0.000000E+00
  6.170850E-02 -1.846464E-02  5.000000E-01  6.233331E-02 -1.861237E-02  0.000000E+00  1.700707E-02 -3.822352E-03  2.350688E-16  5.569345E-01  0.000000E+00
  6.996310E-02 -2.027467E-02  5.000000E-01  7.067127E-02 -2.044067E-02  0.000000E+00  1.785189E-02 -3.802102E-03  3.109435E-16  5.040086E-01  0.000000E+00
  7.878500E-02 -2.210053E-02  5.000000E-01  7.958226E-02 -2.228498E-02  0.000000E+00  1.866270E-02 -3.738380E-03  3.989541E-16  4.503585E-01  0.000000E+00
  8.818390E-02 -2.392309E-02  5.000000E-01  8.907608E-02 -2.412595E-02  0.000000E+00  1.944094E-02 -3.631275E-03  5.081224E-16  3.964188E-01  0.000000E+00
  9.816930E-02 -2.571981E-02  5.000000E-01  9.916232E-02 -2.594081E-02  0.000000E+00  2.018115E-02 -3.476135E-03  6.369059E-16  3.422498E-01  0.000000E+00
  1.087500E-01 -2.746381E-02  5.000000E-01  1.098499E-01 -2.770242E-02  0.000000E+00  2.086716E-02 -3.269478E-03  7.341546E-16  2.882738E-01  0.000000E+00
  1.199340E-01 -2.912778E-02  5.000000E-01  1.211468E-01 -2.938320E-02  0.000000E+00  2.146411E-02 -3.006289E-03  7.460415E-16  2.351946E-01  0.000000E+00
  1.317280E-01 -3.067965E-02  5.000000E-01  1.330599E-01 -3.095073E-02  0.000000E+00  2.191138E-02 -2.677732E-03  7.788519E-16  1.838607E-01  0.000000E+00
  1.441380E-01 -3.208206E-02  5.000000E-01  1.455952E-01 -3.236731E-02  0.000000E+00  2.213779E-02 -2.283773E-03  6.842555E-16  1.360563E-01  0.000000E+00
  1.441380E-01 -3.208206E-02  5.000000E-01  1.455952E-01 -3.236731E-02  0.000000E+00  2.213779E-02 -2.283773E-03  6.842555E-16  1.360563E-01  0.000000E+00
  1.571670E-01 -3.329855E-02  5.000000E-01  1.587558E-01 -3.359608E-02  0.000000E+00  2.209221E-02 -1.838123E-03  4.879657E-16  9.435839E-02  0.000000E+00
  1.708170E-01 -3.429420E-02  5.000000E-01  1.725437E-01 -3.460179E-02  0.000000E+00  2.178415E-02 -1.370479E-03  2.491243E-16  6.149923E-02  0.000000E+00
  1.850860E-01 -3.504530E-02  5.000000E-01  1.869568E-01 -3.536048E-02  0.000000E+00  2.131746E-02 -9.337998E-04 -1.201519E-17  3.982911E-02  0.000000E+00
  1.999720E-01 -3.556046E-02  5.000000E-01  2.019931E-01 -3.588084E-02  0.000000E+00  2.087271E-02 -5.963725E-04 -1.210626E-16  3.008181E-02  0.000000E+00
  2.154670E-01 -3.590525E-02  5.000000E-01  2.176446E-01 -3.622911E-02  0.000000E+00  2.059291E-02 -3.845715E-04 -1.908478E-16  2.788823E-02  0.000000E+00
  2.315610E-01 -3.614984E-02  5.000000E-01  2.339011E-01 -3.647617E-02  0.000000E+00  2.046561E-02 -2.365216E-04 -2.575935E-16  2.317055E-02  0.000000E+00
  2.482400E-01 -3.628591E-02  5.000000E-01  2.507486E-01 -3.661362E-02  0.000000E+00  2.039630E-02 -8.598592E-05 -3.060001E-16  1.044852E-02  0.000000E+00
  2.654840E-01 -3.629146E-02  5.000000E-01  2.681667E-01 -3.661922E-02  0.000000E+00  2.031790E-02  8.201786E-05 -3.151460E-16 -7.124286E-03  0.000000E+00
  2.832720E-01 -3.614101E-02  5.000000E-01  2.861343E-01 -3.646725E-02  0.000000E+00  2.019301E-02  2.651821E-04 -2.841780E-16 -2.451941E-02  0.000000E+00
  3.015770E-01 -3.581327E-02  5.000000E-01  3.046242E-01 -3.613620E-02  0.000000E+00  2.000593E-02  4.541199E-04 -2.283612E-16 -3.832845E-02  0.000000E+00
  3.203660E-01 -3.529493E-02  5.000000E-01  3.236030E-01 -3.561262E-02  0.000000E+00  1.975470E-02  6.384590E-04 -1.644032E-16 -4.739992E-02  0.000000E+00
  3.396030E-01 -3.458068E-02  5.000000E-01  3.430342E-01 -3.489117E-02  0.000000E+00  1.944268E-02  8.116490E-04 -1.067756E-16 -5.207554E-02  0.000000E+00
  3.592490E-01 -3.366854E-02  5.000000E-01  3.628786E-01 -3.396981E-02  0.000000E+00  1.907282E-02  9.716609E-04 -6.611134E-17 -5.312757E-02  0.000000E+00
  3.792580E-01 -3.255730E-02  5.000000E-01  3.830897E-01 -3.284735E-02  0.000000E+00  1.864806E-02  1.117234E-03 -4.061049E-17 -5.094003E-02  0.000000E+00
  3.995810E-01 -3.124874E-02  5.000000E-01  4.036179E-01 -3.152557E-02  0.000000E+00  1.817232E-02  1.245992E-03 -2.346674E-17 -4.542904E-02  0.000000E+00
  4.201670E-01 -2.974883E-02  5.000000E-01  4.244118E-01 -3.001052E-02  0.000000E+00  1.764851E-02  1.356241E-03 -1.060540E-17 -3.650426E-02  0.000000E+00
  4.409600E-01 -2.806556E-02  5.000000E-01  4.454148E-01 -2.831025E-02  0.000000E+00  1.707901E-02  1.447424E-03  3.472398E-18 -2.428190E-02  0.000000E+00
  4.619030E-01 -2.620844E-02  5.000000E-01  4.665693E-01 -2.643437E-02  0.000000E+00  1.647151E-02  1.517613E-03  1.851745E-17 -8.851464E-03  0.000000E+00
  4.829360E-01 -2.419481E-02  5.000000E-01  4.878147E-01 -2.440041E-02  0.000000E+00  1.584036E-02  1.564283E-03  3.015643E-17  9.606772E-03  0.000000E+00
  5.039990E-01 -2.204854E-02  5.000000E-01  5.090904E-01 -2.223246E-02  0.000000E+00  1.520266E-02  1.586666E-03  3.628543E-17  3.055317E-02  0.000000E+00
  5.250310E-01 -1.979935E-02  5.000000E-01  5.303348E-01 -1.996056E-02  0.000000E+00  1.457529E-02  1.586175E-03  3.495159E-17  5.316319E-02  0.000000E+00
  5.459710E-01 -1.747970E-02  5.000000E-01  5.514863E-01 -1.761748E-02  0.000000E+00  1.397323E-02  1.566374E-03  3.108193E-17  7.649390E-02  0.000000E+00
  5.667600E-01 -1.512090E-02  5.000000E-01  5.724853E-01 -1.523486E-02  0.000000E+00  1.341178E-02  1.530186E-03  2.718532E-17  9.988740E-02  0.000000E+00
  4.704230E-01  5.315127E-02  5.000000E-01  4.751754E-01  5.372678E-02  0.000000E+00  2.208385E-02  7.684236E-04 -5.569540E-17 -1.053656E+00  0.000000E+00
  4.494880E-01  5.236177E-02  5.000000E-01  4.540289E-01  5.292931E-02  0.000000E+00  2.188912E-02  8.563047E-04 -2.331805E-17 -1.046914E+00  0.000000E+00
  4.286690E-01  5.151603E-02  5.000000E-01  4.329997E-01  5.207503E-02  0.000000E+00  2.185895E-02  9.112476E-04  8.373887E-18 -1.045625E+00  0.000000E+00
  4.080230E-01  5.063482E-02  5.000000E-01  4.121452E-01  5.118492E-02  0.000000E+00  2.200120E-02  9.726053E-04  2.532257E-17 -1.045761E+00  0.000000E+00
  3.876050E-01  4.970326E-02  5.000000E-01  3.915210E-01  5.024394E-02  0.000000E+00  2.225413E-02  1.058246E-03  2.515420E-17 -1.044708E+00  0.000000E+00
  3.674690E-01  4.870800E-02  5.000000E-01  3.711816E-01  4.923864E-02  0.000000E+00  2.252964E-02  1.165204E-03  1.490918E-17 -1.041795E+00  0.000000E+00
  3.476650E-01  4.763906E-02  5.000000E-01  3.511776E-01  4.815890E-02  0.000000E+00  2.277219E-02  1.289161E-03  3.470702E-18 -1.037079E+00  0.000000E+00
  3.282390E-01  4.648878E-02  5.000000E-01  3.315555E-01  4.699700E-02  0.000000E+00  2.296508E-02  1.427313E-03 -9.349459E-18 -1.030914E+00  0.000000E+00
  3.092330E-01  4.525198E-02  5.000000E-01  3.123575E-01  4.574771E-02  0.000000E+00  2.311081E-02  1.574501E-03 -2.152781E-17 -1.023939E+00  0.000000E+00
  2.906860E-01  4.393163E-02  5.000000E-01  2.936232E-01  4.441403E-02  0.000000E+00  2.321905E-02  1.725615E-03 -3.022910E-17 -1.016786E+00  0.000000E+00
  2.726330E-01  4.253336E-02  5.000000E-01  2.753879E-01  4.300164E-02  0.000000E+00  2.330217E-02  1.879817E-03 -3.790282E-17 -1.009716E+00  0.000000E+00
  2.551020E-01  4.106266E-02  5.000000E-01  2.576799E-01  4.151609E-02  0.000000E+00  2.336854E-02  2.038209E-03 -4.468290E-17 -1.002731E+00  0.000000E+00
  2.381210E-01  3.952547E-02  5.000000E-01  2.405274E-01  3.996337E-02  0.000000E+00  2.342409E-02  2.204196E-03 -4.812566E-17 -9.956810E-01  0.000000E+00
  2.217090E-01  3.792397E-02  5.000000E-01  2.239496E-01  3.834571E-02  0.000000E+00  2.346857E-02  2.379004E-03 -4.652987E-17 -9.888703E-01  0.000000E+00
  2.058840E-01  3.626069E-02  5.000000E-01  2.079648E-01  3.666563E-02  0.000000E+00  2.348224E-02  2.541390E-03 -4.107444E-17 -9.845096E-01  0.000000E+00
  1.906600E-01  3.456320E-02  5.000000E-01  1.925871E-01  3.495100E-02  0.000000E+00  2.345744E-02  2.655114E-03 -3.499068E-17 -9.859902E-01  0.000000E+00
  1.760460E-01  3.288190E-02  5.000000E-01  1.778255E-01  3.325271E-02  0.000000E+00  2.346110E-02  2.724884E-03 -2.712442E-17 -9.938298E-01  0.000000E+00
  1.620500E-01  3.124089E-02  5.000000E-01  1.636881E-01  3.159513E-02  0.000000E+00  2.358452E-02  2.792796E-03 -1.410152E-17 -1.005274E+00  0.000000E+00
  1.486750E-01  2.964236E-02  5.000000E-01  1.501781E-01  2.998045E-02  0.000000E+00  2.384852E-02  2.888486E-03  3.870558E-18 -1.017407E+00  0.000000E+00
  1.359210E-01  2.807812E-02  5.000000E-01  1.372953E-01  2.840042E-02  0.000000E+00  2.420291E-02  3.019849E-03  2.088201E-17 -1.028484E+00  0.000000E+00
  1.237890E-01  2.653937E-02  5.000000E-01  1.250407E-01  2.684614E-02  0.000000E+00  2.457721E-02  3.184265E-03  2.186948E-17 -1.037862E+00  0.000000E+00
  1.122730E-01  2.501660E-02  5.000000E-01  1.134084E-01  2.530798E-02  0.000000E+00  2.492002E-02  3.376574E-03 -7.632815E-18 -1.045637E+00  0.000000E+00
  1.013710E-01  2.350414E-02  5.000000E-01  1.023964E-01  2.378025E-02  0.000000E+00  2.520857E-02  3.590291E-03 -8.942071E-17 -1.052420E+00  0.000000E+00
  9.107400E-02  2.199999E-02  5.000000E-01  9.199536E-02  2.226091E-02  0.000000E+00  2.544651E-02  3.824622E-03 -2.665234E-16 -1.058786E+00  0.000000E+00
  9.107400E-02  2.199999E-02  5.000000E-01  9.199536E-02  2.226091E-02  0.000000E+00  2.544651E-02  3.824622E-03 -2.665234E-16 -1.058786E+00  0.000000E+00
  8.137660E-02  2.050190E-02  5.000000E-01  8.220003E-02  2.074768E-02  0.000000E+00  2.564190E-02  4.077935E-03 -6.109201E-16 -1.065482E+00  0.000000E+00
  7.227050E-02  1.901228E-02  5.000000E-01  7.300197E-02  1.924303E-02  0.000000E+00  2.579914E-02  4.344298E-03 -1.263721E-15 -1.073523E+00  0.000000E+00
  6.374670E-02  1.753625E-02  5.000000E-01  6.439209E-02  1.775209E-02  0.000000E+00  2.592901E-02  4.624836E-03 -2.473075E-15 -1.083577E+00  0.000000E+00
  5.579720E-02  1.607711E-02  5.000000E-01  5.636231E-02  1.627821E-02  0.000000E+00  2.603214E-02  4.915713E-03 -4.624586E-15 -1.096553E+00  0.000000E+00
  4.841260E-02  1.464339E-02  5.000000E-01  4.890313E-02  1.483001E-02  0.000000E+00  2.610668E-02  5.211670E-03 -8.286047E-15 -1.113442E+00  0.000000E+00
  4.158390E-02  1.324291E-02  5.000000E-01  4.200547E-02  1.341539E-02  0.000000E+00  2.615779E-02  5.519159E-03 -1.418089E-14 -1.134634E+00  0.000000E+00
  3.530370E-02  1.188052E-02  5.000000E-01  3.566185E-02  1.203924E-02  0.000000E+00  2.616651E-02  5.832867E-03 -2.299151E-14 -1.160968E+00  0.000000E+00
  2.956270E-02  1.056574E-02  5.000000E-01  2.986287E-02  1.071119E-02  0.000000E+00  2.610565E-02  6.147975E-03 -3.495411E-14 -1.193110E+00  0.000000E+00
  2.435310E-02  9.305120E-03  5.000000E-01  2.460066E-02  9.437833E-03  0.000000E+00  2.593522E-02  6.476357E-03 -4.926297E-14 -1.230472E+00  0.000000E+00
  1.967110E-02  8.099133E-03  5.000000E-01  1.987137E-02  8.219668E-03  0.000000E+00  2.552073E-02  6.788622E-03 -6.375579E-14 -1.273363E+00  0.000000E+00
  1.550860E-02  6.954950E-03  5.000000E-01  1.566684E-02  7.063929E-03  0.000000E+00  2.468434E-02  7.036324E-03 -7.579327E-14 -1.322091E+00  0.000000E+00
  1.185930E-02  5.876231E-03  5.000000E-01  1.198068E-02  5.974317E-03  0.000000E+00  2.332839E-02  7.212202E-03 -8.389873E-14 -1.374805E+00  0.000000E+00
  8.724160E-03  4.859163E-03  5.000000E-01  8.813883E-03  4.946978E-03  0.000000E+00  2.157876E-02  7.343875E-03 -8.756202E-14 -1.431049E+00  0.000000E+00
  6.091130E-03  3.911940E-03  5.000000E-01  6.154263E-03  3.990189E-03  0.000000E+00  2.032372E-02  7.820671E-03 -8.290097E-14 -1.486224E+00  0.000000E+00
  3.952840E-03  3.037282E-03  5.000000E-01  3.994378E-03  3.106698E-03  0.000000E+00  2.113550E-02  9.733958E-03 -5.347385E-14 -1.523400E+00  0.000000E+00
  2.330070E-03  2.222405E-03  5.000000E-01  2.355220E-03  2.283592E-03  0.000000E+00  2.423877E-02  1.419532E-02  2.643878E-14 -1.531087E+00  0.000000E+00
  1.198080E-03  1.485420E-03  5.000000E-01  1.211798E-03  1.539164E-03  0.000000E+00  2.759961E-02  2.139015E-02  1.208723E-13 -1.519247E+00  0.000000E+00
  5.019560E-04  8.593887E-04  5.000000E-01  5.086442E-04  9.068103E-04  0.000000E+00  3.041169E-02  3.350382E-02  1.392922E-14 -1.530791E+00  0.000000E+00
  1.313430E-04  3.762247E-04  5.000000E-01  1.342884E-04  4.187669E-04  0.000000E+00  3.506356E-02  7.036312E-02 -1.366512E-13 -1.566086E+00  0.000000E+00
  8.078190E-06  6.807403E-05  5.000000E-01  9.778777E-06  1.075042E-04  0.000000E+00  3.054283E-02  1.732849E-01  3.968107E-12 -1.484756E+00  0.000000E+00
 -1.602820E-06 -3.835536E-05  5.000000E-01  0.000000E+00  0.000000E+00  0.000000E+00 -4.944380E-03  2.521462E-01  3.791984E-12 -1.190861E+00  0.000000E+00
  9.141860E-06 -1.484063E-04  5.000000E-01  1.085319E-05 -1.111623E-04  0.000000E+00 -4.976276E-02  1.967991E-01 -9.467092E-13 -4.687311E-01  0.000000E+00
  1.696960E-04 -4.810013E-04  5.000000E-01  1.730287E-04 -4.471162E-04  0.000000E+00 -6.436948E-02  9.282100E-02 -1.029299E-12  5.409115E-01  0.000000E+00
    1    2
    2    3
    3    4
    4    5
    5    6
    6    7
    7    8
    8    9
    9   10
   10   11
   11   12
   12   13
   13   14
   14   15
   15   16
   16   17
   17   18
   18   19
   19   20
   20   21
   21   22
   22   23
   23   24
   25   26
   26   27
   27   28
   28   29
   29   30
   30   31
   31   32
   32   33
   33   34
   34   35
   35   36
   36   37
   37   38
   38   39
   39   40
   40   41
   41   42
   42   43
   43   44
   44   45
   45   46
   46   47
   47   48
   49   50
   50   51
   51   52
   52   53
   53   54
   54   55
   55   56
   56   57
   57   58
   58   59
   59   60
   60   61
   61   62
   62   63
   63   64
   64   65
   65   66
   66   67
   67   68
   68   69
   69   70
   70   71
   71   72
   73   74
   74   75
   75   76
   76   77
   77   78
   78   79
   79   80
   80   81
   81   82
   82   83
   83   84
   84   85
   85   86
   86   87
   87   88
   88   89
   89   90
   90   91
   91   92
   92   93
   93   94
   94   95
   95   96
   97   98
   98   99
   99  100
  100  101
  101  102
  102  103
  103  104
  104  105
  105  106
  106  107
  107  108
  108  109
  109  110
  110  111
  111  112
  112  113
  113  114
  114  115
  115  116
  116  117
  117  118
  118  119
  119  120
  121  122
  122  123
  123  124
  124  125
  125  126
  126  127
  127  128
  128  129
  129  130
  130  131
  131  132
  132  133
  133  134
  134  135
  135  136
  136  137
  137  138
  138  139
  139  140
  140  141
  141  142
  142  143
  143  144
  145  146
  146  147
  147  148
  148  149
  149  150
  150  151
  151  152
  152  153
  153  154
  154  155
  155  156
  156  157
  157  158
  158  159
  159  160
  160  161
  161  162
  162  163
  163  164
  164  165
  165  166
  166  167
  167  168
  169  170
  170  171
  171  172
  172  173
  173  174
  174  175
  175  176
  176  177
  177  178
  178  179
  179  180
  180  181
  181  182
  182  183
  183  184
  184  185
  185  186
  186  187
  187  188
  188  189
  189  190
  190  191
  191  192
