 Title = "ADflow Slice Data"
Variables =  "CoordinateX"  "CoordinateY"  "CoordinateZ"  "XoC"  "YoC"  "ZoC" "VelocityX" "VelocityY" "VelocityZ" "CoefPressure" "Mach" 
Zone T= "Slice_0001 None Absolute Regular z = 0.50000000"
 Nodes =          192  Elements=          184  ZONETYPE=FELINESEG
 DATAPACKING=POINT
  5.667600E-01 -1.520128E-02  5.000000E-01  5.724853E-01 -1.531710E-02  0.000000E+00  1.343416E-02  1.537984E-03 -1.657184E-18  9.760329E-02  0.000000E+00
  5.873410E-01 -1.282845E-02  5.000000E-01  5.932741E-01 -1.292031E-02  0.000000E+00  1.290751E-02  1.488175E-03 -7.798717E-19  1.211406E-01  0.000000E+00
  6.076580E-01 -1.048604E-02  5.000000E-01  6.137963E-01 -1.055424E-02  0.000000E+00  1.244420E-02  1.425982E-03 -4.771943E-19  1.438199E-01  0.000000E+00
  6.276600E-01 -8.208954E-03  5.000000E-01  6.340003E-01 -8.254159E-03  0.000000E+00  1.204507E-02  1.356201E-03 -7.813295E-19  1.648415E-01  0.000000E+00
  6.472970E-01 -6.023887E-03  5.000000E-01  6.538356E-01 -6.047025E-03  0.000000E+00  1.170230E-02  1.284186E-03  1.579397E-19  1.837330E-01  0.000000E+00
  6.665260E-01 -3.944686E-03  5.000000E-01  6.732588E-01 -3.946827E-03  0.000000E+00  1.140571E-02  1.212892E-03  9.139428E-20  2.006535E-01  0.000000E+00
  6.853050E-01 -1.981844E-03  5.000000E-01  6.922274E-01 -1.964162E-03  0.000000E+00  1.114758E-02  1.140355E-03 -9.000058E-19  2.163672E-01  0.000000E+00
  7.035980E-01 -1.517010E-04  5.000000E-01  7.107052E-01 -1.155366E-04  0.000000E+00  1.091569E-02  1.064196E-03 -1.502899E-19  2.312571E-01  0.000000E+00
  7.213750E-01  1.534803E-03  5.000000E-01  7.286617E-01  1.588000E-03  0.000000E+00  1.068562E-02  9.846329E-04  9.730872E-19  2.450888E-01  0.000000E+00
  7.386080E-01  3.074269E-03  5.000000E-01  7.460687E-01  3.143012E-03  0.000000E+00  1.042728E-02  9.035581E-04  8.203741E-19  2.578579E-01  0.000000E+00
  7.552750E-01  4.472486E-03  5.000000E-01  7.629040E-01  4.555349E-03  0.000000E+00  1.012193E-02  8.250412E-04  5.262310E-19  2.700215E-01  0.000000E+00
  7.713580E-01  5.742786E-03  5.000000E-01  7.791495E-01  5.838478E-03  0.000000E+00  9.782076E-03  7.507805E-04  2.800482E-19  2.821425E-01  0.000000E+00
  7.868410E-01  6.896473E-03  5.000000E-01  7.947888E-01  7.003816E-03  0.000000E+00  9.474695E-03  6.633804E-04  4.804925E-19  2.959460E-01  0.000000E+00
  8.017160E-01  7.873690E-03  5.000000E-01  8.098140E-01  7.990902E-03  0.000000E+00  9.301123E-03  5.398974E-04  5.949542E-19  3.117733E-01  0.000000E+00
  8.159740E-01  8.591044E-03  5.000000E-01  8.242160E-01  8.715500E-03  0.000000E+00  9.325306E-03  3.857483E-04  1.181770E-19  3.246546E-01  0.000000E+00
  8.296120E-01  9.030862E-03  5.000000E-01  8.379918E-01  9.159760E-03  0.000000E+00  9.551293E-03  2.185929E-04  1.941075E-19  3.297150E-01  0.000000E+00
  8.426300E-01  9.209380E-03  5.000000E-01  8.511412E-01  9.340081E-03  0.000000E+00  9.955849E-03  4.526149E-05  4.137985E-19  3.268919E-01  0.000000E+00
  8.550290E-01  9.157947E-03  5.000000E-01  8.636654E-01  9.288129E-03  0.000000E+00  1.051082E-02 -1.332390E-04  4.751881E-19  3.181679E-01  0.000000E+00
  8.668160E-01  8.914276E-03  5.000000E-01  8.755715E-01  9.041997E-03  0.000000E+00  1.118730E-02 -3.157603E-04  6.048276E-19  3.048914E-01  0.000000E+00
  8.779950E-01  8.519618E-03  5.000000E-01  8.868634E-01  8.643353E-03  0.000000E+00  1.195550E-02 -4.997436E-04  5.442139E-19  2.876223E-01  0.000000E+00
  8.885730E-01  8.013237E-03  5.000000E-01  8.975482E-01  8.131858E-03  0.000000E+00  1.278614E-02 -6.826097E-04  4.097295E-19  2.669483E-01  0.000000E+00
  8.985610E-01  7.428496E-03  5.000000E-01  9.076371E-01  7.541212E-03  0.000000E+00  1.364662E-02 -8.576081E-04  6.516086E-19  2.433901E-01  0.000000E+00
  9.079670E-01  6.799166E-03  5.000000E-01  9.171381E-01  6.905526E-03  0.000000E+00  1.449768E-02 -1.012369E-03  1.127371E-18  2.174095E-01  0.000000E+00
  9.168010E-01  6.157750E-03  5.000000E-01  9.260613E-01  6.257632E-03  0.000000E+00  1.530170E-02 -1.137747E-03  1.365878E-18  1.900639E-01  0.000000E+00
  9.168010E-01  6.157750E-03  5.000000E-01  9.260613E-01  6.257632E-03  0.000000E+00  1.530170E-02 -1.137747E-03  1.365878E-18  1.900639E-01  0.000000E+00
  9.250730E-01  5.529049E-03  5.000000E-01  9.344168E-01  5.622583E-03  0.000000E+00  1.603549E-02 -1.234970E-03  1.121665E-18  1.628778E-01  0.000000E+00
  9.327940E-01  4.927304E-03  5.000000E-01  9.422158E-01  5.014760E-03  0.000000E+00  1.669854E-02 -1.315738E-03  7.812407E-19  1.371648E-01  0.000000E+00
  9.399760E-01  4.355788E-03  5.000000E-01  9.494703E-01  4.437473E-03  0.000000E+00  1.730708E-02 -1.391587E-03  7.651383E-19  1.131935E-01  0.000000E+00
  9.466320E-01  3.815204E-03  5.000000E-01  9.561935E-01  3.891430E-03  0.000000E+00  1.788127E-02 -1.467048E-03  1.507349E-18  9.022627E-02  0.000000E+00
  9.527730E-01  3.306373E-03  5.000000E-01  9.623966E-01  3.377460E-03  0.000000E+00  1.844578E-02 -1.548613E-03  2.225382E-18  6.772360E-02  0.000000E+00
  9.584110E-01  2.827156E-03  5.000000E-01  9.680915E-01  2.893403E-03  0.000000E+00  1.903333E-02 -1.646930E-03  2.001298E-18  4.545305E-02  0.000000E+00
  9.635570E-01  2.374319E-03  5.000000E-01  9.732895E-01  2.435993E-03  0.000000E+00  1.967780E-02 -1.767881E-03 -1.093530E-18  2.269696E-02  0.000000E+00
  9.682220E-01  1.946793E-03  5.000000E-01  9.780016E-01  2.004150E-03  0.000000E+00  2.041134E-02 -1.912100E-03 -8.345375E-18 -1.633123E-03  0.000000E+00
  9.724140E-01  1.545859E-03  5.000000E-01  9.822359E-01  1.599167E-03  0.000000E+00  2.128196E-02 -2.087594E-03 -1.081111E-17 -2.816768E-02  0.000000E+00
  9.761430E-01  1.171440E-03  5.000000E-01  9.860026E-01  1.220967E-03  0.000000E+00  2.237180E-02 -2.311524E-03  1.700728E-17 -5.735887E-02  0.000000E+00
  9.794160E-01  8.242703E-04  5.000000E-01  9.893086E-01  8.702909E-04  0.000000E+00  2.378286E-02 -2.597313E-03  9.340334E-17 -9.028788E-02  0.000000E+00
  9.822400E-01  5.074292E-04  5.000000E-01  9.921611E-01  5.502501E-04  0.000000E+00  2.556604E-02 -2.947153E-03  1.360737E-16 -1.284080E-01  0.000000E+00
  9.846200E-01  2.260649E-04  5.000000E-01  9.945652E-01  2.660444E-04  0.000000E+00  2.759033E-02 -3.347828E-03 -1.482729E-16 -1.720683E-01  0.000000E+00
  9.865620E-01 -1.453615E-05  5.000000E-01  9.965268E-01  2.301353E-05  0.000000E+00  2.940936E-02 -3.711549E-03 -1.088675E-15 -2.193781E-01  0.000000E+00
  9.880680E-01 -2.086060E-04  5.000000E-01  9.980480E-01 -1.730163E-04  0.000000E+00  2.987533E-02 -3.826665E-03 -2.026554E-15 -2.765881E-01  0.000000E+00
  9.891420E-01 -3.514240E-04  5.000000E-01  9.991328E-01 -3.172765E-04  0.000000E+00  2.812811E-02 -3.911097E-03  5.641117E-16 -3.434734E-01  0.000000E+00
  9.897860E-01 -4.389487E-04  5.000000E-01  9.997833E-01 -4.056851E-04  0.000000E+00  3.788574E-02 -4.013221E-03  1.188981E-14 -2.893671E-01  0.000000E+00
  9.900000E-01 -4.683023E-04  5.000000E-01  9.999995E-01 -4.353351E-04  0.000000E+00  2.618817E-02  5.267666E-03  1.075619E-14 -5.819927E-01  0.000000E+00
  9.900000E-01 -1.843754E-04  5.000000E-01  9.999995E-01 -1.485409E-04  0.000000E+00  1.229761E-03 -7.885128E-03  1.930754E-15 -8.087875E-01  0.000000E+00
  9.900000E-01  9.955148E-05  5.000000E-01  9.999995E-01  1.382533E-04  0.000000E+00 -4.468881E-04 -2.274846E-02  3.123145E-15 -6.283362E-01  0.000000E+00
  9.900000E-01  3.834784E-04  5.000000E-01  9.999995E-01  4.250475E-04  0.000000E+00 -1.436017E-04 -8.862749E-03  3.657394E-15 -6.282928E-01  0.000000E+00
  9.900000E-01  6.674052E-04  5.000000E-01  9.999995E-01  7.118418E-04  0.000000E+00  4.646635E-04 -5.229836E-03  3.605483E-15 -6.881750E-01  0.000000E+00
  9.900000E-01  9.513321E-04  5.000000E-01  9.999995E-01  9.986360E-04  0.000000E+00  6.797486E-03 -6.632488E-03  3.418044E-15 -6.299225E-01  0.000000E+00
  9.900000E-01  9.513321E-04  5.000000E-01  9.999995E-01  9.986360E-04  0.000000E+00  6.797486E-03 -6.632488E-03  3.418044E-15 -6.299225E-01  0.000000E+00
  9.897890E-01  1.017904E-03  5.000000E-01  9.997864E-01  1.065880E-03  0.000000E+00  9.015999E-03 -3.469663E-03  2.905496E-15 -5.523601E-01  0.000000E+00
  9.891540E-01  1.218674E-03  5.000000E-01  9.991450E-01  1.268678E-03  0.000000E+00  4.567948E-03 -1.351333E-03  1.905626E-15 -5.709628E-01  0.000000E+00
  9.880950E-01  1.555408E-03  5.000000E-01  9.980753E-01  1.608812E-03  0.000000E+00  3.024937E-03 -9.609705E-04  1.041442E-15 -5.705224E-01  0.000000E+00
  9.866100E-01  2.031333E-03  5.000000E-01  9.965753E-01  2.089544E-03  0.000000E+00  1.983862E-03 -6.498131E-04  4.974320E-16 -5.626221E-01  0.000000E+00
  9.846960E-01  2.650662E-03  5.000000E-01  9.946419E-01  2.715127E-03  0.000000E+00  9.959557E-04 -3.234783E-04  2.125844E-16 -5.589840E-01  0.000000E+00
  9.823490E-01  3.418251E-03  5.000000E-01  9.922712E-01  3.490468E-03  0.000000E+00  1.849750E-04 -5.918201E-05  7.479482E-17 -5.580044E-01  0.000000E+00
  9.795670E-01  4.338748E-03  5.000000E-01  9.894611E-01  4.420261E-03  0.000000E+00 -4.278908E-04  1.427521E-04  1.020265E-17 -5.582463E-01  0.000000E+00
  9.763420E-01  5.417934E-03  5.000000E-01  9.862036E-01  5.510346E-03  0.000000E+00 -8.716986E-04  2.933206E-04 -1.463658E-17 -5.596911E-01  0.000000E+00
  9.726710E-01  6.659543E-03  5.000000E-01  9.824955E-01  6.764494E-03  0.000000E+00 -1.170752E-03  3.977464E-04 -1.679124E-17 -5.622252E-01  0.000000E+00
  9.685460E-01  8.066753E-03  5.000000E-01  9.783288E-01  8.185915E-03  0.000000E+00 -1.342332E-03  4.595118E-04 -1.051699E-17 -5.654289E-01  0.000000E+00
  9.639600E-01  9.641708E-03  5.000000E-01  9.736965E-01  9.776774E-03  0.000000E+00 -1.403076E-03  4.831829E-04 -4.547681E-18 -5.687943E-01  0.000000E+00
  9.589060E-01  1.138655E-02  5.000000E-01  9.685915E-01  1.153924E-02  0.000000E+00 -1.373401E-03  4.750313E-04 -1.686654E-18 -5.718453E-01  0.000000E+00
  9.533750E-01  1.330247E-02  5.000000E-01  9.630046E-01  1.347451E-02  0.000000E+00 -1.279176E-03  4.433859E-04 -1.210270E-18 -5.742184E-01  0.000000E+00
  9.473580E-01  1.538822E-02  5.000000E-01  9.569269E-01  1.558132E-02  0.000000E+00 -1.150238E-03  3.983991E-04 -7.444453E-19 -5.757282E-01  0.000000E+00
  9.408450E-01  1.764046E-02  5.000000E-01  9.503481E-01  1.785631E-02  0.000000E+00 -1.016804E-03  3.507710E-04 -4.256757E-19 -5.764044E-01  0.000000E+00
  9.338260E-01  2.005391E-02  5.000000E-01  9.432582E-01  2.029412E-02  0.000000E+00 -9.055771E-04  3.099980E-04 -6.263417E-19 -5.764754E-01  0.000000E+00
  9.262910E-01  2.262011E-02  5.000000E-01  9.356471E-01  2.288625E-02  0.000000E+00 -8.371384E-04  2.831105E-04  7.742299E-20 -5.762938E-01  0.000000E+00
  9.182290E-01  2.532626E-02  5.000000E-01  9.275037E-01  2.561972E-02  0.000000E+00 -8.253994E-04  2.741923E-04  1.691320E-19 -5.762303E-01  0.000000E+00
  9.096280E-01  2.815463E-02  5.000000E-01  9.188158E-01  2.847666E-02  0.000000E+00 -8.780500E-04  2.844859E-04 -1.381652E-18 -5.766454E-01  0.000000E+00
  9.004770E-01  3.108176E-02  5.000000E-01  9.095724E-01  3.143335E-02  0.000000E+00 -9.969212E-04  3.126135E-04 -1.720219E-18 -5.778543E-01  0.000000E+00
  8.907650E-01  3.407671E-02  5.000000E-01  8.997623E-01  3.445854E-02  0.000000E+00 -1.179224E-03  3.542546E-04 -4.003793E-20 -5.799424E-01  0.000000E+00
  8.804800E-01  3.709809E-02  5.000000E-01  8.893735E-01  3.751043E-02  0.000000E+00 -1.418115E-03  4.017409E-04  8.663932E-19 -5.828103E-01  0.000000E+00
  8.696090E-01  4.009013E-02  5.000000E-01  8.783927E-01  4.053269E-02  0.000000E+00 -1.699297E-03  4.456296E-04  1.290168E-18 -5.863934E-01  0.000000E+00
  8.696090E-01  4.009013E-02  5.000000E-01  8.783927E-01  4.053269E-02  0.000000E+00 -1.699297E-03  4.456296E-04  1.290168E-18 -5.863934E-01  0.000000E+00
  8.581400E-01  4.298079E-02  5.000000E-01  8.668079E-01  4.345254E-02  0.000000E+00 -2.002737E-03  4.769964E-04  1.946179E-18 -5.897018E-01  0.000000E+00
  8.460600E-01  4.568588E-02  5.000000E-01  8.546059E-01  4.618495E-02  0.000000E+00 -2.310686E-03  4.856852E-04  1.013429E-18 -5.905321E-01  0.000000E+00
  8.333640E-01  4.812557E-02  5.000000E-01  8.417817E-01  4.864928E-02  0.000000E+00 -2.568108E-03  4.511057E-04 -5.984045E-19 -5.920826E-01  0.000000E+00
  8.200460E-01  5.022429E-02  5.000000E-01  8.283292E-01  5.076920E-02  0.000000E+00 -2.541561E-03  3.450488E-04 -8.943282E-19 -6.136243E-01  0.000000E+00
  8.061050E-01  5.191465E-02  5.000000E-01  8.142474E-01  5.247663E-02  0.000000E+00 -1.649045E-03  1.622592E-04  2.615714E-19 -6.844135E-01  0.000000E+00
  7.915460E-01  5.317095E-02  5.000000E-01  7.995413E-01  5.374561E-02  0.000000E+00  9.926370E-04 -5.257386E-05  1.453298E-18 -8.104706E-01  0.000000E+00
  7.763770E-01  5.403245E-02  5.000000E-01  7.842192E-01  5.461581E-02  0.000000E+00  5.994122E-03 -2.169341E-04  1.823936E-18 -9.518473E-01  0.000000E+00
  7.606070E-01  5.456845E-02  5.000000E-01  7.682899E-01  5.515722E-02  0.000000E+00  1.261653E-02 -2.335547E-04  8.977996E-20 -1.050341E+00  0.000000E+00
  7.442510E-01  5.478601E-02  5.000000E-01  7.517687E-01  5.537699E-02  0.000000E+00  1.846512E-02 -4.571188E-05 -4.618333E-18 -1.081695E+00  0.000000E+00
  7.273250E-01  5.470259E-02  5.000000E-01  7.346718E-01  5.529272E-02  0.000000E+00  2.146869E-02  2.564782E-04 -9.977597E-18 -1.067244E+00  0.000000E+00
  7.098490E-01  5.437004E-02  5.000000E-01  7.170193E-01  5.495681E-02  0.000000E+00  2.168880E-02  4.896964E-04 -1.319230E-17 -1.042003E+00  0.000000E+00
  6.918480E-01  5.388362E-02  5.000000E-01  6.988365E-01  5.446548E-02  0.000000E+00  2.054360E-02  5.424506E-04 -1.345921E-17 -1.030530E+00  0.000000E+00
  6.733520E-01  5.339246E-02  5.000000E-01  6.801537E-01  5.396936E-02  0.000000E+00  1.933141E-02  4.042769E-04 -1.135454E-17 -1.043566E+00  0.000000E+00
  6.543930E-01  5.309507E-02  5.000000E-01  6.610032E-01  5.366897E-02  0.000000E+00  1.874621E-02  1.403675E-04 -8.193992E-18 -1.077758E+00  0.000000E+00
  6.350090E-01  5.311132E-02  5.000000E-01  6.414235E-01  5.368538E-02  0.000000E+00  1.901341E-02 -1.333398E-04 -5.551133E-18 -1.117944E+00  0.000000E+00
  6.152440E-01  5.337649E-02  5.000000E-01  6.214589E-01  5.395322E-02  0.000000E+00  1.992895E-02 -3.347391E-04 -4.598012E-18 -1.149755E+00  0.000000E+00
  5.951420E-01  5.378366E-02  5.000000E-01  6.011539E-01  5.436451E-02  0.000000E+00  2.104335E-02 -4.286527E-04 -4.970887E-18 -1.166289E+00  0.000000E+00
  5.747530E-01  5.420586E-02  5.000000E-01  5.805590E-01  5.479097E-02  0.000000E+00  2.199204E-02 -3.807009E-04 -5.593105E-18 -1.165097E+00  0.000000E+00
  5.541290E-01  5.450201E-02  5.000000E-01  5.597267E-01  5.509011E-02  0.000000E+00  2.260683E-02 -1.790613E-04 -6.406643E-18 -1.147549E+00  0.000000E+00
  5.333260E-01  5.453758E-02  5.000000E-01  5.387136E-01  5.512605E-02  0.000000E+00  2.282821E-02  1.078432E-04 -6.952008E-18 -1.120760E+00  0.000000E+00
  5.124010E-01  5.429976E-02  5.000000E-01  5.175773E-01  5.488582E-02  0.000000E+00  2.270615E-02  3.784845E-04 -7.080247E-18 -1.093871E+00  0.000000E+00
  4.914140E-01  5.383389E-02  5.000000E-01  4.963783E-01  5.441525E-02  0.000000E+00  2.241833E-02  5.904847E-04 -6.982324E-18 -1.072052E+00  0.000000E+00
  4.704230E-01  5.319091E-02  5.000000E-01  4.751754E-01  5.376577E-02  0.000000E+00  2.213663E-02  7.414614E-04 -6.847792E-18 -1.057254E+00  0.000000E+00
  1.696960E-04 -4.797597E-04  5.000000E-01  1.730287E-04 -4.469082E-04  0.000000E+00 -6.437928E-02  9.277181E-02 -6.489948E-14  5.421631E-01  0.000000E+00
  8.054360E-04 -9.762249E-04  5.000000E-01  8.151890E-04 -9.483872E-04  0.000000E+00 -4.691383E-02  3.279763E-02 -5.042821E-14  1.107611E+00  0.000000E+00
  1.973980E-03 -1.581788E-03  5.000000E-01  1.995534E-03 -1.560066E-03  0.000000E+00 -2.101262E-02  1.043640E-02 -2.777812E-14  1.176749E+00  0.000000E+00
  3.614630E-03 -2.294453E-03  5.000000E-01  3.652753E-03 -2.279928E-03  0.000000E+00 -4.014593E-03  1.751135E-03 -9.541643E-15  1.152676E+00  0.000000E+00
  5.721210E-03 -3.122607E-03  5.000000E-01  5.780607E-03 -3.116445E-03  0.000000E+00  5.056872E-03 -1.871260E-03 -8.532447E-17  1.122111E+00  0.000000E+00
  8.297500E-03 -4.063726E-03  5.000000E-01  8.382914E-03 -4.067069E-03  0.000000E+00  9.361511E-03 -3.266954E-03  2.400517E-15  1.077626E+00  0.000000E+00
  1.136560E-02 -5.098156E-03  5.000000E-01  1.148200E-02 -5.111945E-03  0.000000E+00  1.112537E-02 -3.613198E-03  1.771545E-15  1.023096E+00  0.000000E+00
  1.493280E-02 -6.214630E-03  5.000000E-01  1.508522E-02 -6.239695E-03  0.000000E+00  1.171719E-02 -3.575948E-03  6.752876E-16  9.685389E-01  0.000000E+00
  1.899460E-02 -7.421459E-03  5.000000E-01  1.918804E-02 -7.458711E-03  0.000000E+00  1.197079E-02 -3.504283E-03  5.317179E-17  9.178467E-01  0.000000E+00
  2.354800E-02 -8.734687E-03  5.000000E-01  2.378743E-02 -8.785201E-03  0.000000E+00  1.230303E-02 -3.494855E-03 -1.158761E-16  8.679981E-01  0.000000E+00
  2.860130E-02 -1.014983E-02  5.000000E-01  2.889176E-02 -1.021464E-02  0.000000E+00  1.283197E-02 -3.532242E-03 -8.851837E-17  8.163413E-01  0.000000E+00
  3.416500E-02 -1.165584E-02  5.000000E-01  3.451165E-02 -1.173586E-02  0.000000E+00  1.353865E-02 -3.597796E-03 -3.288139E-17  7.641037E-01  0.000000E+00
  4.024810E-02 -1.324357E-02  5.000000E-01  4.065618E-02 -1.333961E-02  0.000000E+00  1.436413E-02 -3.672375E-03 -8.165883E-19  7.121991E-01  0.000000E+00
  4.686030E-02 -1.490078E-02  5.000000E-01  4.733516E-02 -1.501356E-02  0.000000E+00  1.524395E-02 -3.736278E-03  7.468688E-18  6.604123E-01  0.000000E+00
  5.401090E-02 -1.661586E-02  5.000000E-01  5.455797E-02 -1.674597E-02  0.000000E+00  1.613145E-02 -3.781251E-03  5.140523E-18  6.088123E-01  0.000000E+00
  6.170850E-02 -1.838029E-02  5.000000E-01  6.233331E-02 -1.852822E-02  0.000000E+00  1.700113E-02 -3.799092E-03  2.341980E-18  5.570284E-01  0.000000E+00
  6.996310E-02 -2.017986E-02  5.000000E-01  7.067127E-02 -2.034596E-02  0.000000E+00  1.783930E-02 -3.777407E-03 -2.074714E-19  5.043603E-01  0.000000E+00
  7.878500E-02 -2.199509E-02  5.000000E-01  7.958226E-02 -2.217952E-02  0.000000E+00  1.864285E-02 -3.712668E-03 -5.235848E-19  4.510087E-01  0.000000E+00
  8.818390E-02 -2.380703E-02  5.000000E-01  8.907608E-02 -2.400976E-02  0.000000E+00  1.941316E-02 -3.605043E-03  1.533169E-19  3.974110E-01  0.000000E+00
  9.816930E-02 -2.559335E-02  5.000000E-01  9.916232E-02 -2.581412E-02  0.000000E+00  2.014475E-02 -3.449990E-03  1.130356E-18  3.436308E-01  0.000000E+00
  1.087500E-01 -2.732744E-02  5.000000E-01  1.098499E-01 -2.756572E-02  0.000000E+00  2.082149E-02 -3.244168E-03  1.801599E-18  2.900913E-01  0.000000E+00
  1.199340E-01 -2.898232E-02  5.000000E-01  1.211468E-01 -2.923732E-02  0.000000E+00  2.140878E-02 -2.982753E-03  1.283559E-18  2.374945E-01  0.000000E+00
  1.317280E-01 -3.052632E-02  5.000000E-01  1.330599E-01 -3.079690E-02  0.000000E+00  2.184672E-02 -2.657166E-03  2.092477E-18  1.866800E-01  0.000000E+00
  1.441380E-01 -3.192256E-02  5.000000E-01  1.455953E-01 -3.220724E-02  0.000000E+00  2.206542E-02 -2.267580E-03  1.397852E-18  1.394095E-01  0.000000E+00
  1.441380E-01 -3.192256E-02  5.000000E-01  1.455953E-01 -3.220724E-02  0.000000E+00  2.206542E-02 -2.267580E-03  1.397852E-18  1.394095E-01  0.000000E+00
  1.571670E-01 -3.313516E-02  5.000000E-01  1.587558E-01 -3.343209E-02  0.000000E+00  2.201546E-02 -1.827727E-03  3.904820E-19  9.821705E-02  0.000000E+00
  1.708170E-01 -3.412990E-02  5.000000E-01  1.725437E-01 -3.443688E-02  0.000000E+00  2.170791E-02 -1.367028E-03  7.569874E-19  6.576943E-02  0.000000E+00
  1.850860E-01 -3.488378E-02  5.000000E-01  1.869568E-01 -3.519837E-02  0.000000E+00  2.124733E-02 -9.378115E-04  1.025241E-18  4.433546E-02  0.000000E+00
  1.999720E-01 -3.540608E-02  5.000000E-01  2.019931E-01 -3.572594E-02  0.000000E+00  2.081388E-02 -6.075670E-04  6.471618E-19  3.457406E-02  0.000000E+00
  2.154670E-01 -3.576273E-02  5.000000E-01  2.176446E-01 -3.608619E-02  0.000000E+00  2.055004E-02 -4.021908E-04  4.375753E-19  3.208682E-02  0.000000E+00
  2.315610E-01 -3.602392E-02  5.000000E-01  2.339011E-01 -3.635003E-02  0.000000E+00  2.044372E-02 -2.597707E-04  9.890876E-19  2.682743E-02  0.000000E+00
  2.482400E-01 -3.618119E-02  5.000000E-01  2.507486E-01 -3.650888E-02  0.000000E+00  2.040038E-02 -1.137969E-04  9.170276E-19  1.335090E-02  0.000000E+00
  2.654840E-01 -3.621190E-02  5.000000E-01  2.681667E-01 -3.653991E-02  0.000000E+00  2.035076E-02  5.148124E-05  3.183172E-19 -5.188324E-03  0.000000E+00
  2.832720E-01 -3.608926E-02  5.000000E-01  2.861343E-01 -3.641603E-02  0.000000E+00  2.025250E-02  2.346073E-04  4.243585E-19 -2.374839E-02  0.000000E+00
  3.015770E-01 -3.578975E-02  5.000000E-01  3.046242E-01 -3.611349E-02  0.000000E+00  2.008339E-02  4.267924E-04  9.133772E-19 -3.883193E-02  0.000000E+00
  3.203660E-01 -3.529696E-02  5.000000E-01  3.236030E-01 -3.561572E-02  0.000000E+00  1.983610E-02  6.176156E-04  3.430176E-19 -4.910023E-02  0.000000E+00
  3.396030E-01 -3.460200E-02  5.000000E-01  3.430342E-01 -3.491374E-02  0.000000E+00  1.951373E-02  7.987535E-04 -1.841679E-19 -5.459327E-02  0.000000E+00
  3.592490E-01 -3.370177E-02  5.000000E-01  3.628786E-01 -3.400443E-02  0.000000E+00  1.912486E-02  9.653333E-04  4.919041E-20 -5.583019E-02  0.000000E+00
  3.792580E-01 -3.259687E-02  5.000000E-01  3.830897E-01 -3.288837E-02  0.000000E+00  1.867986E-02  1.114751E-03  4.290419E-19 -5.326133E-02  0.000000E+00
  3.995810E-01 -3.129129E-02  5.000000E-01  4.036179E-01 -3.156960E-02  0.000000E+00  1.818907E-02  1.244854E-03  1.128500E-18 -4.710900E-02  0.000000E+00
  4.201670E-01 -2.979353E-02  5.000000E-01  4.244118E-01 -3.005671E-02  0.000000E+00  1.765993E-02  1.354505E-03  9.012111E-19 -3.758140E-02  0.000000E+00
  4.409600E-01 -2.811432E-02  5.000000E-01  4.454148E-01 -2.836055E-02  0.000000E+00  1.709588E-02  1.444076E-03 -2.514049E-19 -2.501113E-02  0.000000E+00
  4.619030E-01 -2.626506E-02  5.000000E-01  4.665693E-01 -2.649262E-02  0.000000E+00  1.650077E-02  1.513366E-03 -1.319303E-18 -9.648881E-03  0.000000E+00
  4.829360E-01 -2.426151E-02  5.000000E-01  4.878147E-01 -2.446883E-02  0.000000E+00  1.588255E-02  1.560958E-03 -1.302927E-18  8.355478E-03  0.000000E+00
  5.039990E-01 -2.212507E-02  5.000000E-01  5.090904E-01 -2.231081E-02  0.000000E+00  1.525288E-02  1.585722E-03 -7.620085E-19  2.871766E-02  0.000000E+00
  5.250310E-01 -1.988300E-02  5.000000E-01  5.303348E-01 -2.004610E-02  0.000000E+00  1.462506E-02  1.588381E-03 -4.472908E-19  5.086943E-02  0.000000E+00
  5.459710E-01 -1.756529E-02  5.000000E-01  5.514863E-01 -1.770499E-02  0.000000E+00  1.401294E-02  1.571843E-03 -8.638468E-19  7.401818E-02  0.000000E+00
  5.667600E-01 -1.520128E-02  5.000000E-01  5.724853E-01 -1.531710E-02  0.000000E+00  1.343416E-02  1.537984E-03 -1.657184E-18  9.760329E-02  0.000000E+00
  4.704230E-01  5.319091E-02  5.000000E-01  4.751754E-01  5.376577E-02  0.000000E+00  2.213663E-02  7.414614E-04 -6.847792E-18 -1.057254E+00  0.000000E+00
  4.494880E-01  5.242649E-02  5.000000E-01  4.540289E-01  5.299364E-02  0.000000E+00  2.195778E-02  8.375878E-04 -7.615399E-18 -1.049680E+00  0.000000E+00
  4.286690E-01  5.159653E-02  5.000000E-01  4.329997E-01  5.215529E-02  0.000000E+00  2.193042E-02  9.028813E-04 -8.577146E-18 -1.047166E+00  0.000000E+00
  4.080230E-01  5.072091E-02  5.000000E-01  4.121452E-01  5.127083E-02  0.000000E+00  2.206106E-02  9.733586E-04 -9.515974E-18 -1.046064E+00  0.000000E+00
  3.876050E-01  4.978715E-02  5.000000E-01  3.915210E-01  5.032764E-02  0.000000E+00  2.229304E-02  1.065389E-03 -1.126771E-17 -1.044016E+00  0.000000E+00
  3.674690E-01  4.878441E-02  5.000000E-01  3.711816E-01  4.931478E-02  0.000000E+00  2.254623E-02  1.176129E-03 -1.194620E-17 -1.040430E+00  0.000000E+00
  3.476650E-01  4.770507E-02  5.000000E-01  3.511776E-01  4.822454E-02  0.000000E+00  2.277052E-02  1.301503E-03 -1.176249E-17 -1.035372E+00  0.000000E+00
  3.282390E-01  4.654370E-02  5.000000E-01  3.315555E-01  4.705143E-02  0.000000E+00  2.295132E-02  1.439065E-03 -1.213217E-17 -1.029152E+00  0.000000E+00
  3.092330E-01  4.529685E-02  5.000000E-01  3.123575E-01  4.579199E-02  0.000000E+00  2.309123E-02  1.584479E-03 -1.228036E-17 -1.022320E+00  0.000000E+00
  2.906860E-01  4.396816E-02  5.000000E-01  2.936232E-01  4.444988E-02  0.000000E+00  2.319873E-02  1.733420E-03 -1.239863E-17 -1.015415E+00  0.000000E+00
  2.726330E-01  4.256352E-02  5.000000E-01  2.753879E-01  4.303106E-02  0.000000E+00  2.328422E-02  1.885344E-03 -1.239857E-17 -1.008646E+00  0.000000E+00
  2.551020E-01  4.108852E-02  5.000000E-01  2.576799E-01  4.154116E-02  0.000000E+00  2.335458E-02  2.041477E-03 -1.218103E-17 -1.001980E+00  0.000000E+00
  2.381210E-01  3.954899E-02  5.000000E-01  2.405274E-01  3.998608E-02  0.000000E+00  2.341489E-02  2.205319E-03 -1.212278E-17 -9.952484E-01  0.000000E+00
  2.217090E-01  3.794696E-02  5.000000E-01  2.239496E-01  3.836788E-02  0.000000E+00  2.346458E-02  2.378192E-03 -1.226563E-17 -9.887341E-01  0.000000E+00
  2.058840E-01  3.628474E-02  5.000000E-01  2.079648E-01  3.668887E-02  0.000000E+00  2.348397E-02  2.539192E-03 -1.278029E-17 -9.846098E-01  0.000000E+00
  1.906600E-01  3.458937E-02  5.000000E-01  1.925871E-01  3.497638E-02  0.000000E+00  2.346542E-02  2.652600E-03 -1.471537E-17 -9.862137E-01  0.000000E+00
  1.760460E-01  3.291033E-02  5.000000E-01  1.778255E-01  3.328038E-02  0.000000E+00  2.347488E-02  2.723085E-03 -1.937630E-17 -9.940497E-01  0.000000E+00
  1.620500E-01  3.127121E-02  5.000000E-01  1.636881E-01  3.162471E-02  0.000000E+00  2.360229E-02  2.792177E-03 -2.834313E-17 -1.005398E+00  0.000000E+00
  1.486750E-01  2.967395E-02  5.000000E-01  1.501781E-01  3.001132E-02  0.000000E+00  2.386797E-02  2.889095E-03 -4.281729E-17 -1.017387E+00  0.000000E+00
  1.359210E-01  2.811036E-02  5.000000E-01  1.372953E-01  2.843194E-02  0.000000E+00  2.422221E-02  3.021580E-03 -6.532634E-17 -1.028304E+00  0.000000E+00
  1.237890E-01  2.657168E-02  5.000000E-01  1.250407E-01  2.687772E-02  0.000000E+00  2.459549E-02  3.187010E-03 -1.027043E-16 -1.037524E+00  0.000000E+00
  1.122730E-01  2.504849E-02  5.000000E-01  1.134084E-01  2.533914E-02  0.000000E+00  2.493723E-02  3.380265E-03 -1.656810E-16 -1.045155E+00  0.000000E+00
  1.013710E-01  2.353524E-02  5.000000E-01  1.023964E-01  2.381061E-02  0.000000E+00  2.522514E-02  3.594900E-03 -2.729324E-16 -1.051808E+00  0.000000E+00
  9.107400E-02  2.203000E-02  5.000000E-01  9.199536E-02  2.229017E-02  0.000000E+00  2.546297E-02  3.830142E-03 -4.569327E-16 -1.058056E+00  0.000000E+00
  9.107400E-02  2.203000E-02  5.000000E-01  9.199536E-02  2.229017E-02  0.000000E+00  2.546297E-02  3.830142E-03 -4.569327E-16 -1.058056E+00  0.000000E+00
  8.137660E-02  2.053061E-02  5.000000E-01  8.220003E-02  2.077564E-02  0.000000E+00  2.565873E-02  4.084374E-03 -7.743482E-16 -1.064641E+00  0.000000E+00
  7.227050E-02  1.903954E-02  5.000000E-01  7.300197E-02  1.926952E-02  0.000000E+00  2.581670E-02  4.351688E-03 -1.325525E-15 -1.072574E+00  0.000000E+00
  6.374670E-02  1.756194E-02  5.000000E-01  6.439209E-02  1.777699E-02  0.000000E+00  2.594762E-02  4.633237E-03 -2.285069E-15 -1.082523E+00  0.000000E+00
  5.579720E-02  1.610115E-02  5.000000E-01  5.636231E-02  1.630145E-02  0.000000E+00  2.605211E-02  4.925224E-03 -3.944207E-15 -1.095391E+00  0.000000E+00
  4.841260E-02  1.466572E-02  5.000000E-01  4.890313E-02  1.485152E-02  0.000000E+00  2.612836E-02  5.222440E-03 -6.757212E-15 -1.112166E+00  0.000000E+00
  4.158390E-02  1.326346E-02  5.000000E-01  4.200547E-02  1.343510E-02  0.000000E+00  2.618161E-02  5.531398E-03 -1.132795E-14 -1.133238E+00  0.000000E+00
  3.530370E-02  1.189925E-02  5.000000E-01  3.566185E-02  1.205711E-02  0.000000E+00  2.619306E-02  5.846858E-03 -1.824579E-14 -1.159443E+00  0.000000E+00
  2.956270E-02  1.058261E-02  5.000000E-01  2.986287E-02  1.072717E-02  0.000000E+00  2.613582E-02  6.164111E-03 -2.766457E-14 -1.191447E+00  0.000000E+00
  2.435310E-02  9.320081E-03  5.000000E-01  2.460066E-02  9.451900E-03  0.000000E+00  2.597037E-02  6.495210E-03 -3.854297E-14 -1.228663E+00  0.000000E+00
  1.967110E-02  8.112180E-03  5.000000E-01  1.987137E-02  8.231800E-03  0.000000E+00  2.556288E-02  6.810979E-03 -4.795570E-14 -1.271403E+00  0.000000E+00
  1.550860E-02  6.966085E-03  5.000000E-01  1.566684E-02  7.074131E-03  0.000000E+00  2.473597E-02  7.063157E-03 -5.164114E-14 -1.319977E+00  0.000000E+00
  1.185930E-02  5.885486E-03  5.000000E-01  1.198068E-02  5.982619E-03  0.000000E+00  2.339106E-02  7.244469E-03 -4.631661E-14 -1.372541E+00  0.000000E+00
  8.724160E-03  4.866616E-03  5.000000E-01  8.813883E-03  4.953460E-03  0.000000E+00  2.165039E-02  7.381545E-03 -3.249702E-14 -1.428651E+00  0.000000E+00
  6.091130E-03  3.917710E-03  5.000000E-01  6.154263E-03  3.994971E-03  0.000000E+00  2.039541E-02  7.861733E-03 -1.613853E-14 -1.483739E+00  0.000000E+00
  3.952840E-03  3.041544E-03  5.000000E-01  3.994378E-03  3.109957E-03  0.000000E+00  2.119248E-02  9.774835E-03 -5.749438E-15 -1.520857E+00  0.000000E+00
  2.330070E-03  2.225423E-03  5.000000E-01  2.355220E-03  2.285593E-03  0.000000E+00  2.426896E-02  1.423111E-02 -5.175292E-15 -1.528472E+00  0.000000E+00
  1.198080E-03  1.487506E-03  5.000000E-01  1.211798E-03  1.540224E-03  0.000000E+00  2.760007E-02  2.141337E-02 -1.135018E-14 -1.516518E+00  0.000000E+00
  5.019560E-04  8.608688E-04  5.000000E-01  5.086442E-04  9.072591E-04  0.000000E+00  3.037591E-02  3.348411E-02 -1.977249E-14 -1.528083E+00  0.000000E+00
  1.313430E-04  3.773715E-04  5.000000E-01  1.342884E-04  4.188790E-04  0.000000E+00  3.498137E-02  7.020938E-02 -2.862327E-14 -1.563971E+00  0.000000E+00
  8.078190E-06  6.911379E-05  5.000000E-01  9.778777E-06  1.075082E-04  0.000000E+00  3.046060E-02  1.730687E-01 -3.968225E-14 -1.483914E+00  0.000000E+00
 -1.602820E-06 -3.731959E-05  5.000000E-01  0.000000E+00  0.000000E+00  0.000000E+00 -4.969423E-03  2.520730E-01 -5.089418E-14 -1.190360E+00  0.000000E+00
  9.141860E-06 -1.473532E-04  5.000000E-01  1.085319E-05 -1.111448E-04  0.000000E+00 -4.977143E-02  1.968032E-01 -6.175965E-14 -4.675985E-01  0.000000E+00
  1.696960E-04 -4.797597E-04  5.000000E-01  1.730287E-04 -4.469082E-04  0.000000E+00 -6.437928E-02  9.277181E-02 -6.489948E-14  5.421631E-01  0.000000E+00
    1    2
    2    3
    3    4
    4    5
    5    6
    6    7
    7    8
    8    9
    9   10
   10   11
   11   12
   12   13
   13   14
   14   15
   15   16
   16   17
   17   18
   18   19
   19   20
   20   21
   21   22
   22   23
   23   24
   25   26
   26   27
   27   28
   28   29
   29   30
   30   31
   31   32
   32   33
   33   34
   34   35
   35   36
   36   37
   37   38
   38   39
   39   40
   40   41
   41   42
   42   43
   43   44
   44   45
   45   46
   46   47
   47   48
   49   50
   50   51
   51   52
   52   53
   53   54
   54   55
   55   56
   56   57
   57   58
   58   59
   59   60
   60   61
   61   62
   62   63
   63   64
   64   65
   65   66
   66   67
   67   68
   68   69
   69   70
   70   71
   71   72
   73   74
   74   75
   75   76
   76   77
   77   78
   78   79
   79   80
   80   81
   81   82
   82   83
   83   84
   84   85
   85   86
   86   87
   87   88
   88   89
   89   90
   90   91
   91   92
   92   93
   93   94
   94   95
   95   96
   97   98
   98   99
   99  100
  100  101
  101  102
  102  103
  103  104
  104  105
  105  106
  106  107
  107  108
  108  109
  109  110
  110  111
  111  112
  112  113
  113  114
  114  115
  115  116
  116  117
  117  118
  118  119
  119  120
  121  122
  122  123
  123  124
  124  125
  125  126
  126  127
  127  128
  128  129
  129  130
  130  131
  131  132
  132  133
  133  134
  134  135
  135  136
  136  137
  137  138
  138  139
  139  140
  140  141
  141  142
  142  143
  143  144
  145  146
  146  147
  147  148
  148  149
  149  150
  150  151
  151  152
  152  153
  153  154
  154  155
  155  156
  156  157
  157  158
  158  159
  159  160
  160  161
  161  162
  162  163
  163  164
  164  165
  165  166
  166  167
  167  168
  169  170
  170  171
  171  172
  172  173
  173  174
  174  175
  175  176
  176  177
  177  178
  178  179
  179  180
  180  181
  181  182
  182  183
  183  184
  184  185
  185  186
  186  187
  187  188
  188  189
  189  190
  190  191
  191  192
