 Title = "ADflow Slice Data"
Variables =  "CoordinateX"  "CoordinateY"  "CoordinateZ"  "XoC"  "YoC"  "ZoC" "VelocityX" "VelocityY" "VelocityZ" "CoefPressure" "Mach" 
Zone T= "Slice_0001 None Absolute Regular z = 0.50000000"
 Nodes =          192  Elements=          184  ZONETYPE=FELINESEG
 DATAPACKING=POINT
  5.667600E-01 -1.391402E-02  5.000000E-01  5.724853E-01 -1.402762E-02  0.000000E+00  1.251634E-02  1.451616E-03 -2.638882E-19  1.362809E-01  0.000000E+00
  5.873410E-01 -1.156725E-02  5.000000E-01  5.932741E-01 -1.165715E-02  0.000000E+00  1.226134E-02  1.374826E-03  4.411262E-20  1.554785E-01  0.000000E+00
  6.076580E-01 -9.328658E-03  5.000000E-01  6.137963E-01 -9.395956E-03  0.000000E+00  1.207710E-02  1.307285E-03  2.915238E-19  1.703559E-01  0.000000E+00
  6.276600E-01 -7.201975E-03  5.000000E-01  6.340003E-01 -7.247795E-03  0.000000E+00  1.192443E-02  1.246324E-03  7.649942E-20  1.830303E-01  0.000000E+00
  6.472970E-01 -5.185264E-03  5.000000E-01  6.538356E-01 -5.210718E-03  0.000000E+00  1.177212E-02  1.191907E-03  4.335586E-20  1.945329E-01  0.000000E+00
  6.665260E-01 -3.267018E-03  5.000000E-01  6.732588E-01 -3.273100E-03  0.000000E+00  1.160310E-02  1.142076E-03 -1.365614E-19  2.056032E-01  0.000000E+00
  6.853050E-01 -1.443264E-03  5.000000E-01  6.922274E-01 -1.430928E-03  0.000000E+00  1.141832E-02  1.089061E-03 -1.341553E-18  2.173164E-01  0.000000E+00
  7.035980E-01  2.699669E-04  5.000000E-01  7.107052E-01  2.996046E-04  0.000000E+00  1.122056E-02  1.027588E-03 -1.557802E-18  2.298298E-01  0.000000E+00
  7.213750E-01  1.859995E-03  5.000000E-01  7.286617E-01  1.905690E-03  0.000000E+00  1.099834E-02  9.586413E-04  2.273320E-19  2.422609E-01  0.000000E+00
  7.386080E-01  3.321190E-03  5.000000E-01  7.460687E-01  3.381642E-03  0.000000E+00  1.073088E-02  8.853879E-04 -5.327891E-19  2.541532E-01  0.000000E+00
  7.552750E-01  4.656992E-03  5.000000E-01  7.629041E-01  4.730934E-03  0.000000E+00  1.040570E-02  8.128607E-04 -2.058938E-18  2.657908E-01  0.000000E+00
  7.713580E-01  5.878518E-03  5.000000E-01  7.791495E-01  5.964796E-03  0.000000E+00  1.003983E-02  7.432707E-04 -1.526053E-18  2.776899E-01  0.000000E+00
  7.868410E-01  6.995101E-03  5.000000E-01  7.947888E-01  7.092655E-03  0.000000E+00  9.704381E-03  6.589049E-04 -8.797141E-19  2.915491E-01  0.000000E+00
  8.017160E-01  7.944882E-03  5.000000E-01  8.098141E-01  8.052027E-03  0.000000E+00  9.504377E-03  5.363582E-04 -4.639839E-20  3.076465E-01  0.000000E+00
  8.159740E-01  8.642279E-03  5.000000E-01  8.242160E-01  8.756468E-03  0.000000E+00  9.505644E-03  3.816495E-04  1.937926E-18  3.208777E-01  0.000000E+00
  8.296120E-01  9.067688E-03  5.000000E-01  8.379918E-01  9.186173E-03  0.000000E+00  9.712379E-03  2.134077E-04  1.801568E-18  3.262457E-01  0.000000E+00
  8.426300E-01  9.235822E-03  5.000000E-01  8.511412E-01  9.356005E-03  0.000000E+00  1.010089E-02  3.896750E-05 -1.177552E-19  3.236513E-01  0.000000E+00
  8.550290E-01  9.176901E-03  5.000000E-01  8.636655E-01  9.296488E-03  0.000000E+00  1.064245E-02 -1.404585E-04 -1.645622E-19  3.150945E-01  0.000000E+00
  8.668160E-01  8.927823E-03  5.000000E-01  8.755715E-01  9.044895E-03  0.000000E+00  1.130764E-02 -3.236432E-04  2.207338E-19  3.019521E-01  0.000000E+00
  8.779950E-01  8.529260E-03  5.000000E-01  8.868634E-01  8.642307E-03  0.000000E+00  1.206622E-02 -5.080182E-04  1.916895E-19  2.848002E-01  0.000000E+00
  8.885730E-01  8.020061E-03  5.000000E-01  8.975482E-01  8.127966E-03  0.000000E+00  1.288853E-02 -6.910478E-04  3.437477E-19  2.642281E-01  0.000000E+00
  8.985610E-01  7.433292E-03  5.000000E-01  9.076371E-01  7.535271E-03  0.000000E+00  1.374159E-02 -8.659984E-04  3.757308E-19  2.407576E-01  0.000000E+00
  9.079670E-01  6.802506E-03  5.000000E-01  9.171381E-01  6.898115E-03  0.000000E+00  1.458579E-02 -1.020484E-03  1.175137E-18  2.148551E-01  0.000000E+00
  9.168010E-01  6.160051E-03  5.000000E-01  9.260613E-01  6.249172E-03  0.000000E+00  1.538321E-02 -1.145382E-03  2.240641E-18  1.875861E-01  0.000000E+00
  9.168010E-01  6.160051E-03  5.000000E-01  9.260613E-01  6.249172E-03  0.000000E+00  1.538321E-02 -1.145382E-03  2.240641E-18  1.875861E-01  0.000000E+00
  9.250730E-01  5.530615E-03  5.000000E-01  9.344168E-01  5.613379E-03  0.000000E+00  1.611054E-02 -1.241998E-03  1.253127E-18  1.604829E-01  0.000000E+00
  9.327940E-01  4.928353E-03  5.000000E-01  9.422158E-01  5.005035E-03  0.000000E+00  1.676729E-02 -1.322129E-03  6.152176E-19  1.348637E-01  0.000000E+00
  9.399760E-01  4.356478E-03  5.000000E-01  9.494703E-01  4.427385E-03  0.000000E+00  1.736977E-02 -1.397377E-03  9.050595E-19  1.109961E-01  0.000000E+00
  9.466320E-01  3.815648E-03  5.000000E-01  9.561935E-01  3.881093E-03  0.000000E+00  1.793818E-02 -1.472286E-03  6.822470E-19  8.813774E-02  0.000000E+00
  9.527730E-01  3.306652E-03  5.000000E-01  9.623966E-01  3.366957E-03  0.000000E+00  1.849728E-02 -1.553360E-03  1.296084E-18  6.574497E-02  0.000000E+00
  9.584110E-01  2.827325E-03  5.000000E-01  9.680915E-01  2.882789E-03  0.000000E+00  1.907985E-02 -1.651265E-03  2.951657E-19  4.358269E-02  0.000000E+00
  9.635570E-01  2.374418E-03  5.000000E-01  9.732895E-01  2.425308E-03  0.000000E+00  1.971984E-02 -1.771879E-03 -1.102356E-18  2.093041E-02  0.000000E+00
  9.682220E-01  1.946848E-03  5.000000E-01  9.780016E-01  1.993421E-03  0.000000E+00  2.044942E-02 -1.915821E-03 -1.489541E-18 -3.303843E-03  0.000000E+00
  9.724140E-01  1.545888E-03  5.000000E-01  9.822359E-01  1.588411E-03  0.000000E+00  2.131668E-02 -2.091103E-03 -3.234675E-18 -2.975395E-02  0.000000E+00
  9.761430E-01  1.171454E-03  5.000000E-01  9.860026E-01  1.210196E-03  0.000000E+00  2.240389E-02 -2.314907E-03 -3.389309E-18 -5.887609E-02  0.000000E+00
  9.794160E-01  8.242763E-04  5.000000E-01  9.893086E-01  8.595119E-04  0.000000E+00  2.381342E-02 -2.600694E-03 -2.490610E-18 -9.175764E-02  0.000000E+00
  9.822400E-01  5.074313E-04  5.000000E-01  9.921611E-01  5.394671E-04  0.000000E+00  2.559700E-02 -2.950741E-03 -3.330684E-18 -1.298610E-01  0.000000E+00
  9.846200E-01  2.260653E-04  5.000000E-01  9.945652E-01  2.552597E-04  0.000000E+00  2.762497E-02 -3.352035E-03 -1.421145E-17 -1.735488E-01  0.000000E+00
  9.865620E-01 -1.453631E-05  5.000000E-01  9.965268E-01  1.222823E-05  0.000000E+00  2.945295E-02 -3.717125E-03 -5.037643E-17 -2.209330E-01  0.000000E+00
  9.880680E-01 -2.086063E-04  5.000000E-01  9.980480E-01 -1.838017E-04  0.000000E+00  2.993534E-02 -3.834441E-03 -9.488935E-17 -2.782480E-01  0.000000E+00
  9.891420E-01 -3.514242E-04  5.000000E-01  9.991328E-01 -3.280618E-04  0.000000E+00  2.820995E-02 -3.921999E-03 -3.045523E-17 -3.453301E-01  0.000000E+00
  9.897860E-01 -4.389489E-04  5.000000E-01  9.997834E-01 -4.164704E-04  0.000000E+00  3.799980E-02 -4.025818E-03  3.387162E-16 -2.916221E-01  0.000000E+00
  9.900000E-01 -4.683024E-04  5.000000E-01  9.999995E-01 -4.461204E-04  0.000000E+00  2.626194E-02  5.265730E-03  4.830308E-16 -5.846025E-01  0.000000E+00
  9.900000E-01 -1.843755E-04  5.000000E-01  9.999995E-01 -1.593262E-04  0.000000E+00  1.235373E-03 -7.897447E-03  1.428475E-15 -8.115631E-01  0.000000E+00
  9.900000E-01  9.955135E-05  5.000000E-01  9.999995E-01  1.274681E-04  0.000000E+00 -4.482348E-04 -2.277336E-02  3.058431E-15 -6.310667E-01  0.000000E+00
  9.900000E-01  3.834782E-04  5.000000E-01  9.999995E-01  4.142623E-04  0.000000E+00 -1.444807E-04 -8.866307E-03  3.700761E-15 -6.309175E-01  0.000000E+00
  9.900000E-01  6.674051E-04  5.000000E-01  9.999995E-01  7.010565E-04  0.000000E+00  4.658573E-04 -5.230050E-03  3.571153E-15 -6.908756E-01  0.000000E+00
  9.900000E-01  9.513320E-04  5.000000E-01  9.999995E-01  9.878508E-04  0.000000E+00  6.817836E-03 -6.644820E-03  3.283246E-15 -6.325933E-01  0.000000E+00
  9.900000E-01  9.513320E-04  5.000000E-01  9.999995E-01  9.878508E-04  0.000000E+00  6.817836E-03 -6.644820E-03  3.283246E-15 -6.325933E-01  0.000000E+00
  9.897890E-01  1.017904E-03  5.000000E-01  9.997864E-01  1.055095E-03  0.000000E+00  9.046222E-03 -3.480439E-03  2.763760E-15 -5.549385E-01  0.000000E+00
  9.891540E-01  1.218674E-03  5.000000E-01  9.991450E-01  1.257892E-03  0.000000E+00  4.588679E-03 -1.357714E-03  1.822680E-15 -5.735266E-01  0.000000E+00
  9.880950E-01  1.555407E-03  5.000000E-01  9.980753E-01  1.598027E-03  0.000000E+00  3.042553E-03 -9.666169E-04  1.008746E-15 -5.730512E-01  0.000000E+00
  9.866100E-01  2.031333E-03  5.000000E-01  9.965753E-01  2.078758E-03  0.000000E+00  1.999333E-03 -6.548154E-04  4.896123E-16 -5.651213E-01  0.000000E+00
  9.846960E-01  2.650663E-03  5.000000E-01  9.946419E-01  2.704343E-03  0.000000E+00  1.009349E-03 -3.278271E-04  2.120556E-16 -5.614544E-01  0.000000E+00
  9.823490E-01  3.418254E-03  5.000000E-01  9.922712E-01  3.479686E-03  0.000000E+00  1.958733E-04 -6.276179E-05  7.458180E-17 -5.604430E-01  0.000000E+00
  9.795670E-01  4.338755E-03  5.000000E-01  9.894612E-01  4.409483E-03  0.000000E+00 -4.204930E-04  1.402946E-04  1.020166E-17 -5.606558E-01  0.000000E+00
  9.763420E-01  5.417949E-03  5.000000E-01  9.862036E-01  5.499576E-03  0.000000E+00 -8.691086E-04  2.924563E-04 -1.416922E-17 -5.620815E-01  0.000000E+00
  9.726710E-01  6.659574E-03  5.000000E-01  9.824955E-01  6.753740E-03  0.000000E+00 -1.174189E-03  3.989232E-04 -1.709133E-17 -5.646139E-01  0.000000E+00
  9.685460E-01  8.066813E-03  5.000000E-01  9.783289E-01  8.175190E-03  0.000000E+00 -1.352549E-03  4.630210E-04 -1.107774E-17 -5.678395E-01  0.000000E+00
  9.639600E-01  9.641817E-03  5.000000E-01  9.736965E-01  9.766100E-03  0.000000E+00 -1.420051E-03  4.890449E-04 -4.657829E-18 -5.712542E-01  0.000000E+00
  9.589060E-01  1.138674E-02  5.000000E-01  9.685915E-01  1.152865E-02  0.000000E+00 -1.396178E-03  4.829325E-04 -7.417851E-19 -5.743797E-01  0.000000E+00
  9.533750E-01  1.330279E-02  5.000000E-01  9.630046E-01  1.346405E-02  0.000000E+00 -1.305918E-03  4.526880E-04  8.786798E-19 -5.768430E-01  0.000000E+00
  9.473580E-01  1.538874E-02  5.000000E-01  9.569269E-01  1.557106E-02  0.000000E+00 -1.178468E-03  4.082235E-04  3.900456E-19 -5.784426E-01  0.000000E+00
  9.408450E-01  1.764129E-02  5.000000E-01  9.503481E-01  1.784636E-02  0.000000E+00 -1.043752E-03  3.601286E-04 -2.316393E-19 -5.791889E-01  0.000000E+00
  9.338260E-01  2.005521E-02  5.000000E-01  9.432582E-01  2.028465E-02  0.000000E+00 -9.284679E-04  3.179127E-04 -7.991677E-19 -5.792957E-01  0.000000E+00
  9.262910E-01  2.262211E-02  5.000000E-01  9.356471E-01  2.287748E-02  0.000000E+00 -8.533437E-04  2.886936E-04 -2.640502E-19 -5.791089E-01  0.000000E+00
  9.182290E-01  2.532927E-02  5.000000E-01  9.275037E-01  2.561198E-02  0.000000E+00 -8.324977E-04  2.767021E-04  1.226653E-18 -5.789978E-01  0.000000E+00
  9.096280E-01  2.815913E-02  5.000000E-01  9.188158E-01  2.847042E-02  0.000000E+00 -8.739783E-04  2.833820E-04  9.455592E-19 -5.793212E-01  0.000000E+00
  9.004770E-01  3.108841E-02  5.000000E-01  9.095724E-01  3.142928E-02  0.000000E+00 -9.802261E-04  3.076558E-04  2.579259E-19 -5.804081E-01  0.000000E+00
  8.907650E-01  3.408644E-02  5.000000E-01  8.997623E-01  3.445759E-02  0.000000E+00 -1.149351E-03  3.457611E-04  9.222076E-19 -5.823748E-01  0.000000E+00
  8.804800E-01  3.711223E-02  5.000000E-01  8.893735E-01  3.751394E-02  0.000000E+00 -1.376302E-03  3.907907E-04  1.652220E-18 -5.851040E-01  0.000000E+00
  8.696090E-01  4.011058E-02  5.000000E-01  8.783927E-01  4.054257E-02  0.000000E+00 -1.649723E-03  4.336326E-04  1.306754E-18 -5.885475E-01  0.000000E+00
  8.696090E-01  4.011058E-02  5.000000E-01  8.783927E-01  4.054257E-02  0.000000E+00 -1.649723E-03  4.336326E-04  1.306754E-18 -5.885475E-01  0.000000E+00
  8.581400E-01  4.301022E-02  5.000000E-01  8.668079E-01  4.347148E-02  0.000000E+00 -1.950422E-03  4.652400E-04  1.719840E-18 -5.921116E-01  0.000000E+00
  8.460600E-01  4.572808E-02  5.000000E-01  8.546059E-01  4.621679E-02  0.000000E+00 -2.259111E-03  4.767954E-04  8.163010E-19 -5.937842E-01  0.000000E+00
  8.333640E-01  4.818590E-02  5.000000E-01  8.417817E-01  4.869943E-02  0.000000E+00 -2.535361E-03  4.513749E-04 -4.551429E-19 -5.946167E-01  0.000000E+00
  8.200460E-01  5.031035E-02  5.000000E-01  8.283292E-01  5.084534E-02  0.000000E+00 -2.604828E-03  3.625495E-04 -5.143683E-19 -6.094778E-01  0.000000E+00
  8.061050E-01  5.203712E-02  5.000000E-01  8.142474E-01  5.258955E-02  0.000000E+00 -1.985318E-03  2.003425E-04 -1.002121E-18 -6.672047E-01  0.000000E+00
  7.915460E-01  5.334464E-02  5.000000E-01  7.995413E-01  5.391027E-02  0.000000E+00  1.476690E-04 -3.305630E-06 -6.314090E-19 -7.826684E-01  0.000000E+00
  7.763770E-01  5.427721E-02  5.000000E-01  7.842192E-01  5.485226E-02  0.000000E+00  4.569821E-03 -1.878106E-04 -4.314726E-19 -9.266495E-01  0.000000E+00
  7.606070E-01  5.490855E-02  5.000000E-01  7.682899E-01  5.548997E-02  0.000000E+00  1.096900E-02 -2.700082E-04 -1.314837E-18 -1.040784E+00  0.000000E+00
  7.442510E-01  5.524711E-02  5.000000E-01  7.517687E-01  5.583195E-02  0.000000E+00  1.725617E-02 -1.721144E-04 -4.696902E-18 -1.090454E+00  0.000000E+00
  7.273250E-01  5.530967E-02  5.000000E-01  7.346718E-01  5.589515E-02  0.000000E+00  2.108721E-02  6.448600E-05 -9.529422E-18 -1.088627E+00  0.000000E+00
  7.098490E-01  5.514469E-02  5.000000E-01  7.170193E-01  5.572850E-02  0.000000E+00  2.198867E-02  2.804363E-04 -1.201632E-17 -1.069431E+00  0.000000E+00
  6.918480E-01  5.484026E-02  5.000000E-01  6.988365E-01  5.542099E-02  0.000000E+00  2.118097E-02  3.458448E-04 -1.163619E-17 -1.059593E+00  0.000000E+00
  6.733520E-01  5.453404E-02  5.000000E-01  6.801537E-01  5.511168E-02  0.000000E+00  2.006504E-02  2.277289E-04 -8.359510E-18 -1.071153E+00  0.000000E+00
  6.543930E-01  5.440916E-02  5.000000E-01  6.610033E-01  5.498554E-02  0.000000E+00  1.947340E-02 -1.446353E-05 -5.535462E-18 -1.101194E+00  0.000000E+00
  6.350090E-01  5.456805E-02  5.000000E-01  6.414235E-01  5.514603E-02  0.000000E+00  1.969983E-02 -2.573880E-04 -3.521950E-18 -1.134890E+00  0.000000E+00
  6.152440E-01  5.492797E-02  5.000000E-01  6.214589E-01  5.550959E-02  0.000000E+00  2.054884E-02 -4.076578E-04 -1.644796E-18 -1.158160E+00  0.000000E+00
  5.951420E-01  5.536311E-02  5.000000E-01  6.011539E-01  5.594913E-02  0.000000E+00  2.155922E-02 -4.219004E-04 -1.686337E-18 -1.164161E+00  0.000000E+00
  5.747530E-01  5.572703E-02  5.000000E-01  5.805590E-01  5.631673E-02  0.000000E+00  2.236245E-02 -2.643600E-04 -1.715974E-18 -1.150375E+00  0.000000E+00
  5.541290E-01  5.585912E-02  5.000000E-01  5.597267E-01  5.645014E-02  0.000000E+00  2.278925E-02  6.500951E-05 -4.845873E-19 -1.118750E+00  0.000000E+00
  5.333260E-01  5.561264E-02  5.000000E-01  5.387136E-01  5.620118E-02  0.000000E+00  2.276271E-02  4.556479E-04  7.262462E-19 -1.079391E+00  0.000000E+00
  5.124010E-01  5.501495E-02  5.000000E-01  5.175773E-01  5.559745E-02  0.000000E+00  2.233928E-02  7.606633E-04  5.501109E-19 -1.045673E+00  0.000000E+00
  4.914140E-01  5.417680E-02  5.000000E-01  4.963784E-01  5.475084E-02  0.000000E+00  2.175930E-02  9.294528E-04 -1.031566E-18 -1.025436E+00  0.000000E+00
  4.704230E-01  5.321604E-02  5.000000E-01  4.751754E-01  5.378037E-02  0.000000E+00  2.127163E-02  9.716647E-04 -3.542395E-18 -1.021557E+00  0.000000E+00
  1.696960E-04 -4.669609E-04  5.000000E-01  1.730287E-04 -4.447653E-04  0.000000E+00 -6.451576E-02  9.230215E-02 -5.051207E-14  5.536233E-01  0.000000E+00
  8.054360E-04 -9.560220E-04  5.000000E-01  8.151890E-04 -9.387654E-04  0.000000E+00 -4.675611E-02  3.216730E-02 -3.928543E-14  1.114856E+00  0.000000E+00
  1.973980E-03 -1.547712E-03  5.000000E-01  1.995534E-03 -1.536431E-03  0.000000E+00 -2.066210E-02  1.002203E-02 -2.160931E-14  1.177909E+00  0.000000E+00
  3.614630E-03 -2.240285E-03  5.000000E-01  3.652753E-03 -2.235998E-03  0.000000E+00 -3.639176E-03  1.551187E-03 -7.382317E-15  1.150228E+00  0.000000E+00
  5.721210E-03 -3.041779E-03  5.000000E-01  5.780607E-03 -3.045587E-03  0.000000E+00  5.392956E-03 -1.928949E-03 -2.044667E-17  1.117670E+00  0.000000E+00
  8.297500E-03 -3.949286E-03  5.000000E-01  8.382914E-03 -3.962258E-03  0.000000E+00  9.648799E-03 -3.240622E-03  1.899433E-15  1.071895E+00  0.000000E+00
  1.136560E-02 -4.942766E-03  5.000000E-01  1.148200E-02 -4.965771E-03  0.000000E+00  1.136556E-02 -3.538724E-03  1.390462E-15  1.016591E+00  0.000000E+00
  1.493280E-02 -6.010914E-03  5.000000E-01  1.508522E-02 -6.044706E-03  0.000000E+00  1.191627E-02 -3.474632E-03  5.234283E-16  9.618149E-01  0.000000E+00
  1.899460E-02 -7.162182E-03  5.000000E-01  1.918804E-02 -7.207601E-03  0.000000E+00  1.213679E-02 -3.386437E-03  3.578038E-17  9.113780E-01  0.000000E+00
  2.354800E-02 -8.412775E-03  5.000000E-01  2.378743E-02 -8.470824E-03  0.000000E+00  1.244097E-02 -3.363128E-03 -9.250047E-17  8.621183E-01  0.000000E+00
  2.860130E-02 -9.758546E-03  5.000000E-01  2.889176E-02 -9.830185E-03  0.000000E+00  1.294090E-02 -3.385647E-03 -6.807662E-17  8.113327E-01  0.000000E+00
  3.416500E-02 -1.118901E-02  5.000000E-01  3.451165E-02 -1.127510E-02  0.000000E+00  1.361296E-02 -3.434736E-03 -2.393269E-17  7.602726E-01  0.000000E+00
  4.024810E-02 -1.269581E-02  5.000000E-01  4.065618E-02 -1.279711E-02  0.000000E+00  1.439601E-02 -3.492149E-03 -1.815175E-18  7.098682E-01  0.000000E+00
  4.686030E-02 -1.426775E-02  5.000000E-01  4.733516E-02 -1.438492E-02  0.000000E+00  1.522550E-02 -3.539735E-03  2.646527E-18  6.599004E-01  0.000000E+00
  5.401090E-02 -1.589445E-02  5.000000E-01  5.455797E-02 -1.602806E-02  0.000000E+00  1.605602E-02 -3.570712E-03  2.177093E-18  6.104245E-01  0.000000E+00
  6.170850E-02 -1.756884E-02  5.000000E-01  6.233331E-02 -1.771935E-02  0.000000E+00  1.686358E-02 -3.578142E-03  2.079978E-18  5.610652E-01  0.000000E+00
  6.996310E-02 -1.927844E-02  5.000000E-01  7.067127E-02 -1.944622E-02  0.000000E+00  1.763568E-02 -3.550829E-03  2.139028E-18  5.111294E-01  0.000000E+00
  7.878500E-02 -2.100592E-02  5.000000E-01  7.958226E-02 -2.119114E-02  0.000000E+00  1.837009E-02 -3.486146E-03  8.680615E-19  4.608089E-01  0.000000E+00
  8.818390E-02 -2.273474E-02  5.000000E-01  8.907608E-02 -2.293742E-02  0.000000E+00  1.906925E-02 -3.385082E-03 -7.293546E-19  4.105142E-01  0.000000E+00
  9.816930E-02 -2.444544E-02  5.000000E-01  9.916232E-02 -2.466540E-02  0.000000E+00  1.972970E-02 -3.244231E-03 -9.582262E-19  3.602653E-01  0.000000E+00
  1.087500E-01 -2.611473E-02  5.000000E-01  1.098499E-01 -2.635154E-02  0.000000E+00  2.033941E-02 -3.061534E-03  3.471359E-19  3.103978E-01  0.000000E+00
  1.199340E-01 -2.771937E-02  5.000000E-01  1.211468E-01 -2.797239E-02  0.000000E+00  2.087158E-02 -2.833613E-03  8.974627E-19  2.614650E-01  0.000000E+00
  1.317280E-01 -2.923192E-02  5.000000E-01  1.330599E-01 -2.950022E-02  0.000000E+00  2.127865E-02 -2.553118E-03 -3.733739E-19  2.140703E-01  0.000000E+00
  1.441380E-01 -3.062019E-02  5.000000E-01  1.455953E-01 -3.090251E-02  0.000000E+00  2.150555E-02 -2.219681E-03 -1.381151E-18  1.695989E-01  0.000000E+00
  1.441380E-01 -3.062019E-02  5.000000E-01  1.455953E-01 -3.090251E-02  0.000000E+00  2.150555E-02 -2.219681E-03 -1.381151E-18  1.695989E-01  0.000000E+00
  1.571670E-01 -3.185293E-02  5.000000E-01  1.587558E-01 -3.214770E-02  0.000000E+00  2.151407E-02 -1.843420E-03 -5.343179E-19  1.300601E-01  0.000000E+00
  1.708170E-01 -3.289994E-02  5.000000E-01  1.725437E-01 -3.320528E-02  0.000000E+00  2.131451E-02 -1.446648E-03  1.134628E-18  9.752783E-02  0.000000E+00
  1.850860E-01 -3.374015E-02  5.000000E-01  1.869568E-01 -3.405397E-02  0.000000E+00  2.099297E-02 -1.071965E-03  1.910991E-18  7.380248E-02  0.000000E+00
  1.999720E-01 -3.438006E-02  5.000000E-01  2.019931E-01 -3.470035E-02  0.000000E+00  2.069840E-02 -7.774310E-04  1.318827E-18  5.945563E-02  0.000000E+00
  2.154670E-01 -3.487471E-02  5.000000E-01  2.176446E-01 -3.519999E-02  0.000000E+00  2.055014E-02 -5.872425E-04  1.164444E-18  5.085546E-02  0.000000E+00
  2.315610E-01 -3.528233E-02  5.000000E-01  2.339011E-01 -3.561173E-02  0.000000E+00  2.053909E-02 -4.487464E-04  2.025623E-18  3.952136E-02  0.000000E+00
  2.482400E-01 -3.559237E-02  5.000000E-01  2.507486E-01 -3.592490E-02  0.000000E+00  2.058581E-02 -3.028951E-04  1.548389E-18  2.081133E-02  0.000000E+00
  2.654840E-01 -3.578037E-02  5.000000E-01  2.681667E-01 -3.611480E-02  0.000000E+00  2.063082E-02 -1.337233E-04  5.259272E-19 -2.603020E-03  0.000000E+00
  2.832720E-01 -3.581663E-02  5.000000E-01  2.861343E-01 -3.615142E-02  0.000000E+00  2.063711E-02  5.905497E-05  5.750945E-19 -2.635980E-02  0.000000E+00
  3.015770E-01 -3.567363E-02  5.000000E-01  3.046242E-01 -3.600698E-02  0.000000E+00  2.058475E-02  2.680032E-04 -5.222323E-19 -4.727124E-02  0.000000E+00
  3.203660E-01 -3.533015E-02  5.000000E-01  3.236030E-01 -3.566003E-02  0.000000E+00  2.046342E-02  4.833673E-04 -9.810230E-19 -6.388574E-02  0.000000E+00
  3.396030E-01 -3.477209E-02  5.000000E-01  3.430342E-01 -3.509634E-02  0.000000E+00  2.026042E-02  6.987246E-04  2.103577E-19 -7.598756E-02  0.000000E+00
  3.592490E-01 -3.398604E-02  5.000000E-01  3.628786E-01 -3.430235E-02  0.000000E+00  1.995165E-02  9.116454E-04  7.111346E-19 -8.370038E-02  0.000000E+00
  3.792580E-01 -3.295645E-02  5.000000E-01  3.830897E-01 -3.326236E-02  0.000000E+00  1.950503E-02  1.117596E-03  1.100721E-18 -8.654232E-02  0.000000E+00
  3.995810E-01 -3.167010E-02  5.000000E-01  4.036179E-01 -3.196302E-02  0.000000E+00  1.889044E-02  1.308050E-03  1.623281E-18 -8.335733E-02  0.000000E+00
  4.201670E-01 -3.011742E-02  5.000000E-01  4.244118E-01 -3.039466E-02  0.000000E+00  1.809247E-02  1.474481E-03  8.808728E-19 -7.303495E-02  0.000000E+00
  4.409600E-01 -2.829029E-02  5.000000E-01  4.454148E-01 -2.854908E-02  0.000000E+00  1.713242E-02  1.606713E-03  2.952544E-19 -5.479466E-02  0.000000E+00
  4.619030E-01 -2.619336E-02  5.000000E-01  4.665693E-01 -2.643097E-02  0.000000E+00  1.608964E-02  1.687067E-03  1.345113E-18 -2.790276E-02  0.000000E+00
  4.829360E-01 -2.387970E-02  5.000000E-01  4.878147E-01 -2.409395E-02  0.000000E+00  1.507144E-02  1.707679E-03  1.328319E-18  6.243745E-03  0.000000E+00
  5.039990E-01 -2.141897E-02  5.000000E-01  5.090904E-01 -2.160837E-02  0.000000E+00  1.416652E-02  1.679854E-03  4.638600E-19  4.338548E-02  0.000000E+00
  5.250310E-01 -1.888727E-02  5.000000E-01  5.303348E-01 -1.905110E-02  0.000000E+00  1.343262E-02  1.618482E-03  4.932264E-21  7.919732E-02  0.000000E+00
  5.459710E-01 -1.636268E-02  5.000000E-01  5.514863E-01 -1.650101E-02  0.000000E+00  1.289020E-02  1.536975E-03 -2.725401E-19  1.107881E-01  0.000000E+00
  5.667600E-01 -1.391402E-02  5.000000E-01  5.724853E-01 -1.402762E-02  0.000000E+00  1.251634E-02  1.451616E-03 -2.638882E-19  1.362809E-01  0.000000E+00
  4.704230E-01  5.321604E-02  5.000000E-01  4.751754E-01  5.378037E-02  0.000000E+00  2.127163E-02  9.716647E-04 -3.542395E-18 -1.021557E+00  0.000000E+00
  4.494880E-01  5.225478E-02  5.000000E-01  4.540289E-01  5.280940E-02  0.000000E+00  2.103601E-02  9.080918E-04 -7.303507E-18 -1.033178E+00  0.000000E+00
  4.286690E-01  5.140932E-02  5.000000E-01  4.329997E-01  5.195541E-02  0.000000E+00  2.116110E-02  8.011052E-04 -1.147365E-17 -1.053175E+00  0.000000E+00
  4.080230E-01  5.068795E-02  5.000000E-01  4.121452E-01  5.122676E-02  0.000000E+00  2.166197E-02  7.435229E-04 -1.444471E-17 -1.070594E+00  0.000000E+00
  3.876050E-01  5.000469E-02  5.000000E-01  3.915210E-01  5.053659E-02  0.000000E+00  2.236859E-02  7.807175E-04 -1.677628E-17 -1.078467E+00  0.000000E+00
  3.674690E-01  4.927621E-02  5.000000E-01  3.711816E-01  4.980076E-02  0.000000E+00  2.303863E-02  9.125806E-04 -1.775300E-17 -1.074996E+00  0.000000E+00
  3.476650E-01  4.842775E-02  5.000000E-01  3.511776E-01  4.894373E-02  0.000000E+00  2.352010E-02  1.132532E-03 -1.642651E-17 -1.060733E+00  0.000000E+00
  3.282390E-01  4.739376E-02  5.000000E-01  3.315555E-01  4.789930E-02  0.000000E+00  2.375944E-02  1.416288E-03 -1.339533E-17 -1.038627E+00  0.000000E+00
  3.092330E-01  4.613955E-02  5.000000E-01  3.123575E-01  4.663242E-02  0.000000E+00  2.374532E-02  1.696799E-03 -1.173249E-17 -1.014977E+00  0.000000E+00
  2.906860E-01  4.470868E-02  5.000000E-01  2.936232E-01  4.518710E-02  0.000000E+00  2.354178E-02  1.918468E-03 -1.038588E-17 -9.956482E-01  0.000000E+00
  2.726330E-01  4.315609E-02  5.000000E-01  2.753879E-01  4.361883E-02  0.000000E+00  2.328593E-02  2.082571E-03 -9.167156E-18 -9.825916E-01  0.000000E+00
  2.551020E-01  4.152645E-02  5.000000E-01  2.576799E-01  4.197273E-02  0.000000E+00  2.309119E-02  2.210799E-03 -8.974386E-18 -9.753880E-01  0.000000E+00
  2.381210E-01  3.985310E-02  5.000000E-01  2.405274E-01  4.028248E-02  0.000000E+00  2.301018E-02  2.324984E-03 -8.618773E-18 -9.725838E-01  0.000000E+00
  2.217090E-01  3.815486E-02  5.000000E-01  2.239496E-01  3.856710E-02  0.000000E+00  2.303936E-02  2.439124E-03 -9.233102E-18 -9.728446E-01  0.000000E+00
  2.058840E-01  3.644239E-02  5.000000E-01  2.079648E-01  3.683732E-02  0.000000E+00  2.313477E-02  2.546157E-03 -9.674849E-18 -9.763359E-01  0.000000E+00
  1.906600E-01  3.473746E-02  5.000000E-01  1.925871E-01  3.511518E-02  0.000000E+00  2.325850E-02  2.627149E-03 -1.019752E-17 -9.841879E-01  0.000000E+00
  1.760460E-01  3.307130E-02  5.000000E-01  1.778255E-01  3.343219E-02  0.000000E+00  2.343017E-02  2.689741E-03 -1.216880E-17 -9.957770E-01  0.000000E+00
  1.620500E-01  3.145384E-02  5.000000E-01  1.636881E-01  3.179840E-02  0.000000E+00  2.369056E-02  2.764337E-03 -1.511782E-17 -1.008631E+00  0.000000E+00
  1.486750E-01  2.987911E-02  5.000000E-01  1.501781E-01  3.020777E-02  0.000000E+00  2.403666E-02  2.870959E-03 -1.952785E-17 -1.020576E+00  0.000000E+00
  1.359210E-01  2.833487E-02  5.000000E-01  1.372953E-01  2.864793E-02  0.000000E+00  2.442314E-02  3.013388E-03 -2.718284E-17 -1.030563E+00  0.000000E+00
  1.237890E-01  2.681073E-02  5.000000E-01  1.250407E-01  2.710840E-02  0.000000E+00  2.479888E-02  3.188303E-03 -3.906187E-17 -1.038441E+00  0.000000E+00
  1.122730E-01  2.529694E-02  5.000000E-01  1.134085E-01  2.557933E-02  0.000000E+00  2.513185E-02  3.391042E-03 -6.009779E-17 -1.044594E+00  0.000000E+00
  1.013710E-01  2.378829E-02  5.000000E-01  1.023964E-01  2.405544E-02  0.000000E+00  2.541129E-02  3.615631E-03 -9.920291E-17 -1.049767E+00  0.000000E+00
  9.107400E-02  2.228339E-02  5.000000E-01  9.199536E-02  2.253534E-02  0.000000E+00  2.564539E-02  3.861425E-03 -1.709264E-16 -1.054584E+00  0.000000E+00
  9.107400E-02  2.228339E-02  5.000000E-01  9.199536E-02  2.253534E-02  0.000000E+00  2.564539E-02  3.861425E-03 -1.709264E-16 -1.054584E+00  0.000000E+00
  8.137660E-02  2.078078E-02  5.000000E-01  8.220003E-02  2.101755E-02  0.000000E+00  2.584247E-02  4.126751E-03 -3.052542E-16 -1.059788E+00  0.000000E+00
  7.227050E-02  1.928351E-02  5.000000E-01  7.300197E-02  1.950516E-02  0.000000E+00  2.600570E-02  4.405689E-03 -5.571470E-16 -1.066370E+00  0.000000E+00
  6.374670E-02  1.779722E-02  5.000000E-01  6.439209E-02  1.800386E-02  0.000000E+00  2.614480E-02  4.699461E-03 -1.025843E-15 -1.074974E+00  0.000000E+00
  5.579720E-02  1.632570E-02  5.000000E-01  5.636231E-02  1.651748E-02  0.000000E+00  2.626010E-02  5.004540E-03 -1.893407E-15 -1.086480E+00  0.000000E+00
  4.841260E-02  1.487777E-02  5.000000E-01  4.890313E-02  1.505493E-02  0.000000E+00  2.635019E-02  5.316165E-03 -3.463479E-15 -1.101852E+00  0.000000E+00
  4.158390E-02  1.346150E-02  5.000000E-01  4.200547E-02  1.362436E-02  0.000000E+00  2.642116E-02  5.641421E-03 -6.175797E-15 -1.121464E+00  0.000000E+00
  3.530370E-02  1.208198E-02  5.000000E-01  3.566185E-02  1.223091E-02  0.000000E+00  2.645595E-02  5.975830E-03 -1.054188E-14 -1.146140E+00  0.000000E+00
  2.956270E-02  1.074889E-02  5.000000E-01  2.986287E-02  1.088435E-02  0.000000E+00  2.643041E-02  6.315750E-03 -1.687897E-14 -1.176541E+00  0.000000E+00
  2.435310E-02  9.468954E-03  5.000000E-01  2.460066E-02  9.591491E-03  0.000000E+00  2.630938E-02  6.674940E-03 -2.476200E-14 -1.212092E+00  0.000000E+00
  1.967110E-02  8.242997E-03  5.000000E-01  1.987138E-02  8.353153E-03  0.000000E+00  2.596544E-02  7.026281E-03 -3.240502E-14 -1.253126E+00  0.000000E+00
  1.550860E-02  7.078450E-03  5.000000E-01  1.566684E-02  7.176846E-03  0.000000E+00  2.522561E-02  7.323297E-03 -3.675732E-14 -1.299991E+00  0.000000E+00
  1.185930E-02  5.979378E-03  5.000000E-01  1.198068E-02  6.066674E-03  0.000000E+00  2.398332E-02  7.558590E-03 -3.488926E-14 -1.350888E+00  0.000000E+00
  8.724160E-03  4.942564E-03  5.000000E-01  8.813883E-03  5.019389E-03  0.000000E+00  2.232648E-02  7.749215E-03 -2.617097E-14 -1.405526E+00  0.000000E+00
  6.091130E-03  3.976717E-03  5.000000E-01  6.154263E-03  4.043789E-03  0.000000E+00  2.107049E-02  8.262878E-03 -1.419754E-14 -1.459585E+00  0.000000E+00
  3.952840E-03  3.085245E-03  5.000000E-01  3.994378E-03  3.143314E-03  0.000000E+00  2.172131E-02  1.017212E-02 -5.519961E-15 -1.496009E+00  0.000000E+00
  2.330070E-03  2.256431E-03  5.000000E-01  2.355220E-03  2.306130E-03  0.000000E+00  2.452895E-02  1.457102E-02 -4.111903E-15 -1.502879E+00  0.000000E+00
  1.198080E-03  1.508967E-03  5.000000E-01  1.211798E-03  1.551117E-03  0.000000E+00  2.755989E-02  2.161450E-02 -8.408033E-15 -1.489881E+00  0.000000E+00
  5.019560E-04  8.761137E-04  5.000000E-01  5.086442E-04  9.118728E-04  0.000000E+00  2.997434E-02  3.324571E-02 -1.485420E-14 -1.501786E+00  0.000000E+00
  1.313430E-04  3.891903E-04  5.000000E-01  1.342884E-04  4.200320E-04  0.000000E+00  3.414165E-02  6.866176E-02 -2.156434E-14 -1.543509E+00  0.000000E+00
  8.078190E-06  7.983168E-05  5.000000E-01  9.778777E-06  1.075492E-04  0.000000E+00  2.964208E-02  1.708475E-01 -2.987900E-14 -1.475880E+00  0.000000E+00
 -1.602820E-06 -2.664229E-05  5.000000E-01  0.000000E+00  0.000000E+00  0.000000E+00 -5.223165E-03  2.512476E-01 -3.890148E-14 -1.186037E+00  0.000000E+00
  9.141860E-06 -1.364969E-04  5.000000E-01  1.085319E-05 -1.109641E-04  0.000000E+00 -4.987667E-02  1.968340E-01 -4.789494E-14 -4.575311E-01  0.000000E+00
  1.696960E-04 -4.669609E-04  5.000000E-01  1.730287E-04 -4.447653E-04  0.000000E+00 -6.451576E-02  9.230215E-02 -5.051207E-14  5.536233E-01  0.000000E+00
    1    2
    2    3
    3    4
    4    5
    5    6
    6    7
    7    8
    8    9
    9   10
   10   11
   11   12
   12   13
   13   14
   14   15
   15   16
   16   17
   17   18
   18   19
   19   20
   20   21
   21   22
   22   23
   23   24
   25   26
   26   27
   27   28
   28   29
   29   30
   30   31
   31   32
   32   33
   33   34
   34   35
   35   36
   36   37
   37   38
   38   39
   39   40
   40   41
   41   42
   42   43
   43   44
   44   45
   45   46
   46   47
   47   48
   49   50
   50   51
   51   52
   52   53
   53   54
   54   55
   55   56
   56   57
   57   58
   58   59
   59   60
   60   61
   61   62
   62   63
   63   64
   64   65
   65   66
   66   67
   67   68
   68   69
   69   70
   70   71
   71   72
   73   74
   74   75
   75   76
   76   77
   77   78
   78   79
   79   80
   80   81
   81   82
   82   83
   83   84
   84   85
   85   86
   86   87
   87   88
   88   89
   89   90
   90   91
   91   92
   92   93
   93   94
   94   95
   95   96
   97   98
   98   99
   99  100
  100  101
  101  102
  102  103
  103  104
  104  105
  105  106
  106  107
  107  108
  108  109
  109  110
  110  111
  111  112
  112  113
  113  114
  114  115
  115  116
  116  117
  117  118
  118  119
  119  120
  121  122
  122  123
  123  124
  124  125
  125  126
  126  127
  127  128
  128  129
  129  130
  130  131
  131  132
  132  133
  133  134
  134  135
  135  136
  136  137
  137  138
  138  139
  139  140
  140  141
  141  142
  142  143
  143  144
  145  146
  146  147
  147  148
  148  149
  149  150
  150  151
  151  152
  152  153
  153  154
  154  155
  155  156
  156  157
  157  158
  158  159
  159  160
  160  161
  161  162
  162  163
  163  164
  164  165
  165  166
  166  167
  167  168
  169  170
  170  171
  171  172
  172  173
  173  174
  174  175
  175  176
  176  177
  177  178
  178  179
  179  180
  180  181
  181  182
  182  183
  183  184
  184  185
  185  186
  186  187
  187  188
  188  189
  189  190
  190  191
  191  192
