 Title = "ADflow Slice Data"
Variables =  "CoordinateX"  "CoordinateY"  "CoordinateZ"  "XoC"  "YoC"  "ZoC" "VelocityX" "VelocityY" "VelocityZ" "CoefPressure" "Mach" 
Zone T= "Slice_0001 None Absolute Regular z = 0.50000000"
 Nodes =          192  Elements=          184  ZONETYPE=FELINESEG
 DATAPACKING=POINT
  5.667600E-01 -1.646929E-02  5.000000E-01  5.724852E-01 -1.658260E-02  0.000000E+00  1.239946E-02  1.676068E-03  1.473557E-18  9.847682E-02  0.000000E+00
  5.873410E-01 -1.367152E-02  5.000000E-01  5.932741E-01 -1.375657E-02  0.000000E+00  1.169541E-02  1.582436E-03  1.124129E-18  1.324159E-01  0.000000E+00
  6.076580E-01 -1.093614E-02  5.000000E-01  6.137963E-01 -1.099357E-02  0.000000E+00  1.113167E-02  1.477619E-03  5.437198E-19  1.639998E-01  0.000000E+00
  6.276600E-01 -8.321324E-03  5.000000E-01  6.340003E-01 -8.352340E-03  0.000000E+00  1.071981E-02  1.369255E-03 -6.647245E-19  1.917989E-01  0.000000E+00
  6.472970E-01 -5.874520E-03  5.000000E-01  6.538356E-01 -5.880826E-03  0.000000E+00  1.045469E-02  1.262845E-03 -1.514809E-18  2.149398E-01  0.000000E+00
  6.665260E-01 -3.627123E-03  5.000000E-01  6.732588E-01 -3.610732E-03  0.000000E+00  1.031391E-02  1.162640E-03 -1.516802E-18  2.332034E-01  0.000000E+00
  6.853050E-01 -1.589606E-03  5.000000E-01  6.922274E-01 -1.552639E-03  0.000000E+00  1.025959E-02  1.071649E-03  5.637273E-19  2.469800E-01  0.000000E+00
  7.035980E-01  2.466252E-04  5.000000E-01  7.107052E-01  3.021357E-04  0.000000E+00  1.024438E-02  9.894126E-04  1.763219E-18  2.573809E-01  0.000000E+00
  7.213750E-01  1.896108E-03  5.000000E-01  7.286617E-01  1.968276E-03  0.000000E+00  1.021753E-02  9.129745E-04  1.012740E-18  2.658264E-01  0.000000E+00
  7.386080E-01  3.376675E-03  5.000000E-01  7.460687E-01  3.463796E-03  0.000000E+00  1.013252E-02  8.406941E-04 -1.064189E-18  2.735264E-01  0.000000E+00
  7.552750E-01  4.710053E-03  5.000000E-01  7.629040E-01  4.810639E-03  0.000000E+00  9.962274E-03  7.739341E-04 -2.058331E-18  2.814255E-01  0.000000E+00
  7.713580E-01  5.920434E-03  5.000000E-01  7.791495E-01  6.033244E-03  0.000000E+00  9.717381E-03  7.123910E-04  3.365500E-20  2.901547E-01  0.000000E+00
  7.868410E-01  7.025692E-03  5.000000E-01  7.947888E-01  7.149663E-03  0.000000E+00  9.468586E-03  6.365312E-04  1.939185E-18  3.014377E-01  0.000000E+00
  8.017160E-01  7.966974E-03  5.000000E-01  8.098140E-01  8.100452E-03  0.000000E+00  9.325599E-03  5.213944E-04  3.404138E-18  3.156083E-01  0.000000E+00
  8.159740E-01  8.658182E-03  5.000000E-01  8.242160E-01  8.798640E-03  0.000000E+00  9.362044E-03  3.722154E-04  2.164923E-18  3.275129E-01  0.000000E+00
  8.296120E-01  9.079117E-03  5.000000E-01  8.379918E-01  9.223826E-03  0.000000E+00  9.589835E-03  2.078891E-04 -1.589980E-18  3.319910E-01  0.000000E+00
  8.426300E-01  9.244022E-03  5.000000E-01  8.511412E-01  9.390396E-03  0.000000E+00  9.990986E-03  3.631630E-05 -2.733432E-18  3.287888E-01  0.000000E+00
  8.550290E-01  9.182769E-03  5.000000E-01  8.636654E-01  9.328524E-03  0.000000E+00  1.054046E-02 -1.408933E-04 -1.458357E-18  3.198004E-01  0.000000E+00
  8.668160E-01  8.932006E-03  5.000000E-01  8.755715E-01  9.075229E-03  0.000000E+00  1.121106E-02 -3.223185E-04 -1.603889E-19  3.063365E-01  0.000000E+00
  8.779950E-01  8.532226E-03  5.000000E-01  8.868634E-01  8.671411E-03  0.000000E+00  1.197378E-02 -5.053008E-04  1.286728E-18  2.889350E-01  0.000000E+00
  8.885730E-01  8.022147E-03  5.000000E-01  8.975482E-01  8.156182E-03  0.000000E+00  1.279972E-02 -6.872449E-04  2.644448E-18  2.681659E-01  0.000000E+00
  8.985610E-01  7.434744E-03  5.000000E-01  9.076371E-01  7.562847E-03  0.000000E+00  1.365643E-02 -8.614093E-04  2.194916E-18  2.445363E-01  0.000000E+00
  9.079670E-01  6.803504E-03  5.000000E-01  9.171380E-01  6.925232E-03  0.000000E+00  1.450476E-02 -1.015441E-03  5.775534E-19  2.184982E-01  0.000000E+00
  9.168010E-01  6.160726E-03  5.000000E-01  9.260613E-01  6.275962E-03  0.000000E+00  1.530719E-02 -1.140217E-03  9.088676E-19  1.910996E-01  0.000000E+00
  9.168010E-01  6.160726E-03  5.000000E-01  9.260613E-01  6.275962E-03  0.000000E+00  1.530719E-02 -1.140217E-03  9.088676E-19  1.910996E-01  0.000000E+00
  9.250730E-01  5.531062E-03  5.000000E-01  9.344168E-01  5.639939E-03  0.000000E+00  1.604056E-02 -1.236990E-03  1.818371E-18  1.638547E-01  0.000000E+00
  9.327940E-01  4.928640E-03  5.000000E-01  9.422158E-01  5.031434E-03  0.000000E+00  1.670424E-02 -1.317458E-03  1.977634E-18  1.380698E-01  0.000000E+00
  9.399760E-01  4.356656E-03  5.000000E-01  9.494703E-01  4.453673E-03  0.000000E+00  1.731425E-02 -1.393143E-03  2.120705E-18  1.140124E-01  0.000000E+00
  9.466320E-01  3.815752E-03  5.000000E-01  9.561935E-01  3.907307E-03  0.000000E+00  1.789053E-02 -1.468550E-03  1.034864E-18  9.094757E-02  0.000000E+00
  9.527730E-01  3.306707E-03  5.000000E-01  9.623965E-01  3.393121E-03  0.000000E+00  1.845755E-02 -1.550153E-03 -1.396302E-18  6.834018E-02  0.000000E+00
  9.584110E-01  2.827349E-03  5.000000E-01  9.680915E-01  2.908922E-03  0.000000E+00  1.904779E-02 -1.648584E-03 -2.972051E-18  4.596125E-02  0.000000E+00
  9.635570E-01  2.374423E-03  5.000000E-01  9.732894E-01  2.451422E-03  0.000000E+00  1.969494E-02 -1.769706E-03  3.241713E-18  2.309609E-02  0.000000E+00
  9.682220E-01  1.946844E-03  5.000000E-01  9.780016E-01  2.019525E-03  0.000000E+00  2.043092E-02 -1.914129E-03  1.998445E-17 -1.340518E-03  0.000000E+00
  9.724140E-01  1.545879E-03  5.000000E-01  9.822359E-01  1.614510E-03  0.000000E+00  2.130354E-02 -2.089837E-03  2.662058E-17 -2.797577E-02  0.000000E+00
  9.761430E-01  1.171443E-03  5.000000E-01  9.860025E-01  1.236293E-03  0.000000E+00  2.239478E-02 -2.313974E-03 -3.708958E-17 -5.725918E-02  0.000000E+00
  9.794160E-01  8.242660E-04  5.000000E-01  9.893086E-01  8.856100E-04  0.000000E+00  2.380664E-02 -2.599950E-03 -2.191245E-16 -9.027019E-02  0.000000E+00
  9.822400E-01  5.074225E-04  5.000000E-01  9.921611E-01  5.655668E-04  0.000000E+00  2.559046E-02 -2.949977E-03 -3.429509E-16 -1.284626E-01  0.000000E+00
  9.846200E-01  2.260584E-04  5.000000E-01  9.945652E-01  2.813612E-04  0.000000E+00  2.761621E-02 -3.350955E-03  2.713257E-16 -1.721908E-01  0.000000E+00
  9.865620E-01 -1.454145E-05  5.000000E-01  9.965268E-01  3.833160E-05  0.000000E+00  2.943909E-02 -3.715318E-03  2.468206E-15 -2.195680E-01  0.000000E+00
  9.880680E-01 -2.086099E-04  5.000000E-01  9.980480E-01 -1.576967E-04  0.000000E+00  2.991303E-02 -3.831509E-03  4.828598E-15 -2.768499E-01  0.000000E+00
  9.891420E-01 -3.514266E-04  5.000000E-01  9.991328E-01 -3.019557E-04  0.000000E+00  2.817707E-02 -3.917592E-03 -1.315735E-15 -3.438629E-01  0.000000E+00
  9.897860E-01 -4.389506E-04  5.000000E-01  9.997833E-01 -3.903636E-04  0.000000E+00  3.795413E-02 -4.020744E-03 -2.985285E-14 -2.899539E-01  0.000000E+00
  9.900000E-01 -4.683039E-04  5.000000E-01  9.999995E-01 -4.200133E-04  0.000000E+00  2.623281E-02  5.267345E-03 -2.589297E-14 -5.828906E-01  0.000000E+00
  9.900000E-01 -1.843768E-04  5.000000E-01  9.999995E-01 -1.332189E-04  0.000000E+00  1.233105E-03 -7.893610E-03  1.202262E-15 -8.098608E-01  0.000000E+00
  9.900000E-01  9.955018E-05  5.000000E-01  9.999995E-01  1.535754E-04  0.000000E+00 -4.476791E-04 -2.276176E-02  3.536171E-15 -6.292850E-01  0.000000E+00
  9.900000E-01  3.834772E-04  5.000000E-01  9.999995E-01  4.403698E-04  0.000000E+00 -1.444245E-04 -8.851273E-03  4.470628E-15 -6.291771E-01  0.000000E+00
  9.900000E-01  6.674042E-04  5.000000E-01  9.999995E-01  7.271641E-04  0.000000E+00  4.655726E-04 -5.215272E-03  4.203714E-15 -6.892152E-01  0.000000E+00
  9.900000E-01  9.513313E-04  5.000000E-01  9.999995E-01  1.013959E-03  0.000000E+00  6.812938E-03 -6.636531E-03  3.672384E-15 -6.309503E-01  0.000000E+00
  9.900000E-01  9.513313E-04  5.000000E-01  9.999995E-01  1.013959E-03  0.000000E+00  6.812938E-03 -6.636531E-03  3.672384E-15 -6.309503E-01  0.000000E+00
  9.897890E-01  1.017903E-03  5.000000E-01  9.997864E-01  1.081202E-03  0.000000E+00  9.040907E-03 -3.478596E-03  3.020958E-15 -5.532999E-01  0.000000E+00
  9.891540E-01  1.218672E-03  5.000000E-01  9.991449E-01  1.283999E-03  0.000000E+00  4.592834E-03 -1.358991E-03  1.994981E-15 -5.719413E-01  0.000000E+00
  9.880950E-01  1.555405E-03  5.000000E-01  9.980752E-01  1.624132E-03  0.000000E+00  3.056828E-03 -9.711909E-04  1.115965E-15 -5.714623E-01  0.000000E+00
  9.866100E-01  2.031329E-03  5.000000E-01  9.965753E-01  2.104863E-03  0.000000E+00  2.022205E-03 -6.621894E-04  5.478539E-16 -5.635024E-01  0.000000E+00
  9.846960E-01  2.650657E-03  5.000000E-01  9.946419E-01  2.730446E-03  0.000000E+00  1.038572E-03 -3.373263E-04  2.380878E-16 -5.597903E-01  0.000000E+00
  9.823490E-01  3.418246E-03  5.000000E-01  9.922712E-01  3.505787E-03  0.000000E+00  2.289669E-04 -7.364503E-05  8.280779E-17 -5.587104E-01  0.000000E+00
  9.795670E-01  4.338746E-03  5.000000E-01  9.894611E-01  4.435583E-03  0.000000E+00 -3.862653E-04  1.289072E-04  9.709006E-18 -5.588366E-01  0.000000E+00
  9.763420E-01  5.417941E-03  5.000000E-01  9.862036E-01  5.525676E-03  0.000000E+00 -8.365330E-04  2.815010E-04 -1.618637E-17 -5.601701E-01  0.000000E+00
  9.726710E-01  6.659568E-03  5.000000E-01  9.824955E-01  6.779842E-03  0.000000E+00 -1.145807E-03  3.892867E-04 -1.815679E-17 -5.626177E-01  0.000000E+00
  9.685460E-01  8.066813E-03  5.000000E-01  9.783288E-01  8.201298E-03  0.000000E+00 -1.330342E-03  4.554221E-04 -1.183011E-17 -5.657795E-01  0.000000E+00
  9.639600E-01  9.641829E-03  5.000000E-01  9.736965E-01  9.792221E-03  0.000000E+00 -1.405112E-03  4.839024E-04 -4.932196E-18 -5.691630E-01  0.000000E+00
  9.589060E-01  1.138678E-02  5.000000E-01  9.685915E-01  1.155479E-02  0.000000E+00 -1.388480E-03  4.802722E-04 -2.415017E-18 -5.722955E-01  0.000000E+00
  9.533750E-01  1.330287E-02  5.000000E-01  9.630046E-01  1.349023E-02  0.000000E+00 -1.304298E-03  4.521322E-04 -1.839853E-18 -5.747997E-01  0.000000E+00
  9.473580E-01  1.538888E-02  5.000000E-01  9.569269E-01  1.559731E-02  0.000000E+00 -1.180883E-03  4.090727E-04 -3.963676E-19 -5.764604E-01  0.000000E+00
  9.408450E-01  1.764152E-02  5.000000E-01  9.503481E-01  1.787270E-02  0.000000E+00 -1.047703E-03  3.615120E-04  1.583819E-19 -5.772681E-01  0.000000E+00
  9.338260E-01  2.005558E-02  5.000000E-01  9.432582E-01  2.031114E-02  0.000000E+00 -9.314279E-04  3.189531E-04 -1.058352E-18 -5.774184E-01  0.000000E+00
  9.262910E-01  2.262270E-02  5.000000E-01  9.356471E-01  2.290418E-02  0.000000E+00 -8.530420E-04  2.886277E-04 -2.268276E-18 -5.772457E-01  0.000000E+00
  9.182290E-01  2.533018E-02  5.000000E-01  9.275037E-01  2.563901E-02  0.000000E+00 -8.270651E-04  2.749550E-04 -1.287665E-18 -5.771136E-01  0.000000E+00
  9.096280E-01  2.816051E-02  5.000000E-01  9.188158E-01  2.849792E-02  0.000000E+00 -8.620486E-04  2.795940E-04 -6.010180E-19 -5.773791E-01  0.000000E+00
  9.004770E-01  3.109046E-02  5.000000E-01  9.095724E-01  3.145745E-02  0.000000E+00 -9.609671E-04  3.016876E-04 -6.596901E-19 -5.783865E-01  0.000000E+00
  8.907650E-01  3.408945E-02  5.000000E-01  8.997623E-01  3.448674E-02  0.000000E+00 -1.122367E-03  3.377784E-04  8.951933E-19 -5.802893E-01  0.000000E+00
  8.804800E-01  3.711662E-02  5.000000E-01  8.893735E-01  3.754448E-02  0.000000E+00 -1.341945E-03  3.813611E-04  2.685370E-18 -5.829676E-01  0.000000E+00
  8.696090E-01  4.011694E-02  5.000000E-01  8.783927E-01  4.057509E-02  0.000000E+00 -1.609997E-03  4.235213E-04  6.151760E-19 -5.863505E-01  0.000000E+00
  8.696090E-01  4.011694E-02  5.000000E-01  8.783927E-01  4.057509E-02  0.000000E+00 -1.609997E-03  4.235213E-04  6.151760E-19 -5.863505E-01  0.000000E+00
  8.581400E-01  4.301937E-02  5.000000E-01  8.668079E-01  4.350683E-02  0.000000E+00 -1.908376E-03  4.550637E-04 -1.776643E-18 -5.900481E-01  0.000000E+00
  8.460600E-01  4.574120E-02  5.000000E-01  8.546059E-01  4.625615E-02  0.000000E+00 -2.217091E-03  4.679550E-04  7.235991E-19 -5.922790E-01  0.000000E+00
  8.333640E-01  4.820465E-02  5.000000E-01  8.417816E-01  4.874448E-02  0.000000E+00 -2.504248E-03  4.480687E-04  2.247618E-18 -5.928934E-01  0.000000E+00
  8.200460E-01  5.033708E-02  5.000000E-01  8.283291E-01  5.089845E-02  0.000000E+00 -2.634132E-03  3.707841E-04  1.523623E-18 -6.035831E-01  0.000000E+00
  8.061050E-01  5.207514E-02  5.000000E-01  8.142474E-01  5.265406E-02  0.000000E+00 -2.193896E-03  2.237138E-04  1.406643E-18 -6.520336E-01  0.000000E+00
  7.915460E-01  5.339851E-02  5.000000E-01  7.995413E-01  5.399079E-02  0.000000E+00 -4.043082E-04  3.245611E-05  1.936831E-18 -7.588261E-01  0.000000E+00
  7.763770E-01  5.435306E-02  5.000000E-01  7.842191E-01  5.495498E-02  0.000000E+00  3.602467E-03 -1.522149E-04  1.496002E-18 -9.031494E-01  0.000000E+00
  7.606070E-01  5.501293E-02  5.000000E-01  7.682899E-01  5.562152E-02  0.000000E+00  9.792628E-03 -2.536173E-04 -2.426343E-18 -1.027546E+00  0.000000E+00
  7.442510E-01  5.538359E-02  5.000000E-01  7.517687E-01  5.599592E-02  0.000000E+00  1.634070E-02 -1.852597E-04 -7.576470E-18 -1.089644E+00  0.000000E+00
  7.273250E-01  5.547633E-02  5.000000E-01  7.346718E-01  5.608960E-02  0.000000E+00  2.075537E-02  3.783942E-05 -1.163200E-17 -1.095119E+00  0.000000E+00
  7.098490E-01  5.533146E-02  5.000000E-01  7.170193E-01  5.594326E-02  0.000000E+00  2.214459E-02  2.711282E-04 -1.467883E-17 -1.076815E+00  0.000000E+00
  6.918480E-01  5.502596E-02  5.000000E-01  6.988365E-01  5.563468E-02  0.000000E+00  2.153409E-02  3.729386E-04 -1.526710E-17 -1.063452E+00  0.000000E+00
  6.733520E-01  5.468380E-02  5.000000E-01  6.801537E-01  5.528906E-02  0.000000E+00  2.038781E-02  2.973390E-04 -1.281208E-17 -1.069099E+00  0.000000E+00
  6.543930E-01  5.447338E-02  5.000000E-01  6.610032E-01  5.507652E-02  0.000000E+00  1.965156E-02  9.538930E-05 -8.003240E-18 -1.093205E+00  0.000000E+00
  6.350090E-01  5.450282E-02  5.000000E-01  6.414235E-01  5.510626E-02  0.000000E+00  1.969259E-02 -1.264695E-04 -4.564729E-18 -1.124180E+00  0.000000E+00
  6.152440E-01  5.473133E-02  5.000000E-01  6.214589E-01  5.533708E-02  0.000000E+00  2.039101E-02 -2.956630E-04 -2.813645E-18 -1.150431E+00  0.000000E+00
  5.951420E-01  5.508318E-02  5.000000E-01  6.011539E-01  5.569247E-02  0.000000E+00  2.136760E-02 -3.866629E-04 -2.380123E-18 -1.166199E+00  0.000000E+00
  5.747530E-01  5.546629E-02  5.000000E-01  5.805590E-01  5.607945E-02  0.000000E+00  2.229623E-02 -3.755413E-04 -4.701743E-18 -1.169174E+00  0.000000E+00
  5.541290E-01  5.577759E-02  5.000000E-01  5.597267E-01  5.639390E-02  0.000000E+00  2.301363E-02 -2.461967E-04 -7.214314E-18 -1.159312E+00  0.000000E+00
  5.333260E-01  5.591160E-02  5.000000E-01  5.387136E-01  5.652926E-02  0.000000E+00  2.346627E-02 -1.517460E-05 -8.511570E-18 -1.138809E+00  0.000000E+00
  5.124010E-01  5.580373E-02  5.000000E-01  5.175773E-01  5.642030E-02  0.000000E+00  2.366294E-02  2.839021E-04 -8.724387E-18 -1.110392E+00  0.000000E+00
  4.914140E-01  5.540788E-02  5.000000E-01  4.963783E-01  5.602045E-02  0.000000E+00  2.365282E-02  6.327635E-04 -7.501909E-18 -1.075221E+00  0.000000E+00
  4.704230E-01  5.468091E-02  5.000000E-01  4.751754E-01  5.528615E-02  0.000000E+00  2.347444E-02  1.021792E-03 -5.446539E-18 -1.033632E+00  0.000000E+00
  1.696960E-04 -4.969362E-04  5.000000E-01  1.730287E-04 -4.489348E-04  0.000000E+00 -6.435014E-02  9.343045E-02 -1.139396E-13  5.255905E-01  0.000000E+00
  8.054360E-04 -1.001771E-03  5.000000E-01  8.151890E-04 -9.588676E-04  0.000000E+00 -4.720512E-02  3.357747E-02 -8.847777E-14  1.097599E+00  0.000000E+00
  1.973980E-03 -1.622070E-03  5.000000E-01  1.995534E-03 -1.585431E-03  0.000000E+00 -2.149669E-02  1.093517E-02 -4.886173E-14  1.174985E+00  0.000000E+00
  3.614630E-03 -2.353916E-03  5.000000E-01  3.652753E-03 -2.324668E-03  0.000000E+00 -4.481458E-03  1.998700E-03 -1.692369E-14  1.155254E+00  0.000000E+00
  5.721210E-03 -3.204485E-03  5.000000E-01  5.780607E-03 -3.183827E-03  0.000000E+00  4.678784E-03 -1.773181E-03 -2.913267E-16  1.126761E+00  0.000000E+00
  8.297500E-03 -4.170224E-03  5.000000E-01  8.382914E-03 -4.159319E-03  0.000000E+00  9.064288E-03 -3.243711E-03  4.145597E-15  1.083539E+00  0.000000E+00
  1.136560E-02 -5.230984E-03  5.000000E-01  1.148200E-02 -5.230791E-03  0.000000E+00  1.088689E-02 -3.623909E-03  3.095756E-15  1.029836E+00  0.000000E+00
  1.493280E-02 -6.375019E-03  5.000000E-01  1.508522E-02 -6.386380E-03  0.000000E+00  1.151484E-02 -3.598346E-03  1.191429E-15  9.757054E-01  0.000000E+00
  1.899460E-02 -7.609965E-03  5.000000E-01  1.918804E-02 -7.633797E-03  0.000000E+00  1.178405E-02 -3.526483E-03  1.024905E-16  9.251595E-01  0.000000E+00
  2.354800E-02 -8.951114E-03  5.000000E-01  2.378743E-02 -8.988491E-03  0.000000E+00  1.211669E-02 -3.512037E-03 -1.959135E-16  8.754152E-01  0.000000E+00
  2.860130E-02 -1.039379E-02  5.000000E-01  2.889176E-02 -1.044573E-02  0.000000E+00  1.263813E-02 -3.544212E-03 -1.499555E-16  8.239794E-01  0.000000E+00
  3.416500E-02 -1.192708E-02  5.000000E-01  3.451165E-02 -1.199451E-02  0.000000E+00  1.333493E-02 -3.606183E-03 -5.550819E-17  7.720695E-01  0.000000E+00
  4.024810E-02 -1.354210E-02  5.000000E-01  4.065618E-02 -1.362584E-02  0.000000E+00  1.415091E-02 -3.679311E-03 -5.424811E-18  7.205743E-01  0.000000E+00
  4.686030E-02 -1.522713E-02  5.000000E-01  4.733515E-02 -1.532788E-02  0.000000E+00  1.502225E-02 -3.743867E-03  1.003244E-17  6.692840E-01  0.000000E+00
  5.401090E-02 -1.697114E-02  5.000000E-01  5.455797E-02 -1.708951E-02  0.000000E+00  1.590151E-02 -3.791077E-03  9.489321E-18  6.182597E-01  0.000000E+00
  6.170850E-02 -1.876615E-02  5.000000E-01  6.233330E-02 -1.890265E-02  0.000000E+00  1.676232E-02 -3.812583E-03  4.155399E-18  5.671384E-01  0.000000E+00
  6.996310E-02 -2.059876E-02  5.000000E-01  7.067127E-02 -2.075377E-02  0.000000E+00  1.759084E-02 -3.796447E-03  1.973568E-18  5.152405E-01  0.000000E+00
  7.878500E-02 -2.245053E-02  5.000000E-01  7.958226E-02 -2.262423E-02  0.000000E+00  1.838422E-02 -3.739418E-03  1.259829E-18  4.627460E-01  0.000000E+00
  8.818390E-02 -2.430352E-02  5.000000E-01  8.907608E-02 -2.449594E-02  0.000000E+00  1.914431E-02 -3.641823E-03  3.458137E-19  4.100559E-01  0.000000E+00
  9.816930E-02 -2.613660E-02  5.000000E-01  9.916232E-02 -2.634753E-02  0.000000E+00  1.986653E-02 -3.499466E-03  4.768418E-19  3.572108E-01  0.000000E+00
  1.087500E-01 -2.792453E-02  5.000000E-01  1.098499E-01 -2.815351E-02  0.000000E+00  2.053606E-02 -3.309132E-03 -1.583865E-19  3.045919E-01  0.000000E+00
  1.199340E-01 -2.964164E-02  5.000000E-01  1.211468E-01 -2.988796E-02  0.000000E+00  2.112054E-02 -3.066035E-03 -4.703493E-19  2.528416E-01  0.000000E+00
  1.317280E-01 -3.125780E-02  5.000000E-01  1.330599E-01 -3.152045E-02  0.000000E+00  2.156390E-02 -2.761652E-03  3.202935E-19  2.027273E-01  0.000000E+00
  1.441380E-01 -3.273795E-02  5.000000E-01  1.455952E-01 -3.301555E-02  0.000000E+00  2.180098E-02 -2.395552E-03  1.618240E-18  1.558790E-01  0.000000E+00
  1.441380E-01 -3.273795E-02  5.000000E-01  1.455952E-01 -3.301555E-02  0.000000E+00  2.180098E-02 -2.395552E-03  1.618240E-18  1.558790E-01  0.000000E+00
  1.571670E-01 -3.404803E-02  5.000000E-01  1.587558E-01 -3.433885E-02  0.000000E+00  2.178660E-02 -1.980160E-03  1.496776E-18  1.146436E-01  0.000000E+00
  1.708170E-01 -3.515577E-02  5.000000E-01  1.725437E-01 -3.545779E-02  0.000000E+00  2.153365E-02 -1.543242E-03 -4.425725E-19  8.147805E-02  0.000000E+00
  1.850860E-01 -3.604013E-02  5.000000E-01  1.869568E-01 -3.635108E-02  0.000000E+00  2.114433E-02 -1.135415E-03 -1.457931E-18  5.844219E-02  0.000000E+00
  1.999720E-01 -3.671163E-02  5.000000E-01  2.019931E-01 -3.702935E-02  0.000000E+00  2.079364E-02 -8.233078E-04 -1.070478E-18  4.606095E-02  0.000000E+00
  2.154670E-01 -3.723593E-02  5.000000E-01  2.176446E-01 -3.755895E-02  0.000000E+00  2.062163E-02 -6.334761E-04 -8.053126E-19  3.997607E-02  0.000000E+00
  2.315610E-01 -3.768200E-02  5.000000E-01  2.339011E-01 -3.800953E-02  0.000000E+00  2.062043E-02 -5.048057E-04 -1.543389E-18  3.030947E-02  0.000000E+00
  2.482400E-01 -3.804056E-02  5.000000E-01  2.507486E-01 -3.837171E-02  0.000000E+00  2.070222E-02 -3.697103E-04 -5.134115E-19  1.162454E-02  0.000000E+00
  2.654840E-01 -3.828707E-02  5.000000E-01  2.681667E-01 -3.862071E-02  0.000000E+00  2.080093E-02 -2.095805E-04 -1.164501E-19 -1.316889E-02  0.000000E+00
  2.832720E-01 -3.839097E-02  5.000000E-01  2.861343E-01 -3.872566E-02  0.000000E+00  2.087127E-02 -2.221046E-05  2.499894E-19 -3.928060E-02  0.000000E+00
  3.015770E-01 -3.832234E-02  5.000000E-01  3.046242E-01 -3.865633E-02  0.000000E+00  2.088158E-02  1.870195E-04  1.110433E-18 -6.321489E-02  0.000000E+00
  3.203660E-01 -3.805560E-02  5.000000E-01  3.236029E-01 -3.838690E-02  0.000000E+00  2.081008E-02  4.096237E-04  1.708306E-18 -8.326378E-02  0.000000E+00
  3.396030E-01 -3.757067E-02  5.000000E-01  3.430342E-01 -3.789707E-02  0.000000E+00  2.064109E-02  6.373456E-04  5.770453E-19 -9.879708E-02  0.000000E+00
  3.592490E-01 -3.685164E-02  5.000000E-01  3.628786E-01 -3.717078E-02  0.000000E+00  2.035972E-02  8.638715E-04 -6.384382E-19 -1.095136E-01  0.000000E+00
  3.792580E-01 -3.588428E-02  5.000000E-01  3.830897E-01 -3.619365E-02  0.000000E+00  1.995047E-02  1.083356E-03  9.859059E-19 -1.149387E-01  0.000000E+00
  3.995810E-01 -3.465678E-02  5.000000E-01  4.036179E-01 -3.495376E-02  0.000000E+00  1.940150E-02  1.288330E-03  5.994372E-19 -1.142735E-01  0.000000E+00
  4.201670E-01 -3.316206E-02  5.000000E-01  4.244118E-01 -3.344394E-02  0.000000E+00  1.870978E-02  1.471198E-03 -2.418128E-19 -1.067606E-01  0.000000E+00
  4.409600E-01 -3.139655E-02  5.000000E-01  4.454148E-01 -3.166060E-02  0.000000E+00  1.788847E-02  1.624330E-03  5.896216E-19 -9.197219E-02  0.000000E+00
  4.619030E-01 -2.936455E-02  5.000000E-01  4.665693E-01 -2.960808E-02  0.000000E+00  1.697499E-02  1.736822E-03  8.080093E-19 -6.969797E-02  0.000000E+00
  4.829360E-01 -2.709398E-02  5.000000E-01  4.878147E-01 -2.731458E-02  0.000000E+00  1.601703E-02  1.801598E-03 -7.400501E-19 -4.079285E-02  0.000000E+00
  5.039990E-01 -2.462353E-02  5.000000E-01  5.090904E-01 -2.481918E-02  0.000000E+00  1.505310E-02  1.820690E-03 -1.334515E-18 -7.467164E-03  0.000000E+00
  5.250310E-01 -2.199822E-02  5.000000E-01  5.303348E-01 -2.216736E-02  0.000000E+00  1.411163E-02  1.800741E-03  4.469771E-19  2.789191E-02  0.000000E+00
  5.459710E-01 -1.926498E-02  5.000000E-01  5.514863E-01 -1.940652E-02  0.000000E+00  1.321682E-02  1.750524E-03  1.835074E-18  6.346164E-02  0.000000E+00
  5.667600E-01 -1.646929E-02  5.000000E-01  5.724852E-01 -1.658260E-02  0.000000E+00  1.239946E-02  1.676068E-03  1.473557E-18  9.847682E-02  0.000000E+00
  4.704230E-01  5.468091E-02  5.000000E-01  4.751754E-01  5.528615E-02  0.000000E+00  2.347444E-02  1.021792E-03 -5.446539E-18 -1.033632E+00  0.000000E+00
  4.494880E-01  5.358528E-02  5.000000E-01  4.540289E-01  5.417944E-02  0.000000E+00  2.313639E-02  1.434185E-03 -3.875756E-18 -9.869364E-01  0.000000E+00
  4.286690E-01  5.209335E-02  5.000000E-01  4.329997E-01  5.267246E-02  0.000000E+00  2.261044E-02  1.811966E-03 -1.874997E-18 -9.404669E-01  0.000000E+00
  4.080230E-01  5.025674E-02  5.000000E-01  4.121452E-01  5.081730E-02  0.000000E+00  2.189539E-02  2.075378E-03  8.645205E-19 -9.027906E-01  0.000000E+00
  3.876050E-01  4.819421E-02  5.000000E-01  3.915210E-01  4.873393E-02  0.000000E+00  2.110604E-02  2.200071E-03  2.101705E-18 -8.801989E-01  0.000000E+00
  3.674690E-01  4.602510E-02  5.000000E-01  3.711816E-01  4.654292E-02  0.000000E+00  2.041841E-02  2.212127E-03  2.568643E-18 -8.752454E-01  0.000000E+00
  3.476650E-01  4.386329E-02  5.000000E-01  3.511776E-01  4.435928E-02  0.000000E+00  1.997491E-02  2.142602E-03  2.624399E-18 -8.878792E-01  0.000000E+00
  3.282390E-01  4.181276E-02  5.000000E-01  3.315555E-01  4.228804E-02  0.000000E+00  1.986566E-02  2.026189E-03  6.686532E-20 -9.145293E-01  0.000000E+00
  3.092330E-01  3.994194E-02  5.000000E-01  3.123575E-01  4.039832E-02  0.000000E+00  2.012683E-02  1.916678E-03 -2.266062E-18 -9.474317E-01  0.000000E+00
  2.906860E-01  3.823746E-02  5.000000E-01  2.936232E-01  3.867664E-02  0.000000E+00  2.068342E-02  1.852635E-03 -4.929427E-18 -9.789278E-01  0.000000E+00
  2.726330E-01  3.666349E-02  5.000000E-01  2.753879E-01  3.708677E-02  0.000000E+00  2.135853E-02  1.834099E-03 -8.026656E-18 -1.005196E+00  0.000000E+00
  2.551020E-01  3.518148E-02  5.000000E-01  2.576799E-01  3.558980E-02  0.000000E+00  2.198582E-02  1.852160E-03 -1.069651E-17 -1.025112E+00  0.000000E+00
  2.381210E-01  3.375653E-02  5.000000E-01  2.405274E-01  3.415045E-02  0.000000E+00  2.247846E-02  1.903161E-03 -1.389136E-17 -1.038968E+00  0.000000E+00
  2.217090E-01  3.235628E-02  5.000000E-01  2.239496E-01  3.273606E-02  0.000000E+00  2.282436E-02  1.984417E-03 -1.953120E-17 -1.048088E+00  0.000000E+00
  2.058840E-01  3.095555E-02  5.000000E-01  2.079648E-01  3.132118E-02  0.000000E+00  2.303533E-02  2.073501E-03 -3.154319E-17 -1.055598E+00  0.000000E+00
  1.906600E-01  2.955996E-02  5.000000E-01  1.925871E-01  2.991150E-02  0.000000E+00  2.314141E-02  2.133748E-03 -4.783547E-17 -1.065500E+00  0.000000E+00
  1.760460E-01  2.820218E-02  5.000000E-01  1.778255E-01  2.854001E-02  0.000000E+00  2.323420E-02  2.165584E-03 -7.356049E-17 -1.078910E+00  0.000000E+00
  1.620500E-01  2.689338E-02  5.000000E-01  1.636881E-01  2.721799E-02  0.000000E+00  2.341498E-02  2.203636E-03 -1.172805E-16 -1.093856E+00  0.000000E+00
  1.486750E-01  2.562738E-02  5.000000E-01  1.501781E-01  2.593921E-02  0.000000E+00  2.370862E-02  2.272066E-03 -1.866153E-16 -1.108208E+00  0.000000E+00
  1.359210E-01  2.439086E-02  5.000000E-01  1.372953E-01  2.469020E-02  0.000000E+00  2.407149E-02  2.377012E-03 -2.971458E-16 -1.120807E+00  0.000000E+00
  1.237890E-01  2.317169E-02  5.000000E-01  1.250407E-01  2.345872E-02  0.000000E+00  2.444307E-02  2.516384E-03 -4.731249E-16 -1.131366E+00  0.000000E+00
  1.122730E-01  2.195841E-02  5.000000E-01  1.134084E-01  2.223319E-02  0.000000E+00  2.478148E-02  2.686099E-03 -7.573395E-16 -1.140156E+00  0.000000E+00
  1.013710E-01  2.074389E-02  5.000000E-01  1.023964E-01  2.100640E-02  0.000000E+00  2.506974E-02  2.880540E-03 -1.216915E-15 -1.147845E+00  0.000000E+00
  9.107400E-02  1.952509E-02  5.000000E-01  9.199536E-02  1.977529E-02  0.000000E+00  2.531332E-02  3.098896E-03 -1.958621E-15 -1.155018E+00  0.000000E+00
  9.107400E-02  1.952509E-02  5.000000E-01  9.199536E-02  1.977529E-02  0.000000E+00  2.531332E-02  3.098896E-03 -1.958621E-15 -1.155018E+00  0.000000E+00
  8.137660E-02  1.829895E-02  5.000000E-01  8.220003E-02  1.853677E-02  0.000000E+00  2.551954E-02  3.339429E-03 -3.157033E-15 -1.162366E+00  0.000000E+00
  7.227050E-02  1.706713E-02  5.000000E-01  7.300197E-02  1.729251E-02  0.000000E+00  2.569053E-02  3.596364E-03 -5.092493E-15 -1.170789E+00  0.000000E+00
  6.374670E-02  1.583399E-02  5.000000E-01  6.439209E-02  1.604692E-02  0.000000E+00  2.583382E-02  3.870306E-03 -8.207610E-15 -1.180866E+00  0.000000E+00
  5.579720E-02  1.460226E-02  5.000000E-01  5.636231E-02  1.480274E-02  0.000000E+00  2.594580E-02  4.157217E-03 -1.315738E-14 -1.193402E+00  0.000000E+00
  4.841260E-02  1.337979E-02  5.000000E-01  4.890313E-02  1.356793E-02  0.000000E+00  2.602012E-02  4.451615E-03 -2.082284E-14 -1.209285E+00  0.000000E+00
  4.158390E-02  1.217384E-02  5.000000E-01  4.200547E-02  1.234980E-02  0.000000E+00  2.605784E-02  4.758807E-03 -3.213600E-14 -1.228871E+00  0.000000E+00
  3.530370E-02  1.098886E-02  5.000000E-01  3.566185E-02  1.115286E-02  0.000000E+00  2.603519E-02  5.073095E-03 -4.755073E-14 -1.252935E+00  0.000000E+00
  2.956270E-02  9.834012E-03  5.000000E-01  2.986287E-02  9.986344E-03  0.000000E+00  2.591942E-02  5.388978E-03 -6.614326E-14 -1.282105E+00  0.000000E+00
  2.435310E-02  8.715667E-03  5.000000E-01  2.460066E-02  8.856705E-03  0.000000E+00  2.566514E-02  5.716251E-03 -8.443370E-14 -1.315865E+00  0.000000E+00
  1.967110E-02  7.634373E-03  5.000000E-01  1.987137E-02  7.764491E-03  0.000000E+00  2.513230E-02  6.025797E-03 -9.591642E-14 -1.354546E+00  0.000000E+00
  1.550860E-02  6.597499E-03  5.000000E-01  1.566684E-02  6.717146E-03  0.000000E+00  2.414832E-02  6.271781E-03 -9.349786E-14 -1.398486E+00  0.000000E+00
  1.185930E-02  5.609192E-03  5.000000E-01  1.198068E-02  5.718858E-03  0.000000E+00  2.265662E-02  6.453447E-03 -7.468328E-14 -1.446013E+00  0.000000E+00
  8.724160E-03  4.666315E-03  5.000000E-01  8.813883E-03  4.766459E-03  0.000000E+00  2.087605E-02  6.622369E-03 -4.529734E-14 -1.496575E+00  0.000000E+00
  6.091130E-03  3.778106E-03  5.000000E-01  6.154262E-03  3.869280E-03  0.000000E+00  1.981588E-02  7.200303E-03 -1.857016E-14 -1.545485E+00  0.000000E+00
  3.952840E-03  2.948557E-03  5.000000E-01  3.994378E-03  3.031354E-03  0.000000E+00  2.108671E-02  9.297453E-03 -6.690495E-15 -1.576708E+00  0.000000E+00
  2.330070E-03  2.165920E-03  5.000000E-01  2.355220E-03  2.240813E-03  0.000000E+00  2.474064E-02  1.402770E-02 -1.070623E-14 -1.579777E+00  0.000000E+00
  1.198080E-03  1.450110E-03  5.000000E-01  1.211798E-03  1.517775E-03  0.000000E+00  2.849658E-02  2.156433E-02 -2.283852E-14 -1.564940E+00  0.000000E+00
  5.019560E-04  8.364339E-04  5.000000E-01  5.086442E-04  8.979009E-04  0.000000E+00  3.158303E-02  3.430783E-02 -3.691853E-14 -1.572707E+00  0.000000E+00
  1.313430E-04  3.596221E-04  5.000000E-01  1.342884E-04  4.162737E-04  0.000000E+00  3.659457E-02  7.294910E-02 -5.251492E-14 -1.597707E+00  0.000000E+00
  8.078190E-06  5.366958E-05  5.000000E-01  9.778777E-06  1.072315E-04  0.000000E+00  3.186733E-02  1.768020E-01 -7.285323E-14 -1.498410E+00  0.000000E+00
 -1.602820E-06 -5.248981E-05  5.000000E-01  0.000000E+00  0.000000E+00  0.000000E+00 -4.620450E-03  2.537761E-01 -9.155395E-14 -1.198790E+00  0.000000E+00
  9.141860E-06 -1.625565E-04  5.000000E-01  1.085319E-05 -1.111782E-04  0.000000E+00 -4.980913E-02  1.970665E-01 -1.089172E-13 -4.832999E-01  0.000000E+00
  1.696960E-04 -4.969362E-04  5.000000E-01  1.730287E-04 -4.489348E-04  0.000000E+00 -6.435014E-02  9.343045E-02 -1.139396E-13  5.255905E-01  0.000000E+00
    1    2
    2    3
    3    4
    4    5
    5    6
    6    7
    7    8
    8    9
    9   10
   10   11
   11   12
   12   13
   13   14
   14   15
   15   16
   16   17
   17   18
   18   19
   19   20
   20   21
   21   22
   22   23
   23   24
   25   26
   26   27
   27   28
   28   29
   29   30
   30   31
   31   32
   32   33
   33   34
   34   35
   35   36
   36   37
   37   38
   38   39
   39   40
   40   41
   41   42
   42   43
   43   44
   44   45
   45   46
   46   47
   47   48
   49   50
   50   51
   51   52
   52   53
   53   54
   54   55
   55   56
   56   57
   57   58
   58   59
   59   60
   60   61
   61   62
   62   63
   63   64
   64   65
   65   66
   66   67
   67   68
   68   69
   69   70
   70   71
   71   72
   73   74
   74   75
   75   76
   76   77
   77   78
   78   79
   79   80
   80   81
   81   82
   82   83
   83   84
   84   85
   85   86
   86   87
   87   88
   88   89
   89   90
   90   91
   91   92
   92   93
   93   94
   94   95
   95   96
   97   98
   98   99
   99  100
  100  101
  101  102
  102  103
  103  104
  104  105
  105  106
  106  107
  107  108
  108  109
  109  110
  110  111
  111  112
  112  113
  113  114
  114  115
  115  116
  116  117
  117  118
  118  119
  119  120
  121  122
  122  123
  123  124
  124  125
  125  126
  126  127
  127  128
  128  129
  129  130
  130  131
  131  132
  132  133
  133  134
  134  135
  135  136
  136  137
  137  138
  138  139
  139  140
  140  141
  141  142
  142  143
  143  144
  145  146
  146  147
  147  148
  148  149
  149  150
  150  151
  151  152
  152  153
  153  154
  154  155
  155  156
  156  157
  157  158
  158  159
  159  160
  160  161
  161  162
  162  163
  163  164
  164  165
  165  166
  166  167
  167  168
  169  170
  170  171
  171  172
  172  173
  173  174
  174  175
  175  176
  176  177
  177  178
  178  179
  179  180
  180  181
  181  182
  182  183
  183  184
  184  185
  185  186
  186  187
  187  188
  188  189
  189  190
  190  191
  191  192
