 Title = "ADflow Slice Data"
Variables =  "CoordinateX"  "CoordinateY"  "CoordinateZ"  "XoC"  "YoC"  "ZoC" "VelocityX" "VelocityY" "VelocityZ" "CoefPressure" "Mach" 
Zone T= "Slice_0001 None Absolute Regular z = 0.50000000"
 Nodes =          192  Elements=          184  ZONETYPE=FELINESEG
 DATAPACKING=POINT
  5.667600E-01 -1.512090E-02  5.000000E-01  5.724853E-01 -1.523486E-02  0.000000E+00  1.341175E-02  1.530184E-03 -1.156289E-17  9.988874E-02  0.000000E+00
  5.873410E-01 -1.275927E-02  5.000000E-01  5.932741E-01 -1.284938E-02  0.000000E+00  1.290503E-02  1.479755E-03  2.984701E-18  1.228757E-01  0.000000E+00
  6.076580E-01 -1.043151E-02  5.000000E-01  6.137963E-01 -1.049811E-02  0.000000E+00  1.246003E-02  1.418381E-03  2.474637E-18  1.448337E-01  0.000000E+00
  6.276600E-01 -8.170146E-03  5.000000E-01  6.340003E-01 -8.213913E-03  0.000000E+00  1.207468E-02  1.350279E-03 -7.731158E-18  1.651653E-01  0.000000E+00
  6.472970E-01 -5.999655E-03  5.000000E-01  6.538356E-01 -6.021502E-03  0.000000E+00  1.173963E-02  1.280406E-03 -1.619519E-17  1.835061E-01  0.000000E+00
  6.665260E-01 -3.931902E-03  5.000000E-01  6.732588E-01 -3.932868E-03  0.000000E+00  1.144464E-02  1.211304E-03 -1.947346E-17  2.000635E-01  0.000000E+00
  6.853050E-01 -1.976560E-03  5.000000E-01  6.922274E-01 -1.957778E-03  0.000000E+00  1.118358E-02  1.140451E-03 -1.864266E-17  2.156309E-01  0.000000E+00
  7.035980E-01 -1.507686E-04  5.000000E-01  7.107052E-01 -1.135485E-04  0.000000E+00  1.094633E-02  1.065232E-03 -1.659591E-17  2.305508E-01  0.000000E+00
  7.213750E-01  1.533607E-03  5.000000E-01  7.286617E-01  1.587837E-03  0.000000E+00  1.071013E-02  9.860430E-04 -1.489078E-17  2.444930E-01  0.000000E+00
  7.386080E-01  3.072359E-03  5.000000E-01  7.460687E-01  3.142130E-03  0.000000E+00  1.044594E-02  9.049914E-04 -1.157536E-17  2.573847E-01  0.000000E+00
  7.552750E-01  4.470642E-03  5.000000E-01  7.629040E-01  4.554533E-03  0.000000E+00  1.013564E-02  8.263058E-04 -7.595706E-18  2.696569E-01  0.000000E+00
  7.713580E-01  5.741326E-03  5.000000E-01  7.791495E-01  5.838050E-03  0.000000E+00  9.791976E-03  7.517872E-04 -3.529643E-18  2.818679E-01  0.000000E+00
  7.868410E-01  6.895408E-03  5.000000E-01  7.947888E-01  7.003787E-03  0.000000E+00  9.481927E-03  6.641102E-04  6.070318E-18  2.957417E-01  0.000000E+00
  8.017160E-01  7.872922E-03  5.000000E-01  8.098140E-01  7.991173E-03  0.000000E+00  9.306635E-03  5.403866E-04  2.296704E-17  3.116173E-01  0.000000E+00
  8.159740E-01  8.590492E-03  5.000000E-01  8.242160E-01  8.715989E-03  0.000000E+00  9.329756E-03  3.860588E-04  3.476481E-17  3.245282E-01  0.000000E+00
  8.296120E-01  9.030466E-03  5.000000E-01  8.379918E-01  9.160406E-03  0.000000E+00  9.555083E-03  2.187771E-04  3.409318E-17  3.296069E-01  0.000000E+00
  8.426300E-01  9.209096E-03  5.000000E-01  8.511412E-01  9.340840E-03  0.000000E+00  9.959206E-03  4.535381E-05  2.843952E-17  3.267963E-01  0.000000E+00
  8.550290E-01  9.157744E-03  5.000000E-01  8.636654E-01  9.288969E-03  0.000000E+00  1.051386E-02 -1.332161E-04  2.276248E-17  3.180815E-01  0.000000E+00
  8.668160E-01  8.914131E-03  5.000000E-01  8.755715E-01  9.042896E-03  0.000000E+00  1.119010E-02 -3.157900E-04  1.678205E-17  3.048117E-01  0.000000E+00
  8.779950E-01  8.519515E-03  5.000000E-01  8.868634E-01  8.644295E-03  0.000000E+00  1.195809E-02 -4.998120E-04  1.320900E-17  2.875474E-01  0.000000E+00
  8.885730E-01  8.013164E-03  5.000000E-01  8.975482E-01  8.132830E-03  0.000000E+00  1.278854E-02 -6.827053E-04  1.398975E-17  2.668770E-01  0.000000E+00
  8.985610E-01  7.428445E-03  5.000000E-01  9.076371E-01  7.542207E-03  0.000000E+00  1.364885E-02 -8.577211E-04  1.507303E-17  2.433220E-01  0.000000E+00
  9.079670E-01  6.799131E-03  5.000000E-01  9.171381E-01  6.906537E-03  0.000000E+00  1.449973E-02 -1.012491E-03  8.051837E-18  2.173444E-01  0.000000E+00
  9.168010E-01  6.157726E-03  5.000000E-01  9.260613E-01  6.258654E-03  0.000000E+00  1.530358E-02 -1.137869E-03  7.976684E-18  1.900017E-01  0.000000E+00
  9.168010E-01  6.157726E-03  5.000000E-01  9.260613E-01  6.258654E-03  0.000000E+00  1.530358E-02 -1.137869E-03  7.976684E-18  1.900017E-01  0.000000E+00
  9.250730E-01  5.529033E-03  5.000000E-01  9.344168E-01  5.623613E-03  0.000000E+00  1.603720E-02 -1.235088E-03  1.108484E-17  1.628185E-01  0.000000E+00
  9.327940E-01  4.927293E-03  5.000000E-01  9.422158E-01  5.015796E-03  0.000000E+00  1.670008E-02 -1.315849E-03  1.171374E-17  1.371084E-01  0.000000E+00
  9.399760E-01  4.355781E-03  5.000000E-01  9.494703E-01  4.438512E-03  0.000000E+00  1.730845E-02 -1.391689E-03  2.709539E-17  1.131400E-01  0.000000E+00
  9.466320E-01  3.815200E-03  5.000000E-01  9.561935E-01  3.892472E-03  0.000000E+00  1.788247E-02 -1.467141E-03  5.973287E-17  9.017572E-02  0.000000E+00
  9.527730E-01  3.306371E-03  5.000000E-01  9.623965E-01  3.378504E-03  0.000000E+00  1.844684E-02 -1.548697E-03  1.150141E-16  6.767605E-02  0.000000E+00
  9.584110E-01  2.827154E-03  5.000000E-01  9.680915E-01  2.894448E-03  0.000000E+00  1.903424E-02 -1.647006E-03  1.879464E-16  4.540865E-02  0.000000E+00
  9.635570E-01  2.374318E-03  5.000000E-01  9.732895E-01  2.437039E-03  0.000000E+00  1.967858E-02 -1.767949E-03  2.560179E-16  2.265585E-02  0.000000E+00
  9.682220E-01  1.946793E-03  5.000000E-01  9.780016E-01  2.005196E-03  0.000000E+00  2.041200E-02 -1.912159E-03  3.125060E-16 -1.670975E-03  0.000000E+00
  9.724140E-01  1.545859E-03  5.000000E-01  9.822359E-01  1.600213E-03  0.000000E+00  2.128250E-02 -2.087646E-03  4.606465E-16 -2.820247E-02  0.000000E+00
  9.761430E-01  1.171440E-03  5.000000E-01  9.860026E-01  1.222013E-03  0.000000E+00  2.237224E-02 -2.311569E-03  9.672338E-16 -5.739092E-02  0.000000E+00
  9.794160E-01  8.242704E-04  5.000000E-01  9.893086E-01  8.713373E-04  0.000000E+00  2.378320E-02 -2.597351E-03  1.982020E-15 -9.031761E-02  0.000000E+00
  9.822400E-01  5.074293E-04  5.000000E-01  9.921611E-01  5.512965E-04  0.000000E+00  2.556632E-02 -2.947186E-03  2.804952E-15 -1.284358E-01  0.000000E+00
  9.846200E-01  2.260650E-04  5.000000E-01  9.945652E-01  2.670907E-04  0.000000E+00  2.759058E-02 -3.347857E-03  1.489978E-15 -1.720946E-01  0.000000E+00
  9.865620E-01 -1.453607E-05  5.000000E-01  9.965268E-01  2.405984E-05  0.000000E+00  2.940958E-02 -3.711578E-03 -2.964193E-15 -2.194033E-01  0.000000E+00
  9.880680E-01 -2.086060E-04  5.000000E-01  9.980480E-01 -1.719700E-04  0.000000E+00  2.987556E-02 -3.826694E-03 -6.931031E-15 -2.766122E-01  0.000000E+00
  9.891420E-01 -3.514239E-04  5.000000E-01  9.991328E-01 -3.162302E-04  0.000000E+00  2.812835E-02 -3.911129E-03 -4.729349E-14 -3.434966E-01  0.000000E+00
  9.897860E-01 -4.389487E-04  5.000000E-01  9.997833E-01 -4.046389E-04  0.000000E+00  3.788605E-02 -4.013262E-03 -2.979983E-13 -2.893912E-01  0.000000E+00
  9.900000E-01 -4.683023E-04  5.000000E-01  9.999995E-01 -4.342889E-04  0.000000E+00  2.618837E-02  5.267625E-03  1.551126E-15 -5.820153E-01  0.000000E+00
  9.900000E-01 -1.843754E-04  5.000000E-01  9.999995E-01 -1.474947E-04  0.000000E+00  1.229771E-03 -7.885224E-03  2.905465E-13 -8.088085E-01  0.000000E+00
  9.900000E-01  9.955150E-05  5.000000E-01  9.999995E-01  1.392996E-04  0.000000E+00 -4.468926E-04 -2.274864E-02  3.533147E-14 -6.283584E-01  0.000000E+00
  9.900000E-01  3.834784E-04  5.000000E-01  9.999995E-01  4.260938E-04  0.000000E+00 -1.436021E-04 -8.862963E-03 -6.914418E-14 -6.283144E-01  0.000000E+00
  9.900000E-01  6.674053E-04  5.000000E-01  9.999995E-01  7.128880E-04  0.000000E+00  4.646586E-04 -5.229926E-03 -1.204991E-13 -6.881951E-01  0.000000E+00
  9.900000E-01  9.513321E-04  5.000000E-01  9.999995E-01  9.996822E-04  0.000000E+00  6.797356E-03 -6.632430E-03 -7.822336E-14 -6.299438E-01  0.000000E+00
  9.900000E-01  9.513321E-04  5.000000E-01  9.999995E-01  9.996822E-04  0.000000E+00  6.797356E-03 -6.632430E-03 -7.822336E-14 -6.299438E-01  0.000000E+00
  9.897890E-01  1.017904E-03  5.000000E-01  9.997864E-01  1.066926E-03  0.000000E+00  9.015793E-03 -3.469594E-03 -5.207515E-14 -5.523834E-01  0.000000E+00
  9.891540E-01  1.218674E-03  5.000000E-01  9.991450E-01  1.269724E-03  0.000000E+00  4.567796E-03 -1.351285E-03 -2.239383E-14 -5.709858E-01  0.000000E+00
  9.880950E-01  1.555408E-03  5.000000E-01  9.980753E-01  1.609858E-03  0.000000E+00  3.024811E-03 -9.609301E-04  4.052021E-15 -5.705458E-01  0.000000E+00
  9.866100E-01  2.031333E-03  5.000000E-01  9.965753E-01  2.090590E-03  0.000000E+00  1.983773E-03 -6.497846E-04  3.403176E-15 -5.626460E-01  0.000000E+00
  9.846960E-01  2.650662E-03  5.000000E-01  9.946419E-01  2.716174E-03  0.000000E+00  9.959161E-04 -3.234657E-04  1.749423E-15 -5.590081E-01  0.000000E+00
  9.823490E-01  3.418251E-03  5.000000E-01  9.922712E-01  3.491515E-03  0.000000E+00  1.849878E-04 -5.918643E-05  8.987912E-16 -5.580287E-01  0.000000E+00
  9.795670E-01  4.338749E-03  5.000000E-01  9.894611E-01  4.421308E-03  0.000000E+00 -4.278307E-04  1.427319E-04  4.298956E-16 -5.582706E-01  0.000000E+00
  9.763420E-01  5.417935E-03  5.000000E-01  9.862036E-01  5.511392E-03  0.000000E+00 -8.716018E-04  2.932879E-04  1.896362E-16 -5.597152E-01  0.000000E+00
  9.726710E-01  6.659543E-03  5.000000E-01  9.824955E-01  6.765540E-03  0.000000E+00 -1.170634E-03  3.977060E-04  7.691249E-17 -5.622490E-01  0.000000E+00
  9.685460E-01  8.066753E-03  5.000000E-01  9.783288E-01  8.186961E-03  0.000000E+00 -1.342209E-03  4.594694E-04  2.683884E-17 -5.654524E-01  0.000000E+00
  9.639600E-01  9.641707E-03  5.000000E-01  9.736965E-01  9.777820E-03  0.000000E+00 -1.402964E-03  4.831441E-04  3.249648E-18 -5.688175E-01  0.000000E+00
  9.589060E-01  1.138655E-02  5.000000E-01  9.685915E-01  1.154029E-02  0.000000E+00 -1.373314E-03  4.750008E-04 -8.207079E-18 -5.718684E-01  0.000000E+00
  9.533750E-01  1.330247E-02  5.000000E-01  9.630046E-01  1.347555E-02  0.000000E+00 -1.279123E-03  4.433671E-04 -9.871178E-18 -5.742415E-01  0.000000E+00
  9.473580E-01  1.538821E-02  5.000000E-01  9.569269E-01  1.558236E-02  0.000000E+00 -1.150224E-03  3.983937E-04 -3.839608E-19 -5.757515E-01  0.000000E+00
  9.408450E-01  1.764045E-02  5.000000E-01  9.503481E-01  1.785734E-02  0.000000E+00 -1.016829E-03  3.507788E-04  2.135956E-17 -5.764281E-01  0.000000E+00
  9.338260E-01  2.005389E-02  5.000000E-01  9.432582E-01  2.029516E-02  0.000000E+00 -9.056363E-04  3.100175E-04  5.131071E-17 -5.764995E-01  0.000000E+00
  9.262910E-01  2.262009E-02  5.000000E-01  9.356471E-01  2.288727E-02  0.000000E+00 -8.372244E-04  2.831385E-04  8.313882E-17 -5.763183E-01  0.000000E+00
  9.182290E-01  2.532623E-02  5.000000E-01  9.275037E-01  2.562074E-02  0.000000E+00 -8.254990E-04  2.742239E-04  1.063104E-16 -5.762553E-01  0.000000E+00
  9.096280E-01  2.815459E-02  5.000000E-01  9.188158E-01  2.847766E-02  0.000000E+00 -8.781436E-04  2.845139E-04  1.129520E-16 -5.766708E-01  0.000000E+00
  9.004770E-01  3.108169E-02  5.000000E-01  9.095724E-01  3.143432E-02  0.000000E+00 -9.969831E-04  3.126292E-04  8.909928E-17 -5.778800E-01  0.000000E+00
  8.907650E-01  3.407660E-02  5.000000E-01  8.997623E-01  3.445948E-02  0.000000E+00 -1.179225E-03  3.542494E-04  2.524427E-17 -5.799681E-01  0.000000E+00
  8.804800E-01  3.709793E-02  5.000000E-01  8.893735E-01  3.751132E-02  0.000000E+00 -1.418029E-03  4.017086E-04 -1.264760E-16 -5.828355E-01  0.000000E+00
  8.696090E-01  4.008991E-02  5.000000E-01  8.783927E-01  4.053352E-02  0.000000E+00 -1.699103E-03  4.455679E-04 -1.742197E-16 -5.864170E-01  0.000000E+00
  8.696090E-01  4.008991E-02  5.000000E-01  8.783927E-01  4.053352E-02  0.000000E+00 -1.699103E-03  4.455679E-04 -1.742197E-16 -5.864170E-01  0.000000E+00
  8.581400E-01  4.298047E-02  5.000000E-01  8.668079E-01  4.345327E-02  0.000000E+00 -2.002417E-03  4.769016E-04 -2.515380E-16 -5.897235E-01  0.000000E+00
  8.460600E-01  4.568543E-02  5.000000E-01  8.546059E-01  4.618554E-02  0.000000E+00 -2.310207E-03  4.855517E-04 -2.134161E-16 -5.905544E-01  0.000000E+00
  8.333640E-01  4.812492E-02  5.000000E-01  8.417817E-01  4.864967E-02  0.000000E+00 -2.567416E-03  4.509344E-04 -1.054184E-17 -5.921080E-01  0.000000E+00
  8.200460E-01  5.022336E-02  5.000000E-01  8.283292E-01  5.076930E-02  0.000000E+00 -2.540679E-03  3.448669E-04 -1.656057E-16 -6.136443E-01  0.000000E+00
  8.061050E-01  5.191333E-02  5.000000E-01  8.142474E-01  5.247634E-02  0.000000E+00 -1.648295E-03  1.621414E-04 -3.219856E-16 -6.844027E-01  0.000000E+00
  7.915460E-01  5.316907E-02  5.000000E-01  7.995413E-01  5.374476E-02  0.000000E+00  9.923095E-04 -5.249053E-05 -4.469497E-17 -8.104006E-01  0.000000E+00
  7.763770E-01  5.402981E-02  5.000000E-01  7.842191E-01  5.461419E-02  0.000000E+00  5.991096E-03 -2.164663E-04  3.256913E-16 -9.517173E-01  0.000000E+00
  7.606070E-01  5.456484E-02  5.000000E-01  7.682899E-01  5.515463E-02  0.000000E+00  1.260941E-02 -2.326945E-04  2.979323E-16 -1.050193E+00  0.000000E+00
  7.442510E-01  5.478150E-02  5.000000E-01  7.517687E-01  5.537347E-02  0.000000E+00  1.845448E-02 -4.496325E-05  4.577948E-17 -1.081601E+00  0.000000E+00
  7.273250E-01  5.469763E-02  5.000000E-01  7.346718E-01  5.528876E-02  0.000000E+00  2.145708E-02  2.562005E-04  3.774124E-17 -1.067291E+00  0.000000E+00
  7.098490E-01  5.436572E-02  5.000000E-01  7.170193E-01  5.495349E-02  0.000000E+00  2.167889E-02  4.875429E-04  2.484543E-16 -1.042298E+00  0.000000E+00
  6.918480E-01  5.388183E-02  5.000000E-01  6.988365E-01  5.446472E-02  0.000000E+00  2.053744E-02  5.378154E-04  3.742535E-16 -1.031198E+00  0.000000E+00
  6.733520E-01  5.339611E-02  5.000000E-01  6.801537E-01  5.397409E-02  0.000000E+00  1.933099E-02  3.966238E-04  3.544712E-16 -1.044709E+00  0.000000E+00
  6.543930E-01  5.310811E-02  5.000000E-01  6.610032E-01  5.368318E-02  0.000000E+00  1.875459E-02  1.294309E-04  2.415657E-16 -1.079364E+00  0.000000E+00
  6.350090E-01  5.313747E-02  5.000000E-01  6.414235E-01  5.371284E-02  0.000000E+00  1.903433E-02 -1.468017E-04  8.710651E-17 -1.119808E+00  0.000000E+00
  6.152440E-01  5.341693E-02  5.000000E-01  6.214589E-01  5.399513E-02  0.000000E+00  1.996343E-02 -3.486263E-04 -2.148495E-17 -1.151524E+00  0.000000E+00
  5.951420E-01  5.383647E-02  5.000000E-01  6.011539E-01  5.441890E-02  0.000000E+00  2.108737E-02 -4.395265E-04 -3.269764E-17 -1.167553E+00  0.000000E+00
  5.747530E-01  5.426568E-02  5.000000E-01  5.805590E-01  5.485245E-02  0.000000E+00  2.203836E-02 -3.839933E-04  5.648744E-17 -1.165434E+00  0.000000E+00
  5.541290E-01  5.455981E-02  5.000000E-01  5.597267E-01  5.514955E-02  0.000000E+00  2.264735E-02 -1.704725E-04  1.676205E-16 -1.146602E+00  0.000000E+00
  5.333260E-01  5.458123E-02  5.000000E-01  5.387136E-01  5.517118E-02  0.000000E+00  2.285313E-02  1.287733E-04  1.753183E-16 -1.118458E+00  0.000000E+00
  5.124010E-01  5.431925E-02  5.000000E-01  5.175773E-01  5.490656E-02  0.000000E+00  2.270620E-02  4.073156E-04  8.440273E-17 -1.090540E+00  0.000000E+00
  4.914140E-01  5.382398E-02  5.000000E-01  4.963783E-01  5.440629E-02  0.000000E+00  2.239016E-02  6.211502E-04 -1.767682E-17 -1.068257E+00  0.000000E+00
  4.704230E-01  5.315127E-02  5.000000E-01  4.751754E-01  5.372678E-02  0.000000E+00  2.208382E-02  7.684222E-04 -4.382194E-17 -1.053655E+00  0.000000E+00
  1.696960E-04 -4.810013E-04  5.000000E-01  1.730287E-04 -4.471162E-04  0.000000E+00 -6.436948E-02  9.282100E-02 -7.903854E-13  5.409116E-01  0.000000E+00
  8.054360E-04 -9.781859E-04  5.000000E-01  8.151890E-04 -9.493217E-04  0.000000E+00 -4.693412E-02  3.286234E-02 -3.491901E-13  1.106832E+00  0.000000E+00
  1.973980E-03 -1.585099E-03  5.000000E-01  1.995534E-03 -1.562364E-03  0.000000E+00 -2.105153E-02  1.047951E-02 -5.830997E-14  1.176614E+00  0.000000E+00
  3.614630E-03 -2.299724E-03  5.000000E-01  3.652753E-03 -2.284206E-03  0.000000E+00 -4.055467E-03  1.772907E-03  1.312476E-14  1.152925E+00  0.000000E+00
  5.721210E-03 -3.130488E-03  5.000000E-01  5.780607E-03 -3.123360E-03  0.000000E+00  5.020200E-03 -1.863737E-03  1.653285E-14  1.122580E+00  0.000000E+00
  8.297500E-03 -4.074913E-03  5.000000E-01  8.382914E-03 -4.077322E-03  0.000000E+00  9.329719E-03 -3.267923E-03  1.043378E-14  1.078246E+00  0.000000E+00
  1.136560E-02 -5.113390E-03  5.000000E-01  1.148200E-02 -5.126287E-03  0.000000E+00  1.109807E-02 -3.619102E-03  6.025789E-15  1.023816E+00  0.000000E+00
  1.493280E-02 -6.234675E-03  5.000000E-01  1.508522E-02 -6.258895E-03  0.000000E+00  1.169362E-02 -3.584649E-03  3.222835E-15  9.693047E-01  0.000000E+00
  1.899460E-02 -7.447076E-03  5.000000E-01  1.918804E-02 -7.483540E-03  0.000000E+00  1.195004E-02 -3.514724E-03  1.537437E-15  9.186115E-01  0.000000E+00
  2.354800E-02 -8.766644E-03  5.000000E-01  2.378743E-02 -8.816435E-03  0.000000E+00  1.228450E-02 -3.506768E-03  6.830537E-16  8.687300E-01  0.000000E+00
  2.860130E-02 -1.018889E-02  5.000000E-01  2.889176E-02 -1.025304E-02  0.000000E+00  1.281568E-02 -3.545771E-03  3.145307E-16  8.170143E-01  0.000000E+00
  3.416500E-02 -1.170273E-02  5.000000E-01  3.451165E-02 -1.178217E-02  0.000000E+00  1.352515E-02 -3.613182E-03  1.532094E-16  7.646886E-01  0.000000E+00
  4.024810E-02 -1.329897E-02  5.000000E-01  4.065618E-02 -1.339453E-02  0.000000E+00  1.435424E-02 -3.689798E-03  6.478803E-17  7.126640E-01  0.000000E+00
  4.686030E-02 -1.496532E-02  5.000000E-01  4.733516E-02 -1.507771E-02  0.000000E+00  1.523856E-02 -3.755782E-03  1.279986E-17  6.607243E-01  0.000000E+00
  5.401090E-02 -1.669008E-02  5.000000E-01  5.455797E-02 -1.681989E-02  0.000000E+00  1.613136E-02 -3.802739E-03 -7.532313E-18  6.089386E-01  0.000000E+00
  6.170850E-02 -1.846464E-02  5.000000E-01  6.233331E-02 -1.861237E-02  0.000000E+00  1.700705E-02 -3.822346E-03  6.168776E-18  5.569344E-01  0.000000E+00
  6.996310E-02 -2.027467E-02  5.000000E-01  7.067127E-02 -2.044067E-02  0.000000E+00  1.785186E-02 -3.802096E-03  5.751315E-17  5.040086E-01  0.000000E+00
  7.878500E-02 -2.210053E-02  5.000000E-01  7.958226E-02 -2.228498E-02  0.000000E+00  1.866267E-02 -3.738374E-03  1.547306E-16  4.503585E-01  0.000000E+00
  8.818390E-02 -2.392309E-02  5.000000E-01  8.907608E-02 -2.412595E-02  0.000000E+00  1.944091E-02 -3.631269E-03  3.019349E-16  3.964188E-01  0.000000E+00
  9.816930E-02 -2.571981E-02  5.000000E-01  9.916232E-02 -2.594081E-02  0.000000E+00  2.018111E-02 -3.476129E-03  4.385758E-16  3.422498E-01  0.000000E+00
  1.087500E-01 -2.746381E-02  5.000000E-01  1.098499E-01 -2.770242E-02  0.000000E+00  2.086712E-02 -3.269473E-03  4.087261E-16  2.882738E-01  0.000000E+00
  1.199340E-01 -2.912778E-02  5.000000E-01  1.211468E-01 -2.938320E-02  0.000000E+00  2.146408E-02 -3.006284E-03  1.579629E-16  2.351947E-01  0.000000E+00
  1.317280E-01 -3.067965E-02  5.000000E-01  1.330599E-01 -3.095073E-02  0.000000E+00  2.191135E-02 -2.677728E-03 -1.060923E-17  1.838609E-01  0.000000E+00
  1.441380E-01 -3.208206E-02  5.000000E-01  1.455952E-01 -3.236731E-02  0.000000E+00  2.213776E-02 -2.283769E-03 -7.701375E-18  1.360567E-01  0.000000E+00
  1.441380E-01 -3.208206E-02  5.000000E-01  1.455952E-01 -3.236731E-02  0.000000E+00  2.213776E-02 -2.283769E-03 -7.701375E-18  1.360567E-01  0.000000E+00
  1.571670E-01 -3.329855E-02  5.000000E-01  1.587558E-01 -3.359608E-02  0.000000E+00  2.209218E-02 -1.838118E-03 -1.403882E-16  9.435895E-02  0.000000E+00
  1.708170E-01 -3.429420E-02  5.000000E-01  1.725437E-01 -3.460179E-02  0.000000E+00  2.178412E-02 -1.370475E-03 -1.357041E-16  6.149980E-02  0.000000E+00
  1.850860E-01 -3.504530E-02  5.000000E-01  1.869568E-01 -3.536048E-02  0.000000E+00  2.131743E-02 -9.337973E-04  2.147031E-16  3.982960E-02  0.000000E+00
  1.999720E-01 -3.556046E-02  5.000000E-01  2.019931E-01 -3.588084E-02  0.000000E+00  2.087268E-02 -5.963708E-04  4.238967E-16  3.008212E-02  0.000000E+00
  2.154670E-01 -3.590525E-02  5.000000E-01  2.176446E-01 -3.622911E-02  0.000000E+00  2.059288E-02 -3.845707E-04  3.057281E-16  2.788821E-02  0.000000E+00
  2.315610E-01 -3.614984E-02  5.000000E-01  2.339011E-01 -3.647617E-02  0.000000E+00  2.046560E-02 -2.365218E-04  1.269868E-16  2.317007E-02  0.000000E+00
  2.482400E-01 -3.628591E-02  5.000000E-01  2.507486E-01 -3.661362E-02  0.000000E+00  2.039631E-02 -8.598717E-05  4.694230E-17  1.044755E-02  0.000000E+00
  2.654840E-01 -3.629146E-02  5.000000E-01  2.681667E-01 -3.661922E-02  0.000000E+00  2.031793E-02  8.201611E-05  1.093040E-17 -7.125675E-03  0.000000E+00
  2.832720E-01 -3.614101E-02  5.000000E-01  2.861343E-01 -3.646725E-02  0.000000E+00  2.019305E-02  2.651805E-04 -4.407570E-17 -2.452106E-02  0.000000E+00
  3.015770E-01 -3.581327E-02  5.000000E-01  3.046242E-01 -3.613620E-02  0.000000E+00  2.000598E-02  4.541189E-04 -1.226547E-16 -3.833018E-02  0.000000E+00
  3.203660E-01 -3.529492E-02  5.000000E-01  3.236030E-01 -3.561262E-02  0.000000E+00  1.975476E-02  6.384590E-04 -1.829490E-16 -4.740152E-02  0.000000E+00
  3.396030E-01 -3.458068E-02  5.000000E-01  3.430342E-01 -3.489117E-02  0.000000E+00  1.944275E-02  8.116504E-04 -1.836961E-16 -5.207678E-02  0.000000E+00
  3.592490E-01 -3.366854E-02  5.000000E-01  3.628786E-01 -3.396981E-02  0.000000E+00  1.907289E-02  9.716640E-04 -1.344701E-16 -5.312828E-02  0.000000E+00
  3.792580E-01 -3.255730E-02  5.000000E-01  3.830897E-01 -3.284735E-02  0.000000E+00  1.864813E-02  1.117239E-03 -7.647357E-17 -5.094010E-02  0.000000E+00
  3.995810E-01 -3.124874E-02  5.000000E-01  4.036179E-01 -3.152557E-02  0.000000E+00  1.817238E-02  1.245997E-03 -3.456016E-17 -4.542852E-02  0.000000E+00
  4.201670E-01 -2.974883E-02  5.000000E-01  4.244118E-01 -3.001052E-02  0.000000E+00  1.764855E-02  1.356246E-03 -1.158169E-17 -3.650330E-02  0.000000E+00
  4.409600E-01 -2.806556E-02  5.000000E-01  4.454148E-01 -2.831025E-02  0.000000E+00  1.707903E-02  1.447428E-03 -8.066468E-18 -2.428070E-02  0.000000E+00
  4.619030E-01 -2.620844E-02  5.000000E-01  4.665693E-01 -2.643437E-02  0.000000E+00  1.647152E-02  1.517615E-03 -2.160779E-17 -8.850218E-03  0.000000E+00
  4.829360E-01 -2.419481E-02  5.000000E-01  4.878147E-01 -2.440041E-02  0.000000E+00  1.584036E-02  1.564283E-03 -3.984697E-17  9.607960E-03  0.000000E+00
  5.039990E-01 -2.204854E-02  5.000000E-01  5.090904E-01 -2.223246E-02  0.000000E+00  1.520265E-02  1.586665E-03 -5.254816E-17  3.055431E-02  0.000000E+00
  5.250310E-01 -1.979935E-02  5.000000E-01  5.303348E-01 -1.996056E-02  0.000000E+00  1.457527E-02  1.586174E-03 -5.591514E-17  5.316436E-02  0.000000E+00
  5.459710E-01 -1.747970E-02  5.000000E-01  5.514863E-01 -1.761748E-02  0.000000E+00  1.397320E-02  1.566372E-03 -3.864511E-17  7.649516E-02  0.000000E+00
  5.667600E-01 -1.512090E-02  5.000000E-01  5.724853E-01 -1.523486E-02  0.000000E+00  1.341175E-02  1.530184E-03 -1.156289E-17  9.988874E-02  0.000000E+00
  4.704230E-01  5.315127E-02  5.000000E-01  4.751754E-01  5.372678E-02  0.000000E+00  2.208382E-02  7.684222E-04 -4.382194E-17 -1.053655E+00  0.000000E+00
  4.494880E-01  5.236177E-02  5.000000E-01  4.540289E-01  5.292931E-02  0.000000E+00  2.188910E-02  8.563037E-04 -2.222532E-17 -1.046913E+00  0.000000E+00
  4.286690E-01  5.151603E-02  5.000000E-01  4.329997E-01  5.207503E-02  0.000000E+00  2.185894E-02  9.112470E-04 -1.338735E-17 -1.045625E+00  0.000000E+00
  4.080230E-01  5.063482E-02  5.000000E-01  4.121452E-01  5.118492E-02  0.000000E+00  2.200120E-02  9.726051E-04 -3.741421E-18 -1.045760E+00  0.000000E+00
  3.876050E-01  4.970326E-02  5.000000E-01  3.915210E-01  5.024394E-02  0.000000E+00  2.225412E-02  1.058247E-03 -1.604485E-18 -1.044708E+00  0.000000E+00
  3.674690E-01  4.870800E-02  5.000000E-01  3.711816E-01  4.923864E-02  0.000000E+00  2.252964E-02  1.165204E-03 -3.129947E-18 -1.041795E+00  0.000000E+00
  3.476650E-01  4.763906E-02  5.000000E-01  3.511776E-01  4.815890E-02  0.000000E+00  2.277219E-02  1.289161E-03 -6.479908E-18 -1.037079E+00  0.000000E+00
  3.282390E-01  4.648878E-02  5.000000E-01  3.315555E-01  4.699700E-02  0.000000E+00  2.296509E-02  1.427313E-03 -1.231076E-17 -1.030914E+00  0.000000E+00
  3.092330E-01  4.525198E-02  5.000000E-01  3.123575E-01  4.574771E-02  0.000000E+00  2.311082E-02  1.574501E-03 -2.063892E-17 -1.023939E+00  0.000000E+00
  2.906860E-01  4.393163E-02  5.000000E-01  2.936232E-01  4.441403E-02  0.000000E+00  2.321906E-02  1.725615E-03 -2.886688E-17 -1.016786E+00  0.000000E+00
  2.726330E-01  4.253336E-02  5.000000E-01  2.753879E-01  4.300164E-02  0.000000E+00  2.330217E-02  1.879817E-03 -3.526801E-17 -1.009716E+00  0.000000E+00
  2.551020E-01  4.106266E-02  5.000000E-01  2.576799E-01  4.151609E-02  0.000000E+00  2.336854E-02  2.038209E-03 -4.143577E-17 -1.002731E+00  0.000000E+00
  2.381210E-01  3.952547E-02  5.000000E-01  2.405274E-01  3.996337E-02  0.000000E+00  2.342408E-02  2.204196E-03 -4.665040E-17 -9.956811E-01  0.000000E+00
  2.217090E-01  3.792397E-02  5.000000E-01  2.239496E-01  3.834571E-02  0.000000E+00  2.346856E-02  2.379004E-03 -4.419418E-17 -9.888703E-01  0.000000E+00
  2.058840E-01  3.626069E-02  5.000000E-01  2.079648E-01  3.666563E-02  0.000000E+00  2.348223E-02  2.541389E-03 -3.174694E-17 -9.845096E-01  0.000000E+00
  1.906600E-01  3.456321E-02  5.000000E-01  1.925871E-01  3.495100E-02  0.000000E+00  2.345744E-02  2.655113E-03 -2.056677E-17 -9.859902E-01  0.000000E+00
  1.760460E-01  3.288190E-02  5.000000E-01  1.778255E-01  3.325271E-02  0.000000E+00  2.346109E-02  2.724882E-03 -1.769445E-17 -9.938298E-01  0.000000E+00
  1.620500E-01  3.124089E-02  5.000000E-01  1.636881E-01  3.159513E-02  0.000000E+00  2.358451E-02  2.792794E-03 -1.751224E-17 -1.005274E+00  0.000000E+00
  1.486750E-01  2.964236E-02  5.000000E-01  1.501781E-01  2.998045E-02  0.000000E+00  2.384850E-02  2.888484E-03 -1.773301E-17 -1.017407E+00  0.000000E+00
  1.359210E-01  2.807812E-02  5.000000E-01  1.372953E-01  2.840042E-02  0.000000E+00  2.420290E-02  3.019847E-03 -2.528130E-17 -1.028484E+00  0.000000E+00
  1.237890E-01  2.653937E-02  5.000000E-01  1.250407E-01  2.684614E-02  0.000000E+00  2.457720E-02  3.184263E-03 -5.477078E-17 -1.037862E+00  0.000000E+00
  1.122730E-01  2.501660E-02  5.000000E-01  1.134084E-01  2.530798E-02  0.000000E+00  2.492001E-02  3.376573E-03 -1.174474E-16 -1.045637E+00  0.000000E+00
  1.013710E-01  2.350414E-02  5.000000E-01  1.023964E-01  2.378025E-02  0.000000E+00  2.520856E-02  3.590290E-03 -2.264297E-16 -1.052420E+00  0.000000E+00
  9.107400E-02  2.199999E-02  5.000000E-01  9.199536E-02  2.226091E-02  0.000000E+00  2.544650E-02  3.824622E-03 -4.190758E-16 -1.058786E+00  0.000000E+00
  9.107400E-02  2.199999E-02  5.000000E-01  9.199536E-02  2.226091E-02  0.000000E+00  2.544650E-02  3.824622E-03 -4.190758E-16 -1.058786E+00  0.000000E+00
  8.137660E-02  2.050190E-02  5.000000E-01  8.220003E-02  2.074768E-02  0.000000E+00  2.564190E-02  4.077935E-03 -7.603345E-16 -1.065482E+00  0.000000E+00
  7.227050E-02  1.901228E-02  5.000000E-01  7.300197E-02  1.924303E-02  0.000000E+00  2.579914E-02  4.344298E-03 -1.356947E-15 -1.073523E+00  0.000000E+00
  6.374670E-02  1.753625E-02  5.000000E-01  6.439209E-02  1.775209E-02  0.000000E+00  2.592901E-02  4.624836E-03 -2.420148E-15 -1.083577E+00  0.000000E+00
  5.579720E-02  1.607711E-02  5.000000E-01  5.636231E-02  1.627821E-02  0.000000E+00  2.603214E-02  4.915714E-03 -4.293967E-15 -1.096553E+00  0.000000E+00
  4.841260E-02  1.464339E-02  5.000000E-01  4.890313E-02  1.483001E-02  0.000000E+00  2.610668E-02  5.211671E-03 -7.464106E-15 -1.113442E+00  0.000000E+00
  4.158390E-02  1.324291E-02  5.000000E-01  4.200547E-02  1.341539E-02  0.000000E+00  2.615779E-02  5.519161E-03 -1.253598E-14 -1.134634E+00  0.000000E+00
  3.530370E-02  1.188052E-02  5.000000E-01  3.566185E-02  1.203924E-02  0.000000E+00  2.616652E-02  5.832868E-03 -2.003157E-14 -1.160968E+00  0.000000E+00
  2.956270E-02  1.056574E-02  5.000000E-01  2.986287E-02  1.071119E-02  0.000000E+00  2.610565E-02  6.147976E-03 -2.996012E-14 -1.193110E+00  0.000000E+00
  2.435310E-02  9.305120E-03  5.000000E-01  2.460066E-02  9.437833E-03  0.000000E+00  2.593523E-02  6.476358E-03 -4.121622E-14 -1.230472E+00  0.000000E+00
  1.967110E-02  8.099133E-03  5.000000E-01  1.987137E-02  8.219668E-03  0.000000E+00  2.552073E-02  6.788623E-03 -5.129225E-14 -1.273363E+00  0.000000E+00
  1.550860E-02  6.954950E-03  5.000000E-01  1.566684E-02  7.063929E-03  0.000000E+00  2.468434E-02  7.036325E-03 -5.730401E-14 -1.322091E+00  0.000000E+00
  1.185930E-02  5.876231E-03  5.000000E-01  1.198068E-02  5.974317E-03  0.000000E+00  2.332839E-02  7.212203E-03 -5.812206E-14 -1.374805E+00  0.000000E+00
  8.724160E-03  4.859163E-03  5.000000E-01  8.813883E-03  4.946978E-03  0.000000E+00  2.157876E-02  7.343876E-03 -5.502031E-14 -1.431049E+00  0.000000E+00
  6.091130E-03  3.911940E-03  5.000000E-01  6.154263E-03  3.990189E-03  0.000000E+00  2.032372E-02  7.820672E-03 -4.765200E-14 -1.486224E+00  0.000000E+00
  3.952840E-03  3.037282E-03  5.000000E-01  3.994378E-03  3.106698E-03  0.000000E+00  2.113550E-02  9.733959E-03 -2.331425E-14 -1.523400E+00  0.000000E+00
  2.330070E-03  2.222405E-03  5.000000E-01  2.355220E-03  2.283592E-03  0.000000E+00  2.423877E-02  1.419532E-02  3.246795E-14 -1.531087E+00  0.000000E+00
  1.198080E-03  1.485420E-03  5.000000E-01  1.211798E-03  1.539164E-03  0.000000E+00  2.759961E-02  2.139016E-02  5.557087E-14 -1.519247E+00  0.000000E+00
  5.019560E-04  8.593887E-04  5.000000E-01  5.086442E-04  9.068103E-04  0.000000E+00  3.041169E-02  3.350382E-02  3.584512E-14 -1.530791E+00  0.000000E+00
  1.313430E-04  3.762247E-04  5.000000E-01  1.342884E-04  4.187669E-04  0.000000E+00  3.506356E-02  7.036313E-02  1.620217E-12 -1.566086E+00  0.000000E+00
  8.078190E-06  6.807403E-05  5.000000E-01  9.778777E-06  1.075042E-04  0.000000E+00  3.054284E-02  1.732849E-01  7.543199E-12 -1.484756E+00  0.000000E+00
 -1.602820E-06 -3.835536E-05  5.000000E-01  0.000000E+00  0.000000E+00  0.000000E+00 -4.944374E-03  2.521462E-01  6.521457E-12 -1.190861E+00  0.000000E+00
  9.141860E-06 -1.484063E-04  5.000000E-01  1.085319E-05 -1.111623E-04  0.000000E+00 -4.976276E-02  1.967991E-01  8.102386E-14 -4.687310E-01  0.000000E+00
  1.696960E-04 -4.810013E-04  5.000000E-01  1.730287E-04 -4.471162E-04  0.000000E+00 -6.436948E-02  9.282100E-02 -7.903854E-13  5.409116E-01  0.000000E+00
    1    2
    2    3
    3    4
    4    5
    5    6
    6    7
    7    8
    8    9
    9   10
   10   11
   11   12
   12   13
   13   14
   14   15
   15   16
   16   17
   17   18
   18   19
   19   20
   20   21
   21   22
   22   23
   23   24
   25   26
   26   27
   27   28
   28   29
   29   30
   30   31
   31   32
   32   33
   33   34
   34   35
   35   36
   36   37
   37   38
   38   39
   39   40
   40   41
   41   42
   42   43
   43   44
   44   45
   45   46
   46   47
   47   48
   49   50
   50   51
   51   52
   52   53
   53   54
   54   55
   55   56
   56   57
   57   58
   58   59
   59   60
   60   61
   61   62
   62   63
   63   64
   64   65
   65   66
   66   67
   67   68
   68   69
   69   70
   70   71
   71   72
   73   74
   74   75
   75   76
   76   77
   77   78
   78   79
   79   80
   80   81
   81   82
   82   83
   83   84
   84   85
   85   86
   86   87
   87   88
   88   89
   89   90
   90   91
   91   92
   92   93
   93   94
   94   95
   95   96
   97   98
   98   99
   99  100
  100  101
  101  102
  102  103
  103  104
  104  105
  105  106
  106  107
  107  108
  108  109
  109  110
  110  111
  111  112
  112  113
  113  114
  114  115
  115  116
  116  117
  117  118
  118  119
  119  120
  121  122
  122  123
  123  124
  124  125
  125  126
  126  127
  127  128
  128  129
  129  130
  130  131
  131  132
  132  133
  133  134
  134  135
  135  136
  136  137
  137  138
  138  139
  139  140
  140  141
  141  142
  142  143
  143  144
  145  146
  146  147
  147  148
  148  149
  149  150
  150  151
  151  152
  152  153
  153  154
  154  155
  155  156
  156  157
  157  158
  158  159
  159  160
  160  161
  161  162
  162  163
  163  164
  164  165
  165  166
  166  167
  167  168
  169  170
  170  171
  171  172
  172  173
  173  174
  174  175
  175  176
  176  177
  177  178
  178  179
  179  180
  180  181
  181  182
  182  183
  183  184
  184  185
  185  186
  186  187
  187  188
  188  189
  189  190
  190  191
  191  192
