 Title = "ADflow Slice Data"
Variables =  "CoordinateX"  "CoordinateY"  "CoordinateZ"  "XoC"  "YoC"  "ZoC" "VelocityX" "VelocityY" "VelocityZ" "CoefPressure" "Mach" 
Zone T= "Slice_0001 None Absolute Regular z = 0.50000000"
 Nodes =          192  Elements=          184  ZONETYPE=FELINESEG
 DATAPACKING=POINT
  5.667600E-01 -1.511089E-02  5.000000E-01  5.724853E-01 -1.522451E-02  0.000000E+00  1.340198E-02  1.529700E-03 -2.972282E-19  1.002937E-01  0.000000E+00
  5.873410E-01 -1.274909E-02  5.000000E-01  5.932741E-01 -1.283886E-02  0.000000E+00  1.289796E-02  1.478708E-03 -2.063355E-20  1.232513E-01  0.000000E+00
  6.076580E-01 -1.042225E-02  5.000000E-01  6.137963E-01 -1.048852E-02  0.000000E+00  1.245614E-02  1.417174E-03  4.424927E-19  1.451110E-01  0.000000E+00
  6.276600E-01 -8.162417E-03  5.000000E-01  6.340003E-01 -8.205862E-03  0.000000E+00  1.207369E-02  1.349170E-03  7.142803E-19  1.653340E-01  0.000000E+00
  6.472970E-01 -5.993653E-03  5.000000E-01  6.538356E-01 -6.015196E-03  0.000000E+00  1.174078E-02  1.279539E-03  1.614390E-18  1.835842E-01  0.000000E+00
  6.665260E-01 -3.927460E-03  5.000000E-01  6.732588E-01 -3.928136E-03  0.000000E+00  1.144706E-02  1.210730E-03  1.606057E-18  2.000771E-01  0.000000E+00
  6.853050E-01 -1.973321E-03  5.000000E-01  6.922274E-01 -1.954263E-03  0.000000E+00  1.118654E-02  1.140122E-03  6.533055E-19  2.156086E-01  0.000000E+00
  7.035980E-01 -1.484226E-04  5.000000E-01  7.107052E-01 -1.109352E-04  0.000000E+00  1.094934E-02  1.065059E-03  5.054864E-19  2.305150E-01  0.000000E+00
  7.213750E-01  1.535304E-03  5.000000E-01  7.286617E-01  1.589795E-03  0.000000E+00  1.071292E-02  9.859598E-04 -1.227920E-19  2.444542E-01  0.000000E+00
  7.386080E-01  3.073590E-03  5.000000E-01  7.460687E-01  3.143616E-03  0.000000E+00  1.044840E-02  9.049563E-04 -1.095035E-18  2.573461E-01  0.000000E+00
  7.552750E-01  4.471537E-03  5.000000E-01  7.629040E-01  4.555681E-03  0.000000E+00  1.013774E-02  8.262965E-04 -8.507346E-19  2.696195E-01  0.000000E+00
  7.713580E-01  5.741979E-03  5.000000E-01  7.791495E-01  5.838953E-03  0.000000E+00  9.793749E-03  7.517916E-04  2.383895E-19  2.818329E-01  0.000000E+00
  7.868410E-01  6.895883E-03  5.000000E-01  7.947888E-01  7.004510E-03  0.000000E+00  9.483420E-03  6.641186E-04  2.304002E-19  2.957102E-01  0.000000E+00
  8.017160E-01  7.873267E-03  5.000000E-01  8.098140E-01  7.991765E-03  0.000000E+00  9.307902E-03  5.403895E-04 -7.410068E-20  3.115898E-01  0.000000E+00
  8.159740E-01  8.590742E-03  5.000000E-01  8.242160E-01  8.716485E-03  0.000000E+00  9.330847E-03  3.860509E-04 -8.788184E-20  3.245042E-01  0.000000E+00
  8.296120E-01  9.030649E-03  5.000000E-01  8.379918E-01  9.160834E-03  0.000000E+00  9.556035E-03  2.187582E-04 -2.298573E-19  3.295854E-01  0.000000E+00
  8.426300E-01  9.209230E-03  5.000000E-01  8.511412E-01  9.341219E-03  0.000000E+00  9.960045E-03  4.532570E-05 -2.165369E-20  3.267764E-01  0.000000E+00
  8.550290E-01  9.157843E-03  5.000000E-01  8.636654E-01  9.289313E-03  0.000000E+00  1.051461E-02 -1.332509E-04  8.863742E-20  3.180625E-01  0.000000E+00
  8.668160E-01  8.914205E-03  5.000000E-01  8.755715E-01  9.043215E-03  0.000000E+00  1.119078E-02 -3.158293E-04  3.051576E-19  3.047935E-01  0.000000E+00
  8.779950E-01  8.519571E-03  5.000000E-01  8.868634E-01  8.644595E-03  0.000000E+00  1.195870E-02 -4.998541E-04  6.294179E-19  2.875300E-01  0.000000E+00
  8.885730E-01  8.013207E-03  5.000000E-01  8.975482E-01  8.133117E-03  0.000000E+00  1.278910E-02 -6.827488E-04  6.379359E-19  2.668605E-01  0.000000E+00
  8.985610E-01  7.428478E-03  5.000000E-01  9.076371E-01  7.542484E-03  0.000000E+00  1.364936E-02 -8.577650E-04  7.446997E-19  2.433063E-01  0.000000E+00
  9.079670E-01  6.799157E-03  5.000000E-01  9.171381E-01  6.906807E-03  0.000000E+00  1.450020E-02 -1.012533E-03  1.438643E-18  2.173295E-01  0.000000E+00
  9.168010E-01  6.157746E-03  5.000000E-01  9.260613E-01  6.258919E-03  0.000000E+00  1.530400E-02 -1.137909E-03  1.810951E-18  1.899874E-01  0.000000E+00
  9.168010E-01  6.157746E-03  5.000000E-01  9.260613E-01  6.258919E-03  0.000000E+00  1.530400E-02 -1.137909E-03  1.810951E-18  1.899874E-01  0.000000E+00
  9.250730E-01  5.529050E-03  5.000000E-01  9.344168E-01  5.623873E-03  0.000000E+00  1.603758E-02 -1.235125E-03  1.607907E-18  1.628048E-01  0.000000E+00
  9.327940E-01  4.927306E-03  5.000000E-01  9.422158E-01  5.016053E-03  0.000000E+00  1.670042E-02 -1.315882E-03  8.573014E-19  1.370952E-01  0.000000E+00
  9.399760E-01  4.355792E-03  5.000000E-01  9.494703E-01  4.438767E-03  0.000000E+00  1.730875E-02 -1.391719E-03  1.615821E-19  1.131274E-01  0.000000E+00
  9.466320E-01  3.815209E-03  5.000000E-01  9.561935E-01  3.892724E-03  0.000000E+00  1.788274E-02 -1.467168E-03  1.783973E-18  9.016378E-02  0.000000E+00
  9.527730E-01  3.306378E-03  5.000000E-01  9.623965E-01  3.378755E-03  0.000000E+00  1.844708E-02 -1.548721E-03  6.371288E-18  6.766482E-02  0.000000E+00
  9.584110E-01  2.827161E-03  5.000000E-01  9.680915E-01  2.894698E-03  0.000000E+00  1.903445E-02 -1.647028E-03  8.056970E-18  4.539814E-02  0.000000E+00
  9.635570E-01  2.374323E-03  5.000000E-01  9.732895E-01  2.437288E-03  0.000000E+00  1.967877E-02 -1.767969E-03 -9.378238E-18  2.264601E-02  0.000000E+00
  9.682220E-01  1.946797E-03  5.000000E-01  9.780016E-01  2.005444E-03  0.000000E+00  2.041216E-02 -1.912178E-03 -5.216100E-17 -1.680188E-03  0.000000E+00
  9.724140E-01  1.545863E-03  5.000000E-01  9.822359E-01  1.600460E-03  0.000000E+00  2.128264E-02 -2.087663E-03 -6.242958E-17 -2.821113E-02  0.000000E+00
  9.761430E-01  1.171443E-03  5.000000E-01  9.860026E-01  1.222259E-03  0.000000E+00  2.237236E-02 -2.311586E-03  9.759720E-17 -5.739913E-02  0.000000E+00
  9.794160E-01  8.242727E-04  5.000000E-01  9.893086E-01  8.715831E-04  0.000000E+00  2.378331E-02 -2.597368E-03  4.678840E-16 -9.032545E-02  0.000000E+00
  9.822400E-01  5.074310E-04  5.000000E-01  9.921611E-01  5.515418E-04  0.000000E+00  2.556643E-02 -2.947203E-03  5.797086E-16 -1.284434E-01  0.000000E+00
  9.846200E-01  2.260663E-04  5.000000E-01  9.945652E-01  2.673356E-04  0.000000E+00  2.759069E-02 -3.347876E-03 -7.398171E-16 -1.721021E-01  0.000000E+00
  9.865620E-01 -1.453517E-05  5.000000E-01  9.965268E-01  2.430431E-05  0.000000E+00  2.940971E-02 -3.711601E-03 -4.221732E-15 -2.194110E-01  0.000000E+00
  9.880680E-01 -2.086054E-04  5.000000E-01  9.980480E-01 -1.717258E-04  0.000000E+00  2.987574E-02 -3.826724E-03 -6.746528E-15 -2.766200E-01  0.000000E+00
  9.891420E-01 -3.514235E-04  5.000000E-01  9.991328E-01 -3.159862E-04  0.000000E+00  2.812860E-02 -3.911168E-03  2.418574E-15 -3.435049E-01  0.000000E+00
  9.897860E-01 -4.389484E-04  5.000000E-01  9.997833E-01 -4.043950E-04  0.000000E+00  3.788640E-02 -4.013306E-03  3.427204E-14 -2.894008E-01  0.000000E+00
  9.900000E-01 -4.683020E-04  5.000000E-01  9.999995E-01 -4.340451E-04  0.000000E+00  2.618859E-02  5.267599E-03  3.245669E-14 -5.820256E-01  0.000000E+00
  9.900000E-01 -1.843752E-04  5.000000E-01  9.999995E-01 -1.472509E-04  0.000000E+00  1.229789E-03 -7.885278E-03  5.632535E-15 -8.088189E-01  0.000000E+00
  9.900000E-01  9.955170E-05  5.000000E-01  9.999995E-01  1.395433E-04  0.000000E+00 -4.468946E-04 -2.274870E-02  2.297880E-15 -6.283687E-01  0.000000E+00
  9.900000E-01  3.834786E-04  5.000000E-01  9.999995E-01  4.263375E-04  0.000000E+00 -1.436027E-04 -8.862927E-03  1.828547E-15 -6.283245E-01  0.000000E+00
  9.900000E-01  6.674054E-04  5.000000E-01  9.999995E-01  7.131318E-04  0.000000E+00  4.646643E-04 -5.229880E-03  2.797989E-15 -6.882055E-01  0.000000E+00
  9.900000E-01  9.513323E-04  5.000000E-01  9.999995E-01  9.999260E-04  0.000000E+00  6.797423E-03 -6.632454E-03  3.911401E-15 -6.299544E-01  0.000000E+00
  9.900000E-01  9.513323E-04  5.000000E-01  9.999995E-01  9.999260E-04  0.000000E+00  6.797423E-03 -6.632454E-03  3.911401E-15 -6.299544E-01  0.000000E+00
  9.897890E-01  1.017904E-03  5.000000E-01  9.997864E-01  1.067170E-03  0.000000E+00  9.015898E-03 -3.469633E-03  3.677317E-15 -5.523938E-01  0.000000E+00
  9.891540E-01  1.218674E-03  5.000000E-01  9.991450E-01  1.269968E-03  0.000000E+00  4.567889E-03 -1.351314E-03  2.249562E-15 -5.709962E-01  0.000000E+00
  9.880950E-01  1.555408E-03  5.000000E-01  9.980753E-01  1.610102E-03  0.000000E+00  3.024917E-03 -9.609647E-04  1.046191E-15 -5.705561E-01  0.000000E+00
  9.866100E-01  2.031334E-03  5.000000E-01  9.965753E-01  2.090834E-03  0.000000E+00  1.983892E-03 -6.498233E-04  4.101486E-16 -5.626560E-01  0.000000E+00
  9.846960E-01  2.650664E-03  5.000000E-01  9.946419E-01  2.716419E-03  0.000000E+00  9.960446E-04 -3.235074E-04  1.615128E-16 -5.590180E-01  0.000000E+00
  9.823490E-01  3.418253E-03  5.000000E-01  9.922712E-01  3.491760E-03  0.000000E+00  1.851182E-04 -5.922915E-05  6.824141E-17 -5.580382E-01  0.000000E+00
  9.795670E-01  4.338751E-03  5.000000E-01  9.894611E-01  4.421553E-03  0.000000E+00 -4.277093E-04  1.426918E-04  1.870597E-17 -5.582798E-01  0.000000E+00
  9.763420E-01  5.417937E-03  5.000000E-01  9.862036E-01  5.511639E-03  0.000000E+00 -8.715025E-04  2.932548E-04 -9.729372E-18 -5.597241E-01  0.000000E+00
  9.726710E-01  6.659547E-03  5.000000E-01  9.824955E-01  6.765787E-03  0.000000E+00 -1.170569E-03  3.976843E-04 -1.740781E-17 -5.622576E-01  0.000000E+00
  9.685460E-01  8.066757E-03  5.000000E-01  9.783288E-01  8.187208E-03  0.000000E+00 -1.342188E-03  4.594625E-04 -1.229546E-17 -5.654609E-01  0.000000E+00
  9.639600E-01  9.641712E-03  5.000000E-01  9.736965E-01  9.778069E-03  0.000000E+00 -1.402991E-03  4.831535E-04 -5.569804E-18 -5.688261E-01  0.000000E+00
  9.589060E-01  1.138656E-02  5.000000E-01  9.685915E-01  1.154054E-02  0.000000E+00 -1.373384E-03  4.750256E-04 -1.171303E-18 -5.718773E-01  0.000000E+00
  9.533750E-01  1.330248E-02  5.000000E-01  9.630046E-01  1.347580E-02  0.000000E+00 -1.279227E-03  4.434036E-04  5.338029E-19 -5.742508E-01  0.000000E+00
  9.473580E-01  1.538822E-02  5.000000E-01  9.569269E-01  1.558261E-02  0.000000E+00 -1.150345E-03  3.984361E-04  2.612210E-19 -5.757614E-01  0.000000E+00
  9.408450E-01  1.764046E-02  5.000000E-01  9.503481E-01  1.785760E-02  0.000000E+00 -1.016948E-03  3.508202E-04 -8.102775E-19 -5.764384E-01  0.000000E+00
  9.338260E-01  2.005391E-02  5.000000E-01  9.432582E-01  2.029541E-02  0.000000E+00 -9.057329E-04  3.100511E-04 -1.593251E-18 -5.765102E-01  0.000000E+00
  9.262910E-01  2.262011E-02  5.000000E-01  9.356471E-01  2.288753E-02  0.000000E+00 -8.372807E-04  2.831582E-04 -8.220745E-19 -5.763291E-01  0.000000E+00
  9.182290E-01  2.532625E-02  5.000000E-01  9.275037E-01  2.562100E-02  0.000000E+00 -8.255003E-04  2.742252E-04  3.277566E-19 -5.762658E-01  0.000000E+00
  9.096280E-01  2.815462E-02  5.000000E-01  9.188158E-01  2.847793E-02  0.000000E+00 -8.780797E-04  2.844946E-04  1.065883E-19 -5.766809E-01  0.000000E+00
  9.004770E-01  3.108173E-02  5.000000E-01  9.095724E-01  3.143461E-02  0.000000E+00 -9.968498E-04  3.125895E-04 -8.276575E-20 -5.778895E-01  0.000000E+00
  8.907650E-01  3.407666E-02  5.000000E-01  8.997623E-01  3.445978E-02  0.000000E+00 -1.179025E-03  3.541928E-04  3.408069E-19 -5.799768E-01  0.000000E+00
  8.804800E-01  3.709801E-02  5.000000E-01  8.893735E-01  3.751164E-02  0.000000E+00 -1.417775E-03  4.016420E-04 -2.232645E-19 -5.828433E-01  0.000000E+00
  8.696090E-01  4.009002E-02  5.000000E-01  8.783927E-01  4.053387E-02  0.000000E+00 -1.698822E-03  4.454977E-04 -2.973639E-20 -5.864240E-01  0.000000E+00
  8.696090E-01  4.009002E-02  5.000000E-01  8.783927E-01  4.053387E-02  0.000000E+00 -1.698822E-03  4.454977E-04 -2.973639E-20 -5.864240E-01  0.000000E+00
  8.581400E-01  4.298062E-02  5.000000E-01  8.668079E-01  4.345366E-02  0.000000E+00 -2.002135E-03  4.768342E-04  5.341852E-19 -5.897322E-01  0.000000E+00
  8.460600E-01  4.568563E-02  5.000000E-01  8.546059E-01  4.618599E-02  0.000000E+00 -2.309939E-03  4.855045E-04  3.881716E-19 -5.905676E-01  0.000000E+00
  8.333640E-01  4.812521E-02  5.000000E-01  8.417817E-01  4.865021E-02  0.000000E+00 -2.567274E-03  4.509446E-04  6.088223E-19 -5.921144E-01  0.000000E+00
  8.200460E-01  5.022377E-02  5.000000E-01  8.283292E-01  5.076996E-02  0.000000E+00 -2.541114E-03  3.449752E-04  4.958726E-19 -6.136093E-01  0.000000E+00
  8.061050E-01  5.191391E-02  5.000000E-01  8.142474E-01  5.247717E-02  0.000000E+00 -1.650294E-03  1.623521E-04  3.205282E-19 -6.842952E-01  0.000000E+00
  7.915460E-01  5.316990E-02  5.000000E-01  7.995413E-01  5.374584E-02  0.000000E+00  9.874646E-04 -5.223491E-05  1.103489E-18 -8.102424E-01  0.000000E+00
  7.763770E-01  5.403097E-02  5.000000E-01  7.842191E-01  5.461561E-02  0.000000E+00  5.983158E-03 -2.163277E-04  1.302640E-18 -9.515845E-01  0.000000E+00
  7.606070E-01  5.456647E-02  5.000000E-01  7.682899E-01  5.515651E-02  0.000000E+00  1.260061E-02 -2.328995E-04 -8.128422E-19 -1.050151E+00  0.000000E+00
  7.442510E-01  5.478371E-02  5.000000E-01  7.517687E-01  5.537595E-02  0.000000E+00  1.844836E-02 -4.561049E-05 -5.421510E-18 -1.081656E+00  0.000000E+00
  7.273250E-01  5.470055E-02  5.000000E-01  7.346718E-01  5.529195E-02  0.000000E+00  2.145539E-02  2.552593E-04 -1.048197E-17 -1.067410E+00  0.000000E+00
  7.098490E-01  5.436945E-02  5.000000E-01  7.170193E-01  5.495751E-02  0.000000E+00  2.168069E-02  4.865504E-04 -1.334950E-17 -1.042446E+00  0.000000E+00
  6.918480E-01  5.388645E-02  5.000000E-01  6.988365E-01  5.446963E-02  0.000000E+00  2.054097E-02  5.369044E-04 -1.338772E-17 -1.031354E+00  0.000000E+00
  6.733520E-01  5.340163E-02  5.000000E-01  6.801537E-01  5.397991E-02  0.000000E+00  1.933510E-02  3.958155E-04 -1.119708E-17 -1.044857E+00  0.000000E+00
  6.543930E-01  5.311445E-02  5.000000E-01  6.610032E-01  5.368983E-02  0.000000E+00  1.875878E-02  1.287268E-04 -8.107075E-18 -1.079490E+00  0.000000E+00
  6.350090E-01  5.314448E-02  5.000000E-01  6.414235E-01  5.372016E-02  0.000000E+00  1.903843E-02 -1.473515E-04 -5.436251E-18 -1.119899E+00  0.000000E+00
  6.152440E-01  5.342434E-02  5.000000E-01  6.214589E-01  5.400285E-02  0.000000E+00  1.996728E-02 -3.489076E-04 -4.142567E-18 -1.151569E+00  0.000000E+00
  5.951420E-01  5.384391E-02  5.000000E-01  6.011539E-01  5.442666E-02  0.000000E+00  2.109073E-02 -4.393856E-04 -4.546843E-18 -1.167542E+00  0.000000E+00
  5.747530E-01  5.427269E-02  5.000000E-01  5.805590E-01  5.485977E-02  0.000000E+00  2.204103E-02 -3.832741E-04 -5.552984E-18 -1.165357E+00  0.000000E+00
  5.541290E-01  5.456584E-02  5.000000E-01  5.597267E-01  5.515588E-02  0.000000E+00  2.264912E-02 -1.690752E-04 -6.281663E-18 -1.146452E+00  0.000000E+00
  5.333260E-01  5.458566E-02  5.000000E-01  5.387136E-01  5.517590E-02  0.000000E+00  2.285372E-02  1.307726E-04 -6.481127E-18 -1.118239E+00  0.000000E+00
  5.124010E-01  5.432162E-02  5.000000E-01  5.175773E-01  5.490920E-02  0.000000E+00  2.270531E-02  4.096583E-04 -6.307014E-18 -1.090271E+00  0.000000E+00
  4.914140E-01  5.382405E-02  5.000000E-01  4.963783E-01  5.440660E-02  0.000000E+00  2.238771E-02  6.235477E-04 -6.327520E-18 -1.067964E+00  0.000000E+00
  4.704230E-01  5.314901E-02  5.000000E-01  4.751754E-01  5.372474E-02  0.000000E+00  2.207998E-02  7.706381E-04 -6.880908E-18 -1.053368E+00  0.000000E+00
  1.696960E-04 -4.812850E-04  5.000000E-01  1.730287E-04 -4.471592E-04  0.000000E+00 -6.436610E-02  9.283028E-02 -6.736002E-14  5.406909E-01  0.000000E+00
  8.054360E-04 -9.786255E-04  5.000000E-01  8.151890E-04 -9.495222E-04  0.000000E+00 -4.693637E-02  3.287489E-02 -5.032063E-14  1.106688E+00  0.000000E+00
  1.973980E-03 -1.585826E-03  5.000000E-01  1.995534E-03 -1.562855E-03  0.000000E+00 -2.105788E-02  1.048773E-02 -2.684111E-14  1.176588E+00  0.000000E+00
  3.614630E-03 -2.300856E-03  5.000000E-01  3.652753E-03 -2.285106E-03  0.000000E+00 -4.062479E-03  1.776829E-03 -9.407691E-15  1.152969E+00  0.000000E+00
  5.721210E-03 -3.132143E-03  5.000000E-01  5.780607E-03 -3.124788E-03  0.000000E+00  5.013896E-03 -1.862583E-03 -7.048099E-16  1.122661E+00  0.000000E+00
  8.297500E-03 -4.077208E-03  5.000000E-01  8.382914E-03 -4.079397E-03  0.000000E+00  9.324323E-03 -3.268338E-03  1.718076E-15  1.078350E+00  0.000000E+00
  1.136560E-02 -5.116451E-03  5.000000E-01  1.148200E-02 -5.129135E-03  0.000000E+00  1.109353E-02 -3.620379E-03  1.372461E-15  1.023936E+00  0.000000E+00
  1.493280E-02 -6.238624E-03  5.000000E-01  1.508522E-02 -6.262640E-03  0.000000E+00  1.168979E-02 -3.586382E-03  5.397285E-16  9.694293E-01  0.000000E+00
  1.899460E-02 -7.452035E-03  5.000000E-01  1.918804E-02 -7.488306E-03  0.000000E+00  1.194674E-02 -3.516717E-03  8.079624E-17  9.187334E-01  0.000000E+00
  2.354800E-02 -8.772732E-03  5.000000E-01  2.378743E-02 -8.822340E-03  0.000000E+00  1.228159E-02 -3.508973E-03 -1.165012E-17  8.688442E-01  0.000000E+00
  2.860130E-02 -1.019622E-02  5.000000E-01  2.889176E-02 -1.026021E-02  0.000000E+00  1.281316E-02 -3.548218E-03  1.852212E-17  8.171171E-01  0.000000E+00
  3.416500E-02 -1.171142E-02  5.000000E-01  3.451165E-02 -1.179071E-02  0.000000E+00  1.352309E-02 -3.615920E-03  3.286525E-17  7.647757E-01  0.000000E+00
  4.024810E-02 -1.330914E-02  5.000000E-01  4.065618E-02 -1.340456E-02  0.000000E+00  1.435278E-02 -3.692868E-03  2.013089E-17  7.127303E-01  0.000000E+00
  4.686030E-02 -1.497706E-02  5.000000E-01  4.733516E-02 -1.508933E-02  0.000000E+00  1.523786E-02 -3.759203E-03  4.272165E-18  6.607646E-01  0.000000E+00
  5.401090E-02 -1.670350E-02  5.000000E-01  5.455797E-02 -1.683320E-02  0.000000E+00  1.613156E-02 -3.806508E-03 -4.236842E-18  6.089469E-01  0.000000E+00
  6.170850E-02 -1.847981E-02  5.000000E-01  6.233331E-02 -1.862745E-02  0.000000E+00  1.700829E-02 -3.826439E-03 -5.880024E-18  5.569045E-01  0.000000E+00
  6.996310E-02 -2.029166E-02  5.000000E-01  7.067127E-02 -2.045760E-02  0.000000E+00  1.785427E-02 -3.806474E-03 -4.906125E-18  5.039331E-01  0.000000E+00
  7.878500E-02 -2.211940E-02  5.000000E-01  7.958226E-02 -2.230379E-02  0.000000E+00  1.866641E-02 -3.742981E-03 -4.623984E-18  4.502288E-01  0.000000E+00
  8.818390E-02 -2.394386E-02  5.000000E-01  8.907608E-02 -2.414668E-02  0.000000E+00  1.944616E-02 -3.636037E-03 -3.512811E-18  3.962249E-01  0.000000E+00
  9.816930E-02 -2.574246E-02  5.000000E-01  9.916232E-02 -2.596344E-02  0.000000E+00  2.018812E-02 -3.480969E-03 -1.402006E-18  3.419804E-01  0.000000E+00
  1.087500E-01 -2.748828E-02  5.000000E-01  1.098499E-01 -2.772690E-02  0.000000E+00  2.087616E-02 -3.274265E-03 -7.738218E-19  2.879157E-01  0.000000E+00
  1.199340E-01 -2.915396E-02  5.000000E-01  1.211468E-01 -2.940939E-02  0.000000E+00  2.147544E-02 -3.010865E-03 -1.230404E-18  2.347339E-01  0.000000E+00
  1.317280E-01 -3.070732E-02  5.000000E-01  1.330599E-01 -3.097845E-02  0.000000E+00  2.192527E-02 -2.681862E-03 -5.367176E-19  1.832830E-01  0.000000E+00
  1.441380E-01 -3.211092E-02  5.000000E-01  1.455952E-01 -3.239622E-02  0.000000E+00  2.215423E-02 -2.287142E-03  5.863816E-19  1.353501E-01  0.000000E+00
  1.441380E-01 -3.211092E-02  5.000000E-01  1.455952E-01 -3.239622E-02  0.000000E+00  2.215423E-02 -2.287142E-03  5.863816E-19  1.353501E-01  0.000000E+00
  1.571670E-01 -3.332815E-02  5.000000E-01  1.587558E-01 -3.362574E-02  0.000000E+00  2.211072E-02 -1.840344E-03  1.170681E-18  9.351977E-02  0.000000E+00
  1.708170E-01 -3.432388E-02  5.000000E-01  1.725437E-01 -3.463153E-02  0.000000E+00  2.180357E-02 -1.371145E-03  2.924989E-18  6.053942E-02  0.000000E+00
  1.850860E-01 -3.507417E-02  5.000000E-01  1.869568E-01 -3.538939E-02  0.000000E+00  2.133592E-02 -9.325597E-04  4.228626E-18  3.878321E-02  0.000000E+00
  1.999720E-01 -3.558730E-02  5.000000E-01  2.019931E-01 -3.590770E-02  0.000000E+00  2.088775E-02 -5.929940E-04  3.148903E-18  2.901387E-02  0.000000E+00
  2.154670E-01 -3.592851E-02  5.000000E-01  2.176446E-01 -3.625236E-02  0.000000E+00  2.060172E-02 -3.789854E-04  1.993128E-18  2.689156E-02  0.000000E+00
  2.315610E-01 -3.616780E-02  5.000000E-01  2.339011E-01 -3.649406E-02  0.000000E+00  2.046539E-02 -2.289242E-04  1.359454E-18  2.236178E-02  0.000000E+00
  2.482400E-01 -3.629695E-02  5.000000E-01  2.507486E-01 -3.662452E-02  0.000000E+00  2.038481E-02 -7.693170E-05  9.305867E-19  9.949843E-03  0.000000E+00
  2.654840E-01 -3.629436E-02  5.000000E-01  2.681667E-01 -3.662190E-02  0.000000E+00  2.029445E-02  9.158888E-05  1.019005E-18 -7.203680E-03  0.000000E+00
  2.832720E-01 -3.613529E-02  5.000000E-01  2.861343E-01 -3.646123E-02  0.000000E+00  2.015965E-02  2.739805E-04  9.587986E-19 -2.410281E-02  0.000000E+00
  3.015770E-01 -3.579959E-02  5.000000E-01  3.046242E-01 -3.612214E-02  0.000000E+00  1.996805E-02  4.606594E-04  1.101125E-18 -3.740517E-02  0.000000E+00
  3.203660E-01 -3.527547E-02  5.000000E-01  3.236030E-01 -3.559273E-02  0.000000E+00  1.972021E-02  6.413747E-04  9.009105E-19 -4.606219E-02  0.000000E+00
  3.396030E-01 -3.455936E-02  5.000000E-01  3.430342E-01 -3.486939E-02  0.000000E+00  1.941921E-02  8.105586E-04  1.258494E-19 -5.056475E-02  0.000000E+00
  3.592490E-01 -3.364956E-02  5.000000E-01  3.628786E-01 -3.395039E-02  0.000000E+00  1.906459E-02  9.676820E-04 -3.897022E-20 -5.180010E-02  0.000000E+00
  3.792580E-01 -3.254359E-02  5.000000E-01  3.830897E-01 -3.283326E-02  0.000000E+00  1.865498E-02  1.112159E-03 -1.162739E-19 -5.009587E-02  0.000000E+00
  3.995810E-01 -3.124171E-02  5.000000E-01  4.036179E-01 -3.151823E-02  0.000000E+00  1.819059E-02  1.241433E-03 -1.583872E-18 -4.518687E-02  0.000000E+00
  4.201670E-01 -2.974820E-02  5.000000E-01  4.244118E-01 -3.000964E-02  0.000000E+00  1.767167E-02  1.353439E-03 -2.025066E-18 -3.680832E-02  0.000000E+00
  4.409600E-01 -2.806921E-02  5.000000E-01  4.454148E-01 -2.831369E-02  0.000000E+00  1.709995E-02  1.447025E-03 -6.074985E-19 -2.494768E-02  0.000000E+00
  4.619030E-01 -2.621294E-02  5.000000E-01  4.665693E-01 -2.643868E-02  0.000000E+00  1.648514E-02  1.519209E-03  6.034948E-19 -9.596818E-03  0.000000E+00
  4.829360E-01 -2.419741E-02  5.000000E-01  4.878147E-01 -2.440279E-02  0.000000E+00  1.584492E-02  1.566755E-03  9.168430E-19  9.052477E-03  0.000000E+00
  5.039990E-01 -2.204760E-02  5.000000E-01  5.090904E-01 -2.223127E-02  0.000000E+00  1.519911E-02  1.589024E-03  9.039561E-19  3.032172E-02  0.000000E+00
  5.250310E-01 -1.979440E-02  5.000000E-01  5.303348E-01 -1.995532E-02  0.000000E+00  1.456636E-02  1.587765E-03  8.042093E-19  5.324652E-02  0.000000E+00
  5.459710E-01 -1.747141E-02  5.000000E-01  5.514863E-01 -1.760887E-02  0.000000E+00  1.396239E-02  1.566873E-03  1.377198E-19  7.680351E-02  0.000000E+00
  5.667600E-01 -1.511089E-02  5.000000E-01  5.724853E-01 -1.522451E-02  0.000000E+00  1.340198E-02  1.529700E-03 -2.972282E-19  1.002937E-01  0.000000E+00
  4.704230E-01  5.314901E-02  5.000000E-01  4.751754E-01  5.372474E-02  0.000000E+00  2.207998E-02  7.706381E-04 -6.880908E-18 -1.053368E+00  0.000000E+00
  4.494880E-01  5.235737E-02  5.000000E-01  4.540289E-01  5.292510E-02  0.000000E+00  2.188425E-02  8.581572E-04 -7.572567E-18 -1.046659E+00  0.000000E+00
  4.286690E-01  5.150987E-02  5.000000E-01  4.329997E-01  5.206904E-02  0.000000E+00  2.185364E-02  9.126265E-04 -8.492012E-18 -1.045427E+00  0.000000E+00
  4.080230E-01  5.062738E-02  5.000000E-01  4.121452E-01  5.117765E-02  0.000000E+00  2.199605E-02  9.734641E-04 -9.930058E-18 -1.045632E+00  0.000000E+00
  3.876050E-01  4.969506E-02  5.000000E-01  3.915210E-01  5.023591E-02  0.000000E+00  2.224966E-02  1.058551E-03 -1.080766E-17 -1.044658E+00  0.000000E+00
  3.674690E-01  4.869961E-02  5.000000E-01  3.711816E-01  4.923041E-02  0.000000E+00  2.252623E-02  1.164904E-03 -1.177273E-17 -1.041831E+00  0.000000E+00
  3.476650E-01  4.763107E-02  5.000000E-01  3.511776E-01  4.815108E-02  0.000000E+00  2.277010E-02  1.288216E-03 -1.231261E-17 -1.037205E+00  0.000000E+00
  3.282390E-01  4.648180E-02  5.000000E-01  3.315555E-01  4.699020E-02  0.000000E+00  2.296461E-02  1.425781E-03 -1.228409E-17 -1.031122E+00  0.000000E+00
  3.092330E-01  4.524650E-02  5.000000E-01  3.123575E-01  4.574243E-02  0.000000E+00  2.311231E-02  1.572713E-03 -1.260658E-17 -1.024195E+00  0.000000E+00
  2.906860E-01  4.392774E-02  5.000000E-01  2.936232E-01  4.441034E-02  0.000000E+00  2.322263E-02  1.724084E-03 -1.240243E-17 -1.017036E+00  0.000000E+00
  2.726330E-01  4.253073E-02  5.000000E-01  2.753879E-01  4.299923E-02  0.000000E+00  2.330726E-02  1.878963E-03 -1.233121E-17 -1.009906E+00  0.000000E+00
  2.551020E-01  4.106072E-02  5.000000E-01  2.576799E-01  4.151437E-02  0.000000E+00  2.337405E-02  2.038267E-03 -1.245117E-17 -1.002818E+00  0.000000E+00
  2.381210E-01  3.952348E-02  5.000000E-01  2.405274E-01  3.996161E-02  0.000000E+00  2.342876E-02  2.205248E-03 -1.250077E-17 -9.956388E-01  0.000000E+00
  2.217090E-01  3.792118E-02  5.000000E-01  2.239496E-01  3.834313E-02  0.000000E+00  2.347134E-02  2.381006E-03 -1.231597E-17 -9.886908E-01  0.000000E+00
  2.058840E-01  3.625636E-02  5.000000E-01  2.079648E-01  3.666149E-02  0.000000E+00  2.348228E-02  2.544073E-03 -1.276994E-17 -9.842139E-01  0.000000E+00
  1.906600E-01  3.455685E-02  5.000000E-01  1.925871E-01  3.494482E-02  0.000000E+00  2.345419E-02  2.657900E-03 -1.543147E-17 -9.856348E-01  0.000000E+00
  1.760460E-01  3.287352E-02  5.000000E-01  1.778255E-01  3.324450E-02  0.000000E+00  2.345472E-02  2.727218E-03 -2.051459E-17 -9.934822E-01  0.000000E+00
  1.620500E-01  3.123077E-02  5.000000E-01  1.636881E-01  3.158515E-02  0.000000E+00  2.357601E-02  2.794442E-03 -2.991610E-17 -1.004984E+00  0.000000E+00
  1.486750E-01  2.963090E-02  5.000000E-01  1.501781E-01  2.996912E-02  0.000000E+00  2.383921E-02  2.889425E-03 -4.581456E-17 -1.017203E+00  0.000000E+00
  1.359210E-01  2.806574E-02  5.000000E-01  1.372953E-01  2.838816E-02  0.000000E+00  2.419386E-02  3.020132E-03 -7.152177E-17 -1.028374E+00  0.000000E+00
  1.237890E-01  2.652646E-02  5.000000E-01  1.250407E-01  2.683333E-02  0.000000E+00  2.456896E-02  3.183940E-03 -1.133473E-16 -1.037846E+00  0.000000E+00
  1.122730E-01  2.500349E-02  5.000000E-01  1.134084E-01  2.529498E-02  0.000000E+00  2.491265E-02  3.375668E-03 -1.826710E-16 -1.045709E+00  0.000000E+00
  1.013710E-01  2.349113E-02  5.000000E-01  1.023964E-01  2.376735E-02  0.000000E+00  2.520195E-02  3.588819E-03 -3.006305E-16 -1.052573E+00  0.000000E+00
  9.107400E-02  2.198732E-02  5.000000E-01  9.199536E-02  2.224835E-02  0.000000E+00  2.544045E-02  3.822600E-03 -5.005261E-16 -1.059013E+00  0.000000E+00
  9.107400E-02  2.198732E-02  5.000000E-01  9.199536E-02  2.224835E-02  0.000000E+00  2.544045E-02  3.822600E-03 -5.005261E-16 -1.059013E+00  0.000000E+00
  8.137660E-02  2.048975E-02  5.000000E-01  8.220003E-02  2.073566E-02  0.000000E+00  2.563625E-02  4.075386E-03 -8.425667E-16 -1.065776E+00  0.000000E+00
  7.227050E-02  1.900082E-02  5.000000E-01  7.300197E-02  1.923169E-02  0.000000E+00  2.579380E-02  4.341252E-03 -1.435966E-15 -1.073877E+00  0.000000E+00
  6.374670E-02  1.752557E-02  5.000000E-01  6.439209E-02  1.774154E-02  0.000000E+00  2.592392E-02  4.621326E-03 -2.470018E-15 -1.083986E+00  0.000000E+00
  5.579720E-02  1.606729E-02  5.000000E-01  5.636231E-02  1.626854E-02  0.000000E+00  2.602723E-02  4.911765E-03 -4.260647E-15 -1.097012E+00  0.000000E+00
  4.841260E-02  1.463449E-02  5.000000E-01  4.890313E-02  1.482126E-02  0.000000E+00  2.610187E-02  5.207304E-03 -7.283334E-15 -1.113944E+00  0.000000E+00
  4.158390E-02  1.323494E-02  5.000000E-01  4.200547E-02  1.340758E-02  0.000000E+00  2.615295E-02  5.514380E-03 -1.214444E-14 -1.135175E+00  0.000000E+00
  3.530370E-02  1.187349E-02  5.000000E-01  3.566185E-02  1.203239E-02  0.000000E+00  2.616146E-02  5.827664E-03 -1.940762E-14 -1.161542E+00  0.000000E+00
  2.956270E-02  1.055965E-02  5.000000E-01  2.986287E-02  1.070527E-02  0.000000E+00  2.610013E-02  6.142318E-03 -2.918998E-14 -1.193711E+00  0.000000E+00
  2.435310E-02  9.299919E-03  5.000000E-01  2.460066E-02  9.432824E-03  0.000000E+00  2.592889E-02  6.470178E-03 -4.042533E-14 -1.231094E+00  0.000000E+00
  1.967110E-02  8.094785E-03  5.000000E-01  1.987137E-02  8.215519E-03  0.000000E+00  2.551310E-02  6.781825E-03 -5.012648E-14 -1.274002E+00  0.000000E+00
  1.550860E-02  6.951397E-03  5.000000E-01  1.566684E-02  7.060584E-03  0.000000E+00  2.467489E-02  7.028803E-03 -5.383274E-14 -1.322739E+00  0.000000E+00
  1.185930E-02  5.873405E-03  5.000000E-01  1.198068E-02  5.971707E-03  0.000000E+00  2.331692E-02  7.203893E-03 -4.796154E-14 -1.375459E+00  0.000000E+00
  8.724160E-03  4.856986E-03  5.000000E-01  8.813883E-03  4.945022E-03  0.000000E+00  2.156602E-02  7.334981E-03 -3.305655E-14 -1.431700E+00  0.000000E+00
  6.091130E-03  3.910325E-03  5.000000E-01  6.154263E-03  3.988801E-03  0.000000E+00  2.031206E-02  7.811848E-03 -1.595071E-14 -1.486861E+00  0.000000E+00
  3.952840E-03  3.036138E-03  5.000000E-01  3.994378E-03  3.105786E-03  0.000000E+00  2.112844E-02  9.726232E-03 -6.057203E-15 -1.524016E+00  0.000000E+00
  2.330070E-03  2.221625E-03  5.000000E-01  2.355220E-03  2.283047E-03  0.000000E+00  2.423869E-02  1.419002E-02 -6.089387E-15 -1.531689E+00  0.000000E+00
  1.198080E-03  1.484900E-03  5.000000E-01  1.211798E-03  1.538882E-03  0.000000E+00  2.760621E-02  2.138902E-02 -1.120830E-14 -1.519843E+00  0.000000E+00
  5.019560E-04  8.590300E-04  5.000000E-01  5.086442E-04  9.066915E-04  0.000000E+00  3.042488E-02  3.351252E-02 -1.863299E-14 -1.531357E+00  0.000000E+00
  1.313430E-04  3.759528E-04  5.000000E-01  1.342884E-04  4.187358E-04  0.000000E+00  3.508437E-02  7.039940E-02 -3.005128E-14 -1.566512E+00  0.000000E+00
  8.078190E-06  6.783085E-05  5.000000E-01  9.778777E-06  1.075021E-04  0.000000E+00  3.056122E-02  1.733336E-01 -4.345027E-14 -1.484917E+00  0.000000E+00
 -1.602820E-06 -3.859649E-05  5.000000E-01  0.000000E+00  0.000000E+00  0.000000E+00 -4.939279E-03  2.521644E-01 -5.449644E-14 -1.190940E+00  0.000000E+00
  9.141860E-06 -1.486503E-04  5.000000E-01  1.085319E-05 -1.111652E-04  0.000000E+00 -4.976075E-02  1.967990E-01 -6.554603E-14 -4.689195E-01  0.000000E+00
  1.696960E-04 -4.812850E-04  5.000000E-01  1.730287E-04 -4.471592E-04  0.000000E+00 -6.436610E-02  9.283028E-02 -6.736002E-14  5.406909E-01  0.000000E+00
    1    2
    2    3
    3    4
    4    5
    5    6
    6    7
    7    8
    8    9
    9   10
   10   11
   11   12
   12   13
   13   14
   14   15
   15   16
   16   17
   17   18
   18   19
   19   20
   20   21
   21   22
   22   23
   23   24
   25   26
   26   27
   27   28
   28   29
   29   30
   30   31
   31   32
   32   33
   33   34
   34   35
   35   36
   36   37
   37   38
   38   39
   39   40
   40   41
   41   42
   42   43
   43   44
   44   45
   45   46
   46   47
   47   48
   49   50
   50   51
   51   52
   52   53
   53   54
   54   55
   55   56
   56   57
   57   58
   58   59
   59   60
   60   61
   61   62
   62   63
   63   64
   64   65
   65   66
   66   67
   67   68
   68   69
   69   70
   70   71
   71   72
   73   74
   74   75
   75   76
   76   77
   77   78
   78   79
   79   80
   80   81
   81   82
   82   83
   83   84
   84   85
   85   86
   86   87
   87   88
   88   89
   89   90
   90   91
   91   92
   92   93
   93   94
   94   95
   95   96
   97   98
   98   99
   99  100
  100  101
  101  102
  102  103
  103  104
  104  105
  105  106
  106  107
  107  108
  108  109
  109  110
  110  111
  111  112
  112  113
  113  114
  114  115
  115  116
  116  117
  117  118
  118  119
  119  120
  121  122
  122  123
  123  124
  124  125
  125  126
  126  127
  127  128
  128  129
  129  130
  130  131
  131  132
  132  133
  133  134
  134  135
  135  136
  136  137
  137  138
  138  139
  139  140
  140  141
  141  142
  142  143
  143  144
  145  146
  146  147
  147  148
  148  149
  149  150
  150  151
  151  152
  152  153
  153  154
  154  155
  155  156
  156  157
  157  158
  158  159
  159  160
  160  161
  161  162
  162  163
  163  164
  164  165
  165  166
  166  167
  167  168
  169  170
  170  171
  171  172
  172  173
  173  174
  174  175
  175  176
  176  177
  177  178
  178  179
  179  180
  180  181
  181  182
  182  183
  183  184
  184  185
  185  186
  186  187
  187  188
  188  189
  189  190
  190  191
  191  192
