 Title = "ADflow Slice Data"
Variables =  "CoordinateX"  "CoordinateY"  "CoordinateZ"  "XoC"  "YoC"  "ZoC" "VelocityX" "VelocityY" "VelocityZ" "CoefPressure" "Mach" 
Zone T= "Slice_0001 None Absolute Regular z = 0.50000000"
 Nodes =          192  Elements=          184  ZONETYPE=FELINESEG
 DATAPACKING=POINT
  5.667600E-01 -1.511569E-02  5.000000E-01  5.724853E-01 -1.522957E-02  0.000000E+00  1.341101E-02  1.529703E-03  4.006961E-19  1.000020E-01  0.000000E+00
  5.873410E-01 -1.275482E-02  5.000000E-01  5.932741E-01 -1.284485E-02  0.000000E+00  1.290535E-02  1.479262E-03  2.620877E-19  1.229574E-01  0.000000E+00
  6.076580E-01 -1.042797E-02  5.000000E-01  6.137963E-01 -1.049451E-02  0.000000E+00  1.246129E-02  1.417948E-03 -4.507100E-19  1.448763E-01  0.000000E+00
  6.276600E-01 -8.167549E-03  5.000000E-01  6.340003E-01 -8.211256E-03  0.000000E+00  1.207661E-02  1.349947E-03  1.209896E-18  1.651712E-01  0.000000E+00
  6.472970E-01 -5.997913E-03  5.000000E-01  6.538356E-01 -6.019709E-03  0.000000E+00  1.174192E-02  1.280195E-03  1.082473E-18  1.834832E-01  0.000000E+00
  6.665260E-01 -3.930835E-03  5.000000E-01  6.732588E-01 -3.931756E-03  0.000000E+00  1.144697E-02  1.211213E-03 -4.605412E-19  2.000227E-01  0.000000E+00
  6.853050E-01 -1.975953E-03  5.000000E-01  6.922274E-01 -1.957131E-03  0.000000E+00  1.118574E-02  1.140450E-03 -5.794594E-19  2.155843E-01  0.000000E+00
  7.035980E-01 -1.504497E-04  5.000000E-01  7.107052E-01 -1.131924E-04  0.000000E+00  1.094820E-02  1.065279E-03  3.364050E-20  2.305079E-01  0.000000E+00
  7.213750E-01  1.533761E-03  5.000000E-01  7.286617E-01  1.588027E-03  0.000000E+00  1.071165E-02  9.861077E-04  1.051334E-18  2.444572E-01  0.000000E+00
  7.386080E-01  3.072429E-03  5.000000E-01  7.460687E-01  3.142233E-03  0.000000E+00  1.044713E-02  9.050557E-04  5.903009E-19  2.573552E-01  0.000000E+00
  7.552750E-01  4.470674E-03  5.000000E-01  7.629040E-01  4.554600E-03  0.000000E+00  1.013655E-02  8.263620E-04  7.994480E-20  2.696318E-01  0.000000E+00
  7.713580E-01  5.741345E-03  5.000000E-01  7.791495E-01  5.838103E-03  0.000000E+00  9.792675E-03  7.518329E-04  4.249798E-19  2.818462E-01  0.000000E+00
  7.868410E-01  6.895422E-03  5.000000E-01  7.947888E-01  7.003834E-03  0.000000E+00  9.482475E-03  6.641452E-04  2.368866E-19  2.957234E-01  0.000000E+00
  8.017160E-01  7.872932E-03  5.000000E-01  8.098140E-01  7.991216E-03  0.000000E+00  9.307080E-03  5.404111E-04 -1.125906E-19  3.116028E-01  0.000000E+00
  8.159740E-01  8.590499E-03  5.000000E-01  8.242160E-01  8.716030E-03  0.000000E+00  9.330131E-03  3.860735E-04  1.017541E-21  3.245171E-01  0.000000E+00
  8.296120E-01  9.030471E-03  5.000000E-01  8.379918E-01  9.160445E-03  0.000000E+00  9.555406E-03  2.187836E-04  1.126404E-18  3.295980E-01  0.000000E+00
  8.426300E-01  9.209099E-03  5.000000E-01  8.511412E-01  9.340877E-03  0.000000E+00  9.959492E-03  4.535398E-05  1.344177E-18  3.267881E-01  0.000000E+00
  8.550290E-01  9.157746E-03  5.000000E-01  8.636654E-01  9.289006E-03  0.000000E+00  1.051412E-02 -1.332203E-04  4.466465E-19  3.180730E-01  0.000000E+00
  8.668160E-01  8.914133E-03  5.000000E-01  8.755715E-01  9.042932E-03  0.000000E+00  1.119035E-02 -3.157973E-04  9.390668E-19  3.048029E-01  0.000000E+00
  8.779950E-01  8.519516E-03  5.000000E-01  8.868634E-01  8.644330E-03  0.000000E+00  1.195833E-02 -4.998218E-04  1.408430E-18  2.875390E-01  0.000000E+00
  8.885730E-01  8.013165E-03  5.000000E-01  8.975482E-01  8.132865E-03  0.000000E+00  1.278878E-02 -6.827174E-04  1.891269E-18  2.668696E-01  0.000000E+00
  8.985610E-01  7.428446E-03  5.000000E-01  9.076371E-01  7.542241E-03  0.000000E+00  1.364907E-02 -8.577351E-04  2.108796E-18  2.433157E-01  0.000000E+00
  9.079670E-01  6.799131E-03  5.000000E-01  9.171381E-01  6.906571E-03  0.000000E+00  1.449994E-02 -1.012506E-03  1.072058E-18  2.173389E-01  0.000000E+00
  9.168010E-01  6.157726E-03  5.000000E-01  9.260613E-01  6.258689E-03  0.000000E+00  1.530377E-02 -1.137884E-03  6.100655E-19  1.899964E-01  0.000000E+00
  9.168010E-01  6.157726E-03  5.000000E-01  9.260613E-01  6.258689E-03  0.000000E+00  1.530377E-02 -1.137884E-03  6.100655E-19  1.899964E-01  0.000000E+00
  9.250730E-01  5.529034E-03  5.000000E-01  9.344168E-01  5.623647E-03  0.000000E+00  1.603736E-02 -1.235102E-03  8.284283E-19  1.628129E-01  0.000000E+00
  9.327940E-01  4.927293E-03  5.000000E-01  9.422158E-01  5.015830E-03  0.000000E+00  1.670023E-02 -1.315861E-03  7.880281E-19  1.371024E-01  0.000000E+00
  9.399760E-01  4.355781E-03  5.000000E-01  9.494703E-01  4.438546E-03  0.000000E+00  1.730859E-02 -1.391701E-03  7.982602E-19  1.131339E-01  0.000000E+00
  9.466320E-01  3.815200E-03  5.000000E-01  9.561935E-01  3.892506E-03  0.000000E+00  1.788260E-02 -1.467151E-03  1.582343E-18  9.016985E-02  0.000000E+00
  9.527730E-01  3.306371E-03  5.000000E-01  9.623965E-01  3.378538E-03  0.000000E+00  1.844696E-02 -1.548707E-03  2.818450E-18  6.767085E-02  0.000000E+00
  9.584110E-01  2.827155E-03  5.000000E-01  9.680915E-01  2.894482E-03  0.000000E+00  1.903435E-02 -1.647015E-03  2.430947E-18  4.540431E-02  0.000000E+00
  9.635570E-01  2.374318E-03  5.000000E-01  9.732895E-01  2.437073E-03  0.000000E+00  1.967867E-02 -1.767956E-03 -4.617792E-18  2.265234E-02  0.000000E+00
  9.682220E-01  1.946793E-03  5.000000E-01  9.780016E-01  2.005230E-03  0.000000E+00  2.041207E-02 -1.912166E-03 -2.023624E-17 -1.673857E-03  0.000000E+00
  9.724140E-01  1.545859E-03  5.000000E-01  9.822359E-01  1.600247E-03  0.000000E+00  2.128256E-02 -2.087651E-03 -2.288116E-17 -2.820499E-02  0.000000E+00
  9.761430E-01  1.171440E-03  5.000000E-01  9.860026E-01  1.222047E-03  0.000000E+00  2.237228E-02 -2.311574E-03  4.438401E-17 -5.739333E-02  0.000000E+00
  9.794160E-01  8.242704E-04  5.000000E-01  9.893086E-01  8.713713E-04  0.000000E+00  2.378324E-02 -2.597356E-03  2.070659E-16 -9.032005E-02  0.000000E+00
  9.822400E-01  5.074293E-04  5.000000E-01  9.921611E-01  5.513304E-04  0.000000E+00  2.556636E-02 -2.947191E-03  2.690779E-16 -1.284383E-01  0.000000E+00
  9.846200E-01  2.260650E-04  5.000000E-01  9.945652E-01  2.671247E-04  0.000000E+00  2.759062E-02 -3.347863E-03 -3.412293E-16 -1.720972E-01  0.000000E+00
  9.865620E-01 -1.453607E-05  5.000000E-01  9.965268E-01  2.409379E-05  0.000000E+00  2.940964E-02 -3.711586E-03 -2.111016E-15 -2.194061E-01  0.000000E+00
  9.880680E-01 -2.086060E-04  5.000000E-01  9.980480E-01 -1.719360E-04  0.000000E+00  2.987564E-02 -3.826705E-03 -3.593196E-15 -2.766150E-01  0.000000E+00
  9.891420E-01 -3.514239E-04  5.000000E-01  9.991328E-01 -3.161963E-04  0.000000E+00  2.812847E-02 -3.911144E-03  1.246071E-15 -3.434995E-01  0.000000E+00
  9.897860E-01 -4.389487E-04  5.000000E-01  9.997833E-01 -4.046049E-04  0.000000E+00  3.788621E-02 -4.013277E-03  1.972808E-14 -2.893946E-01  0.000000E+00
  9.900000E-01 -4.683023E-04  5.000000E-01  9.999995E-01 -4.342549E-04  0.000000E+00  2.618847E-02  5.267596E-03  1.828885E-14 -5.820189E-01  0.000000E+00
  9.900000E-01 -1.843754E-04  5.000000E-01  9.999995E-01 -1.474607E-04  0.000000E+00  1.229779E-03 -7.885273E-03  3.160027E-15 -8.088119E-01  0.000000E+00
  9.900000E-01  9.955150E-05  5.000000E-01  9.999995E-01  1.393335E-04  0.000000E+00 -4.468923E-04 -2.274868E-02  2.882999E-15 -6.283618E-01  0.000000E+00
  9.900000E-01  3.834784E-04  5.000000E-01  9.999995E-01  4.261277E-04  0.000000E+00 -1.436002E-04 -8.862958E-03  3.099782E-15 -6.283177E-01  0.000000E+00
  9.900000E-01  6.674053E-04  5.000000E-01  9.999995E-01  7.129219E-04  0.000000E+00  4.646607E-04 -5.229915E-03  3.349566E-15 -6.881985E-01  0.000000E+00
  9.900000E-01  9.513321E-04  5.000000E-01  9.999995E-01  9.997162E-04  0.000000E+00  6.797379E-03 -6.632440E-03  3.529449E-15 -6.299472E-01  0.000000E+00
  9.900000E-01  9.513321E-04  5.000000E-01  9.999995E-01  9.997162E-04  0.000000E+00  6.797379E-03 -6.632440E-03  3.529449E-15 -6.299472E-01  0.000000E+00
  9.897890E-01  1.017904E-03  5.000000E-01  9.997864E-01  1.066960E-03  0.000000E+00  9.015827E-03 -3.469605E-03  3.096554E-15 -5.523867E-01  0.000000E+00
  9.891540E-01  1.218674E-03  5.000000E-01  9.991450E-01  1.269758E-03  0.000000E+00  4.567813E-03 -1.351290E-03  1.993242E-15 -5.709891E-01  0.000000E+00
  9.880950E-01  1.555408E-03  5.000000E-01  9.980753E-01  1.609892E-03  0.000000E+00  3.024817E-03 -9.609323E-04  1.039330E-15 -5.705491E-01  0.000000E+00
  9.866100E-01  2.031333E-03  5.000000E-01  9.965753E-01  2.090624E-03  0.000000E+00  1.983769E-03 -6.497833E-04  4.720496E-16 -5.626492E-01  0.000000E+00
  9.846960E-01  2.650662E-03  5.000000E-01  9.946419E-01  2.716208E-03  0.000000E+00  9.959036E-04 -3.234614E-04  1.981436E-16 -5.590114E-01  0.000000E+00
  9.823490E-01  3.418251E-03  5.000000E-01  9.922712E-01  3.491549E-03  0.000000E+00  1.849684E-04 -5.917987E-05  7.339167E-17 -5.580320E-01  0.000000E+00
  9.795670E-01  4.338749E-03  5.000000E-01  9.894611E-01  4.421342E-03  0.000000E+00 -4.278548E-04  1.427401E-04  1.376180E-17 -5.582739E-01  0.000000E+00
  9.763420E-01  5.417935E-03  5.000000E-01  9.862036E-01  5.511426E-03  0.000000E+00 -8.716286E-04  2.932971E-04 -1.173100E-17 -5.597187E-01  0.000000E+00
  9.726710E-01  6.659543E-03  5.000000E-01  9.824955E-01  6.765574E-03  0.000000E+00 -1.170661E-03  3.977154E-04 -1.627620E-17 -5.622525E-01  0.000000E+00
  9.685460E-01  8.066753E-03  5.000000E-01  9.783288E-01  8.186995E-03  0.000000E+00 -1.342235E-03  4.594784E-04 -1.112544E-17 -5.654559E-01  0.000000E+00
  9.639600E-01  9.641707E-03  5.000000E-01  9.736965E-01  9.777854E-03  0.000000E+00 -1.402987E-03  4.831520E-04 -5.182046E-18 -5.688210E-01  0.000000E+00
  9.589060E-01  1.138655E-02  5.000000E-01  9.685915E-01  1.154032E-02  0.000000E+00 -1.373331E-03  4.750069E-04 -2.108080E-18 -5.718719E-01  0.000000E+00
  9.533750E-01  1.330247E-02  5.000000E-01  9.630046E-01  1.347559E-02  0.000000E+00 -1.279133E-03  4.433708E-04 -5.292928E-19 -5.742449E-01  0.000000E+00
  9.473580E-01  1.538821E-02  5.000000E-01  9.569269E-01  1.558239E-02  0.000000E+00 -1.150225E-03  3.983941E-04  1.454655E-20 -5.757549E-01  0.000000E+00
  9.408450E-01  1.764045E-02  5.000000E-01  9.503481E-01  1.785738E-02  0.000000E+00 -1.016819E-03  3.507755E-04  2.728905E-19 -5.764314E-01  0.000000E+00
  9.338260E-01  2.005389E-02  5.000000E-01  9.432582E-01  2.029519E-02  0.000000E+00 -9.056149E-04  3.100103E-04  3.958515E-19 -5.765028E-01  0.000000E+00
  9.262910E-01  2.262009E-02  5.000000E-01  9.356471E-01  2.288731E-02  0.000000E+00 -8.371928E-04  2.831279E-04  2.601796E-19 -5.763217E-01  0.000000E+00
  9.182290E-01  2.532623E-02  5.000000E-01  9.275037E-01  2.562077E-02  0.000000E+00 -8.254613E-04  2.742115E-04 -1.450549E-20 -5.762587E-01  0.000000E+00
  9.096280E-01  2.815459E-02  5.000000E-01  9.188158E-01  2.847769E-02  0.000000E+00 -8.781071E-04  2.845024E-04  5.337298E-21 -5.766742E-01  0.000000E+00
  9.004770E-01  3.108169E-02  5.000000E-01  9.095724E-01  3.143436E-02  0.000000E+00 -9.969579E-04  3.126221E-04 -3.410627E-19 -5.778836E-01  0.000000E+00
  8.907650E-01  3.407661E-02  5.000000E-01  8.997623E-01  3.445952E-02  0.000000E+00 -1.179222E-03  3.542495E-04 -7.332700E-19 -5.799717E-01  0.000000E+00
  8.804800E-01  3.709794E-02  5.000000E-01  8.893735E-01  3.751136E-02  0.000000E+00 -1.418055E-03  4.017167E-04 -1.104556E-18 -5.828393E-01  0.000000E+00
  8.696090E-01  4.008991E-02  5.000000E-01  8.783927E-01  4.053355E-02  0.000000E+00 -1.699158E-03  4.455814E-04 -1.721883E-18 -5.864213E-01  0.000000E+00
  8.696090E-01  4.008991E-02  5.000000E-01  8.783927E-01  4.053355E-02  0.000000E+00 -1.699158E-03  4.455814E-04 -1.721883E-18 -5.864213E-01  0.000000E+00
  8.581400E-01  4.298047E-02  5.000000E-01  8.668079E-01  4.345330E-02  0.000000E+00 -2.002492E-03  4.769176E-04 -1.479439E-19 -5.897281E-01  0.000000E+00
  8.460600E-01  4.568543E-02  5.000000E-01  8.546059E-01  4.618558E-02  0.000000E+00 -2.310288E-03  4.855692E-04  7.892184E-19 -5.905587E-01  0.000000E+00
  8.333640E-01  4.812493E-02  5.000000E-01  8.417817E-01  4.864971E-02  0.000000E+00 -2.567487E-03  4.509512E-04  3.650651E-20 -5.921115E-01  0.000000E+00
  8.200460E-01  5.022337E-02  5.000000E-01  8.283292E-01  5.076935E-02  0.000000E+00 -2.540697E-03  3.448753E-04 -1.077917E-19 -6.136492E-01  0.000000E+00
  8.061050E-01  5.191334E-02  5.000000E-01  8.142474E-01  5.247639E-02  0.000000E+00 -1.648168E-03  1.621307E-04  6.331453E-19 -6.844126E-01  0.000000E+00
  7.915460E-01  5.316910E-02  5.000000E-01  7.995413E-01  5.374482E-02  0.000000E+00  9.926993E-04 -5.252336E-05  1.772794E-18 -8.104160E-01  0.000000E+00
  7.763770E-01  5.402984E-02  5.000000E-01  7.842191E-01  5.461426E-02  0.000000E+00  5.991737E-03 -2.165082E-04  1.267475E-18 -9.517332E-01  0.000000E+00
  7.606070E-01  5.456489E-02  5.000000E-01  7.682899E-01  5.515471E-02  0.000000E+00  1.261002E-02 -2.327284E-04 -1.133476E-18 -1.050204E+00  0.000000E+00
  7.442510E-01  5.478156E-02  5.000000E-01  7.517687E-01  5.537357E-02  0.000000E+00  1.845470E-02 -4.499116E-05 -5.249682E-18 -1.081606E+00  0.000000E+00
  7.273250E-01  5.469772E-02  5.000000E-01  7.346718E-01  5.528888E-02  0.000000E+00  2.145683E-02  2.561623E-04 -1.043358E-17 -1.067293E+00  0.000000E+00
  7.098490E-01  5.436585E-02  5.000000E-01  7.170193E-01  5.495366E-02  0.000000E+00  2.167841E-02  4.874873E-04 -1.355264E-17 -1.042299E+00  0.000000E+00
  6.918480E-01  5.388201E-02  5.000000E-01  6.988365E-01  5.446493E-02  0.000000E+00  2.053699E-02  5.377505E-04 -1.332278E-17 -1.031201E+00  0.000000E+00
  6.733520E-01  5.339634E-02  5.000000E-01  6.801537E-01  5.397436E-02  0.000000E+00  1.933069E-02  3.965585E-04 -1.099882E-17 -1.044713E+00  0.000000E+00
  6.543930E-01  5.310839E-02  5.000000E-01  6.610032E-01  5.368351E-02  0.000000E+00  1.875440E-02  1.293644E-04 -7.868582E-18 -1.079370E+00  0.000000E+00
  6.350090E-01  5.313783E-02  5.000000E-01  6.414235E-01  5.371324E-02  0.000000E+00  1.903419E-02 -1.468814E-04 -5.325821E-18 -1.119816E+00  0.000000E+00
  6.152440E-01  5.341738E-02  5.000000E-01  6.214589E-01  5.399561E-02  0.000000E+00  1.996327E-02 -3.487392E-04 -4.315292E-18 -1.151536E+00  0.000000E+00
  5.951420E-01  5.383706E-02  5.000000E-01  6.011539E-01  5.441953E-02  0.000000E+00  2.108717E-02 -4.397000E-04 -4.636076E-18 -1.167572E+00  0.000000E+00
  5.747530E-01  5.426647E-02  5.000000E-01  5.805590E-01  5.485327E-02  0.000000E+00  2.203816E-02 -3.842619E-04 -5.799726E-18 -1.165462E+00  0.000000E+00
  5.541290E-01  5.456090E-02  5.000000E-01  5.597267E-01  5.515068E-02  0.000000E+00  2.264724E-02 -1.708666E-04 -6.622810E-18 -1.146643E+00  0.000000E+00
  5.333260E-01  5.458273E-02  5.000000E-01  5.387136E-01  5.517273E-02  0.000000E+00  2.285322E-02  1.282666E-04 -6.438310E-18 -1.118512E+00  0.000000E+00
  5.124010E-01  5.432127E-02  5.000000E-01  5.175773E-01  5.490863E-02  0.000000E+00  2.270661E-02  4.067640E-04 -6.308013E-18 -1.090602E+00  0.000000E+00
  4.914140E-01  5.382653E-02  5.000000E-01  4.963783E-01  5.440889E-02  0.000000E+00  2.239094E-02  6.206396E-04 -6.273711E-18 -1.068318E+00  0.000000E+00
  4.704230E-01  5.315429E-02  5.000000E-01  4.751754E-01  5.372987E-02  0.000000E+00  2.208491E-02  7.680317E-04 -6.650499E-18 -1.053705E+00  0.000000E+00
  1.696960E-04 -4.810417E-04  5.000000E-01  1.730287E-04 -4.471230E-04  0.000000E+00 -6.436876E-02  9.282218E-02 -6.615508E-14  5.408844E-01  0.000000E+00
  8.054360E-04 -9.782498E-04  5.000000E-01  8.151890E-04 -9.493524E-04  0.000000E+00 -4.693421E-02  3.286408E-02 -5.108232E-14  1.106813E+00  0.000000E+00
  1.973980E-03 -1.585207E-03  5.000000E-01  1.995534E-03 -1.562439E-03  0.000000E+00 -2.105228E-02  1.048067E-02 -2.816565E-14  1.176610E+00  0.000000E+00
  3.614630E-03 -2.299897E-03  5.000000E-01  3.652753E-03 -2.284346E-03  0.000000E+00 -4.056373E-03  1.773441E-03 -9.886362E-15  1.152931E+00  0.000000E+00
  5.721210E-03 -3.130747E-03  5.000000E-01  5.780607E-03 -3.123587E-03  0.000000E+00  5.019351E-03 -1.863623E-03 -3.729199E-16  1.122591E+00  0.000000E+00
  8.297500E-03 -4.075279E-03  5.000000E-01  8.382914E-03 -4.077658E-03  0.000000E+00  9.328975E-03 -3.268058E-03  2.279595E-15  1.078260E+00  0.000000E+00
  1.136560E-02 -5.113889E-03  5.000000E-01  1.148200E-02 -5.126757E-03  0.000000E+00  1.109744E-02 -3.619380E-03  1.822543E-15  1.023832E+00  0.000000E+00
  1.493280E-02 -6.235330E-03  5.000000E-01  1.508522E-02 -6.259523E-03  0.000000E+00  1.169311E-02 -3.585007E-03  7.815074E-16  9.693210E-01  0.000000E+00
  1.899460E-02 -7.447912E-03  5.000000E-01  1.918804E-02 -7.484351E-03  0.000000E+00  1.194962E-02 -3.515132E-03  1.151407E-16  9.186265E-01  0.000000E+00
  2.354800E-02 -8.767684E-03  5.000000E-01  2.378743E-02 -8.817451E-03  0.000000E+00  1.228416E-02 -3.507220E-03 -1.079253E-16  8.687426E-01  0.000000E+00
  2.860130E-02 -1.019016E-02  5.000000E-01  2.889176E-02 -1.025429E-02  0.000000E+00  1.281543E-02 -3.546271E-03 -1.000048E-16  8.170235E-01  0.000000E+00
  3.416500E-02 -1.170424E-02  5.000000E-01  3.451165E-02 -1.178366E-02  0.000000E+00  1.352502E-02 -3.613738E-03 -4.126459E-17  7.646933E-01  0.000000E+00
  4.024810E-02 -1.330074E-02  5.000000E-01  4.065618E-02 -1.339629E-02  0.000000E+00  1.435426E-02 -3.690414E-03 -5.717785E-18  7.126630E-01  0.000000E+00
  4.686030E-02 -1.496737E-02  5.000000E-01  4.733516E-02 -1.507975E-02  0.000000E+00  1.523876E-02 -3.756457E-03  4.418021E-18  6.607166E-01  0.000000E+00
  5.401090E-02 -1.669242E-02  5.000000E-01  5.455797E-02 -1.682222E-02  0.000000E+00  1.613179E-02 -3.803467E-03  4.078680E-18  6.089229E-01  0.000000E+00
  6.170850E-02 -1.846727E-02  5.000000E-01  6.233331E-02 -1.861499E-02  0.000000E+00  1.700772E-02 -3.823114E-03  1.671155E-18  5.569097E-01  0.000000E+00
  6.996310E-02 -2.027758E-02  5.000000E-01  7.067127E-02 -2.044359E-02  0.000000E+00  1.785278E-02 -3.802887E-03  1.058189E-18  5.039735E-01  0.000000E+00
  7.878500E-02 -2.210373E-02  5.000000E-01  7.958226E-02 -2.228817E-02  0.000000E+00  1.866387E-02 -3.739167E-03  6.743247E-19  4.503117E-01  0.000000E+00
  8.818390E-02 -2.392655E-02  5.000000E-01  8.907608E-02 -2.412941E-02  0.000000E+00  1.944239E-02 -3.632041E-03 -7.068330E-19  3.963592E-01  0.000000E+00
  9.816930E-02 -2.572350E-02  5.000000E-01  9.916232E-02 -2.594450E-02  0.000000E+00  2.018290E-02 -3.476852E-03 -1.332311E-18  3.421762E-01  0.000000E+00
  1.087500E-01 -2.746770E-02  5.000000E-01  1.098499E-01 -2.770631E-02  0.000000E+00  2.086920E-02 -3.270112E-03 -2.802973E-19  2.881854E-01  0.000000E+00
  1.199340E-01 -2.913180E-02  5.000000E-01  1.211468E-01 -2.938722E-02  0.000000E+00  2.146642E-02 -3.006799E-03  6.589304E-19  2.350911E-01  0.000000E+00
  1.317280E-01 -3.068373E-02  5.000000E-01  1.330599E-01 -3.095482E-02  0.000000E+00  2.191387E-02 -2.678071E-03  1.323065E-18  1.837424E-01  0.000000E+00
  1.441380E-01 -3.208611E-02  5.000000E-01  1.455952E-01 -3.237137E-02  0.000000E+00  2.214032E-02 -2.283894E-03  1.427325E-18  1.359250E-01  0.000000E+00
  1.441380E-01 -3.208611E-02  5.000000E-01  1.455952E-01 -3.237137E-02  0.000000E+00  2.214032E-02 -2.283894E-03  1.427325E-18  1.359250E-01  0.000000E+00
  1.571670E-01 -3.330247E-02  5.000000E-01  1.587558E-01 -3.360001E-02  0.000000E+00  2.209457E-02 -1.837989E-03  8.590901E-19  9.421780E-02  0.000000E+00
  1.708170E-01 -3.429785E-02  5.000000E-01  1.725437E-01 -3.460545E-02  0.000000E+00  2.178612E-02 -1.370081E-03  2.731419E-19  6.135560E-02  0.000000E+00
  1.850860E-01 -3.504855E-02  5.000000E-01  1.869568E-01 -3.536372E-02  0.000000E+00  2.131887E-02 -9.331622E-04 -4.644929E-20  3.969121E-02  0.000000E+00
  1.999720E-01 -3.556315E-02  5.000000E-01  2.019931E-01 -3.588352E-02  0.000000E+00  2.087346E-02 -5.955529E-04 -2.471857E-19  2.995964E-02  0.000000E+00
  2.154670E-01 -3.590726E-02  5.000000E-01  2.176446E-01 -3.623111E-02  0.000000E+00  2.059300E-02 -3.836362E-04 -2.256524E-19  2.778999E-02  0.000000E+00
  2.315610E-01 -3.615109E-02  5.000000E-01  2.339011E-01 -3.647740E-02  0.000000E+00  2.046502E-02 -2.355162E-04 -1.311333E-19  2.309991E-02  0.000000E+00
  2.482400E-01 -3.628632E-02  5.000000E-01  2.507486E-01 -3.661400E-02  0.000000E+00  2.039500E-02 -8.494639E-05 -2.272639E-19  1.040653E-02  0.000000E+00
  2.654840E-01 -3.629098E-02  5.000000E-01  2.681667E-01 -3.661870E-02  0.000000E+00  2.031591E-02  8.304199E-05  7.002760E-20 -7.135794E-03  0.000000E+00
  2.832720E-01 -3.613964E-02  5.000000E-01  2.861343E-01 -3.646583E-02  0.000000E+00  2.019046E-02  2.661261E-04  2.743237E-19 -2.449801E-02  0.000000E+00
  3.015770E-01 -3.581104E-02  5.000000E-01  3.046242E-01 -3.613392E-02  0.000000E+00  2.000310E-02  4.549121E-04  4.447610E-19 -3.827377E-02  0.000000E+00
  3.203660E-01 -3.529197E-02  5.000000E-01  3.236030E-01 -3.560960E-02  0.000000E+00  1.975200E-02  6.390369E-04  5.346046E-19 -4.731633E-02  0.000000E+00
  3.396030E-01 -3.457719E-02  5.000000E-01  3.430342E-01 -3.488760E-02  0.000000E+00  1.944046E-02  8.119978E-04  1.073383E-19 -5.197454E-02  0.000000E+00
  3.592490E-01 -3.366471E-02  5.000000E-01  3.628786E-01 -3.396591E-02  0.000000E+00  1.907125E-02  9.718348E-04 -2.205832E-19 -5.302602E-02  0.000000E+00
  3.792580E-01 -3.255329E-02  5.000000E-01  3.830897E-01 -3.284326E-02  0.000000E+00  1.864709E-02  1.117316E-03 -1.414536E-19 -5.085192E-02  0.000000E+00
  3.995810E-01 -3.124461E-02  5.000000E-01  4.036179E-01 -3.152137E-02  0.000000E+00  1.817169E-02  1.246052E-03 -2.210474E-19 -4.535952E-02  0.000000E+00
  4.201670E-01 -2.974458E-02  5.000000E-01  4.244118E-01 -3.000619E-02  0.000000E+00  1.764782E-02  1.356331E-03 -8.922518E-19 -3.644978E-02  0.000000E+00
  4.409600E-01 -2.806110E-02  5.000000E-01  4.454148E-01 -2.830571E-02  0.000000E+00  1.707787E-02  1.447560E-03 -9.723218E-19 -2.423235E-02  0.000000E+00
  4.619030E-01 -2.620361E-02  5.000000E-01  4.665693E-01 -2.642946E-02  0.000000E+00  1.646972E-02  1.517750E-03 -2.137428E-19 -8.791568E-03  0.000000E+00
  4.829360E-01 -2.418957E-02  5.000000E-01  4.878147E-01 -2.439508E-02  0.000000E+00  1.583800E-02  1.564342E-03 -1.034674E-19  9.690089E-03  0.000000E+00
  5.039990E-01 -2.204293E-02  5.000000E-01  5.090904E-01 -2.222677E-02  0.000000E+00  1.520004E-02  1.586589E-03 -4.785842E-19  3.066214E-02  0.000000E+00
  5.250310E-01 -1.979357E-02  5.000000E-01  5.303348E-01 -1.995468E-02  0.000000E+00  1.457287E-02  1.585940E-03  1.057240E-19  5.328951E-02  0.000000E+00
  5.459710E-01 -1.747402E-02  5.000000E-01  5.514863E-01 -1.761171E-02  0.000000E+00  1.397147E-02  1.565988E-03  2.199754E-19  7.662338E-02  0.000000E+00
  5.667600E-01 -1.511569E-02  5.000000E-01  5.724853E-01 -1.522957E-02  0.000000E+00  1.341101E-02  1.529703E-03  4.006961E-19  1.000020E-01  0.000000E+00
  4.704230E-01  5.315429E-02  5.000000E-01  4.751754E-01  5.372987E-02  0.000000E+00  2.208491E-02  7.680317E-04 -6.650499E-18 -1.053705E+00  0.000000E+00
  4.494880E-01  5.236513E-02  5.000000E-01  4.540289E-01  5.293274E-02  0.000000E+00  2.189035E-02  8.560988E-04 -7.604421E-18 -1.046943E+00  0.000000E+00
  4.286690E-01  5.151954E-02  5.000000E-01  4.329997E-01  5.207860E-02  0.000000E+00  2.186014E-02  9.112506E-04 -8.303895E-18 -1.045629E+00  0.000000E+00
  4.080230E-01  5.063827E-02  5.000000E-01  4.121452E-01  5.118844E-02  0.000000E+00  2.200211E-02  9.727777E-04 -9.245054E-18 -1.045741E+00  0.000000E+00
  3.876050E-01  4.970651E-02  5.000000E-01  3.915210E-01  5.024727E-02  0.000000E+00  2.225460E-02  1.058519E-03 -1.086892E-17 -1.044672E+00  0.000000E+00
  3.674690E-01  4.871099E-02  5.000000E-01  3.711816E-01  4.924170E-02  0.000000E+00  2.252970E-02  1.165508E-03 -1.221938E-17 -1.041752E+00  0.000000E+00
  3.476650E-01  4.764178E-02  5.000000E-01  3.511776E-01  4.816169E-02  0.000000E+00  2.277197E-02  1.289435E-03 -1.274263E-17 -1.037037E+00  0.000000E+00
  3.282390E-01  4.649127E-02  5.000000E-01  3.315555E-01  4.699956E-02  0.000000E+00  2.296475E-02  1.427515E-03 -1.262430E-17 -1.030878E+00  0.000000E+00
  3.092330E-01  4.525432E-02  5.000000E-01  3.123575E-01  4.575012E-02  0.000000E+00  2.311057E-02  1.574643E-03 -1.271719E-17 -1.023911E+00  0.000000E+00
  2.906860E-01  4.393387E-02  5.000000E-01  2.936232E-01  4.441633E-02  0.000000E+00  2.321903E-02  1.725748E-03 -1.238108E-17 -1.016761E+00  0.000000E+00
  2.726330E-01  4.253549E-02  5.000000E-01  2.753879E-01  4.300383E-02  0.000000E+00  2.330237E-02  1.879989E-03 -1.211638E-17 -1.009690E+00  0.000000E+00
  2.551020E-01  4.106466E-02  5.000000E-01  2.576799E-01  4.151815E-02  0.000000E+00  2.336887E-02  2.038447E-03 -1.216818E-17 -1.002698E+00  0.000000E+00
  2.381210E-01  3.952730E-02  5.000000E-01  2.405274E-01  3.996525E-02  0.000000E+00  2.342441E-02  2.204514E-03 -1.188688E-17 -9.956388E-01  0.000000E+00
  2.217090E-01  3.792557E-02  5.000000E-01  2.239496E-01  3.834735E-02  0.000000E+00  2.346875E-02  2.379400E-03 -1.220832E-17 -9.888169E-01  0.000000E+00
  2.058840E-01  3.626200E-02  5.000000E-01  2.079648E-01  3.666699E-02  0.000000E+00  2.348218E-02  2.541842E-03 -1.271665E-17 -9.844463E-01  0.000000E+00
  1.906600E-01  3.456419E-02  5.000000E-01  1.925871E-01  3.495203E-02  0.000000E+00  2.345707E-02  2.655571E-03 -1.453614E-17 -9.859219E-01  0.000000E+00
  1.760460E-01  3.288257E-02  5.000000E-01  1.778255E-01  3.325342E-02  0.000000E+00  2.346042E-02  2.725294E-03 -1.968633E-17 -9.937627E-01  0.000000E+00
  1.620500E-01  3.124128E-02  5.000000E-01  1.636881E-01  3.159556E-02  0.000000E+00  2.358363E-02  2.793140E-03 -2.935771E-17 -1.005212E+00  0.000000E+00
  1.486750E-01  2.964251E-02  5.000000E-01  1.501781E-01  2.998064E-02  0.000000E+00  2.384755E-02  2.888764E-03 -4.519813E-17 -1.017354E+00  0.000000E+00
  1.359210E-01  2.807808E-02  5.000000E-01  1.372953E-01  2.840041E-02  0.000000E+00  2.420197E-02  3.020070E-03 -7.016153E-17 -1.028441E+00  0.000000E+00
  1.237890E-01  2.653918E-02  5.000000E-01  1.250407E-01  2.684597E-02  0.000000E+00  2.457635E-02  3.184436E-03 -1.108343E-16 -1.037826E+00  0.000000E+00
  1.122730E-01  2.501628E-02  5.000000E-01  1.134084E-01  2.530770E-02  0.000000E+00  2.491925E-02  3.376699E-03 -1.794463E-16 -1.045610E+00  0.000000E+00
  1.013710E-01  2.350374E-02  5.000000E-01  1.023964E-01  2.377988E-02  0.000000E+00  2.520787E-02  3.590371E-03 -2.957199E-16 -1.052400E+00  0.000000E+00
  9.107400E-02  2.199952E-02  5.000000E-01  9.199536E-02  2.226047E-02  0.000000E+00  2.544586E-02  3.824658E-03 -4.940585E-16 -1.058773E+00  0.000000E+00
  9.107400E-02  2.199952E-02  5.000000E-01  9.199536E-02  2.226047E-02  0.000000E+00  2.544586E-02  3.824658E-03 -4.940585E-16 -1.058773E+00  0.000000E+00
  8.137660E-02  2.050139E-02  5.000000E-01  8.220003E-02  2.074720E-02  0.000000E+00  2.564128E-02  4.077928E-03 -8.352450E-16 -1.065475E+00  0.000000E+00
  7.227050E-02  1.901175E-02  5.000000E-01  7.300197E-02  1.924252E-02  0.000000E+00  2.579852E-02  4.344247E-03 -1.425635E-15 -1.073520E+00  0.000000E+00
  6.374670E-02  1.753570E-02  5.000000E-01  6.439209E-02  1.775157E-02  0.000000E+00  2.592838E-02  4.624742E-03 -2.449137E-15 -1.083579E+00  0.000000E+00
  5.579720E-02  1.607656E-02  5.000000E-01  5.636231E-02  1.627769E-02  0.000000E+00  2.603149E-02  4.915574E-03 -4.210161E-15 -1.096561E+00  0.000000E+00
  4.841260E-02  1.464285E-02  5.000000E-01  4.890313E-02  1.482951E-02  0.000000E+00  2.610601E-02  5.211483E-03 -7.179203E-15 -1.113454E+00  0.000000E+00
  4.158390E-02  1.324239E-02  5.000000E-01  4.200547E-02  1.341490E-02  0.000000E+00  2.615708E-02  5.518919E-03 -1.197976E-14 -1.134652E+00  0.000000E+00
  3.530370E-02  1.188003E-02  5.000000E-01  3.566185E-02  1.203878E-02  0.000000E+00  2.616575E-02  5.832567E-03 -1.921459E-14 -1.160991E+00  0.000000E+00
  2.956270E-02  1.056529E-02  5.000000E-01  2.986287E-02  1.071076E-02  0.000000E+00  2.610481E-02  6.147605E-03 -2.901937E-14 -1.193139E+00  0.000000E+00
  2.435310E-02  9.304700E-03  5.000000E-01  2.460066E-02  9.437444E-03  0.000000E+00  2.593428E-02  6.475903E-03 -4.026968E-14 -1.230506E+00  0.000000E+00
  1.967110E-02  8.098757E-03  5.000000E-01  1.987137E-02  8.219322E-03  0.000000E+00  2.551963E-02  6.788064E-03 -4.987980E-14 -1.273404E+00  0.000000E+00
  1.550860E-02  6.954622E-03  5.000000E-01  1.566684E-02  7.063632E-03  0.000000E+00  2.468302E-02  7.035639E-03 -5.342256E-14 -1.322137E+00  0.000000E+00
  1.185930E-02  5.875953E-03  5.000000E-01  1.198068E-02  5.974070E-03  0.000000E+00  2.332682E-02  7.211368E-03 -4.759599E-14 -1.374858E+00  0.000000E+00
  8.724160E-03  4.858935E-03  5.000000E-01  8.813883E-03  4.946782E-03  0.000000E+00  2.157699E-02  7.342895E-03 -3.313547E-14 -1.431106E+00  0.000000E+00
  6.091130E-03  3.911761E-03  5.000000E-01  6.154263E-03  3.990042E-03  0.000000E+00  2.032196E-02  7.819599E-03 -1.635749E-14 -1.486285E+00  0.000000E+00
  3.952840E-03  3.037149E-03  5.000000E-01  3.994378E-03  3.106597E-03  0.000000E+00  2.113417E-02  9.732902E-03 -5.918719E-15 -1.523463E+00  0.000000E+00
  2.330070E-03  2.222309E-03  5.000000E-01  2.355220E-03  2.283529E-03  0.000000E+00  2.423824E-02  1.419445E-02 -5.394006E-15 -1.531153E+00  0.000000E+00
  1.198080E-03  1.485353E-03  5.000000E-01  1.211798E-03  1.539131E-03  0.000000E+00  2.759998E-02  2.138973E-02 -1.149686E-14 -1.519315E+00  0.000000E+00
  5.019560E-04  8.593411E-04  5.000000E-01  5.086442E-04  9.067961E-04  0.000000E+00  3.041307E-02  3.350467E-02 -1.998769E-14 -1.530858E+00  0.000000E+00
  1.313430E-04  3.761876E-04  5.000000E-01  1.342884E-04  4.187634E-04  0.000000E+00  3.506605E-02  7.036750E-02 -2.933464E-14 -1.566136E+00  0.000000E+00
  8.078190E-06  6.804033E-05  5.000000E-01  9.778777E-06  1.075041E-04  0.000000E+00  3.054509E-02  1.732909E-01 -4.076997E-14 -1.484773E+00  0.000000E+00
 -1.602820E-06 -3.838897E-05  5.000000E-01  0.000000E+00  0.000000E+00  0.000000E+00 -4.943689E-03  2.521483E-01 -5.219385E-14 -1.190868E+00  0.000000E+00
  9.141860E-06 -1.484405E-04  5.000000E-01  1.085319E-05 -1.111629E-04  0.000000E+00 -4.976228E-02  1.967989E-01 -6.332687E-14 -4.687517E-01  0.000000E+00
  1.696960E-04 -4.810417E-04  5.000000E-01  1.730287E-04 -4.471230E-04  0.000000E+00 -6.436876E-02  9.282218E-02 -6.615508E-14  5.408844E-01  0.000000E+00
    1    2
    2    3
    3    4
    4    5
    5    6
    6    7
    7    8
    8    9
    9   10
   10   11
   11   12
   12   13
   13   14
   14   15
   15   16
   16   17
   17   18
   18   19
   19   20
   20   21
   21   22
   22   23
   23   24
   25   26
   26   27
   27   28
   28   29
   29   30
   30   31
   31   32
   32   33
   33   34
   34   35
   35   36
   36   37
   37   38
   38   39
   39   40
   40   41
   41   42
   42   43
   43   44
   44   45
   45   46
   46   47
   47   48
   49   50
   50   51
   51   52
   52   53
   53   54
   54   55
   55   56
   56   57
   57   58
   58   59
   59   60
   60   61
   61   62
   62   63
   63   64
   64   65
   65   66
   66   67
   67   68
   68   69
   69   70
   70   71
   71   72
   73   74
   74   75
   75   76
   76   77
   77   78
   78   79
   79   80
   80   81
   81   82
   82   83
   83   84
   84   85
   85   86
   86   87
   87   88
   88   89
   89   90
   90   91
   91   92
   92   93
   93   94
   94   95
   95   96
   97   98
   98   99
   99  100
  100  101
  101  102
  102  103
  103  104
  104  105
  105  106
  106  107
  107  108
  108  109
  109  110
  110  111
  111  112
  112  113
  113  114
  114  115
  115  116
  116  117
  117  118
  118  119
  119  120
  121  122
  122  123
  123  124
  124  125
  125  126
  126  127
  127  128
  128  129
  129  130
  130  131
  131  132
  132  133
  133  134
  134  135
  135  136
  136  137
  137  138
  138  139
  139  140
  140  141
  141  142
  142  143
  143  144
  145  146
  146  147
  147  148
  148  149
  149  150
  150  151
  151  152
  152  153
  153  154
  154  155
  155  156
  156  157
  157  158
  158  159
  159  160
  160  161
  161  162
  162  163
  163  164
  164  165
  165  166
  166  167
  167  168
  169  170
  170  171
  171  172
  172  173
  173  174
  174  175
  175  176
  176  177
  177  178
  178  179
  179  180
  180  181
  181  182
  182  183
  183  184
  184  185
  185  186
  186  187
  187  188
  188  189
  189  190
  190  191
  191  192
