 Title = "ADflow Slice Data"
Variables =  "CoordinateX"  "CoordinateY"  "CoordinateZ"  "XoC"  "YoC"  "ZoC" "VelocityX" "VelocityY" "VelocityZ" "CoefPressure" "Mach" 
Zone T= "Slice_0001 None Absolute Regular z = 0.50000000"
 Nodes =          192  Elements=          184  ZONETYPE=FELINESEG
 DATAPACKING=POINT
  5.667600E-01 -1.466868E-02  5.000000E-01  5.724853E-01 -1.477263E-02  0.000000E+00  1.308673E-02  1.508770E-03  2.727891E-18  1.149998E-01  0.000000E+00
  5.873410E-01 -1.229333E-02  5.000000E-01  5.932741E-01 -1.237328E-02  0.000000E+00  1.264500E-02  1.453029E-03  1.474888E-18  1.365890E-01  0.000000E+00
  6.076580E-01 -9.969418E-03  5.000000E-01  6.137963E-01 -1.002591E-02  0.000000E+00  1.226052E-02  1.389004E-03 -1.053396E-18  1.569545E-01  0.000000E+00
  6.276600E-01 -7.726060E-03  5.000000E-01  6.340003E-01 -7.759894E-03  0.000000E+00  1.193181E-02  1.319901E-03 -2.435201E-19  1.756744E-01  0.000000E+00
  6.472970E-01 -5.585248E-03  5.000000E-01  6.538356E-01 -5.597462E-03  0.000000E+00  1.165106E-02  1.249849E-03  1.440764E-18  1.924539E-01  0.000000E+00
  6.665260E-01 -3.557365E-03  5.000000E-01  6.732588E-01 -3.549099E-03  0.000000E+00  1.140850E-02  1.181131E-03  1.561343E-18  2.074575E-01  0.000000E+00
  6.853050E-01 -1.649897E-03  5.000000E-01  6.922274E-01 -1.622368E-03  0.000000E+00  1.119624E-02  1.111699E-03  1.735820E-19  2.213798E-01  0.000000E+00
  7.035980E-01  1.243450E-04  5.000000E-01  7.107052E-01  1.697918E-04  0.000000E+00  1.100127E-02  1.039188E-03 -1.029775E-18  2.345916E-01  0.000000E+00
  7.213750E-01  1.757544E-03  5.000000E-01  7.286617E-01  1.819484E-03  0.000000E+00  1.079862E-02  9.636475E-04 -1.018015E-18  2.469326E-01  0.000000E+00
  7.386080E-01  3.248658E-03  5.000000E-01  7.460687E-01  3.325657E-03  0.000000E+00  1.055794E-02  8.867636E-04  1.183844E-19  2.584729E-01  0.000000E+00
  7.552750E-01  4.605034E-03  5.000000E-01  7.629040E-01  4.695731E-03  0.000000E+00  1.026070E-02  8.124345E-04 -1.636026E-18  2.697004E-01  0.000000E+00
  7.713580E-01  5.840869E-03  5.000000E-01  7.791495E-01  5.944046E-03  0.000000E+00  9.920365E-03  7.421486E-04 -2.112427E-18  2.811696E-01  0.000000E+00
  7.868410E-01  6.967772E-03  5.000000E-01  7.947888E-01  7.082330E-03  0.000000E+00  9.606084E-03  6.578535E-04 -7.329515E-19  2.945953E-01  0.000000E+00
  8.017160E-01  7.925160E-03  5.000000E-01  8.098140E-01  8.049386E-03  0.000000E+00  9.422253E-03  5.359093E-04 -7.333364E-19  3.102944E-01  0.000000E+00
  8.159740E-01  8.628090E-03  5.000000E-01  8.242160E-01  8.759415E-03  0.000000E+00  9.435265E-03  3.819886E-04 -4.416695E-19  3.231999E-01  0.000000E+00
  8.296120E-01  9.057493E-03  5.000000E-01  8.379918E-01  9.193154E-03  0.000000E+00  9.650438E-03  2.144808E-04  1.183698E-18  3.283242E-01  0.000000E+00
  8.426300E-01  9.228504E-03  5.000000E-01  8.511412E-01  9.365893E-03  0.000000E+00  1.004510E-02  4.066130E-05  2.368920E-18  3.255547E-01  0.000000E+00
  8.550290E-01  9.171658E-03  5.000000E-01  8.636654E-01  9.308472E-03  0.000000E+00  1.059128E-02 -1.382577E-04  1.147259E-18  3.168705E-01  0.000000E+00
  8.668160E-01  8.924078E-03  5.000000E-01  8.755715E-01  9.058392E-03  0.000000E+00  1.126009E-02 -3.210480E-04 -1.391340E-19  3.036296E-01  0.000000E+00
  8.779950E-01  8.526596E-03  5.000000E-01  8.868634E-01  8.656896E-03  0.000000E+00  1.202161E-02 -5.051378E-04 -4.869801E-19  2.863961E-01  0.000000E+00
  8.885730E-01  8.018177E-03  5.000000E-01  8.975482E-01  8.143343E-03  0.000000E+00  1.284644E-02 -6.879745E-04  5.480653E-19  2.657566E-01  0.000000E+00
  8.985610E-01  7.431969E-03  5.000000E-01  9.076371E-01  7.551214E-03  0.000000E+00  1.370180E-02 -8.628251E-04  7.197692E-19  2.422304E-01  0.000000E+00
  9.079670E-01  6.801586E-03  5.000000E-01  9.171381E-01  6.914465E-03  0.000000E+00  1.454828E-02 -1.017320E-03  1.210530E-18  2.162796E-01  0.000000E+00
  9.168010E-01  6.159418E-03  5.000000E-01  9.260613E-01  6.265812E-03  0.000000E+00  1.534813E-02 -1.142336E-03  2.193993E-18  1.889637E-01  0.000000E+00
  9.168010E-01  6.159418E-03  5.000000E-01  9.260613E-01  6.265812E-03  0.000000E+00  1.534813E-02 -1.142336E-03  2.193993E-18  1.889637E-01  0.000000E+00
  9.250730E-01  5.530185E-03  5.000000E-01  9.344168E-01  5.630225E-03  0.000000E+00  1.607809E-02 -1.239152E-03  1.764052E-18  1.618093E-01  0.000000E+00
  9.327940E-01  4.928065E-03  5.000000E-01  9.422158E-01  5.022024E-03  0.000000E+00  1.673765E-02 -1.319524E-03  8.707215E-19  1.361310E-01  0.000000E+00
  9.399760E-01  4.356290E-03  5.000000E-01  9.494703E-01  4.444474E-03  0.000000E+00  1.734304E-02 -1.395022E-03  1.957449E-19  1.121963E-01  0.000000E+00
  9.466320E-01  3.815527E-03  5.000000E-01  9.561935E-01  3.898251E-03  0.000000E+00  1.791441E-02 -1.470180E-03  6.314136E-19  8.926578E-02  0.000000E+00
  9.527730E-01  3.306577E-03  5.000000E-01  9.623965E-01  3.384160E-03  0.000000E+00  1.847642E-02 -1.551493E-03  1.554551E-18  6.679849E-02  0.000000E+00
  9.584110E-01  2.827280E-03  5.000000E-01  9.680915E-01  2.900023E-03  0.000000E+00  1.906175E-02 -1.649615E-03  2.118122E-18  4.456144E-02  0.000000E+00
  9.635570E-01  2.374392E-03  5.000000E-01  9.732895E-01  2.442561E-03  0.000000E+00  1.970429E-02 -1.770423E-03  1.166616E-18  2.183615E-02  0.000000E+00
  9.682220E-01  1.946834E-03  5.000000E-01  9.780016E-01  2.010686E-03  0.000000E+00  2.043616E-02 -1.914539E-03 -8.002202E-19 -2.467022E-03  0.000000E+00
  9.724140E-01  1.545881E-03  5.000000E-01  9.822359E-01  1.605683E-03  0.000000E+00  2.130536E-02 -2.089966E-03 -1.854225E-18 -2.897967E-02  0.000000E+00
  9.761430E-01  1.171451E-03  5.000000E-01  9.860026E-01  1.227472E-03  0.000000E+00  2.239406E-02 -2.313875E-03  1.682420E-19 -5.815557E-02  0.000000E+00
  9.794160E-01  8.242751E-04  5.000000E-01  9.893086E-01  8.767903E-04  0.000000E+00  2.380449E-02 -2.599709E-03  1.087872E-17 -9.107896E-02  0.000000E+00
  9.822400E-01  5.074311E-04  5.000000E-01  9.921611E-01  5.567465E-04  0.000000E+00  2.558811E-02 -2.949713E-03  1.963811E-17 -1.292083E-01  0.000000E+00
  9.846200E-01  2.260655E-04  5.000000E-01  9.945652E-01  2.725395E-04  0.000000E+00  2.761486E-02 -3.350809E-03 -2.926985E-17 -1.729015E-01  0.000000E+00
  9.865620E-01 -1.453611E-05  5.000000E-01  9.965268E-01  2.950808E-05  0.000000E+00  2.943979E-02 -3.715442E-03 -2.079342E-16 -2.202702E-01  0.000000E+00
  9.880680E-01 -2.086062E-04  5.000000E-01  9.980480E-01 -1.665218E-04  0.000000E+00  2.991670E-02 -3.832025E-03 -4.133895E-16 -2.775567E-01  0.000000E+00
  9.891420E-01 -3.514241E-04  5.000000E-01  9.991328E-01 -3.107821E-04  0.000000E+00  2.818411E-02 -3.918557E-03  4.717104E-17 -3.445813E-01  0.000000E+00
  9.897860E-01 -4.389488E-04  5.000000E-01  9.997833E-01 -3.991907E-04  0.000000E+00  3.796381E-02 -4.021862E-03  2.351442E-15 -2.907408E-01  0.000000E+00
  9.900000E-01 -4.683024E-04  5.000000E-01  9.999995E-01 -4.288407E-04  0.000000E+00  2.623870E-02  5.266525E-03  2.260042E-15 -5.836311E-01  0.000000E+00
  9.900000E-01 -1.843755E-04  5.000000E-01  9.999995E-01 -1.420465E-04  0.000000E+00  1.233567E-03 -7.894052E-03  1.555155E-15 -8.105572E-01  0.000000E+00
  9.900000E-01  9.955143E-05  5.000000E-01  9.999995E-01  1.447478E-04  0.000000E+00 -4.477944E-04 -2.276666E-02  3.288306E-15 -6.300576E-01  0.000000E+00
  9.900000E-01  3.834783E-04  5.000000E-01  9.999995E-01  4.315420E-04  0.000000E+00 -1.441991E-04 -8.865294E-03  3.976736E-15 -6.299381E-01  0.000000E+00
  9.900000E-01  6.674052E-04  5.000000E-01  9.999995E-01  7.183363E-04  0.000000E+00  4.654217E-04 -5.228466E-03  3.838939E-15 -6.898768E-01  0.000000E+00
  9.900000E-01  9.513321E-04  5.000000E-01  9.999995E-01  1.005130E-03  0.000000E+00  6.809715E-03 -6.639186E-03  3.524375E-15 -6.316160E-01  0.000000E+00
  9.900000E-01  9.513321E-04  5.000000E-01  9.999995E-01  1.005130E-03  0.000000E+00  6.809715E-03 -6.639186E-03  3.524375E-15 -6.316160E-01  0.000000E+00
  9.897890E-01  1.017904E-03  5.000000E-01  9.997864E-01  1.072374E-03  0.000000E+00  9.034360E-03 -3.476252E-03  2.963084E-15 -5.540039E-01  0.000000E+00
  9.891540E-01  1.218674E-03  5.000000E-01  9.991450E-01  1.275172E-03  0.000000E+00  4.581752E-03 -1.355577E-03  1.954506E-15 -5.726046E-01  0.000000E+00
  9.880950E-01  1.555408E-03  5.000000E-01  9.980753E-01  1.615307E-03  0.000000E+00  3.038529E-03 -9.653277E-04  1.081021E-15 -5.721422E-01  0.000000E+00
  9.866100E-01  2.031333E-03  5.000000E-01  9.965753E-01  2.096038E-03  0.000000E+00  1.997730E-03 -6.542949E-04  5.225498E-16 -5.642197E-01  0.000000E+00
  9.846960E-01  2.650663E-03  5.000000E-01  9.946419E-01  2.721623E-03  0.000000E+00  1.009865E-03 -3.279968E-04  2.246381E-16 -5.605562E-01  0.000000E+00
  9.823490E-01  3.418254E-03  5.000000E-01  9.922712E-01  3.496965E-03  0.000000E+00  1.982791E-04 -6.355440E-05  7.850454E-17 -5.595440E-01  0.000000E+00
  9.795670E-01  4.338754E-03  5.000000E-01  9.894611E-01  4.426761E-03  0.000000E+00 -4.163043E-04  1.389000E-04  1.037359E-17 -5.597506E-01  0.000000E+00
  9.763420E-01  5.417946E-03  5.000000E-01  9.862036E-01  5.516852E-03  0.000000E+00 -8.631695E-04  2.904571E-04 -1.527038E-17 -5.611644E-01  0.000000E+00
  9.726710E-01  6.659567E-03  5.000000E-01  9.824955E-01  6.771012E-03  0.000000E+00 -1.166534E-03  3.963213E-04 -1.760537E-17 -5.636787E-01  0.000000E+00
  9.685460E-01  8.066798E-03  5.000000E-01  9.783288E-01  8.192454E-03  0.000000E+00 -1.343292E-03  4.598496E-04 -1.056938E-17 -5.668807E-01  0.000000E+00
  9.639600E-01  9.641788E-03  5.000000E-01  9.736965E-01  9.783350E-03  0.000000E+00 -1.409441E-03  4.853869E-04 -3.487711E-18 -5.702670E-01  0.000000E+00
  9.589060E-01  1.138669E-02  5.000000E-01  9.685915E-01  1.154588E-02  0.000000E+00 -1.384619E-03  4.789281E-04 -6.723735E-21 -5.733620E-01  0.000000E+00
  9.533750E-01  1.330271E-02  5.000000E-01  9.630046E-01  1.348124E-02  0.000000E+00 -1.293949E-03  4.485299E-04  5.480197E-19 -5.757957E-01  0.000000E+00
  9.473580E-01  1.538860E-02  5.000000E-01  9.569269E-01  1.558820E-02  0.000000E+00 -1.166717E-03  4.041401E-04  3.033430E-19 -5.773706E-01  0.000000E+00
  9.408450E-01  1.764107E-02  5.000000E-01  9.503481E-01  1.786341E-02  0.000000E+00 -1.032879E-03  3.563604E-04  1.175078E-18 -5.781012E-01  0.000000E+00
  9.338260E-01  2.005485E-02  5.000000E-01  9.432582E-01  2.030157E-02  0.000000E+00 -9.191294E-04  3.146936E-04  2.019647E-18 -5.782035E-01  0.000000E+00
  9.262910E-01  2.262156E-02  5.000000E-01  9.356471E-01  2.289420E-02  0.000000E+00 -8.461856E-04  2.862439E-04  1.728841E-18 -5.780238E-01  0.000000E+00
  9.182290E-01  2.532844E-02  5.000000E-01  9.275037E-01  2.562842E-02  0.000000E+00 -8.281652E-04  2.752197E-04  2.289034E-19 -5.779307E-01  0.000000E+00
  9.096280E-01  2.815789E-02  5.000000E-01  9.188158E-01  2.848645E-02  0.000000E+00 -8.730901E-04  2.830313E-04 -1.107347E-18 -5.782840E-01  0.000000E+00
  9.004770E-01  3.108658E-02  5.000000E-01  9.095724E-01  3.144471E-02  0.000000E+00 -9.833083E-04  3.085437E-04 -9.063020E-19 -5.794101E-01  0.000000E+00
  8.907650E-01  3.408375E-02  5.000000E-01  8.997623E-01  3.447215E-02  0.000000E+00 -1.156778E-03  3.478618E-04 -4.420006E-19 -5.814163E-01  0.000000E+00
  8.804800E-01  3.710832E-02  5.000000E-01  8.893735E-01  3.752727E-02  0.000000E+00 -1.388078E-03  3.938696E-04  3.169100E-19 -5.841908E-01  0.000000E+00
  8.696090E-01  4.010493E-02  5.000000E-01  8.783927E-01  4.055413E-02  0.000000E+00 -1.665096E-03  4.373618E-04  1.451255E-18 -5.876898E-01  0.000000E+00
  8.696090E-01  4.010493E-02  5.000000E-01  8.783927E-01  4.055413E-02  0.000000E+00 -1.665096E-03  4.373618E-04  1.451255E-18 -5.876898E-01  0.000000E+00
  8.581400E-01  4.300207E-02  5.000000E-01  8.668079E-01  4.348054E-02  0.000000E+00 -1.968448E-03  4.693481E-04  1.844753E-18 -5.912036E-01  0.000000E+00
  8.460600E-01  4.571639E-02  5.000000E-01  8.546059E-01  4.622227E-02  0.000000E+00 -2.279624E-03  4.806626E-04  1.058342E-18 -5.926112E-01  0.000000E+00
  8.333640E-01  4.816919E-02  5.000000E-01  8.417816E-01  4.869983E-02  0.000000E+00 -2.554573E-03  4.531473E-04  6.350170E-20 -5.935330E-01  0.000000E+00
  8.200460E-01  5.028651E-02  5.000000E-01  8.283292E-01  5.083853E-02  0.000000E+00 -2.601138E-03  3.594008E-04 -6.882656E-19 -6.102826E-01  0.000000E+00
  8.061050E-01  5.200318E-02  5.000000E-01  8.142474E-01  5.257255E-02  0.000000E+00 -1.903133E-03  1.903791E-04  7.694890E-19 -6.722800E-01  0.000000E+00
  7.915460E-01  5.329650E-02  5.000000E-01  7.995413E-01  5.387892E-02  0.000000E+00  3.919866E-04 -1.835961E-05  4.009897E-18 -7.920028E-01  0.000000E+00
  7.763770E-01  5.420936E-02  5.000000E-01  7.842191E-01  5.480100E-02  0.000000E+00  5.028224E-03 -1.995322E-04  4.100732E-18 -9.364430E-01  0.000000E+00
  7.606070E-01  5.481347E-02  5.000000E-01  7.682899E-01  5.541122E-02  0.000000E+00  1.157053E-02 -2.629961E-04  9.734972E-19 -1.046281E+00  0.000000E+00
  7.442510E-01  5.511390E-02  5.000000E-01  7.517687E-01  5.571467E-02  0.000000E+00  1.779774E-02 -1.307903E-04 -2.860798E-18 -1.089530E+00  0.000000E+00
  7.273250E-01  5.512273E-02  5.000000E-01  7.346718E-01  5.572360E-02  0.000000E+00  2.140143E-02  1.443409E-04 -7.662382E-18 -1.081787E+00  0.000000E+00
  7.098490E-01  5.488252E-02  5.000000E-01  7.170193E-01  5.548096E-02  0.000000E+00  2.207121E-02  3.924759E-04 -1.160501E-17 -1.057516E+00  0.000000E+00
  6.918480E-01  5.447435E-02  5.000000E-01  6.988365E-01  5.506867E-02  0.000000E+00  2.111096E-02  4.855511E-04 -1.225369E-17 -1.042670E+00  0.000000E+00
  6.733520E-01  5.402835E-02  5.000000E-01  6.801537E-01  5.461817E-02  0.000000E+00  1.989940E-02  3.972200E-04 -1.066470E-17 -1.049100E+00  0.000000E+00
  6.543930E-01  5.372067E-02  5.000000E-01  6.610032E-01  5.430738E-02  0.000000E+00  1.921550E-02  1.863280E-04 -8.007722E-18 -1.074975E+00  0.000000E+00
  6.350090E-01  5.366177E-02  5.000000E-01  6.414235E-01  5.424789E-02  0.000000E+00  1.932265E-02 -3.712952E-05 -5.176030E-18 -1.107493E+00  0.000000E+00
  6.152440E-01  5.380269E-02  5.000000E-01  6.214589E-01  5.439022E-02  0.000000E+00  2.005233E-02 -1.979834E-04 -4.120751E-18 -1.134167E+00  0.000000E+00
  5.951420E-01  5.405822E-02  5.000000E-01  6.011539E-01  5.464834E-02  0.000000E+00  2.100347E-02 -2.699831E-04 -4.956183E-18 -1.148865E+00  0.000000E+00
  5.747530E-01  5.432677E-02  5.000000E-01  5.805590E-01  5.491960E-02  0.000000E+00  2.184518E-02 -2.297313E-04 -6.457235E-18 -1.149301E+00  0.000000E+00
  5.541290E-01  5.449567E-02  5.000000E-01  5.597267E-01  5.509020E-02  0.000000E+00  2.241884E-02 -6.876237E-05 -6.605152E-18 -1.136351E+00  0.000000E+00
  5.333260E-01  5.445644E-02  5.000000E-01  5.387136E-01  5.505058E-02  0.000000E+00  2.267105E-02  1.644504E-04 -6.999386E-18 -1.115259E+00  0.000000E+00
  5.124010E-01  5.418939E-02  5.000000E-01  5.175773E-01  5.478084E-02  0.000000E+00  2.264215E-02  3.977685E-04 -7.880091E-18 -1.092731E+00  0.000000E+00
  4.914140E-01  5.371671E-02  5.000000E-01  4.963783E-01  5.430338E-02  0.000000E+00  2.246808E-02  6.009144E-04 -7.925320E-18 -1.072502E+00  0.000000E+00
  4.704230E-01  5.306471E-02  5.000000E-01  4.751754E-01  5.364479E-02  0.000000E+00  2.227726E-02  7.711230E-04 -8.247075E-18 -1.055999E+00  0.000000E+00
  1.696960E-04 -4.873368E-04  5.000000E-01  1.730287E-04 -4.480673E-04  0.000000E+00 -6.438616E-02  9.312671E-02 -7.891257E-14  5.327122E-01  0.000000E+00
  8.054360E-04 -9.879909E-04  5.000000E-01  8.151890E-04 -9.537775E-04  0.000000E+00 -4.711467E-02  3.322800E-02 -6.132703E-14  1.102035E+00  0.000000E+00
  1.973980E-03 -1.601298E-03  5.000000E-01  1.995534E-03 -1.573278E-03  0.000000E+00 -2.131295E-02  1.072212E-02 -3.382782E-14  1.175774E+00  0.000000E+00
  3.614630E-03 -2.324936E-03  5.000000E-01  3.652753E-03 -2.304224E-03  0.000000E+00 -4.307751E-03  1.901724E-03 -1.166790E-14  1.154326E+00  0.000000E+00
  5.721210E-03 -3.167323E-03  5.000000E-01  5.780607E-03 -3.155118E-03  0.000000E+00  4.805332E-03 -1.808452E-03 -1.517696E-16  1.125245E+00  0.000000E+00
  8.297500E-03 -4.126016E-03  5.000000E-01  8.382914E-03 -4.123493E-03  0.000000E+00  9.148898E-03 -3.254752E-03  2.898241E-15  1.081792E+00  0.000000E+00
  1.136560E-02 -5.181532E-03  5.000000E-01  1.148200E-02 -5.189668E-03  0.000000E+00  1.094326E-02 -3.629221E-03  2.151029E-15  1.027996E+00  0.000000E+00
  1.493280E-02 -6.322652E-03  5.000000E-01  1.508522E-02 -6.342313E-03  0.000000E+00  1.155648E-02 -3.606821E-03  8.228212E-16  9.738572E-01  0.000000E+00
  1.899460E-02 -7.557647E-03  5.000000E-01  1.918804E-02 -7.589780E-03  0.000000E+00  1.182265E-02 -3.542986E-03  6.652476E-17  9.233263E-01  0.000000E+00
  2.354800E-02 -8.902525E-03  5.000000E-01  2.378743E-02 -8.948240E-03  0.000000E+00  1.216137E-02 -3.539135E-03 -1.392021E-16  8.734963E-01  0.000000E+00
  2.860130E-02 -1.035280E-02  5.000000E-01  2.889176E-02 -1.041316E-02  0.000000E+00  1.269509E-02 -3.582650E-03 -1.068213E-16  8.217744E-01  0.000000E+00
  3.416500E-02 -1.189737E-02  5.000000E-01  3.451165E-02 -1.197333E-02  0.000000E+00  1.340833E-02 -3.655791E-03 -3.984754E-17  7.693731E-01  0.000000E+00
  4.024810E-02 -1.352702E-02  5.000000E-01  4.065618E-02 -1.361943E-02  0.000000E+00  1.424403E-02 -3.739346E-03 -1.469459E-18  7.171902E-01  0.000000E+00
  4.686030E-02 -1.522940E-02  5.000000E-01  4.733515E-02 -1.533901E-02  0.000000E+00  1.513816E-02 -3.813077E-03  8.069135E-18  6.650099E-01  0.000000E+00
  5.401090E-02 -1.699276E-02  5.000000E-01  5.455797E-02 -1.712017E-02  0.000000E+00  1.604348E-02 -3.868034E-03  5.713805E-18  6.129029E-01  0.000000E+00
  6.170850E-02 -1.880837E-02  5.000000E-01  6.233330E-02 -1.895412E-02  0.000000E+00  1.693373E-02 -3.895476E-03  3.086457E-18  5.604984E-01  0.000000E+00
  6.996310E-02 -2.066180E-02  5.000000E-01  7.067127E-02 -2.082627E-02  0.000000E+00  1.779479E-02 -3.882656E-03  1.265050E-18  5.070904E-01  0.000000E+00
  7.878500E-02 -2.253328E-02  5.000000E-01  7.958226E-02 -2.271665E-02  0.000000E+00  1.862346E-02 -3.825792E-03  7.038613E-19  4.528668E-01  0.000000E+00
  8.818390E-02 -2.440349E-02  5.000000E-01  8.907608E-02 -2.460575E-02  0.000000E+00  1.942125E-02 -3.724848E-03  1.045417E-18  3.982498E-01  0.000000E+00
  9.816930E-02 -2.624968E-02  5.000000E-01  9.916232E-02 -2.647059E-02  0.000000E+00  2.018294E-02 -3.575012E-03  1.828981E-18  3.432870E-01  0.000000E+00
  1.087500E-01 -2.804472E-02  5.000000E-01  1.098499E-01 -2.828375E-02  0.000000E+00  2.089243E-02 -3.372543E-03  2.403234E-18  2.883870E-01  0.000000E+00
  1.199340E-01 -2.976098E-02  5.000000E-01  1.211468E-01 -3.001734E-02  0.000000E+00  2.151463E-02 -3.112026E-03  2.173702E-18  2.342405E-01  0.000000E+00
  1.317280E-01 -3.136602E-02  5.000000E-01  1.330599E-01 -3.163859E-02  0.000000E+00  2.198818E-02 -2.784067E-03  2.104062E-18  1.816858E-01  0.000000E+00
  1.441380E-01 -3.282207E-02  5.000000E-01  1.455952E-01 -3.310934E-02  0.000000E+00  2.224064E-02 -2.388123E-03  1.207196E-18  1.325066E-01  0.000000E+00
  1.441380E-01 -3.282207E-02  5.000000E-01  1.455952E-01 -3.310934E-02  0.000000E+00  2.224064E-02 -2.388123E-03  1.207196E-18  1.325066E-01  0.000000E+00
  1.571670E-01 -3.409223E-02  5.000000E-01  1.587558E-01 -3.439233E-02  0.000000E+00  2.221983E-02 -1.937765E-03  4.144674E-19  8.929798E-02  0.000000E+00
  1.708170E-01 -3.514118E-02  5.000000E-01  1.725437E-01 -3.545187E-02  0.000000E+00  2.193611E-02 -1.463260E-03  2.106409E-18  5.482940E-02  0.000000E+00
  1.850860E-01 -3.594498E-02  5.000000E-01  1.869568E-01 -3.626379E-02  0.000000E+00  2.149765E-02 -1.019034E-03  2.555794E-18  3.148899E-02  0.000000E+00
  1.999720E-01 -3.651240E-02  5.000000E-01  2.019931E-01 -3.683695E-02  0.000000E+00  2.109256E-02 -6.754852E-04  6.117695E-19  2.000758E-02  0.000000E+00
  2.154670E-01 -3.690993E-02  5.000000E-01  2.176446E-01 -3.723849E-02  0.000000E+00  2.086990E-02 -4.595736E-04 -2.113982E-19  1.585924E-02  0.000000E+00
  2.315610E-01 -3.720767E-02  5.000000E-01  2.339011E-01 -3.753924E-02  0.000000E+00  2.081535E-02 -3.059798E-04 -2.051330E-19  8.622310E-03  0.000000E+00
  2.482400E-01 -3.739386E-02  5.000000E-01  2.507486E-01 -3.772730E-02  0.000000E+00  2.082460E-02 -1.439675E-04 -4.021804E-19 -7.383941E-03  0.000000E+00
  2.654840E-01 -3.744103E-02  5.000000E-01  2.681667E-01 -3.777495E-02  0.000000E+00  2.081432E-02  4.414130E-05 -7.604835E-19 -2.882682E-02  0.000000E+00
  2.832720E-01 -3.731617E-02  5.000000E-01  2.861343E-01 -3.764883E-02  0.000000E+00  2.072404E-02  2.573652E-04 -6.203193E-19 -5.016466E-02  0.000000E+00
  3.015770E-01 -3.698831E-02  5.000000E-01  3.046242E-01 -3.731766E-02  0.000000E+00  2.051372E-02  4.856992E-04  1.501198E-20 -6.718271E-02  0.000000E+00
  3.203660E-01 -3.643296E-02  5.000000E-01  3.236030E-01 -3.675670E-02  0.000000E+00  2.016619E-02  7.153843E-04  4.203278E-20 -7.776020E-02  0.000000E+00
  3.396030E-01 -3.563390E-02  5.000000E-01  3.430342E-01 -3.594957E-02  0.000000E+00  1.969168E-02  9.308369E-04 -5.249724E-19 -8.115503E-02  0.000000E+00
  3.592490E-01 -3.458904E-02  5.000000E-01  3.628786E-01 -3.489416E-02  0.000000E+00  1.912212E-02  1.118768E-03 -4.543968E-19 -7.751865E-02  0.000000E+00
  3.792580E-01 -3.330830E-02  5.000000E-01  3.830897E-01 -3.360048E-02  0.000000E+00  1.849457E-02  1.273590E-03  6.249162E-19 -6.791578E-02  0.000000E+00
  3.995810E-01 -3.180680E-02  5.000000E-01  4.036179E-01 -3.208382E-02  0.000000E+00  1.784140E-02  1.394930E-03  2.124772E-18 -5.379835E-02  0.000000E+00
  4.201670E-01 -3.010560E-02  5.000000E-01  4.244118E-01 -3.036544E-02  0.000000E+00  1.718630E-02  1.484487E-03  1.866540E-18 -3.650330E-02  0.000000E+00
  4.409600E-01 -2.822920E-02  5.000000E-01  4.454148E-01 -2.847009E-02  0.000000E+00  1.654109E-02  1.546259E-03  9.575532E-20 -1.718326E-02  0.000000E+00
  4.619030E-01 -2.620149E-02  5.000000E-01  4.665693E-01 -2.642190E-02  0.000000E+00  1.590820E-02  1.585336E-03 -7.367104E-19  3.309407E-03  0.000000E+00
  4.829360E-01 -2.404380E-02  5.000000E-01  4.878147E-01 -2.424242E-02  0.000000E+00  1.528909E-02  1.604674E-03 -6.077785E-19  2.465508E-02  0.000000E+00
  5.039990E-01 -2.178111E-02  5.000000E-01  5.090904E-01 -2.195689E-02  0.000000E+00  1.468962E-02  1.604738E-03 -3.903027E-19  4.686730E-02  0.000000E+00
  5.250310E-01 -1.944354E-02  5.000000E-01  5.303348E-01 -1.959570E-02  0.000000E+00  1.411771E-02  1.586765E-03  2.499082E-19  6.971491E-02  0.000000E+00
  5.459710E-01 -1.706290E-02  5.000000E-01  5.514863E-01 -1.719103E-02  0.000000E+00  1.358063E-02  1.553898E-03  1.073244E-18  9.259751E-02  0.000000E+00
  5.667600E-01 -1.466868E-02  5.000000E-01  5.724853E-01 -1.477263E-02  0.000000E+00  1.308673E-02  1.508770E-03  2.727891E-18  1.149998E-01  0.000000E+00
  4.704230E-01  5.306471E-02  5.000000E-01  4.751754E-01  5.364479E-02  0.000000E+00  2.227726E-02  7.711230E-04 -8.247075E-18 -1.055999E+00  0.000000E+00
  4.494880E-01  5.226392E-02  5.000000E-01  4.540289E-01  5.283592E-02  0.000000E+00  2.213811E-02  9.105499E-04 -8.060869E-18 -1.043611E+00  0.000000E+00
  4.286690E-01  5.134668E-02  5.000000E-01  4.329997E-01  5.190941E-02  0.000000E+00  2.207684E-02  1.028258E-03 -8.286149E-18 -1.034693E+00  0.000000E+00
  4.080230E-01  5.033341E-02  5.000000E-01  4.121452E-01  5.088591E-02  0.000000E+00  2.209424E-02  1.137876E-03 -8.670705E-18 -1.028001E+00  0.000000E+00
  3.876050E-01  4.923307E-02  5.000000E-01  3.915210E-01  4.977446E-02  0.000000E+00  2.216767E-02  1.245276E-03 -8.686665E-18 -1.022768E+00  0.000000E+00
  3.674690E-01  4.805612E-02  5.000000E-01  3.711816E-01  4.858562E-02  0.000000E+00  2.226838E-02  1.348612E-03 -9.936252E-18 -1.018890E+00  0.000000E+00
  3.476650E-01  4.681476E-02  5.000000E-01  3.511776E-01  4.733173E-02  0.000000E+00  2.238104E-02  1.446308E-03 -1.103752E-17 -1.016390E+00  0.000000E+00
  3.282390E-01  4.552144E-02  5.000000E-01  3.315555E-01  4.602535E-02  0.000000E+00  2.250589E-02  1.540756E-03 -1.030162E-17 -1.015027E+00  0.000000E+00
  3.092330E-01  4.418460E-02  5.000000E-01  3.123575E-01  4.467501E-02  0.000000E+00  2.264923E-02  1.638865E-03 -1.018685E-17 -1.014159E+00  0.000000E+00
  2.906860E-01  4.280549E-02  5.000000E-01  2.936232E-01  4.328196E-02  0.000000E+00  2.280795E-02  1.746382E-03 -1.157289E-17 -1.013137E+00  0.000000E+00
  2.726330E-01  4.138359E-02  5.000000E-01  2.753879E-01  4.184571E-02  0.000000E+00  2.296707E-02  1.864940E-03 -1.280210E-17 -1.011578E+00  0.000000E+00
  2.551020E-01  3.991756E-02  5.000000E-01  2.576799E-01  4.036487E-02  0.000000E+00  2.311095E-02  1.994864E-03 -1.387605E-17 -1.009254E+00  0.000000E+00
  2.381210E-01  3.840671E-02  5.000000E-01  2.405274E-01  3.883877E-02  0.000000E+00  2.323250E-02  2.138350E-03 -1.460574E-17 -1.006009E+00  0.000000E+00
  2.217090E-01  3.684743E-02  5.000000E-01  2.239496E-01  3.726374E-02  0.000000E+00  2.332817E-02  2.295571E-03 -1.524893E-17 -1.002232E+00  0.000000E+00
  2.058840E-01  3.523740E-02  5.000000E-01  2.079648E-01  3.563745E-02  0.000000E+00  2.338006E-02  2.444657E-03 -1.658434E-17 -1.000220E+00  0.000000E+00
  1.906600E-01  3.360029E-02  5.000000E-01  1.925871E-01  3.398381E-02  0.000000E+00  2.338365E-02  2.548984E-03 -2.135645E-17 -1.003414E+00  0.000000E+00
  1.760460E-01  3.198327E-02  5.000000E-01  1.778255E-01  3.235045E-02  0.000000E+00  2.340800E-02  2.612298E-03 -3.075009E-17 -1.012402E+00  0.000000E+00
  1.620500E-01  3.040797E-02  5.000000E-01  1.636881E-01  3.075925E-02  0.000000E+00  2.354520E-02  2.675274E-03 -4.673373E-17 -1.024554E+00  0.000000E+00
  1.486750E-01  2.887486E-02  5.000000E-01  1.501781E-01  2.921066E-02  0.000000E+00  2.381632E-02  2.766561E-03 -7.264770E-17 -1.037103E+00  0.000000E+00
  1.359210E-01  2.737463E-02  5.000000E-01  1.372953E-01  2.769527E-02  0.000000E+00  2.417222E-02  2.893758E-03 -1.152922E-16 -1.048425E+00  0.000000E+00
  1.237890E-01  2.589771E-02  5.000000E-01  1.250407E-01  2.620343E-02  0.000000E+00  2.454445E-02  3.054367E-03 -1.851753E-16 -1.057956E+00  0.000000E+00
  1.122730E-01  2.443414E-02  5.000000E-01  1.134084E-01  2.472509E-02  0.000000E+00  2.488368E-02  3.243419E-03 -3.007586E-16 -1.065838E+00  0.000000E+00
  1.013710E-01  2.297798E-02  5.000000E-01  1.023964E-01  2.325422E-02  0.000000E+00  2.516838E-02  3.454498E-03 -4.933140E-16 -1.072704E+00  0.000000E+00
  9.107400E-02  2.152707E-02  5.000000E-01  9.199536E-02  2.178866E-02  0.000000E+00  2.540256E-02  3.686691E-03 -8.152724E-16 -1.079144E+00  0.000000E+00
  9.107400E-02  2.152707E-02  5.000000E-01  9.199536E-02  2.178866E-02  0.000000E+00  2.540256E-02  3.686691E-03 -8.152724E-16 -1.079144E+00  0.000000E+00
  8.137660E-02  2.007909E-02  5.000000E-01  8.220003E-02  2.032606E-02  0.000000E+00  2.559408E-02  3.938185E-03 -1.355778E-15 -1.085909E+00  0.000000E+00
  7.227050E-02  1.863645E-02  5.000000E-01  7.300197E-02  1.886884E-02  0.000000E+00  2.574684E-02  4.202871E-03 -2.265279E-15 -1.094008E+00  0.000000E+00
  6.374670E-02  1.720426E-02  5.000000E-01  6.439209E-02  1.742219E-02  0.000000E+00  2.587107E-02  4.481613E-03 -3.798764E-15 -1.104106E+00  0.000000E+00
  5.579720E-02  1.578588E-02  5.000000E-01  5.636231E-02  1.598949E-02  0.000000E+00  2.596657E-02  4.770332E-03 -6.363903E-15 -1.117103E+00  0.000000E+00
  4.841260E-02  1.438992E-02  5.000000E-01  4.890313E-02  1.457944E-02  0.000000E+00  2.603050E-02  5.063493E-03 -1.056338E-14 -1.133984E+00  0.000000E+00
  4.158390E-02  1.302427E-02  5.000000E-01  4.200547E-02  1.319999E-02  0.000000E+00  2.606708E-02  5.367128E-03 -1.714042E-14 -1.155140E+00  0.000000E+00
  3.530370E-02  1.169386E-02  5.000000E-01  3.566185E-02  1.185614E-02  0.000000E+00  2.605597E-02  5.675545E-03 -2.671135E-14 -1.181407E+00  0.000000E+00
  2.956270E-02  1.040828E-02  5.000000E-01  2.986287E-02  1.055759E-02  0.000000E+00  2.596799E-02  5.983367E-03 -3.917856E-14 -1.213446E+00  0.000000E+00
  2.435310E-02  9.174159E-03  5.000000E-01  2.460066E-02  9.310998E-03  0.000000E+00  2.576051E-02  6.301416E-03 -5.279412E-14 -1.250679E+00  0.000000E+00
  1.967110E-02  7.992016E-03  5.000000E-01  1.987137E-02  8.116917E-03  0.000000E+00  2.529548E-02  6.599378E-03 -6.346630E-14 -1.293410E+00  0.000000E+00
  1.550860E-02  6.869084E-03  5.000000E-01  1.566684E-02  6.982645E-03  0.000000E+00  2.439390E-02  6.828274E-03 -6.584354E-14 -1.341936E+00  0.000000E+00
  1.185930E-02  5.809065E-03  5.000000E-01  1.198068E-02  5.911921E-03  0.000000E+00  2.296738E-02  6.981627E-03 -5.658001E-14 -1.394415E+00  0.000000E+00
  8.724160E-03  4.808138E-03  5.000000E-01  8.813883E-03  4.900886E-03  0.000000E+00  2.116956E-02  7.094373E-03 -3.763726E-14 -1.450309E+00  0.000000E+00
  6.091130E-03  3.874550E-03  5.000000E-01  6.154263E-03  3.957869E-03  0.000000E+00  1.993287E-02  7.568452E-03 -1.737193E-14 -1.504903E+00  0.000000E+00
  3.952840E-03  3.011037E-03  5.000000E-01  3.994378E-03  3.085636E-03  0.000000E+00  2.085748E-02  9.503253E-03 -5.887339E-15 -1.541461E+00  0.000000E+00
  2.330070E-03  2.204671E-03  5.000000E-01  2.355220E-03  2.271126E-03  0.000000E+00  2.413228E-02  1.401257E-02 -6.464996E-15 -1.548846E+00  0.000000E+00
  1.198080E-03  1.473659E-03  5.000000E-01  1.211798E-03  1.532733E-03  0.000000E+00  2.765478E-02  2.128692E-02 -1.445958E-14 -1.537235E+00  0.000000E+00
  5.019560E-04  8.513199E-04  5.000000E-01  5.086442E-04  9.041083E-04  0.000000E+00  3.065054E-02  3.364431E-02 -2.462787E-14 -1.548446E+00  0.000000E+00
  1.313430E-04  3.701282E-04  5.000000E-01  1.342884E-04  4.180571E-04  0.000000E+00  3.556337E-02  7.130274E-02 -3.548206E-14 -1.580086E+00  0.000000E+00
  8.078190E-06  6.263140E-05  5.000000E-01  9.778777E-06  1.074549E-04  0.000000E+00  3.105458E-02  1.746432E-01 -4.925061E-14 -1.490943E+00  0.000000E+00
 -1.602820E-06 -4.374917E-05  5.000000E-01  0.000000E+00  0.000000E+00  0.000000E+00 -4.797514E-03  2.526877E-01 -6.255142E-14 -1.194978E+00  0.000000E+00
  9.141860E-06 -1.538617E-04  5.000000E-01  1.085319E-05 -1.112245E-04  0.000000E+00 -4.976580E-02  1.968492E-01 -7.520031E-14 -4.766936E-01  0.000000E+00
  1.696960E-04 -4.873368E-04  5.000000E-01  1.730287E-04 -4.480673E-04  0.000000E+00 -6.438616E-02  9.312671E-02 -7.891257E-14  5.327122E-01  0.000000E+00
    1    2
    2    3
    3    4
    4    5
    5    6
    6    7
    7    8
    8    9
    9   10
   10   11
   11   12
   12   13
   13   14
   14   15
   15   16
   16   17
   17   18
   18   19
   19   20
   20   21
   21   22
   22   23
   23   24
   25   26
   26   27
   27   28
   28   29
   29   30
   30   31
   31   32
   32   33
   33   34
   34   35
   35   36
   36   37
   37   38
   38   39
   39   40
   40   41
   41   42
   42   43
   43   44
   44   45
   45   46
   46   47
   47   48
   49   50
   50   51
   51   52
   52   53
   53   54
   54   55
   55   56
   56   57
   57   58
   58   59
   59   60
   60   61
   61   62
   62   63
   63   64
   64   65
   65   66
   66   67
   67   68
   68   69
   69   70
   70   71
   71   72
   73   74
   74   75
   75   76
   76   77
   77   78
   78   79
   79   80
   80   81
   81   82
   82   83
   83   84
   84   85
   85   86
   86   87
   87   88
   88   89
   89   90
   90   91
   91   92
   92   93
   93   94
   94   95
   95   96
   97   98
   98   99
   99  100
  100  101
  101  102
  102  103
  103  104
  104  105
  105  106
  106  107
  107  108
  108  109
  109  110
  110  111
  111  112
  112  113
  113  114
  114  115
  115  116
  116  117
  117  118
  118  119
  119  120
  121  122
  122  123
  123  124
  124  125
  125  126
  126  127
  127  128
  128  129
  129  130
  130  131
  131  132
  132  133
  133  134
  134  135
  135  136
  136  137
  137  138
  138  139
  139  140
  140  141
  141  142
  142  143
  143  144
  145  146
  146  147
  147  148
  148  149
  149  150
  150  151
  151  152
  152  153
  153  154
  154  155
  155  156
  156  157
  157  158
  158  159
  159  160
  160  161
  161  162
  162  163
  163  164
  164  165
  165  166
  166  167
  167  168
  169  170
  170  171
  171  172
  172  173
  173  174
  174  175
  175  176
  176  177
  177  178
  178  179
  179  180
  180  181
  181  182
  182  183
  183  184
  184  185
  185  186
  186  187
  187  188
  188  189
  189  190
  190  191
  191  192
