 Title = "ADflow Slice Data"
Variables =  "CoordinateX"  "CoordinateY"  "CoordinateZ"  "XoC"  "YoC"  "ZoC" "VelocityX" "VelocityY" "VelocityZ" "CoefPressure" "Mach" 
Zone T= "Slice_0001 None Absolute Regular z = 0.50000000"
 Nodes =          192  Elements=          184  ZONETYPE=FELINESEG
 DATAPACKING=POINT
  5.667600E-01 -1.510534E-02  5.000000E-01  5.724853E-01 -1.521900E-02  0.000000E+00  1.340830E-02  1.528720E-03 -3.692883E-19  1.002851E-01  0.000000E+00
  5.873410E-01 -1.274589E-02  5.000000E-01  5.932741E-01 -1.283572E-02  0.000000E+00  1.290510E-02  1.478206E-03 -4.889338E-19  1.231712E-01  0.000000E+00
  6.076580E-01 -1.042088E-02  5.000000E-01  6.137963E-01 -1.048723E-02  0.000000E+00  1.246328E-02  1.416994E-03  4.989700E-20  1.450006E-01  0.000000E+00
  6.276600E-01 -8.162429E-03  5.000000E-01  6.340003E-01 -8.205971E-03  0.000000E+00  1.208031E-02  1.349201E-03  1.127883E-18  1.652109E-01  0.000000E+00
  6.472970E-01 -5.994620E-03  5.000000E-01  6.538356E-01 -6.016269E-03  0.000000E+00  1.174657E-02  1.279713E-03  1.623923E-18  1.834562E-01  0.000000E+00
  6.665260E-01 -3.928986E-03  5.000000E-01  6.732588E-01 -3.929775E-03  0.000000E+00  1.145184E-02  1.211001E-03  5.962949E-19  1.999518E-01  0.000000E+00
  6.853050E-01 -1.975065E-03  5.000000E-01  6.922274E-01 -1.956122E-03  0.000000E+00  1.119026E-02  1.140445E-03  1.312100E-18  2.154953E-01  0.000000E+00
  7.035980E-01 -1.501370E-04  5.000000E-01  7.107052E-01 -1.127642E-04  0.000000E+00  1.095207E-02  1.065391E-03  1.576692E-18  2.304211E-01  0.000000E+00
  7.213750E-01  1.533773E-03  5.000000E-01  7.286617E-01  1.588152E-03  0.000000E+00  1.071477E-02  9.862681E-04 -4.627856E-19  2.443820E-01  0.000000E+00
  7.386080E-01  3.072319E-03  5.000000E-01  7.460687E-01  3.142235E-03  0.000000E+00  1.044955E-02  9.052220E-04 -1.148901E-20  2.572941E-01  0.000000E+00
  7.552750E-01  4.470543E-03  5.000000E-01  7.629040E-01  4.554579E-03  0.000000E+00  1.013835E-02  8.265106E-04  1.742998E-19  2.695841E-01  0.000000E+00
  7.713580E-01  5.741236E-03  5.000000E-01  7.791495E-01  5.838105E-03  0.000000E+00  9.794003E-03  7.519521E-04 -4.297223E-19  2.818103E-01  0.000000E+00
  7.868410E-01  6.895342E-03  5.000000E-01  7.947888E-01  7.003866E-03  0.000000E+00  9.483461E-03  6.642314E-04  6.230860E-19  2.956967E-01  0.000000E+00
  8.017160E-01  7.872875E-03  5.000000E-01  8.098140E-01  7.991271E-03  0.000000E+00  9.307840E-03  5.404679E-04  1.191871E-18  3.115819E-01  0.000000E+00
  8.159740E-01  8.590457E-03  5.000000E-01  8.242160E-01  8.716100E-03  0.000000E+00  9.330750E-03  3.861084E-04  3.434865E-19  3.244992E-01  0.000000E+00
  8.296120E-01  9.030441E-03  5.000000E-01  8.379918E-01  9.160527E-03  0.000000E+00  9.555939E-03  2.188032E-04 -1.085812E-20  3.295820E-01  0.000000E+00
  8.426300E-01  9.209078E-03  5.000000E-01  8.511412E-01  9.340968E-03  0.000000E+00  9.959967E-03  4.536242E-05  5.621468E-19  3.267740E-01  0.000000E+00
  8.550290E-01  9.157731E-03  5.000000E-01  8.636654E-01  9.289103E-03  0.000000E+00  1.051455E-02 -1.332206E-04  3.194262E-19  3.180609E-01  0.000000E+00
  8.668160E-01  8.914122E-03  5.000000E-01  8.755715E-01  9.043034E-03  0.000000E+00  1.119074E-02 -3.158044E-04  2.875905E-19  3.047923E-01  0.000000E+00
  8.779950E-01  8.519508E-03  5.000000E-01  8.868634E-01  8.644435E-03  0.000000E+00  1.195869E-02 -4.998338E-04  8.690702E-19  2.875290E-01  0.000000E+00
  8.885730E-01  8.013159E-03  5.000000E-01  8.975482E-01  8.132972E-03  0.000000E+00  1.278910E-02 -6.827326E-04  1.032448E-18  2.668594E-01  0.000000E+00
  8.985610E-01  7.428442E-03  5.000000E-01  9.076371E-01  7.542350E-03  0.000000E+00  1.364937E-02 -8.577522E-04  1.261966E-18  2.433052E-01  0.000000E+00
  9.079670E-01  6.799129E-03  5.000000E-01  9.171381E-01  6.906681E-03  0.000000E+00  1.450022E-02 -1.012524E-03  9.682119E-19  2.173283E-01  0.000000E+00
  9.168010E-01  6.157724E-03  5.000000E-01  9.260613E-01  6.258799E-03  0.000000E+00  1.530403E-02 -1.137902E-03  5.123015E-19  1.899865E-01  0.000000E+00
  9.168010E-01  6.157724E-03  5.000000E-01  9.260613E-01  6.258799E-03  0.000000E+00  1.530403E-02 -1.137902E-03  5.123015E-19  1.899865E-01  0.000000E+00
  9.250730E-01  5.529032E-03  5.000000E-01  9.344168E-01  5.623758E-03  0.000000E+00  1.603761E-02 -1.235119E-03  7.240887E-19  1.628042E-01  0.000000E+00
  9.327940E-01  4.927292E-03  5.000000E-01  9.422158E-01  5.015942E-03  0.000000E+00  1.670045E-02 -1.315878E-03  9.525854E-19  1.370949E-01  0.000000E+00
  9.399760E-01  4.355781E-03  5.000000E-01  9.494703E-01  4.438658E-03  0.000000E+00  1.730878E-02 -1.391715E-03  1.209762E-18  1.131274E-01  0.000000E+00
  9.466320E-01  3.815199E-03  5.000000E-01  9.561935E-01  3.892618E-03  0.000000E+00  1.788276E-02 -1.467164E-03 -2.928473E-20  9.016394E-02  0.000000E+00
  9.527730E-01  3.306371E-03  5.000000E-01  9.623965E-01  3.378650E-03  0.000000E+00  1.844709E-02 -1.548718E-03 -3.964033E-18  6.766502E-02  0.000000E+00
  9.584110E-01  2.827154E-03  5.000000E-01  9.680915E-01  2.894595E-03  0.000000E+00  1.903445E-02 -1.647024E-03 -5.829325E-18  4.539834E-02  0.000000E+00
  9.635570E-01  2.374318E-03  5.000000E-01  9.732895E-01  2.437185E-03  0.000000E+00  1.967876E-02 -1.767965E-03  7.524382E-18  2.264623E-02  0.000000E+00
  9.682220E-01  1.946793E-03  5.000000E-01  9.780016E-01  2.005342E-03  0.000000E+00  2.041215E-02 -1.912173E-03  4.074114E-17 -1.679912E-03  0.000000E+00
  9.724140E-01  1.545859E-03  5.000000E-01  9.822359E-01  1.600359E-03  0.000000E+00  2.128263E-02 -2.087658E-03  4.730834E-17 -2.821073E-02  0.000000E+00
  9.761430E-01  1.171440E-03  5.000000E-01  9.860026E-01  1.222159E-03  0.000000E+00  2.237234E-02 -2.311579E-03 -8.757642E-17 -5.739855E-02  0.000000E+00
  9.794160E-01  8.242704E-04  5.000000E-01  9.893086E-01  8.714837E-04  0.000000E+00  2.378329E-02 -2.597361E-03 -4.061006E-16 -9.032465E-02  0.000000E+00
  9.822400E-01  5.074293E-04  5.000000E-01  9.921611E-01  5.514428E-04  0.000000E+00  2.556640E-02 -2.947195E-03 -5.180542E-16 -1.284423E-01  0.000000E+00
  9.846200E-01  2.260650E-04  5.000000E-01  9.945652E-01  2.672371E-04  0.000000E+00  2.759065E-02 -3.347867E-03  6.281988E-16 -1.721008E-01  0.000000E+00
  9.865620E-01 -1.453606E-05  5.000000E-01  9.965268E-01  2.420619E-05  0.000000E+00  2.940966E-02 -3.711588E-03  3.819028E-15 -2.194093E-01  0.000000E+00
  9.880680E-01 -2.086060E-04  5.000000E-01  9.980480E-01 -1.718236E-04  0.000000E+00  2.987565E-02 -3.826706E-03  6.352543E-15 -2.766180E-01  0.000000E+00
  9.891420E-01 -3.514239E-04  5.000000E-01  9.991328E-01 -3.160839E-04  0.000000E+00  2.812846E-02 -3.911143E-03 -2.297922E-15 -3.435024E-01  0.000000E+00
  9.897860E-01 -4.389487E-04  5.000000E-01  9.997833E-01 -4.044925E-04  0.000000E+00  3.788618E-02 -4.013275E-03 -3.456226E-14 -2.893975E-01  0.000000E+00
  9.900000E-01 -4.683023E-04  5.000000E-01  9.999995E-01 -4.341425E-04  0.000000E+00  2.618845E-02  5.267612E-03 -3.104928E-14 -5.820215E-01  0.000000E+00
  9.900000E-01 -1.843754E-04  5.000000E-01  9.999995E-01 -1.473483E-04  0.000000E+00  1.229778E-03 -7.885253E-03 -2.666237E-15 -8.088144E-01  0.000000E+00
  9.900000E-01  9.955150E-05  5.000000E-01  9.999995E-01  1.394459E-04  0.000000E+00 -4.468922E-04 -2.274869E-02  8.726515E-16 -6.283646E-01  0.000000E+00
  9.900000E-01  3.834784E-04  5.000000E-01  9.999995E-01  4.262401E-04  0.000000E+00 -1.435993E-04 -8.863008E-03  3.763350E-15 -6.283205E-01  0.000000E+00
  9.900000E-01  6.674053E-04  5.000000E-01  9.999995E-01  7.130343E-04  0.000000E+00  4.646608E-04 -5.229951E-03  4.693344E-15 -6.882009E-01  0.000000E+00
  9.900000E-01  9.513321E-04  5.000000E-01  9.999995E-01  9.998286E-04  0.000000E+00  6.797347E-03 -6.632430E-03  4.397812E-15 -6.299498E-01  0.000000E+00
  9.900000E-01  9.513321E-04  5.000000E-01  9.999995E-01  9.998286E-04  0.000000E+00  6.797347E-03 -6.632430E-03  4.397812E-15 -6.299498E-01  0.000000E+00
  9.897890E-01  1.017904E-03  5.000000E-01  9.997864E-01  1.067072E-03  0.000000E+00  9.015776E-03 -3.469588E-03  3.422741E-15 -5.523897E-01  0.000000E+00
  9.891540E-01  1.218674E-03  5.000000E-01  9.991450E-01  1.269870E-03  0.000000E+00  4.567777E-03 -1.351279E-03  1.987555E-15 -5.709920E-01  0.000000E+00
  9.880950E-01  1.555408E-03  5.000000E-01  9.980753E-01  1.610005E-03  0.000000E+00  3.024787E-03 -9.609225E-04  9.439556E-16 -5.705520E-01  0.000000E+00
  9.866100E-01  2.031333E-03  5.000000E-01  9.965753E-01  2.090736E-03  0.000000E+00  1.983747E-03 -6.497760E-04  4.187749E-16 -5.626522E-01  0.000000E+00
  9.846960E-01  2.650662E-03  5.000000E-01  9.946419E-01  2.716320E-03  0.000000E+00  9.958910E-04 -3.234573E-04  1.933205E-16 -5.590144E-01  0.000000E+00
  9.823490E-01  3.418251E-03  5.000000E-01  9.922712E-01  3.491661E-03  0.000000E+00  1.849653E-04 -5.917887E-05  8.311864E-17 -5.580350E-01  0.000000E+00
  9.795670E-01  4.338749E-03  5.000000E-01  9.894611E-01  4.421454E-03  0.000000E+00 -4.278497E-04  1.427383E-04  1.930869E-17 -5.582770E-01  0.000000E+00
  9.763420E-01  5.417935E-03  5.000000E-01  9.862036E-01  5.511539E-03  0.000000E+00 -8.716171E-04  2.932932E-04 -1.169268E-17 -5.597217E-01  0.000000E+00
  9.726710E-01  6.659543E-03  5.000000E-01  9.824955E-01  6.765686E-03  0.000000E+00 -1.170645E-03  3.977101E-04 -1.794368E-17 -5.622555E-01  0.000000E+00
  9.685460E-01  8.066753E-03  5.000000E-01  9.783288E-01  8.187107E-03  0.000000E+00 -1.342218E-03  4.594727E-04 -1.218068E-17 -5.654589E-01  0.000000E+00
  9.639600E-01  9.641707E-03  5.000000E-01  9.736965E-01  9.777966E-03  0.000000E+00 -1.402972E-03  4.831469E-04 -4.951357E-18 -5.688240E-01  0.000000E+00
  9.589060E-01  1.138655E-02  5.000000E-01  9.685915E-01  1.154043E-02  0.000000E+00 -1.373322E-03  4.750037E-04 -1.503546E-18 -5.718749E-01  0.000000E+00
  9.533750E-01  1.330247E-02  5.000000E-01  9.630046E-01  1.347570E-02  0.000000E+00 -1.279133E-03  4.433705E-04 -2.988588E-19 -5.742481E-01  0.000000E+00
  9.473580E-01  1.538821E-02  5.000000E-01  9.569269E-01  1.558251E-02  0.000000E+00 -1.150236E-03  3.983979E-04  8.054362E-19 -5.757582E-01  0.000000E+00
  9.408450E-01  1.764045E-02  5.000000E-01  9.503481E-01  1.785749E-02  0.000000E+00 -1.016844E-03  3.507841E-04  5.751185E-19 -5.764348E-01  0.000000E+00
  9.338260E-01  2.005389E-02  5.000000E-01  9.432582E-01  2.029530E-02  0.000000E+00 -9.056549E-04  3.100239E-04  1.615417E-19 -5.765063E-01  0.000000E+00
  9.262910E-01  2.262009E-02  5.000000E-01  9.356471E-01  2.288742E-02  0.000000E+00 -8.372458E-04  2.831458E-04 -3.023804E-20 -5.763251E-01  0.000000E+00
  9.182290E-01  2.532622E-02  5.000000E-01  9.275037E-01  2.562088E-02  0.000000E+00 -8.255220E-04  2.742315E-04 -3.625506E-19 -5.762621E-01  0.000000E+00
  9.096280E-01  2.815458E-02  5.000000E-01  9.188158E-01  2.847780E-02  0.000000E+00 -8.781657E-04  2.845213E-04  1.663457E-19 -5.766776E-01  0.000000E+00
  9.004770E-01  3.108169E-02  5.000000E-01  9.095724E-01  3.143447E-02  0.000000E+00 -9.970015E-04  3.126355E-04 -1.759277E-19 -5.778868E-01  0.000000E+00
  8.907650E-01  3.407660E-02  5.000000E-01  8.997623E-01  3.445962E-02  0.000000E+00 -1.179237E-03  3.542534E-04 -1.051814E-18 -5.799747E-01  0.000000E+00
  8.804800E-01  3.709792E-02  5.000000E-01  8.893735E-01  3.751146E-02  0.000000E+00 -1.418029E-03  4.017087E-04 -1.035968E-18 -5.828419E-01  0.000000E+00
  8.696090E-01  4.008990E-02  5.000000E-01  8.783927E-01  4.053365E-02  0.000000E+00 -1.699086E-03  4.455620E-04 -1.416761E-18 -5.864232E-01  0.000000E+00
  8.696090E-01  4.008990E-02  5.000000E-01  8.783927E-01  4.053365E-02  0.000000E+00 -1.699086E-03  4.455620E-04 -1.416761E-18 -5.864232E-01  0.000000E+00
  8.581400E-01  4.298045E-02  5.000000E-01  8.668079E-01  4.345339E-02  0.000000E+00 -2.002380E-03  4.768894E-04 -2.181051E-18 -5.897294E-01  0.000000E+00
  8.460600E-01  4.568540E-02  5.000000E-01  8.546059E-01  4.618566E-02  0.000000E+00 -2.310146E-03  4.855364E-04 -1.489009E-18 -5.905603E-01  0.000000E+00
  8.333640E-01  4.812488E-02  5.000000E-01  8.417817E-01  4.864978E-02  0.000000E+00 -2.567332E-03  4.509204E-04 -3.122153E-19 -5.921137E-01  0.000000E+00
  8.200460E-01  5.022331E-02  5.000000E-01  8.283292E-01  5.076939E-02  0.000000E+00 -2.540585E-03  3.448567E-04 -3.961642E-19 -6.136477E-01  0.000000E+00
  8.061050E-01  5.191325E-02  5.000000E-01  8.142474E-01  5.247640E-02  0.000000E+00 -1.648263E-03  1.621360E-04 -2.384292E-19 -6.843994E-01  0.000000E+00
  7.915460E-01  5.316896E-02  5.000000E-01  7.995413E-01  5.374479E-02  0.000000E+00  9.921067E-04 -5.248335E-05  4.443102E-19 -8.103876E-01  0.000000E+00
  7.763770E-01  5.402964E-02  5.000000E-01  7.842191E-01  5.461417E-02  0.000000E+00  5.990410E-03 -2.164314E-04  1.316349E-18 -9.516978E-01  0.000000E+00
  7.606070E-01  5.456462E-02  5.000000E-01  7.682899E-01  5.515455E-02  0.000000E+00  1.260811E-02 -2.326403E-04 -3.387240E-19 -1.050176E+00  0.000000E+00
  7.442510E-01  5.478124E-02  5.000000E-01  7.517687E-01  5.537336E-02  0.000000E+00  1.845274E-02 -4.496018E-05 -5.449840E-18 -1.081595E+00  0.000000E+00
  7.273250E-01  5.469741E-02  5.000000E-01  7.346718E-01  5.528868E-02  0.000000E+00  2.145531E-02  2.560474E-04 -1.088934E-17 -1.067307E+00  0.000000E+00
  7.098490E-01  5.436568E-02  5.000000E-01  7.170193E-01  5.495360E-02  0.000000E+00  2.167742E-02  4.871527E-04 -1.380716E-17 -1.042345E+00  0.000000E+00
  6.918480E-01  5.388221E-02  5.000000E-01  6.988365E-01  5.446525E-02  0.000000E+00  2.053650E-02  5.371370E-04 -1.392613E-17 -1.031289E+00  0.000000E+00
  6.733520E-01  5.339724E-02  5.000000E-01  6.801537E-01  5.397538E-02  0.000000E+00  1.933078E-02  3.956069E-04 -1.100995E-17 -1.044855E+00  0.000000E+00
  6.543930E-01  5.311045E-02  5.000000E-01  6.610032E-01  5.368569E-02  0.000000E+00  1.875542E-02  1.280455E-04 -7.511201E-18 -1.079562E+00  0.000000E+00
  6.350090E-01  5.314145E-02  5.000000E-01  6.414235E-01  5.371700E-02  0.000000E+00  1.903660E-02 -1.484823E-04 -5.772351E-18 -1.120036E+00  0.000000E+00
  6.152440E-01  5.342269E-02  5.000000E-01  6.214589E-01  5.400109E-02  0.000000E+00  1.996723E-02 -3.503856E-04 -5.020993E-18 -1.151744E+00  0.000000E+00
  5.951420E-01  5.384383E-02  5.000000E-01  6.011539E-01  5.442649E-02  0.000000E+00  2.109222E-02 -4.410021E-04 -5.241929E-18 -1.167721E+00  0.000000E+00
  5.747530E-01  5.427410E-02  5.000000E-01  5.805590E-01  5.486110E-02  0.000000E+00  2.204348E-02 -3.847011E-04 -5.831239E-18 -1.165506E+00  0.000000E+00
  5.541290E-01  5.456836E-02  5.000000E-01  5.597267E-01  5.515833E-02  0.000000E+00  2.265190E-02 -1.699555E-04 -6.321176E-18 -1.146541E+00  0.000000E+00
  5.333260E-01  5.458865E-02  5.000000E-01  5.387136E-01  5.517882E-02  0.000000E+00  2.285612E-02  1.305779E-04 -6.322451E-18 -1.118257E+00  0.000000E+00
  5.124010E-01  5.432451E-02  5.000000E-01  5.175773E-01  5.491201E-02  0.000000E+00  2.270671E-02  4.099699E-04 -6.062769E-18 -1.090230E+00  0.000000E+00
  4.914140E-01  5.382649E-02  5.000000E-01  4.963783E-01  5.440897E-02  0.000000E+00  2.238786E-02  6.240518E-04 -6.370146E-18 -1.067893E+00  0.000000E+00
  4.704230E-01  5.315094E-02  5.000000E-01  4.751754E-01  5.372660E-02  0.000000E+00  2.207907E-02  7.710255E-04 -6.955761E-18 -1.053303E+00  0.000000E+00
  1.696960E-04 -4.811751E-04  5.000000E-01  1.730287E-04 -4.471454E-04  0.000000E+00 -6.436767E-02  9.282742E-02 -6.720773E-14  5.407510E-01  0.000000E+00
  8.054360E-04 -9.784605E-04  5.000000E-01  8.151890E-04 -9.494528E-04  0.000000E+00 -4.693634E-02  3.287100E-02 -4.941218E-14  1.106730E+00  0.000000E+00
  1.973980E-03 -1.585563E-03  5.000000E-01  1.995534E-03 -1.562686E-03  0.000000E+00 -2.105641E-02  1.048529E-02 -2.619359E-14  1.176596E+00  0.000000E+00
  3.614630E-03 -2.300463E-03  5.000000E-01  3.652753E-03 -2.284806E-03  0.000000E+00 -4.060747E-03  1.775779E-03 -9.251871E-15  1.152958E+00  0.000000E+00
  5.721210E-03 -3.131594E-03  5.000000E-01  5.780607E-03 -3.124331E-03  0.000000E+00  5.015407E-03 -1.862809E-03 -7.540413E-16  1.122642E+00  0.000000E+00
  8.297500E-03 -4.076482E-03  5.000000E-01  8.382914E-03 -4.078761E-03  0.000000E+00  9.325545E-03 -3.268155E-03  1.718521E-15  1.078326E+00  0.000000E+00
  1.136560E-02 -5.115528E-03  5.000000E-01  1.148200E-02 -5.128300E-03  0.000000E+00  1.109450E-02 -3.620009E-03  1.445273E-15  1.023910E+00  0.000000E+00
  1.493280E-02 -6.237487E-03  5.000000E-01  1.508522E-02 -6.261590E-03  0.000000E+00  1.169057E-02 -3.585941E-03  6.223685E-16  9.694034E-01  0.000000E+00
  1.899460E-02 -7.450670E-03  5.000000E-01  1.918804E-02 -7.487024E-03  0.000000E+00  1.194740E-02 -3.516258E-03  1.461807E-16  9.187089E-01  0.000000E+00
  2.354800E-02 -8.771125E-03  5.000000E-01  2.378743E-02 -8.820815E-03  0.000000E+00  1.228219E-02 -3.508510E-03  3.353541E-17  8.688215E-01  0.000000E+00
  2.860130E-02 -1.019436E-02  5.000000E-01  2.889176E-02 -1.025843E-02  0.000000E+00  1.281371E-02 -3.547739E-03  4.220620E-17  8.170962E-01  0.000000E+00
  3.416500E-02 -1.170929E-02  5.000000E-01  3.451165E-02 -1.178865E-02  0.000000E+00  1.352360E-02 -3.615410E-03  3.806519E-17  7.647567E-01  0.000000E+00
  4.024810E-02 -1.330672E-02  5.000000E-01  4.065618E-02 -1.340221E-02  0.000000E+00  1.435323E-02 -3.692306E-03  1.646820E-17  7.127136E-01  0.000000E+00
  4.686030E-02 -1.497433E-02  5.000000E-01  4.733516E-02 -1.508667E-02  0.000000E+00  1.523820E-02 -3.758574E-03 -7.743094E-19  6.607508E-01  0.000000E+00
  5.401090E-02 -1.670043E-02  5.000000E-01  5.455797E-02 -1.683020E-02  0.000000E+00  1.613178E-02 -3.805798E-03 -8.224170E-18  6.089371E-01  0.000000E+00
  6.170850E-02 -1.847638E-02  5.000000E-01  6.233331E-02 -1.862408E-02  0.000000E+00  1.700834E-02 -3.825636E-03 -8.052795E-18  5.569002E-01  0.000000E+00
  6.996310E-02 -2.028783E-02  5.000000E-01  7.067127E-02 -2.045383E-02  0.000000E+00  1.785410E-02 -3.805566E-03 -5.340537E-18  5.039362E-01  0.000000E+00
  7.878500E-02 -2.211513E-02  5.000000E-01  7.958226E-02 -2.229958E-02  0.000000E+00  1.866596E-02 -3.741960E-03 -3.579382E-18  4.502421E-01  0.000000E+00
  8.818390E-02 -2.393912E-02  5.000000E-01  8.907608E-02 -2.414199E-02  0.000000E+00  1.944534E-02 -3.634897E-03 -3.138644E-18  3.962524E-01  0.000000E+00
  9.816930E-02 -2.573721E-02  5.000000E-01  9.916232E-02 -2.595824E-02  0.000000E+00  2.018678E-02 -3.479708E-03 -2.088318E-18  3.420271E-01  0.000000E+00
  1.087500E-01 -2.748249E-02  5.000000E-01  1.098499E-01 -2.772115E-02  0.000000E+00  2.087412E-02 -3.272890E-03 -8.963516E-19  2.879884E-01  0.000000E+00
  1.199340E-01 -2.914760E-02  5.000000E-01  1.211468E-01 -2.940307E-02  0.000000E+00  2.147243E-02 -3.009400E-03 -5.037707E-19  2.348409E-01  0.000000E+00
  1.317280E-01 -3.070041E-02  5.000000E-01  1.330599E-01 -3.097156E-02  0.000000E+00  2.192095E-02 -2.680364E-03 -5.297989E-19  1.834346E-01  0.000000E+00
  1.441380E-01 -3.210349E-02  5.000000E-01  1.455952E-01 -3.238881E-02  0.000000E+00  2.214832E-02 -2.285725E-03  2.750262E-19  1.355573E-01  0.000000E+00
  1.441380E-01 -3.210349E-02  5.000000E-01  1.455952E-01 -3.238881E-02  0.000000E+00  2.214832E-02 -2.285725E-03  2.750262E-19  1.355573E-01  0.000000E+00
  1.571670E-01 -3.332030E-02  5.000000E-01  1.587558E-01 -3.361791E-02  0.000000E+00  2.210315E-02 -1.839196E-03  1.607739E-18  9.379259E-02  0.000000E+00
  1.708170E-01 -3.431582E-02  5.000000E-01  1.725437E-01 -3.462348E-02  0.000000E+00  2.179474E-02 -1.370530E-03  2.302578E-18  6.088228E-02  0.000000E+00
  1.850860E-01 -3.506625E-02  5.000000E-01  1.869568E-01 -3.538149E-02  0.000000E+00  2.132688E-02 -9.327853E-04  2.559355E-18  3.918834E-02  0.000000E+00
  1.999720E-01 -3.558010E-02  5.000000E-01  2.019931E-01 -3.590053E-02  0.000000E+00  2.088027E-02 -5.943689E-04  2.568116E-18  2.945443E-02  0.000000E+00
  2.154670E-01 -3.592293E-02  5.000000E-01  2.176446E-01 -3.624682E-02  0.000000E+00  2.059805E-02 -3.817188E-04  2.229557E-18  2.731361E-02  0.000000E+00
  2.315610E-01 -3.616494E-02  5.000000E-01  2.339011E-01 -3.649128E-02  0.000000E+00  2.046774E-02 -2.329492E-04  9.858214E-19  2.268102E-02  0.000000E+00
  2.482400E-01 -3.629782E-02  5.000000E-01  2.507486E-01 -3.662550E-02  0.000000E+00  2.039481E-02 -8.184866E-05 -2.459545E-20  1.007023E-02  0.000000E+00
  2.654840E-01 -3.629966E-02  5.000000E-01  2.681667E-01 -3.662736E-02  0.000000E+00  2.031249E-02  8.646491E-05 -1.479008E-19 -7.364721E-03  0.000000E+00
  2.832720E-01 -3.614519E-02  5.000000E-01  2.861343E-01 -3.647132E-02  0.000000E+00  2.018403E-02  2.695742E-04  5.750599E-19 -2.459660E-02  0.000000E+00
  3.015770E-01 -3.581339E-02  5.000000E-01  3.046242E-01 -3.613618E-02  0.000000E+00  1.999463E-02  4.580194E-04  1.409435E-18 -3.822911E-02  0.000000E+00
  3.203660E-01 -3.529139E-02  5.000000E-01  3.236030E-01 -3.560890E-02  0.000000E+00  1.974302E-02  6.414415E-04  9.642030E-19 -4.713631E-02  0.000000E+00
  3.396030E-01 -3.457436E-02  5.000000E-01  3.430342E-01 -3.488463E-02  0.000000E+00  1.943255E-02  8.135323E-04  3.125628E-19 -5.170063E-02  0.000000E+00
  3.592490E-01 -3.366044E-02  5.000000E-01  3.628786E-01 -3.396149E-02  0.000000E+00  1.906535E-02  9.726458E-04 -8.625529E-20 -5.272786E-02  0.000000E+00
  3.792580E-01 -3.254819E-02  5.000000E-01  3.830897E-01 -3.283800E-02  0.000000E+00  1.864332E-02  1.117699E-03 -6.064740E-19 -5.059180E-02  0.000000E+00
  3.995810E-01 -3.123904E-02  5.000000E-01  4.036179E-01 -3.151563E-02  0.000000E+00  1.816946E-02  1.246278E-03 -6.164111E-19 -4.516581E-02  0.000000E+00
  4.201670E-01 -2.973863E-02  5.000000E-01  4.244118E-01 -3.000007E-02  0.000000E+00  1.764604E-02  1.356610E-03 -1.456311E-19 -3.631802E-02  0.000000E+00
  4.409600E-01 -2.805454E-02  5.000000E-01  4.454148E-01 -2.829897E-02  0.000000E+00  1.707537E-02  1.448000E-03 -4.716158E-20 -2.413425E-02  0.000000E+00
  4.619030E-01 -2.619604E-02  5.000000E-01  4.665693E-01 -2.642170E-02  0.000000E+00  1.646576E-02  1.518265E-03 -7.699009E-21 -8.680793E-03  0.000000E+00
  4.829360E-01 -2.418074E-02  5.000000E-01  4.878147E-01 -2.438605E-02  0.000000E+00  1.583257E-02  1.564721E-03 -1.476964E-19  9.856444E-03  0.000000E+00
  5.039990E-01 -2.203292E-02  5.000000E-01  5.090904E-01 -2.221654E-02  0.000000E+00  1.519375E-02  1.586669E-03 -3.576342E-19  3.089783E-02  0.000000E+00
  5.250310E-01 -1.978272E-02  5.000000E-01  5.303348E-01 -1.994361E-02  0.000000E+00  1.456673E-02  1.585634E-03  3.946183E-19  5.357866E-02  0.000000E+00
  5.459710E-01 -1.746298E-02  5.000000E-01  5.514863E-01 -1.760045E-02  0.000000E+00  1.396662E-02  1.565286E-03  4.028930E-19  7.693228E-02  0.000000E+00
  5.667600E-01 -1.510534E-02  5.000000E-01  5.724853E-01 -1.521900E-02  0.000000E+00  1.340830E-02  1.528720E-03 -3.692883E-19  1.002851E-01  0.000000E+00
  4.704230E-01  5.315094E-02  5.000000E-01  4.751754E-01  5.372660E-02  0.000000E+00  2.207907E-02  7.710255E-04 -6.955761E-18 -1.053303E+00  0.000000E+00
  4.494880E-01  5.235900E-02  5.000000E-01  4.540289E-01  5.292665E-02  0.000000E+00  2.188275E-02  8.581646E-04 -7.450864E-18 -1.046634E+00  0.000000E+00
  4.286690E-01  5.151166E-02  5.000000E-01  4.329997E-01  5.207076E-02  0.000000E+00  2.185226E-02  9.121574E-04 -8.190310E-18 -1.045458E+00  0.000000E+00
  4.080230E-01  5.062980E-02  5.000000E-01  4.121452E-01  5.117999E-02  0.000000E+00  2.199558E-02  9.726742E-04 -9.323105E-18 -1.045708E+00  0.000000E+00
  3.876050E-01  4.969830E-02  5.000000E-01  3.915210E-01  5.023909E-02  0.000000E+00  2.225048E-02  1.057724E-03 -1.067639E-17 -1.044748E+00  0.000000E+00
  3.674690E-01  4.870362E-02  5.000000E-01  3.711816E-01  4.923436E-02  0.000000E+00  2.252811E-02  1.164326E-03 -1.172653E-17 -1.041899E+00  0.000000E+00
  3.476650E-01  4.763553E-02  5.000000E-01  3.511776E-01  4.815548E-02  0.000000E+00  2.277241E-02  1.288143E-03 -1.212860E-17 -1.037216E+00  0.000000E+00
  3.282390E-01  4.648618E-02  5.000000E-01  3.315555E-01  4.699452E-02  0.000000E+00  2.296651E-02  1.426344E-03 -1.271551E-17 -1.031056E+00  0.000000E+00
  3.092330E-01  4.525022E-02  5.000000E-01  3.123575E-01  4.574608E-02  0.000000E+00  2.311287E-02  1.573713E-03 -1.272256E-17 -1.024067E+00  0.000000E+00
  2.906860E-01  4.393053E-02  5.000000E-01  2.936232E-01  4.441307E-02  0.000000E+00  2.322127E-02  1.725075E-03 -1.198556E-17 -1.016886E+00  0.000000E+00
  2.726330E-01  4.253271E-02  5.000000E-01  2.753879E-01  4.300113E-02  0.000000E+00  2.330420E-02  1.879558E-03 -1.200038E-17 -1.009781E+00  0.000000E+00
  2.551020E-01  4.106222E-02  5.000000E-01  2.576799E-01  4.151579E-02  0.000000E+00  2.337015E-02  2.038239E-03 -1.226543E-17 -1.002756E+00  0.000000E+00
  2.381210E-01  3.952499E-02  5.000000E-01  2.405274E-01  3.996303E-02  0.000000E+00  2.342510E-02  2.204505E-03 -1.196834E-17 -9.956652E-01  0.000000E+00
  2.217090E-01  3.792323E-02  5.000000E-01  2.239496E-01  3.834510E-02  0.000000E+00  2.346885E-02  2.379564E-03 -1.180506E-17 -9.888152E-01  0.000000E+00
  2.058840E-01  3.625949E-02  5.000000E-01  2.079648E-01  3.666455E-02  0.000000E+00  2.348168E-02  2.542122E-03 -1.280038E-17 -9.844234E-01  0.000000E+00
  1.906600E-01  3.456141E-02  5.000000E-01  1.925871E-01  3.494933E-02  0.000000E+00  2.345595E-02  2.655860E-03 -1.566336E-17 -9.858895E-01  0.000000E+00
  1.760460E-01  3.287952E-02  5.000000E-01  1.778255E-01  3.325045E-02  0.000000E+00  2.345876E-02  2.725493E-03 -2.103733E-17 -9.937336E-01  0.000000E+00
  1.620500E-01  3.123801E-02  5.000000E-01  1.636881E-01  3.159237E-02  0.000000E+00  2.358161E-02  2.793207E-03 -3.062119E-17 -1.005196E+00  0.000000E+00
  1.486750E-01  2.963910E-02  5.000000E-01  1.501781E-01  2.997731E-02  0.000000E+00  2.384540E-02  2.888697E-03 -4.634572E-17 -1.017354E+00  0.000000E+00
  1.359210E-01  2.807460E-02  5.000000E-01  1.372953E-01  2.839701E-02  0.000000E+00  2.419988E-02  3.019881E-03 -7.112120E-17 -1.028459E+00  0.000000E+00
  1.237890E-01  2.653569E-02  5.000000E-01  1.250407E-01  2.684256E-02  0.000000E+00  2.457440E-02  3.184138E-03 -1.121665E-16 -1.037862E+00  0.000000E+00
  1.122730E-01  2.501285E-02  5.000000E-01  1.134084E-01  2.530434E-02  0.000000E+00  2.491742E-02  3.376299E-03 -1.815530E-16 -1.045661E+00  0.000000E+00
  1.013710E-01  2.350039E-02  5.000000E-01  1.023964E-01  2.377661E-02  0.000000E+00  2.520610E-02  3.589872E-03 -2.982129E-16 -1.052465E+00  0.000000E+00
  9.107400E-02  2.199630E-02  5.000000E-01  9.199536E-02  2.225732E-02  0.000000E+00  2.544409E-02  3.824060E-03 -4.950601E-16 -1.058851E+00  0.000000E+00
  9.107400E-02  2.199630E-02  5.000000E-01  9.199536E-02  2.225732E-02  0.000000E+00  2.544409E-02  3.824060E-03 -4.950601E-16 -1.058851E+00  0.000000E+00
  8.137660E-02  2.049830E-02  5.000000E-01  8.220003E-02  2.074420E-02  0.000000E+00  2.563946E-02  4.077230E-03 -8.331270E-16 -1.065564E+00  0.000000E+00
  7.227050E-02  1.900882E-02  5.000000E-01  7.300197E-02  1.923968E-02  0.000000E+00  2.579661E-02  4.343446E-03 -1.423879E-15 -1.073621E+00  0.000000E+00
  6.374670E-02  1.753294E-02  5.000000E-01  6.439209E-02  1.774890E-02  0.000000E+00  2.592636E-02  4.623832E-03 -2.464445E-15 -1.083692E+00  0.000000E+00
  5.579720E-02  1.607398E-02  5.000000E-01  5.636231E-02  1.627520E-02  0.000000E+00  2.602932E-02  4.914545E-03 -4.271432E-15 -1.096684E+00  0.000000E+00
  4.841260E-02  1.464046E-02  5.000000E-01  4.890313E-02  1.482720E-02  0.000000E+00  2.610366E-02  5.210320E-03 -7.296181E-15 -1.113590E+00  0.000000E+00
  4.158390E-02  1.324018E-02  5.000000E-01  4.200547E-02  1.341278E-02  0.000000E+00  2.615450E-02  5.517601E-03 -1.210106E-14 -1.134800E+00  0.000000E+00
  3.530370E-02  1.187802E-02  5.000000E-01  3.566185E-02  1.203686E-02  0.000000E+00  2.616288E-02  5.831062E-03 -1.924879E-14 -1.161153E+00  0.000000E+00
  2.956270E-02  1.056348E-02  5.000000E-01  2.986287E-02  1.070904E-02  0.000000E+00  2.610157E-02  6.145872E-03 -2.896565E-14 -1.193316E+00  0.000000E+00
  2.435310E-02  9.303095E-03  5.000000E-01  2.460066E-02  9.435935E-03  0.000000E+00  2.593051E-02  6.473881E-03 -4.034433E-14 -1.230699E+00  0.000000E+00
  1.967110E-02  8.097357E-03  5.000000E-01  1.987137E-02  8.218021E-03  0.000000E+00  2.551511E-02  6.785668E-03 -5.036861E-14 -1.273612E+00  0.000000E+00
  1.550860E-02  6.953427E-03  5.000000E-01  1.566684E-02  7.062537E-03  0.000000E+00  2.467749E-02  7.032764E-03 -5.419686E-14 -1.322362E+00  0.000000E+00
  1.185930E-02  5.874960E-03  5.000000E-01  1.198068E-02  5.973179E-03  0.000000E+00  2.332010E-02  7.207912E-03 -4.782722E-14 -1.375099E+00  0.000000E+00
  8.724160E-03  4.858135E-03  5.000000E-01  8.813883E-03  4.946086E-03  0.000000E+00  2.156931E-02  7.338862E-03 -3.196924E-14 -1.431362E+00  0.000000E+00
  6.091130E-03  3.911141E-03  5.000000E-01  6.154263E-03  3.989529E-03  0.000000E+00  2.031428E-02  7.815204E-03 -1.435406E-14 -1.486550E+00  0.000000E+00
  3.952840E-03  3.036691E-03  5.000000E-01  3.994378E-03  3.106247E-03  0.000000E+00  2.112807E-02  9.728528E-03 -5.184476E-15 -1.523735E+00  0.000000E+00
  2.330070E-03  2.221985E-03  5.000000E-01  2.355220E-03  2.283314E-03  0.000000E+00  2.423502E-02  1.419062E-02 -6.643302E-15 -1.531431E+00  0.000000E+00
  1.198080E-03  1.485129E-03  5.000000E-01  1.211798E-03  1.539017E-03  0.000000E+00  2.759995E-02  2.138726E-02 -1.227143E-14 -1.519606E+00  0.000000E+00
  5.019560E-04  8.591821E-04  5.000000E-01  5.086442E-04  9.067479E-04  0.000000E+00  3.041691E-02  3.350678E-02 -1.862024E-14 -1.531146E+00  0.000000E+00
  1.313430E-04  3.760645E-04  5.000000E-01  1.342884E-04  4.187513E-04  0.000000E+00  3.507485E-02  7.038395E-02 -2.910666E-14 -1.566362E+00  0.000000E+00
  8.078190E-06  6.792864E-05  5.000000E-01  9.778777E-06  1.075037E-04  0.000000E+00  3.055384E-02  1.733138E-01 -4.280984E-14 -1.484863E+00  0.000000E+00
 -1.602820E-06 -3.850023E-05  5.000000E-01  0.000000E+00  0.000000E+00  0.000000E+00 -4.941046E-03  2.521558E-01 -5.444686E-14 -1.190921E+00  0.000000E+00
  9.141860E-06 -1.485536E-04  5.000000E-01  1.085319E-05 -1.111648E-04  0.000000E+00 -4.976132E-02  1.967984E-01 -6.592404E-14 -4.688720E-01  0.000000E+00
  1.696960E-04 -4.811751E-04  5.000000E-01  1.730287E-04 -4.471454E-04  0.000000E+00 -6.436767E-02  9.282742E-02 -6.720773E-14  5.407510E-01  0.000000E+00
    1    2
    2    3
    3    4
    4    5
    5    6
    6    7
    7    8
    8    9
    9   10
   10   11
   11   12
   12   13
   13   14
   14   15
   15   16
   16   17
   17   18
   18   19
   19   20
   20   21
   21   22
   22   23
   23   24
   25   26
   26   27
   27   28
   28   29
   29   30
   30   31
   31   32
   32   33
   33   34
   34   35
   35   36
   36   37
   37   38
   38   39
   39   40
   40   41
   41   42
   42   43
   43   44
   44   45
   45   46
   46   47
   47   48
   49   50
   50   51
   51   52
   52   53
   53   54
   54   55
   55   56
   56   57
   57   58
   58   59
   59   60
   60   61
   61   62
   62   63
   63   64
   64   65
   65   66
   66   67
   67   68
   68   69
   69   70
   70   71
   71   72
   73   74
   74   75
   75   76
   76   77
   77   78
   78   79
   79   80
   80   81
   81   82
   82   83
   83   84
   84   85
   85   86
   86   87
   87   88
   88   89
   89   90
   90   91
   91   92
   92   93
   93   94
   94   95
   95   96
   97   98
   98   99
   99  100
  100  101
  101  102
  102  103
  103  104
  104  105
  105  106
  106  107
  107  108
  108  109
  109  110
  110  111
  111  112
  112  113
  113  114
  114  115
  115  116
  116  117
  117  118
  118  119
  119  120
  121  122
  122  123
  123  124
  124  125
  125  126
  126  127
  127  128
  128  129
  129  130
  130  131
  131  132
  132  133
  133  134
  134  135
  135  136
  136  137
  137  138
  138  139
  139  140
  140  141
  141  142
  142  143
  143  144
  145  146
  146  147
  147  148
  148  149
  149  150
  150  151
  151  152
  152  153
  153  154
  154  155
  155  156
  156  157
  157  158
  158  159
  159  160
  160  161
  161  162
  162  163
  163  164
  164  165
  165  166
  166  167
  167  168
  169  170
  170  171
  171  172
  172  173
  173  174
  174  175
  175  176
  176  177
  177  178
  178  179
  179  180
  180  181
  181  182
  182  183
  183  184
  184  185
  185  186
  186  187
  187  188
  188  189
  189  190
  190  191
  191  192
