 Title = "ADflow Slice Data"
Variables =  "CoordinateX"  "CoordinateY"  "CoordinateZ"  "XoC"  "YoC"  "ZoC" "VelocityX" "VelocityY" "VelocityZ" "CoefPressure" "Mach" 
Zone T= "Slice_0001 None Absolute Regular z = 0.50000000"
 Nodes =          192  Elements=          184  ZONETYPE=FELINESEG
 DATAPACKING=POINT
  5.667600E-01 -1.510696E-02  5.000000E-01  5.724853E-01 -1.522062E-02  0.000000E+00  1.340854E-02  1.528838E-03 -9.361028E-18  1.002521E-01  0.000000E+00
  5.873410E-01 -1.274733E-02  5.000000E-01  5.932741E-01 -1.283716E-02  0.000000E+00  1.290509E-02  1.478327E-03  7.910837E-18  1.231455E-01  0.000000E+00
  6.076580E-01 -1.042211E-02  5.000000E-01  6.137963E-01 -1.048846E-02  0.000000E+00  1.246305E-02  1.417106E-03  9.366544E-18  1.449840E-01  0.000000E+00
  6.276600E-01 -8.163430E-03  5.000000E-01  6.340003E-01 -8.206967E-03  0.000000E+00  1.207992E-02  1.349296E-03  5.206379E-18  1.652033E-01  0.000000E+00
  6.472970E-01 -5.995404E-03  5.000000E-01  6.538356E-01 -6.017047E-03  0.000000E+00  1.174609E-02  1.279785E-03  3.815293E-19  1.834559E-01  0.000000E+00
  6.665260E-01 -3.929584E-03  5.000000E-01  6.732588E-01 -3.930364E-03  0.000000E+00  1.145131E-02  1.211048E-03  3.779954E-19  1.999565E-01  0.000000E+00
  6.853050E-01 -1.975514E-03  5.000000E-01  6.922274E-01 -1.956560E-03  0.000000E+00  1.118974E-02  1.140470E-03  3.283360E-18  2.155023E-01  0.000000E+00
  7.035980E-01 -1.504713E-04  5.000000E-01  7.107052E-01 -1.130871E-04  0.000000E+00  1.095158E-02  1.065402E-03  3.970695E-18  2.304285E-01  0.000000E+00
  7.213750E-01  1.533526E-03  5.000000E-01  7.286617E-01  1.587917E-03  0.000000E+00  1.071434E-02  9.862723E-04  1.968906E-18  2.443894E-01  0.000000E+00
  7.386080E-01  3.072136E-03  5.000000E-01  7.460687E-01  3.142065E-03  0.000000E+00  1.044917E-02  9.052236E-04 -1.022397E-18  2.573013E-01  0.000000E+00
  7.552750E-01  4.470409E-03  5.000000E-01  7.629040E-01  4.554458E-03  0.000000E+00  1.013803E-02  8.265114E-04 -2.793715E-18  2.695913E-01  0.000000E+00
  7.713580E-01  5.741138E-03  5.000000E-01  7.791495E-01  5.838021E-03  0.000000E+00  9.793729E-03  7.519524E-04 -3.989299E-18  2.818174E-01  0.000000E+00
  7.868410E-01  6.895271E-03  5.000000E-01  7.947888E-01  7.003809E-03  0.000000E+00  9.483227E-03  6.642309E-04 -1.303554E-18  2.957034E-01  0.000000E+00
  8.017160E-01  7.872823E-03  5.000000E-01  8.098140E-01  7.991233E-03  0.000000E+00  9.307638E-03  5.404670E-04  1.410679E-17  3.115876E-01  0.000000E+00
  8.159740E-01  8.590420E-03  5.000000E-01  8.242160E-01  8.716077E-03  0.000000E+00  9.330574E-03  3.861078E-04  3.519639E-17  3.245039E-01  0.000000E+00
  8.296120E-01  9.030414E-03  5.000000E-01  8.379918E-01  9.160515E-03  0.000000E+00  9.555783E-03  2.188038E-04  4.143370E-17  3.295857E-01  0.000000E+00
  8.426300E-01  9.209059E-03  5.000000E-01  8.511412E-01  9.340964E-03  0.000000E+00  9.959830E-03  4.536502E-05  2.783273E-17  3.267771E-01  0.000000E+00
  8.550290E-01  9.157717E-03  5.000000E-01  8.636654E-01  9.289104E-03  0.000000E+00  1.051443E-02 -1.332157E-04  5.988878E-18  3.180638E-01  0.000000E+00
  8.668160E-01  8.914112E-03  5.000000E-01  8.755715E-01  9.043038E-03  0.000000E+00  1.119063E-02 -3.157975E-04 -1.097166E-17  3.047953E-01  0.000000E+00
  8.779950E-01  8.519501E-03  5.000000E-01  8.868634E-01  8.644443E-03  0.000000E+00  1.195859E-02 -4.998257E-04 -1.552691E-17  2.875322E-01  0.000000E+00
  8.885730E-01  8.013154E-03  5.000000E-01  8.975482E-01  8.132982E-03  0.000000E+00  1.278901E-02 -6.827241E-04 -8.181015E-18  2.668629E-01  0.000000E+00
  8.985610E-01  7.428439E-03  5.000000E-01  9.076371E-01  7.542361E-03  0.000000E+00  1.364928E-02 -8.577439E-04  5.447235E-18  2.433087E-01  0.000000E+00
  9.079670E-01  6.799126E-03  5.000000E-01  9.171381E-01  6.906693E-03  0.000000E+00  1.450014E-02 -1.012516E-03  8.238124E-18  2.173317E-01  0.000000E+00
  9.168010E-01  6.157723E-03  5.000000E-01  9.260613E-01  6.258812E-03  0.000000E+00  1.530395E-02 -1.137894E-03  7.432266E-18  1.899895E-01  0.000000E+00
  9.168010E-01  6.157723E-03  5.000000E-01  9.260613E-01  6.258812E-03  0.000000E+00  1.530395E-02 -1.137894E-03  7.432266E-18  1.899895E-01  0.000000E+00
  9.250730E-01  5.529031E-03  5.000000E-01  9.344168E-01  5.623772E-03  0.000000E+00  1.603753E-02 -1.235113E-03  6.240411E-18  1.628068E-01  0.000000E+00
  9.327940E-01  4.927292E-03  5.000000E-01  9.422158E-01  5.015955E-03  0.000000E+00  1.670038E-02 -1.315872E-03  4.195122E-18  1.370972E-01  0.000000E+00
  9.399760E-01  4.355780E-03  5.000000E-01  9.494703E-01  4.438672E-03  0.000000E+00  1.730872E-02 -1.391710E-03  7.467988E-18  1.131294E-01  0.000000E+00
  9.466320E-01  3.815199E-03  5.000000E-01  9.561935E-01  3.892632E-03  0.000000E+00  1.788271E-02 -1.467159E-03  4.525540E-18  9.016580E-02  0.000000E+00
  9.527730E-01  3.306371E-03  5.000000E-01  9.623965E-01  3.378665E-03  0.000000E+00  1.844704E-02 -1.548714E-03 -6.818490E-18  6.766685E-02  0.000000E+00
  9.584110E-01  2.827154E-03  5.000000E-01  9.680915E-01  2.894609E-03  0.000000E+00  1.903441E-02 -1.647020E-03 -3.983793E-17  4.540018E-02  0.000000E+00
  9.635570E-01  2.374318E-03  5.000000E-01  9.732895E-01  2.437200E-03  0.000000E+00  1.967873E-02 -1.767961E-03 -1.227192E-16  2.264808E-02  0.000000E+00
  9.682220E-01  1.946793E-03  5.000000E-01  9.780016E-01  2.005357E-03  0.000000E+00  2.041212E-02 -1.912170E-03 -2.889679E-16 -1.678074E-03  0.000000E+00
  9.724140E-01  1.545859E-03  5.000000E-01  9.822359E-01  1.600374E-03  0.000000E+00  2.128260E-02 -2.087655E-03 -5.559693E-16 -2.820895E-02  0.000000E+00
  9.761430E-01  1.171440E-03  5.000000E-01  9.860026E-01  1.222174E-03  0.000000E+00  2.237231E-02 -2.311576E-03 -9.364092E-16 -5.739684E-02  0.000000E+00
  9.794160E-01  8.242704E-04  5.000000E-01  9.893086E-01  8.714983E-04  0.000000E+00  2.378326E-02 -2.597357E-03 -1.605818E-15 -9.032302E-02  0.000000E+00
  9.822400E-01  5.074293E-04  5.000000E-01  9.921611E-01  5.514575E-04  0.000000E+00  2.556637E-02 -2.947192E-03 -3.276077E-15 -1.284408E-01  0.000000E+00
  9.846200E-01  2.260650E-04  5.000000E-01  9.945652E-01  2.672518E-04  0.000000E+00  2.759061E-02 -3.347862E-03 -7.324438E-15 -1.720992E-01  0.000000E+00
  9.865620E-01 -1.453606E-05  5.000000E-01  9.965268E-01  2.422087E-05  0.000000E+00  2.940961E-02 -3.711583E-03 -1.483665E-14 -2.194077E-01  0.000000E+00
  9.880680E-01 -2.086060E-04  5.000000E-01  9.980480E-01 -1.718089E-04  0.000000E+00  2.987559E-02 -3.826699E-03 -2.943365E-14 -2.766164E-01  0.000000E+00
  9.891420E-01 -3.514239E-04  5.000000E-01  9.991328E-01 -3.160692E-04  0.000000E+00  2.812839E-02 -3.911133E-03 -1.011166E-13 -3.435006E-01  0.000000E+00
  9.897860E-01 -4.389487E-04  5.000000E-01  9.997833E-01 -4.044778E-04  0.000000E+00  3.788609E-02 -4.013264E-03 -3.502495E-13 -2.893953E-01  0.000000E+00
  9.900000E-01 -4.683023E-04  5.000000E-01  9.999995E-01 -4.341279E-04  0.000000E+00  2.618839E-02  5.267606E-03 -4.200843E-14 -5.820190E-01  0.000000E+00
  9.900000E-01 -1.843754E-04  5.000000E-01  9.999995E-01 -1.473336E-04  0.000000E+00  1.229774E-03 -7.885251E-03  7.947425E-14 -8.088117E-01  0.000000E+00
  9.900000E-01  9.955150E-05  5.000000E-01  9.999995E-01  1.394606E-04  0.000000E+00 -4.468901E-04 -2.274866E-02 -2.136093E-13 -6.283619E-01  0.000000E+00
  9.900000E-01  3.834784E-04  5.000000E-01  9.999995E-01  4.262548E-04  0.000000E+00 -1.435984E-04 -8.862987E-03 -5.021909E-14 -6.283178E-01  0.000000E+00
  9.900000E-01  6.674053E-04  5.000000E-01  9.999995E-01  7.130490E-04  0.000000E+00  4.646595E-04 -5.229935E-03  2.285813E-14 -6.881982E-01  0.000000E+00
  9.900000E-01  9.513321E-04  5.000000E-01  9.999995E-01  9.998432E-04  0.000000E+00  6.797338E-03 -6.632419E-03  1.624517E-14 -6.299472E-01  0.000000E+00
  9.900000E-01  9.513321E-04  5.000000E-01  9.999995E-01  9.998432E-04  0.000000E+00  6.797338E-03 -6.632419E-03  1.624517E-14 -6.299472E-01  0.000000E+00
  9.897890E-01  1.017904E-03  5.000000E-01  9.997864E-01  1.067087E-03  0.000000E+00  9.015762E-03 -3.469583E-03  1.144090E-14 -5.523871E-01  0.000000E+00
  9.891540E-01  1.218674E-03  5.000000E-01  9.991450E-01  1.269885E-03  0.000000E+00  4.567770E-03 -1.351277E-03 -3.529741E-16 -5.709895E-01  0.000000E+00
  9.880950E-01  1.555408E-03  5.000000E-01  9.980753E-01  1.610019E-03  0.000000E+00  3.024784E-03 -9.609217E-04 -3.375697E-15 -5.705495E-01  0.000000E+00
  9.866100E-01  2.031333E-03  5.000000E-01  9.965753E-01  2.090751E-03  0.000000E+00  1.983746E-03 -6.497758E-04 -1.580425E-15 -5.626497E-01  0.000000E+00
  9.846960E-01  2.650662E-03  5.000000E-01  9.946419E-01  2.716335E-03  0.000000E+00  9.958918E-04 -3.234576E-04 -8.877288E-16 -5.590120E-01  0.000000E+00
  9.823490E-01  3.418251E-03  5.000000E-01  9.922712E-01  3.491676E-03  0.000000E+00  1.849678E-04 -5.917969E-05 -5.522879E-16 -5.580326E-01  0.000000E+00
  9.795670E-01  4.338749E-03  5.000000E-01  9.894611E-01  4.421469E-03  0.000000E+00 -4.278453E-04  1.427369E-04 -3.240040E-16 -5.582746E-01  0.000000E+00
  9.763420E-01  5.417935E-03  5.000000E-01  9.862036E-01  5.511553E-03  0.000000E+00 -8.716107E-04  2.932910E-04 -1.736171E-16 -5.597193E-01  0.000000E+00
  9.726710E-01  6.659543E-03  5.000000E-01  9.824955E-01  6.765701E-03  0.000000E+00 -1.170637E-03  3.977072E-04 -8.424742E-17 -5.622531E-01  0.000000E+00
  9.685460E-01  8.066753E-03  5.000000E-01  9.783288E-01  8.187122E-03  0.000000E+00 -1.342207E-03  4.594688E-04 -3.710429E-17 -5.654564E-01  0.000000E+00
  9.639600E-01  9.641707E-03  5.000000E-01  9.736965E-01  9.777981E-03  0.000000E+00 -1.402958E-03  4.831421E-04 -1.686110E-17 -5.688215E-01  0.000000E+00
  9.589060E-01  1.138655E-02  5.000000E-01  9.685915E-01  1.154045E-02  0.000000E+00 -1.373305E-03  4.749979E-04 -1.189045E-17 -5.718723E-01  0.000000E+00
  9.533750E-01  1.330247E-02  5.000000E-01  9.630046E-01  1.347571E-02  0.000000E+00 -1.279113E-03  4.433638E-04 -1.079884E-17 -5.742454E-01  0.000000E+00
  9.473580E-01  1.538821E-02  5.000000E-01  9.569269E-01  1.558252E-02  0.000000E+00 -1.150214E-03  3.983903E-04 -6.533474E-18 -5.757554E-01  0.000000E+00
  9.408450E-01  1.764045E-02  5.000000E-01  9.503481E-01  1.785750E-02  0.000000E+00 -1.016821E-03  3.507760E-04  3.392158E-18 -5.764320E-01  0.000000E+00
  9.338260E-01  2.005389E-02  5.000000E-01  9.432582E-01  2.029532E-02  0.000000E+00 -9.056310E-04  3.100157E-04  2.010412E-17 -5.765034E-01  0.000000E+00
  9.262910E-01  2.262009E-02  5.000000E-01  9.356471E-01  2.288743E-02  0.000000E+00 -8.372230E-04  2.831382E-04  4.107972E-17 -5.763223E-01  0.000000E+00
  9.182290E-01  2.532622E-02  5.000000E-01  9.275037E-01  2.562089E-02  0.000000E+00 -8.255029E-04  2.742256E-04  6.203214E-17 -5.762594E-01  0.000000E+00
  9.096280E-01  2.815458E-02  5.000000E-01  9.188158E-01  2.847781E-02  0.000000E+00 -8.781541E-04  2.845180E-04  7.696140E-17 -5.766750E-01  0.000000E+00
  9.004770E-01  3.108168E-02  5.000000E-01  9.095724E-01  3.143448E-02  0.000000E+00 -9.970010E-04  3.126356E-04  9.011620E-17 -5.778843E-01  0.000000E+00
  8.907650E-01  3.407659E-02  5.000000E-01  8.997623E-01  3.445963E-02  0.000000E+00 -1.179250E-03  3.542573E-04  1.039129E-16 -5.799725E-01  0.000000E+00
  8.804800E-01  3.709791E-02  5.000000E-01  8.893735E-01  3.751146E-02  0.000000E+00 -1.418057E-03  4.017168E-04 -5.510420E-17 -5.828400E-01  0.000000E+00
  8.696090E-01  4.008988E-02  5.000000E-01  8.783927E-01  4.053365E-02  0.000000E+00 -1.699129E-03  4.455738E-04 -7.108914E-17 -5.864216E-01  0.000000E+00
  8.696090E-01  4.008988E-02  5.000000E-01  8.783927E-01  4.053365E-02  0.000000E+00 -1.699129E-03  4.455738E-04 -7.108914E-17 -5.864216E-01  0.000000E+00
  8.581400E-01  4.298043E-02  5.000000E-01  8.668079E-01  4.345339E-02  0.000000E+00 -2.002434E-03  4.769013E-04 -1.205476E-16 -5.897280E-01  0.000000E+00
  8.460600E-01  4.568537E-02  5.000000E-01  8.546059E-01  4.618564E-02  0.000000E+00 -2.310201E-03  4.855421E-04 -2.715127E-16 -5.905589E-01  0.000000E+00
  8.333640E-01  4.812484E-02  5.000000E-01  8.417817E-01  4.864975E-02  0.000000E+00 -2.567364E-03  4.509152E-04 -2.491745E-16 -5.921133E-01  0.000000E+00
  8.200460E-01  5.022324E-02  5.000000E-01  8.283292E-01  5.076934E-02  0.000000E+00 -2.540534E-03  3.448398E-04 -3.033262E-16 -6.136527E-01  0.000000E+00
  8.061050E-01  5.191316E-02  5.000000E-01  8.142474E-01  5.247632E-02  0.000000E+00 -1.647998E-03  1.621111E-04 -2.428011E-16 -6.844140E-01  0.000000E+00
  7.915460E-01  5.316883E-02  5.000000E-01  7.995413E-01  5.374468E-02  0.000000E+00  9.927668E-04 -5.250942E-05 -4.610428E-18 -8.104098E-01  0.000000E+00
  7.763770E-01  5.402947E-02  5.000000E-01  7.842191E-01  5.461401E-02  0.000000E+00  5.991522E-03 -2.164422E-04  1.725479E-16 -9.517177E-01  0.000000E+00
  7.606070E-01  5.456438E-02  5.000000E-01  7.682899E-01  5.515432E-02  0.000000E+00  1.260939E-02 -2.326073E-04  1.004220E-16 -1.050183E+00  0.000000E+00
  7.442510E-01  5.478091E-02  5.000000E-01  7.517687E-01  5.537304E-02  0.000000E+00  1.845371E-02 -4.486270E-05 -6.762951E-17 -1.081589E+00  0.000000E+00
  7.273250E-01  5.469697E-02  5.000000E-01  7.346718E-01  5.528825E-02  0.000000E+00  2.145572E-02  2.561986E-04 -8.860473E-17 -1.067290E+00  0.000000E+00
  7.098490E-01  5.436510E-02  5.000000E-01  7.170193E-01  5.495303E-02  0.000000E+00  2.167741E-02  4.873280E-04  1.708934E-17 -1.042323E+00  0.000000E+00
  6.918480E-01  5.388147E-02  5.000000E-01  6.988365E-01  5.446452E-02  0.000000E+00  2.053629E-02  5.373176E-04  8.354890E-17 -1.031264E+00  0.000000E+00
  6.733520E-01  5.339633E-02  5.000000E-01  6.801537E-01  5.397447E-02  0.000000E+00  1.933050E-02  3.957883E-04  7.905204E-17 -1.044828E+00  0.000000E+00
  6.543930E-01  5.310934E-02  5.000000E-01  6.610032E-01  5.368459E-02  0.000000E+00  1.875510E-02  1.282285E-04  6.764463E-17 -1.079536E+00  0.000000E+00
  6.350090E-01  5.314015E-02  5.000000E-01  6.414235E-01  5.371571E-02  0.000000E+00  1.903623E-02 -1.482998E-04  7.189987E-17 -1.120011E+00  0.000000E+00
  6.152440E-01  5.342122E-02  5.000000E-01  6.214589E-01  5.399961E-02  0.000000E+00  1.996680E-02 -3.502138E-04  7.226989E-17 -1.151723E+00  0.000000E+00
  5.951420E-01  5.384221E-02  5.000000E-01  6.011539E-01  5.442486E-02  0.000000E+00  2.109176E-02 -4.408609E-04  4.770055E-17 -1.167706E+00  0.000000E+00
  5.747530E-01  5.427237E-02  5.000000E-01  5.805590E-01  5.485936E-02  0.000000E+00  2.204303E-02 -3.846167E-04 -4.509733E-18 -1.165499E+00  0.000000E+00
  5.541290E-01  5.456659E-02  5.000000E-01  5.597267E-01  5.515655E-02  0.000000E+00  2.265149E-02 -1.699510E-04 -3.687768E-17 -1.146543E+00  0.000000E+00
  5.333260E-01  5.458692E-02  5.000000E-01  5.387136E-01  5.517709E-02  0.000000E+00  2.285579E-02  1.305034E-04  1.785873E-18 -1.118267E+00  0.000000E+00
  5.124010E-01  5.432288E-02  5.000000E-01  5.175773E-01  5.491038E-02  0.000000E+00  2.270651E-02  4.098473E-04  7.500934E-17 -1.090246E+00  0.000000E+00
  4.914140E-01  5.382499E-02  5.000000E-01  4.963783E-01  5.440746E-02  0.000000E+00  2.238781E-02  6.239224E-04  8.906148E-17 -1.067911E+00  0.000000E+00
  4.704230E-01  5.314956E-02  5.000000E-01  4.751754E-01  5.372521E-02  0.000000E+00  2.207913E-02  7.709276E-04  3.489118E-17 -1.053318E+00  0.000000E+00
  1.696960E-04 -4.811925E-04  5.000000E-01  1.730287E-04 -4.471483E-04  0.000000E+00 -6.436747E-02  9.282804E-02 -6.626075E-13  5.407353E-01  0.000000E+00
  8.054360E-04 -9.784880E-04  5.000000E-01  8.151890E-04 -9.494659E-04  0.000000E+00 -4.693653E-02  3.287185E-02 -2.988427E-13  1.106720E+00  0.000000E+00
  1.973980E-03 -1.585609E-03  5.000000E-01  1.995534E-03 -1.562719E-03  0.000000E+00 -2.105688E-02  1.048585E-02 -3.551058E-14  1.176594E+00  0.000000E+00
  3.614630E-03 -2.300537E-03  5.000000E-01  3.652753E-03 -2.284866E-03  0.000000E+00 -4.061246E-03  1.776054E-03  1.642640E-14  1.152961E+00  0.000000E+00
  5.721210E-03 -3.131704E-03  5.000000E-01  5.780607E-03 -3.124427E-03  0.000000E+00  5.014959E-03 -1.862726E-03  1.569587E-14  1.122647E+00  0.000000E+00
  8.297500E-03 -4.076637E-03  5.000000E-01  8.382914E-03 -4.078903E-03  0.000000E+00  9.325164E-03 -3.268186E-03  9.919227E-15  1.078334E+00  0.000000E+00
  1.136560E-02 -5.115739E-03  5.000000E-01  1.148200E-02 -5.128498E-03  0.000000E+00  1.109418E-02 -3.620107E-03  5.434582E-15  1.023918E+00  0.000000E+00
  1.493280E-02 -6.237763E-03  5.000000E-01  1.508522E-02 -6.261853E-03  0.000000E+00  1.169031E-02 -3.586076E-03  2.359494E-15  9.694123E-01  0.000000E+00
  1.899460E-02 -7.451019E-03  5.000000E-01  1.918804E-02 -7.487362E-03  0.000000E+00  1.194719E-02 -3.516416E-03  6.870489E-16  9.187173E-01  0.000000E+00
  2.354800E-02 -8.771558E-03  5.000000E-01  2.378743E-02 -8.821237E-03  0.000000E+00  1.228203E-02 -3.508688E-03  5.517912E-17  8.688291E-01  0.000000E+00
  2.860130E-02 -1.019489E-02  5.000000E-01  2.889176E-02 -1.025894E-02  0.000000E+00  1.281360E-02 -3.547938E-03 -6.695536E-17  8.171025E-01  0.000000E+00
  3.416500E-02 -1.170992E-02  5.000000E-01  3.451165E-02 -1.178927E-02  0.000000E+00  1.352354E-02 -3.615631E-03 -4.921540E-17  7.647613E-01  0.000000E+00
  4.024810E-02 -1.330745E-02  5.000000E-01  4.065618E-02 -1.340293E-02  0.000000E+00  1.435323E-02 -3.692550E-03 -3.098694E-17  7.127161E-01  0.000000E+00
  4.686030E-02 -1.497517E-02  5.000000E-01  4.733516E-02 -1.508750E-02  0.000000E+00  1.523828E-02 -3.758838E-03 -2.602506E-17  6.607507E-01  0.000000E+00
  5.401090E-02 -1.670139E-02  5.000000E-01  5.455797E-02 -1.683115E-02  0.000000E+00  1.613194E-02 -3.806079E-03 -2.260735E-17  6.089341E-01  0.000000E+00
  6.170850E-02 -1.847745E-02  5.000000E-01  6.233331E-02 -1.862514E-02  0.000000E+00  1.700858E-02 -3.825928E-03 -1.116022E-17  5.568938E-01  0.000000E+00
  6.996310E-02 -2.028901E-02  5.000000E-01  7.067127E-02 -2.045500E-02  0.000000E+00  1.785444E-02 -3.805861E-03  1.136245E-17  5.039260E-01  0.000000E+00
  7.878500E-02 -2.211641E-02  5.000000E-01  7.958226E-02 -2.230086E-02  0.000000E+00  1.866639E-02 -3.742249E-03  4.295573E-17  4.502278E-01  0.000000E+00
  8.818390E-02 -2.394049E-02  5.000000E-01  8.907608E-02 -2.414336E-02  0.000000E+00  1.944586E-02 -3.635169E-03  7.888027E-17  3.962337E-01  0.000000E+00
  9.816930E-02 -2.573866E-02  5.000000E-01  9.916232E-02 -2.595969E-02  0.000000E+00  2.018739E-02 -3.479951E-03  1.103064E-16  3.420038E-01  0.000000E+00
  1.087500E-01 -2.748401E-02  5.000000E-01  1.098499E-01 -2.772266E-02  0.000000E+00  2.087478E-02 -3.273089E-03  1.189249E-16  2.879604E-01  0.000000E+00
  1.199340E-01 -2.914915E-02  5.000000E-01  1.211468E-01 -2.940462E-02  0.000000E+00  2.147313E-02 -3.009538E-03  7.942942E-17  2.348087E-01  0.000000E+00
  1.317280E-01 -3.070197E-02  5.000000E-01  1.330599E-01 -3.097312E-02  0.000000E+00  2.192164E-02 -2.680427E-03 -4.360891E-17  1.833987E-01  0.000000E+00
  1.441380E-01 -3.210502E-02  5.000000E-01  1.455952E-01 -3.239034E-02  0.000000E+00  2.214893E-02 -2.285698E-03 -2.188303E-17  1.355192E-01  0.000000E+00
  1.441380E-01 -3.210502E-02  5.000000E-01  1.455952E-01 -3.239034E-02  0.000000E+00  2.214893E-02 -2.285698E-03 -2.188303E-17  1.355192E-01  0.000000E+00
  1.571670E-01 -3.332175E-02  5.000000E-01  1.587558E-01 -3.361936E-02  0.000000E+00  2.210358E-02 -1.839074E-03 -9.150107E-17  9.375449E-02  0.000000E+00
  1.708170E-01 -3.431715E-02  5.000000E-01  1.725437E-01 -3.462482E-02  0.000000E+00  2.179493E-02 -1.370321E-03 -1.994717E-16  6.084748E-02  0.000000E+00
  1.850860E-01 -3.506742E-02  5.000000E-01  1.869568E-01 -3.538265E-02  0.000000E+00  2.132680E-02 -9.325131E-04 -6.787176E-17  3.916065E-02  0.000000E+00
  1.999720E-01 -3.558106E-02  5.000000E-01  2.019931E-01 -3.590149E-02  0.000000E+00  2.087992E-02 -5.940705E-04  1.511109E-17  2.943748E-02  0.000000E+00
  2.154670E-01 -3.592368E-02  5.000000E-01  2.176446E-01 -3.624756E-02  0.000000E+00  2.059749E-02 -3.814319E-04  2.836762E-17  2.730943E-02  0.000000E+00
  2.315610E-01 -3.616548E-02  5.000000E-01  2.339011E-01 -3.649181E-02  0.000000E+00  2.046702E-02 -2.326967E-04  5.745714E-18  2.268879E-02  0.000000E+00
  2.482400E-01 -3.629817E-02  5.000000E-01  2.507486E-01 -3.662584E-02  0.000000E+00  2.039398E-02 -8.164260E-05 -1.525599E-17  1.008762E-02  0.000000E+00
  2.654840E-01 -3.629986E-02  5.000000E-01  2.681667E-01 -3.662755E-02  0.000000E+00  2.031160E-02  8.661348E-05 -3.035990E-17 -7.339705E-03  0.000000E+00
  2.832720E-01 -3.614528E-02  5.000000E-01  2.861343E-01 -3.647140E-02  0.000000E+00  2.018315E-02  2.696552E-04 -4.444866E-17 -2.456556E-02  0.000000E+00
  3.015770E-01 -3.581343E-02  5.000000E-01  3.046242E-01 -3.613620E-02  0.000000E+00  1.999385E-02  4.580262E-04 -5.810222E-17 -3.819406E-02  0.000000E+00
  3.203660E-01 -3.529143E-02  5.000000E-01  3.236030E-01 -3.560893E-02  0.000000E+00  1.974243E-02  6.413740E-04 -6.639901E-17 -4.710026E-02  0.000000E+00
  3.396030E-01 -3.457449E-02  5.000000E-01  3.430342E-01 -3.488475E-02  0.000000E+00  1.943223E-02  8.134013E-04 -6.337489E-17 -5.166763E-02  0.000000E+00
  3.592490E-01 -3.366073E-02  5.000000E-01  3.628786E-01 -3.396176E-02  0.000000E+00  1.906535E-02  9.724735E-04 -4.661136E-17 -5.270237E-02  0.000000E+00
  3.792580E-01 -3.254868E-02  5.000000E-01  3.830897E-01 -3.283848E-02  0.000000E+00  1.864364E-02  1.117512E-03 -1.655329E-17 -5.057726E-02  0.000000E+00
  3.995810E-01 -3.123977E-02  5.000000E-01  4.036179E-01 -3.151636E-02  0.000000E+00  1.817007E-02  1.246102E-03  2.157330E-17 -4.516380E-02  0.000000E+00
  4.201670E-01 -2.973962E-02  5.000000E-01  4.244118E-01 -3.000105E-02  0.000000E+00  1.764689E-02  1.356465E-03  5.612816E-17 -3.632826E-02  0.000000E+00
  4.409600E-01 -2.805577E-02  5.000000E-01  4.454148E-01 -2.830020E-02  0.000000E+00  1.707637E-02  1.447900E-03  6.535892E-17 -2.415509E-02  0.000000E+00
  4.619030E-01 -2.619748E-02  5.000000E-01  4.665693E-01 -2.642314E-02  0.000000E+00  1.646681E-02  1.518216E-03  3.793916E-17 -8.709665E-03  0.000000E+00
  4.829360E-01 -2.418235E-02  5.000000E-01  4.878147E-01 -2.438766E-02  0.000000E+00  1.583360E-02  1.564719E-03 -3.073063E-18  9.822246E-03  0.000000E+00
  5.039990E-01 -2.203463E-02  5.000000E-01  5.090904E-01 -2.221825E-02  0.000000E+00  1.519466E-02  1.586707E-03 -3.295488E-17  3.086056E-02  0.000000E+00
  5.250310E-01 -1.978447E-02  5.000000E-01  5.303348E-01 -1.994537E-02  0.000000E+00  1.456746E-02  1.585706E-03 -4.575594E-17  5.354030E-02  0.000000E+00
  5.459710E-01 -1.746471E-02  5.000000E-01  5.514863E-01 -1.760218E-02  0.000000E+00  1.396712E-02  1.565387E-03 -3.566600E-17  7.689503E-02  0.000000E+00
  5.667600E-01 -1.510696E-02  5.000000E-01  5.724853E-01 -1.522062E-02  0.000000E+00  1.340854E-02  1.528838E-03 -9.361028E-18  1.002521E-01  0.000000E+00
  4.704230E-01  5.314956E-02  5.000000E-01  4.751754E-01  5.372521E-02  0.000000E+00  2.207913E-02  7.709276E-04  3.489118E-17 -1.053318E+00  0.000000E+00
  4.494880E-01  5.235769E-02  5.000000E-01  4.540289E-01  5.292534E-02  0.000000E+00  2.188287E-02  8.581290E-04 -1.341770E-17 -1.046642E+00  0.000000E+00
  4.286690E-01  5.151035E-02  5.000000E-01  4.329997E-01  5.206945E-02  0.000000E+00  2.185236E-02  9.121901E-04 -3.152041E-17 -1.045458E+00  0.000000E+00
  4.080230E-01  5.062843E-02  5.000000E-01  4.121452E-01  5.117863E-02  0.000000E+00  2.199554E-02  9.727453E-04 -3.465729E-17 -1.045702E+00  0.000000E+00
  3.876050E-01  4.969686E-02  5.000000E-01  3.915210E-01  5.023764E-02  0.000000E+00  2.225024E-02  1.057786E-03 -3.554154E-17 -1.044742E+00  0.000000E+00
  3.674690E-01  4.870211E-02  5.000000E-01  3.711816E-01  4.923285E-02  0.000000E+00  2.252769E-02  1.164331E-03 -4.409230E-17 -1.041898E+00  0.000000E+00
  3.476650E-01  4.763403E-02  5.000000E-01  3.511776E-01  4.815398E-02  0.000000E+00  2.277189E-02  1.288049E-03 -5.632512E-17 -1.037227E+00  0.000000E+00
  3.282390E-01  4.648477E-02  5.000000E-01  3.315555E-01  4.699312E-02  0.000000E+00  2.296600E-02  1.426127E-03 -5.241579E-17 -1.031082E+00  0.000000E+00
  3.092330E-01  4.524902E-02  5.000000E-01  3.123575E-01  4.574489E-02  0.000000E+00  2.311255E-02  1.573397E-03 -2.101486E-17 -1.024106E+00  0.000000E+00
  2.906860E-01  4.392962E-02  5.000000E-01  2.936232E-01  4.441216E-02  0.000000E+00  2.322125E-02  1.724726E-03  1.861897E-17 -1.016932E+00  0.000000E+00
  2.726330E-01  4.253207E-02  5.000000E-01  2.753879E-01  4.300050E-02  0.000000E+00  2.330449E-02  1.879237E-03  4.371974E-17 -1.009828E+00  0.000000E+00
  2.551020E-01  4.106183E-02  5.000000E-01  2.576799E-01  4.151541E-02  0.000000E+00  2.337068E-02  2.037986E-03  5.031136E-17 -1.002798E+00  0.000000E+00
  2.381210E-01  3.952479E-02  5.000000E-01  2.405274E-01  3.996285E-02  0.000000E+00  2.342574E-02  2.204342E-03  4.362299E-17 -9.956974E-01  0.000000E+00
  2.217090E-01  3.792316E-02  5.000000E-01  2.239496E-01  3.834505E-02  0.000000E+00  2.346948E-02  2.379499E-03  2.449478E-17 -9.888357E-01  0.000000E+00
  2.058840E-01  3.625947E-02  5.000000E-01  2.079648E-01  3.666455E-02  0.000000E+00  2.348219E-02  2.542143E-03 -5.931479E-18 -9.844321E-01  0.000000E+00
  1.906600E-01  3.456139E-02  5.000000E-01  1.925871E-01  3.494932E-02  0.000000E+00  2.345627E-02  2.655932E-03 -3.331121E-17 -9.858890E-01  0.000000E+00
  1.760460E-01  3.287946E-02  5.000000E-01  1.778255E-01  3.325041E-02  0.000000E+00  2.345885E-02  2.725578E-03 -4.822711E-17 -9.937277E-01  0.000000E+00
  1.620500E-01  3.123790E-02  5.000000E-01  1.636881E-01  3.159227E-02  0.000000E+00  2.358150E-02  2.793282E-03 -5.729264E-17 -1.005188E+00  0.000000E+00
  1.486750E-01  2.963893E-02  5.000000E-01  1.501781E-01  2.997716E-02  0.000000E+00  2.384516E-02  2.888756E-03 -6.945454E-17 -1.017347E+00  0.000000E+00
  1.359210E-01  2.807439E-02  5.000000E-01  1.372953E-01  2.839681E-02  0.000000E+00  2.419958E-02  3.019922E-03 -9.136210E-17 -1.028453E+00  0.000000E+00
  1.237890E-01  2.653545E-02  5.000000E-01  1.250407E-01  2.684233E-02  0.000000E+00  2.457407E-02  3.184161E-03 -1.297092E-16 -1.037858E+00  0.000000E+00
  1.122730E-01  2.501257E-02  5.000000E-01  1.134084E-01  2.530408E-02  0.000000E+00  2.491710E-02  3.376306E-03 -1.944304E-16 -1.045659E+00  0.000000E+00
  1.013710E-01  2.350010E-02  5.000000E-01  1.023964E-01  2.377633E-02  0.000000E+00  2.520580E-02  3.589862E-03 -2.903718E-16 -1.052466E+00  0.000000E+00
  9.107400E-02  2.199599E-02  5.000000E-01  9.199536E-02  2.225703E-02  0.000000E+00  2.544380E-02  3.824035E-03 -4.658322E-16 -1.058854E+00  0.000000E+00
  9.107400E-02  2.199599E-02  5.000000E-01  9.199536E-02  2.225703E-02  0.000000E+00  2.544380E-02  3.824035E-03 -4.658322E-16 -1.058854E+00  0.000000E+00
  8.137660E-02  2.049799E-02  5.000000E-01  8.220003E-02  2.074390E-02  0.000000E+00  2.563918E-02  4.077188E-03 -7.747149E-16 -1.065570E+00  0.000000E+00
  7.227050E-02  1.900851E-02  5.000000E-01  7.300197E-02  1.923938E-02  0.000000E+00  2.579633E-02  4.343387E-03 -1.299758E-15 -1.073629E+00  0.000000E+00
  6.374670E-02  1.753264E-02  5.000000E-01  6.439209E-02  1.774861E-02  0.000000E+00  2.592607E-02  4.623756E-03 -2.207621E-15 -1.083701E+00  0.000000E+00
  5.579720E-02  1.607369E-02  5.000000E-01  5.636231E-02  1.627492E-02  0.000000E+00  2.602903E-02  4.914450E-03 -3.744157E-15 -1.096696E+00  0.000000E+00
  4.841260E-02  1.464018E-02  5.000000E-01  4.890313E-02  1.482693E-02  0.000000E+00  2.610334E-02  5.210203E-03 -6.294294E-15 -1.113604E+00  0.000000E+00
  4.158390E-02  1.323992E-02  5.000000E-01  4.200547E-02  1.341254E-02  0.000000E+00  2.615416E-02  5.517460E-03 -1.035131E-14 -1.134816E+00  0.000000E+00
  3.530370E-02  1.187778E-02  5.000000E-01  3.566185E-02  1.203663E-02  0.000000E+00  2.616251E-02  5.830893E-03 -1.640099E-14 -1.161172E+00  0.000000E+00
  2.956270E-02  1.056325E-02  5.000000E-01  2.986287E-02  1.070884E-02  0.000000E+00  2.610115E-02  6.145671E-03 -2.461912E-14 -1.193336E+00  0.000000E+00
  2.435310E-02  9.302896E-03  5.000000E-01  2.460066E-02  9.435748E-03  0.000000E+00  2.593002E-02  6.473640E-03 -3.410429E-14 -1.230722E+00  0.000000E+00
  1.967110E-02  8.097182E-03  5.000000E-01  1.987137E-02  8.217858E-03  0.000000E+00  2.551454E-02  6.785377E-03 -4.140953E-14 -1.273638E+00  0.000000E+00
  1.550860E-02  6.953275E-03  5.000000E-01  1.566684E-02  7.062399E-03  0.000000E+00  2.467680E-02  7.032412E-03 -3.868315E-14 -1.322390E+00  0.000000E+00
  1.185930E-02  5.874833E-03  5.000000E-01  1.198068E-02  5.973066E-03  0.000000E+00  2.331927E-02  7.207485E-03 -1.252489E-14 -1.375129E+00  0.000000E+00
  8.724160E-03  4.858032E-03  5.000000E-01  8.813883E-03  4.945997E-03  0.000000E+00  2.156836E-02  7.338362E-03  5.440083E-14 -1.431394E+00  0.000000E+00
  6.091130E-03  3.911061E-03  5.000000E-01  6.154263E-03  3.989462E-03  0.000000E+00  2.031334E-02  7.814660E-03  1.780502E-13 -1.486583E+00  0.000000E+00
  3.952840E-03  3.036632E-03  5.000000E-01  3.994378E-03  3.106202E-03  0.000000E+00  2.112735E-02  9.727992E-03  3.754015E-13 -1.523768E+00  0.000000E+00
  2.330070E-03  2.221943E-03  5.000000E-01  2.355220E-03  2.283286E-03  0.000000E+00  2.423467E-02  1.419016E-02  6.484344E-13 -1.531466E+00  0.000000E+00
  1.198080E-03  1.485100E-03  5.000000E-01  1.211798E-03  1.539002E-03  0.000000E+00  2.760001E-02  2.138699E-02  8.306360E-13 -1.519642E+00  0.000000E+00
  5.019560E-04  8.591613E-04  5.000000E-01  5.086442E-04  9.067416E-04  0.000000E+00  3.041745E-02  3.350709E-02  7.820219E-13 -1.531182E+00  0.000000E+00
  1.313430E-04  3.760484E-04  5.000000E-01  1.342884E-04  4.187498E-04  0.000000E+00  3.507599E-02  7.038604E-02  4.591234E-12 -1.566389E+00  0.000000E+00
  8.078190E-06  6.791404E-05  5.000000E-01  9.778777E-06  1.075036E-04  0.000000E+00  3.055498E-02  1.733168E-01  1.121755E-11 -1.484874E+00  0.000000E+00
 -1.602820E-06 -3.851477E-05  5.000000E-01  0.000000E+00  0.000000E+00  0.000000E+00 -4.940682E-03  2.521569E-01  7.185150E-12 -1.190927E+00  0.000000E+00
  9.141860E-06 -1.485684E-04  5.000000E-01  1.085319E-05 -1.111650E-04  0.000000E+00 -4.976118E-02  1.967983E-01 -1.997109E-13 -4.688859E-01  0.000000E+00
  1.696960E-04 -4.811925E-04  5.000000E-01  1.730287E-04 -4.471483E-04  0.000000E+00 -6.436747E-02  9.282804E-02 -6.626075E-13  5.407353E-01  0.000000E+00
    1    2
    2    3
    3    4
    4    5
    5    6
    6    7
    7    8
    8    9
    9   10
   10   11
   11   12
   12   13
   13   14
   14   15
   15   16
   16   17
   17   18
   18   19
   19   20
   20   21
   21   22
   22   23
   23   24
   25   26
   26   27
   27   28
   28   29
   29   30
   30   31
   31   32
   32   33
   33   34
   34   35
   35   36
   36   37
   37   38
   38   39
   39   40
   40   41
   41   42
   42   43
   43   44
   44   45
   45   46
   46   47
   47   48
   49   50
   50   51
   51   52
   52   53
   53   54
   54   55
   55   56
   56   57
   57   58
   58   59
   59   60
   60   61
   61   62
   62   63
   63   64
   64   65
   65   66
   66   67
   67   68
   68   69
   69   70
   70   71
   71   72
   73   74
   74   75
   75   76
   76   77
   77   78
   78   79
   79   80
   80   81
   81   82
   82   83
   83   84
   84   85
   85   86
   86   87
   87   88
   88   89
   89   90
   90   91
   91   92
   92   93
   93   94
   94   95
   95   96
   97   98
   98   99
   99  100
  100  101
  101  102
  102  103
  103  104
  104  105
  105  106
  106  107
  107  108
  108  109
  109  110
  110  111
  111  112
  112  113
  113  114
  114  115
  115  116
  116  117
  117  118
  118  119
  119  120
  121  122
  122  123
  123  124
  124  125
  125  126
  126  127
  127  128
  128  129
  129  130
  130  131
  131  132
  132  133
  133  134
  134  135
  135  136
  136  137
  137  138
  138  139
  139  140
  140  141
  141  142
  142  143
  143  144
  145  146
  146  147
  147  148
  148  149
  149  150
  150  151
  151  152
  152  153
  153  154
  154  155
  155  156
  156  157
  157  158
  158  159
  159  160
  160  161
  161  162
  162  163
  163  164
  164  165
  165  166
  166  167
  167  168
  169  170
  170  171
  171  172
  172  173
  173  174
  174  175
  175  176
  176  177
  177  178
  178  179
  179  180
  180  181
  181  182
  182  183
  183  184
  184  185
  185  186
  186  187
  187  188
  188  189
  189  190
  190  191
  191  192
