 Title = "ADflow Slice Data"
Variables =  "CoordinateX"  "CoordinateY"  "CoordinateZ"  "XoC"  "YoC"  "ZoC" "VelocityX" "VelocityY" "VelocityZ" "CoefPressure" "Mach" 
Zone T= "Slice_0001 None Absolute Regular z = 0.50000000"
 Nodes =          192  Elements=          184  ZONETYPE=FELINESEG
 DATAPACKING=POINT
  5.667600E-01 -1.512045E-02  5.000000E-01  5.724853E-01 -1.523441E-02  0.000000E+00  1.341150E-02  1.530169E-03  9.459213E-19  9.990425E-02  0.000000E+00
  5.873410E-01 -1.275880E-02  5.000000E-01  5.932741E-01 -1.284891E-02  0.000000E+00  1.290483E-02  1.479732E-03  1.146039E-18  1.228889E-01  0.000000E+00
  6.076580E-01 -1.043105E-02  5.000000E-01  6.137963E-01 -1.049765E-02  0.000000E+00  1.245988E-02  1.418355E-03  1.059727E-18  1.448439E-01  0.000000E+00
  6.276600E-01 -8.169707E-03  5.000000E-01  6.340003E-01 -8.213464E-03  0.000000E+00  1.207458E-02  1.350254E-03  1.466115E-18  1.651731E-01  0.000000E+00
  6.472970E-01 -5.999245E-03  5.000000E-01  6.538356E-01 -6.021082E-03  0.000000E+00  1.173959E-02  1.280384E-03  1.393323E-18  1.835126E-01  0.000000E+00
  6.665260E-01 -3.931532E-03  5.000000E-01  6.732588E-01 -3.932488E-03  0.000000E+00  1.144465E-02  1.211284E-03  1.312462E-18  2.000698E-01  0.000000E+00
  6.853050E-01 -1.976236E-03  5.000000E-01  6.922274E-01 -1.957446E-03  0.000000E+00  1.118364E-02  1.140432E-03  1.292086E-18  2.156374E-01  0.000000E+00
  7.035980E-01 -1.504962E-04  5.000000E-01  7.107052E-01 -1.132679E-04  0.000000E+00  1.094643E-02  1.065212E-03  2.652999E-20  2.305569E-01  0.000000E+00
  7.213750E-01  1.533829E-03  5.000000E-01  7.286617E-01  1.588067E-03  0.000000E+00  1.071025E-02  9.860236E-04 -5.761771E-20  2.444976E-01  0.000000E+00
  7.386080E-01  3.072534E-03  5.000000E-01  7.460687E-01  3.142311E-03  0.000000E+00  1.044607E-02  9.049732E-04 -1.762137E-19  2.573871E-01  0.000000E+00
  7.552750E-01  4.470775E-03  5.000000E-01  7.629040E-01  4.554673E-03  0.000000E+00  1.013577E-02  8.262909E-04 -1.054799E-18  2.696570E-01  0.000000E+00
  7.713580E-01  5.741425E-03  5.000000E-01  7.791495E-01  5.838155E-03  0.000000E+00  9.792118E-03  7.517772E-04 -1.253980E-18  2.818664E-01  0.000000E+00
  7.868410E-01  6.895480E-03  5.000000E-01  7.947888E-01  7.003864E-03  0.000000E+00  9.482069E-03  6.641048E-04 -8.448545E-19  2.957395E-01  0.000000E+00
  8.017160E-01  7.872974E-03  5.000000E-01  8.098140E-01  7.991230E-03  0.000000E+00  9.306771E-03  5.403837E-04 -7.854556E-20  3.116154E-01  0.000000E+00
  8.159740E-01  8.590529E-03  5.000000E-01  8.242160E-01  8.716032E-03  0.000000E+00  9.329883E-03  3.860561E-04  4.524934E-19  3.245270E-01  0.000000E+00
  8.296120E-01  9.030492E-03  5.000000E-01  8.379918E-01  9.160438E-03  0.000000E+00  9.555198E-03  2.187736E-04  4.425238E-19  3.296061E-01  0.000000E+00
  8.426300E-01  9.209115E-03  5.000000E-01  8.511412E-01  9.340865E-03  0.000000E+00  9.959307E-03  4.534933E-05  7.998757E-19  3.267956E-01  0.000000E+00
  8.550290E-01  9.157757E-03  5.000000E-01  8.636654E-01  9.288988E-03  0.000000E+00  1.051395E-02 -1.332211E-04  1.051364E-18  3.180806E-01  0.000000E+00
  8.668160E-01  8.914141E-03  5.000000E-01  8.755715E-01  9.042912E-03  0.000000E+00  1.119018E-02 -3.157953E-04  1.017372E-18  3.048104E-01  0.000000E+00
  8.779950E-01  8.519522E-03  5.000000E-01  8.868634E-01  8.644307E-03  0.000000E+00  1.195817E-02 -4.998175E-04  6.755654E-19  2.875459E-01  0.000000E+00
  8.885730E-01  8.013169E-03  5.000000E-01  8.975482E-01  8.132841E-03  0.000000E+00  1.278862E-02 -6.827112E-04  4.004762E-19  2.668755E-01  0.000000E+00
  8.985610E-01  7.428449E-03  5.000000E-01  9.076371E-01  7.542216E-03  0.000000E+00  1.364892E-02 -8.577275E-04  8.724697E-19  2.433206E-01  0.000000E+00
  9.079670E-01  6.799133E-03  5.000000E-01  9.171381E-01  6.906545E-03  0.000000E+00  1.449981E-02 -1.012497E-03  1.418654E-18  2.173432E-01  0.000000E+00
  9.168010E-01  6.157727E-03  5.000000E-01  9.260613E-01  6.258662E-03  0.000000E+00  1.530365E-02 -1.137875E-03  1.438816E-18  1.900007E-01  0.000000E+00
  9.168010E-01  6.157727E-03  5.000000E-01  9.260613E-01  6.258662E-03  0.000000E+00  1.530365E-02 -1.137875E-03  1.438816E-18  1.900007E-01  0.000000E+00
  9.250730E-01  5.529034E-03  5.000000E-01  9.344168E-01  5.623620E-03  0.000000E+00  1.603726E-02 -1.235094E-03  1.086260E-18  1.628178E-01  0.000000E+00
  9.327940E-01  4.927294E-03  5.000000E-01  9.422158E-01  5.015802E-03  0.000000E+00  1.670014E-02 -1.315854E-03 -4.543362E-19  1.371077E-01  0.000000E+00
  9.399760E-01  4.355781E-03  5.000000E-01  9.494703E-01  4.438518E-03  0.000000E+00  1.730851E-02 -1.391694E-03 -1.508464E-18  1.131394E-01  0.000000E+00
  9.466320E-01  3.815200E-03  5.000000E-01  9.561935E-01  3.892477E-03  0.000000E+00  1.788252E-02 -1.467145E-03  2.602383E-18  9.017517E-02  0.000000E+00
  9.527730E-01  3.306371E-03  5.000000E-01  9.623965E-01  3.378510E-03  0.000000E+00  1.844689E-02 -1.548701E-03  1.420527E-17  6.767549E-02  0.000000E+00
  9.584110E-01  2.827155E-03  5.000000E-01  9.680915E-01  2.894454E-03  0.000000E+00  1.903428E-02 -1.647010E-03  1.953896E-17  4.540808E-02  0.000000E+00
  9.635570E-01  2.374318E-03  5.000000E-01  9.732895E-01  2.437044E-03  0.000000E+00  1.967862E-02 -1.767952E-03 -2.082723E-17  2.265527E-02  0.000000E+00
  9.682220E-01  1.946793E-03  5.000000E-01  9.780016E-01  2.005202E-03  0.000000E+00  2.041203E-02 -1.912163E-03 -1.225185E-16 -1.671537E-03  0.000000E+00
  9.724140E-01  1.545859E-03  5.000000E-01  9.822359E-01  1.600219E-03  0.000000E+00  2.128254E-02 -2.087649E-03 -1.454106E-16 -2.820299E-02  0.000000E+00
  9.761430E-01  1.171440E-03  5.000000E-01  9.860026E-01  1.222018E-03  0.000000E+00  2.237227E-02 -2.311572E-03  2.377159E-16 -5.739140E-02  0.000000E+00
  9.794160E-01  8.242704E-04  5.000000E-01  9.893086E-01  8.713427E-04  0.000000E+00  2.378323E-02 -2.597354E-03  1.116925E-15 -9.031804E-02  0.000000E+00
  9.822400E-01  5.074293E-04  5.000000E-01  9.921611E-01  5.513019E-04  0.000000E+00  2.556635E-02 -2.947190E-03  1.376808E-15 -1.284362E-01  0.000000E+00
  9.846200E-01  2.260650E-04  5.000000E-01  9.945652E-01  2.670961E-04  0.000000E+00  2.759061E-02 -3.347862E-03 -1.753882E-15 -1.720950E-01  0.000000E+00
  9.865620E-01 -1.453607E-05  5.000000E-01  9.965268E-01  2.406524E-05  0.000000E+00  2.940962E-02 -3.711583E-03 -9.979991E-15 -2.194038E-01  0.000000E+00
  9.880680E-01 -2.086060E-04  5.000000E-01  9.980480E-01 -1.719646E-04  0.000000E+00  2.987561E-02 -3.826701E-03 -1.592693E-14 -2.766128E-01  0.000000E+00
  9.891420E-01 -3.514239E-04  5.000000E-01  9.991328E-01 -3.162248E-04  0.000000E+00  2.812841E-02 -3.911136E-03  5.735015E-15 -3.434973E-01  0.000000E+00
  9.897860E-01 -4.389487E-04  5.000000E-01  9.997833E-01 -4.046335E-04  0.000000E+00  3.788612E-02 -4.013268E-03  8.105948E-14 -2.893921E-01  0.000000E+00
  9.900000E-01 -4.683023E-04  5.000000E-01  9.999995E-01 -4.342835E-04  0.000000E+00  2.618841E-02  5.267625E-03  7.636970E-14 -5.820165E-01  0.000000E+00
  9.900000E-01 -1.843754E-04  5.000000E-01  9.999995E-01 -1.474893E-04  0.000000E+00  1.229774E-03 -7.885238E-03  1.229419E-14 -8.088098E-01  0.000000E+00
  9.900000E-01  9.955150E-05  5.000000E-01  9.999995E-01  1.393050E-04  0.000000E+00 -4.468913E-04 -2.274867E-02  3.085304E-15 -6.283597E-01  0.000000E+00
  9.900000E-01  3.834784E-04  5.000000E-01  9.999995E-01  4.260992E-04  0.000000E+00 -1.435992E-04 -8.862987E-03  7.349450E-17 -6.283157E-01  0.000000E+00
  9.900000E-01  6.674053E-04  5.000000E-01  9.999995E-01  7.128934E-04  0.000000E+00  4.646606E-04 -5.229935E-03  1.465080E-15 -6.881962E-01  0.000000E+00
  9.900000E-01  9.513321E-04  5.000000E-01  9.999995E-01  9.996876E-04  0.000000E+00  6.797349E-03 -6.632426E-03  3.964126E-15 -6.299451E-01  0.000000E+00
  9.900000E-01  9.513321E-04  5.000000E-01  9.999995E-01  9.996876E-04  0.000000E+00  6.797349E-03 -6.632426E-03  3.964126E-15 -6.299451E-01  0.000000E+00
  9.897890E-01  1.017904E-03  5.000000E-01  9.997864E-01  1.066932E-03  0.000000E+00  9.015781E-03 -3.469590E-03  4.254696E-15 -5.523848E-01  0.000000E+00
  9.891540E-01  1.218674E-03  5.000000E-01  9.991450E-01  1.269729E-03  0.000000E+00  4.567789E-03 -1.351283E-03  2.605167E-15 -5.709871E-01  0.000000E+00
  9.880950E-01  1.555408E-03  5.000000E-01  9.980753E-01  1.609864E-03  0.000000E+00  3.024807E-03 -9.609291E-04  1.110753E-15 -5.705471E-01  0.000000E+00
  9.866100E-01  2.031333E-03  5.000000E-01  9.965753E-01  2.090595E-03  0.000000E+00  1.983773E-03 -6.497847E-04  3.495484E-16 -5.626473E-01  0.000000E+00
  9.846960E-01  2.650662E-03  5.000000E-01  9.946419E-01  2.716179E-03  0.000000E+00  9.959212E-04 -3.234672E-04  1.081967E-16 -5.590094E-01  0.000000E+00
  9.823490E-01  3.418251E-03  5.000000E-01  9.922712E-01  3.491520E-03  0.000000E+00  1.849966E-04 -5.918915E-05  5.279678E-17 -5.580299E-01  0.000000E+00
  9.795670E-01  4.338749E-03  5.000000E-01  9.894611E-01  4.421313E-03  0.000000E+00 -4.278196E-04  1.427283E-04  2.137390E-17 -5.582718E-01  0.000000E+00
  9.763420E-01  5.417935E-03  5.000000E-01  9.862036E-01  5.511398E-03  0.000000E+00 -8.715904E-04  2.932842E-04 -6.265182E-18 -5.597164E-01  0.000000E+00
  9.726710E-01  6.659543E-03  5.000000E-01  9.824955E-01  6.765545E-03  0.000000E+00 -1.170624E-03  3.977028E-04 -1.752822E-17 -5.622502E-01  0.000000E+00
  9.685460E-01  8.066753E-03  5.000000E-01  9.783288E-01  8.186966E-03  0.000000E+00 -1.342204E-03  4.594678E-04 -1.365092E-17 -5.654536E-01  0.000000E+00
  9.639600E-01  9.641707E-03  5.000000E-01  9.736965E-01  9.777825E-03  0.000000E+00 -1.402966E-03  4.831447E-04 -4.342308E-18 -5.688187E-01  0.000000E+00
  9.589060E-01  1.138655E-02  5.000000E-01  9.685915E-01  1.154029E-02  0.000000E+00 -1.373323E-03  4.750043E-04  1.680393E-18 -5.718697E-01  0.000000E+00
  9.533750E-01  1.330247E-02  5.000000E-01  9.630046E-01  1.347556E-02  0.000000E+00 -1.279142E-03  4.433737E-04  2.416846E-18 -5.742428E-01  0.000000E+00
  9.473580E-01  1.538821E-02  5.000000E-01  9.569269E-01  1.558237E-02  0.000000E+00 -1.150251E-03  3.984031E-04  1.398305E-18 -5.757530E-01  0.000000E+00
  9.408450E-01  1.764045E-02  5.000000E-01  9.503481E-01  1.785735E-02  0.000000E+00 -1.016862E-03  3.507905E-04 -1.532897E-19 -5.764296E-01  0.000000E+00
  9.338260E-01  2.005389E-02  5.000000E-01  9.432582E-01  2.029516E-02  0.000000E+00 -9.056741E-04  3.100305E-04 -4.252851E-19 -5.765011E-01  0.000000E+00
  9.262910E-01  2.262009E-02  5.000000E-01  9.356471E-01  2.288728E-02  0.000000E+00 -8.372627E-04  2.831516E-04 -3.561722E-19 -5.763200E-01  0.000000E+00
  9.182290E-01  2.532623E-02  5.000000E-01  9.275037E-01  2.562074E-02  0.000000E+00 -8.255332E-04  2.742355E-04 -1.000253E-18 -5.762569E-01  0.000000E+00
  9.096280E-01  2.815459E-02  5.000000E-01  9.188158E-01  2.847767E-02  0.000000E+00 -8.781684E-04  2.845224E-04 -1.008105E-18 -5.766723E-01  0.000000E+00
  9.004770E-01  3.108170E-02  5.000000E-01  9.095724E-01  3.143433E-02  0.000000E+00 -9.969935E-04  3.126334E-04 -7.628810E-19 -5.778814E-01  0.000000E+00
  8.907650E-01  3.407661E-02  5.000000E-01  8.997623E-01  3.445949E-02  0.000000E+00 -1.179217E-03  3.542484E-04  3.584814E-19 -5.799693E-01  0.000000E+00
  8.804800E-01  3.709794E-02  5.000000E-01  8.893735E-01  3.751134E-02  0.000000E+00 -1.418002E-03  4.017024E-04  7.547699E-19 -5.828365E-01  0.000000E+00
  8.696090E-01  4.008993E-02  5.000000E-01  8.783927E-01  4.053354E-02  0.000000E+00 -1.699059E-03  4.455564E-04 -1.417828E-19 -5.864179E-01  0.000000E+00
  8.696090E-01  4.008993E-02  5.000000E-01  8.783927E-01  4.053354E-02  0.000000E+00 -1.699059E-03  4.455564E-04 -1.417828E-19 -5.864179E-01  0.000000E+00
  8.581400E-01  4.298049E-02  5.000000E-01  8.668079E-01  4.345329E-02  0.000000E+00 -2.002363E-03  4.768871E-04 -2.198929E-18 -5.897245E-01  0.000000E+00
  8.460600E-01  4.568546E-02  5.000000E-01  8.546059E-01  4.618558E-02  0.000000E+00 -2.310149E-03  4.855405E-04 -1.759224E-18 -5.905563E-01  0.000000E+00
  8.333640E-01  4.812497E-02  5.000000E-01  8.417817E-01  4.864972E-02  0.000000E+00 -2.567376E-03  4.509347E-04  2.395758E-19 -5.921092E-01  0.000000E+00
  8.200460E-01  5.022343E-02  5.000000E-01  8.283292E-01  5.076937E-02  0.000000E+00 -2.540719E-03  3.448837E-04 -8.140475E-19 -6.136401E-01  0.000000E+00
  8.061050E-01  5.191342E-02  5.000000E-01  8.142474E-01  5.247643E-02  0.000000E+00 -1.648561E-03  1.621703E-04 -1.961693E-18 -6.843877E-01  0.000000E+00
  7.915460E-01  5.316920E-02  5.000000E-01  7.995413E-01  5.374490E-02  0.000000E+00  9.916223E-04 -5.246106E-05 -8.656511E-20 -8.103770E-01  0.000000E+00
  7.763770E-01  5.402998E-02  5.000000E-01  7.842191E-01  5.461437E-02  0.000000E+00  5.989950E-03 -2.164560E-04  1.707588E-18 -9.516966E-01  0.000000E+00
  7.606070E-01  5.456509E-02  5.000000E-01  7.682899E-01  5.515488E-02  0.000000E+00  1.260817E-02 -2.327276E-04 -1.136750E-18 -1.050186E+00  0.000000E+00
  7.442510E-01  5.478183E-02  5.000000E-01  7.517687E-01  5.537381E-02  0.000000E+00  1.845371E-02 -4.504684E-05 -6.580673E-18 -1.081608E+00  0.000000E+00
  7.273250E-01  5.469805E-02  5.000000E-01  7.346718E-01  5.528919E-02  0.000000E+00  2.145700E-02  2.560939E-04 -1.108681E-17 -1.067306E+00  0.000000E+00
  7.098490E-01  5.436623E-02  5.000000E-01  7.170193E-01  5.495402E-02  0.000000E+00  2.167928E-02  4.874534E-04 -1.348516E-17 -1.042313E+00  0.000000E+00
  6.918480E-01  5.388242E-02  5.000000E-01  6.988365E-01  5.446532E-02  0.000000E+00  2.053800E-02  5.377666E-04 -1.332753E-17 -1.031209E+00  0.000000E+00
  6.733520E-01  5.339674E-02  5.000000E-01  6.801537E-01  5.397473E-02  0.000000E+00  1.933155E-02  3.966247E-04 -1.127857E-17 -1.044713E+00  0.000000E+00
  6.543930E-01  5.310871E-02  5.000000E-01  6.610032E-01  5.368380E-02  0.000000E+00  1.875506E-02  1.294851E-04 -8.241903E-18 -1.079360E+00  0.000000E+00
  6.350090E-01  5.313799E-02  5.000000E-01  6.414235E-01  5.371337E-02  0.000000E+00  1.903468E-02 -1.466968E-04 -5.791000E-18 -1.119795E+00  0.000000E+00
  6.152440E-01  5.341731E-02  5.000000E-01  6.214589E-01  5.399552E-02  0.000000E+00  1.996363E-02 -3.484809E-04 -4.986307E-18 -1.151507E+00  0.000000E+00
  5.951420E-01  5.383669E-02  5.000000E-01  6.011539E-01  5.441913E-02  0.000000E+00  2.108740E-02 -4.393611E-04 -5.118812E-18 -1.167535E+00  0.000000E+00
  5.747530E-01  5.426574E-02  5.000000E-01  5.805590E-01  5.485251E-02  0.000000E+00  2.203826E-02 -3.838410E-04 -5.599912E-18 -1.165418E+00  0.000000E+00
  5.541290E-01  5.455975E-02  5.000000E-01  5.597267E-01  5.514949E-02  0.000000E+00  2.264716E-02 -1.703712E-04 -6.479862E-18 -1.146592E+00  0.000000E+00
  5.333260E-01  5.458110E-02  5.000000E-01  5.387136E-01  5.517106E-02  0.000000E+00  2.285292E-02  1.288088E-04 -6.707171E-18 -1.118455E+00  0.000000E+00
  5.124010E-01  5.431913E-02  5.000000E-01  5.175773E-01  5.490644E-02  0.000000E+00  2.270605E-02  4.073050E-04 -6.898428E-18 -1.090542E+00  0.000000E+00
  4.914140E-01  5.382388E-02  5.000000E-01  4.963783E-01  5.440619E-02  0.000000E+00  2.239014E-02  6.211277E-04 -6.558751E-18 -1.068261E+00  0.000000E+00
  4.704230E-01  5.315119E-02  5.000000E-01  4.751754E-01  5.372670E-02  0.000000E+00  2.208391E-02  7.684218E-04 -6.075052E-18 -1.053658E+00  0.000000E+00
  1.696960E-04 -4.810076E-04  5.000000E-01  1.730287E-04 -4.471171E-04  0.000000E+00 -6.436949E-02  9.282130E-02 -6.674915E-14  5.409035E-01  0.000000E+00
  8.054360E-04 -9.781956E-04  5.000000E-01  8.151890E-04 -9.493261E-04  0.000000E+00 -4.693429E-02  3.286269E-02 -5.264192E-14  1.106827E+00  0.000000E+00
  1.973980E-03 -1.585115E-03  5.000000E-01  1.995534E-03 -1.562375E-03  0.000000E+00 -2.105177E-02  1.047975E-02 -2.915863E-14  1.176613E+00  0.000000E+00
  3.614630E-03 -2.299749E-03  5.000000E-01  3.652753E-03 -2.284226E-03  0.000000E+00 -4.055708E-03  1.773029E-03 -9.768160E-15  1.152926E+00  0.000000E+00
  5.721210E-03 -3.130525E-03  5.000000E-01  5.780607E-03 -3.123392E-03  0.000000E+00  5.019991E-03 -1.863684E-03  3.070221E-16  1.122583E+00  0.000000E+00
  8.297500E-03 -4.074963E-03  5.000000E-01  8.382914E-03 -4.077368E-03  0.000000E+00  9.329538E-03 -3.267911E-03  2.811153E-15  1.078249E+00  0.000000E+00
  1.136560E-02 -5.113458E-03  5.000000E-01  1.148200E-02 -5.126350E-03  0.000000E+00  1.109791E-02 -3.619111E-03  1.981311E-15  1.023820E+00  0.000000E+00
  1.493280E-02 -6.234762E-03  5.000000E-01  1.508522E-02 -6.258978E-03  0.000000E+00  1.169348E-02 -3.584670E-03  7.221571E-16  9.693091E-01  0.000000E+00
  1.899460E-02 -7.447185E-03  5.000000E-01  1.918804E-02 -7.483645E-03  0.000000E+00  1.194991E-02 -3.514751E-03  1.254327E-17  9.186160E-01  0.000000E+00
  2.354800E-02 -8.766779E-03  5.000000E-01  2.378743E-02 -8.816565E-03  0.000000E+00  1.228437E-02 -3.506800E-03 -1.894286E-16  8.687346E-01  0.000000E+00
  2.860130E-02 -1.018905E-02  5.000000E-01  2.889176E-02 -1.025320E-02  0.000000E+00  1.281557E-02 -3.545809E-03 -1.537842E-16  8.170188E-01  0.000000E+00
  3.416500E-02 -1.170292E-02  5.000000E-01  3.451165E-02 -1.178236E-02  0.000000E+00  1.352504E-02 -3.613228E-03 -7.080179E-17  7.646931E-01  0.000000E+00
  4.024810E-02 -1.329919E-02  5.000000E-01  4.065618E-02 -1.339475E-02  0.000000E+00  1.435414E-02 -3.689851E-03 -1.549274E-17  7.126683E-01  0.000000E+00
  4.686030E-02 -1.496558E-02  5.000000E-01  4.733516E-02 -1.507797E-02  0.000000E+00  1.523847E-02 -3.755843E-03  5.688893E-18  6.607284E-01  0.000000E+00
  5.401090E-02 -1.669038E-02  5.000000E-01  5.455797E-02 -1.682019E-02  0.000000E+00  1.613129E-02 -3.802808E-03  8.487622E-18  6.089423E-01  0.000000E+00
  6.170850E-02 -1.846498E-02  5.000000E-01  6.233331E-02 -1.861271E-02  0.000000E+00  1.700699E-02 -3.822422E-03  6.327523E-18  5.569378E-01  0.000000E+00
  6.996310E-02 -2.027505E-02  5.000000E-01  7.067127E-02 -2.044106E-02  0.000000E+00  1.785181E-02 -3.802179E-03  4.030775E-18  5.040114E-01  0.000000E+00
  7.878500E-02 -2.210096E-02  5.000000E-01  7.958226E-02 -2.228540E-02  0.000000E+00  1.866264E-02 -3.738463E-03  1.829314E-18  4.503607E-01  0.000000E+00
  8.818390E-02 -2.392357E-02  5.000000E-01  8.907608E-02 -2.412642E-02  0.000000E+00  1.944090E-02 -3.631364E-03  2.049426E-18  3.964203E-01  0.000000E+00
  9.816930E-02 -2.572034E-02  5.000000E-01  9.916232E-02 -2.594133E-02  0.000000E+00  2.018114E-02 -3.476231E-03  2.236210E-18  3.422505E-01  0.000000E+00
  1.087500E-01 -2.746439E-02  5.000000E-01  1.098499E-01 -2.770300E-02  0.000000E+00  2.086718E-02 -3.269580E-03  1.744489E-18  2.882736E-01  0.000000E+00
  1.199340E-01 -2.912841E-02  5.000000E-01  1.211468E-01 -2.938383E-02  0.000000E+00  2.146418E-02 -3.006396E-03  2.218138E-18  2.351936E-01  0.000000E+00
  1.317280E-01 -3.068033E-02  5.000000E-01  1.330599E-01 -3.095142E-02  0.000000E+00  2.191150E-02 -2.677842E-03  1.632860E-18  1.838587E-01  0.000000E+00
  1.441380E-01 -3.208279E-02  5.000000E-01  1.455952E-01 -3.236804E-02  0.000000E+00  2.213795E-02 -2.283882E-03  1.830468E-18  1.360531E-01  0.000000E+00
  1.441380E-01 -3.208279E-02  5.000000E-01  1.455952E-01 -3.236804E-02  0.000000E+00  2.213795E-02 -2.283882E-03  1.830468E-18  1.360531E-01  0.000000E+00
  1.571670E-01 -3.329933E-02  5.000000E-01  1.587558E-01 -3.359687E-02  0.000000E+00  2.209240E-02 -1.838226E-03  2.044627E-18  9.435381E-02  0.000000E+00
  1.708170E-01 -3.429504E-02  5.000000E-01  1.725437E-01 -3.460263E-02  0.000000E+00  2.178436E-02 -1.370573E-03  1.718845E-18  6.149292E-02  0.000000E+00
  1.850860E-01 -3.504619E-02  5.000000E-01  1.869568E-01 -3.536137E-02  0.000000E+00  2.131767E-02 -9.338854E-04  2.292550E-18  3.982090E-02  0.000000E+00
  1.999720E-01 -3.556140E-02  5.000000E-01  2.019931E-01 -3.588178E-02  0.000000E+00  2.087292E-02 -5.964505E-04  2.204401E-18  3.007153E-02  0.000000E+00
  2.154670E-01 -3.590624E-02  5.000000E-01  2.176446E-01 -3.623011E-02  0.000000E+00  2.059313E-02 -3.846446E-04  9.461767E-19  2.787548E-02  0.000000E+00
  2.315610E-01 -3.615089E-02  5.000000E-01  2.339011E-01 -3.647723E-02  0.000000E+00  2.046588E-02 -2.365888E-04  5.063666E-19  2.315468E-02  0.000000E+00
  2.482400E-01 -3.628701E-02  5.000000E-01  2.507486E-01 -3.661472E-02  0.000000E+00  2.039663E-02 -8.604215E-05  4.795395E-19  1.042886E-02  0.000000E+00
  2.654840E-01 -3.629259E-02  5.000000E-01  2.681667E-01 -3.662036E-02  0.000000E+00  2.031831E-02  8.198079E-05  3.795999E-19 -7.148007E-03  0.000000E+00
  2.832720E-01 -3.614217E-02  5.000000E-01  2.861343E-01 -3.646842E-02  0.000000E+00  2.019346E-02  2.651740E-04  8.681050E-19 -2.454687E-02  0.000000E+00
  3.015770E-01 -3.581443E-02  5.000000E-01  3.046242E-01 -3.613737E-02  0.000000E+00  2.000640E-02  4.541503E-04  1.332658E-18 -3.835857E-02  0.000000E+00
  3.203660E-01 -3.529605E-02  5.000000E-01  3.236030E-01 -3.561375E-02  0.000000E+00  1.975512E-02  6.385348E-04  6.402901E-19 -4.743073E-02  0.000000E+00
  3.396030E-01 -3.458173E-02  5.000000E-01  3.430342E-01 -3.489221E-02  0.000000E+00  1.944298E-02  8.117683E-04  6.084311E-19 -5.210416E-02  0.000000E+00
  3.592490E-01 -3.366945E-02  5.000000E-01  3.628786E-01 -3.397073E-02  0.000000E+00  1.907294E-02  9.718104E-04  3.487223E-19 -5.315072E-02  0.000000E+00
  3.792580E-01 -3.255804E-02  5.000000E-01  3.830897E-01 -3.284810E-02  0.000000E+00  1.864798E-02  1.117395E-03 -7.410664E-19 -5.095528E-02  0.000000E+00
  3.995810E-01 -3.124929E-02  5.000000E-01  4.036179E-01 -3.152612E-02  0.000000E+00  1.817205E-02  1.246146E-03 -2.448926E-19 -4.543565E-02  0.000000E+00
  4.201670E-01 -2.974918E-02  5.000000E-01  4.244118E-01 -3.001087E-02  0.000000E+00  1.764808E-02  1.356375E-03 -9.502788E-20 -3.650290E-02  0.000000E+00
  4.409600E-01 -2.806572E-02  5.000000E-01  4.454148E-01 -2.831041E-02  0.000000E+00  1.707849E-02  1.447528E-03  1.173533E-19 -2.427410E-02  0.000000E+00
  4.619030E-01 -2.620843E-02  5.000000E-01  4.665693E-01 -2.643436E-02  0.000000E+00  1.647097E-02  1.517686E-03  1.056416E-18 -8.839191E-03  0.000000E+00
  4.829360E-01 -2.419466E-02  5.000000E-01  4.878147E-01 -2.440025E-02  0.000000E+00  1.583984E-02  1.564329E-03  3.222115E-19  9.621758E-03  0.000000E+00
  5.039990E-01 -2.204827E-02  5.000000E-01  5.090904E-01 -2.223219E-02  0.000000E+00  1.520219E-02  1.586691E-03 -2.556029E-19  3.056984E-02  0.000000E+00
  5.250310E-01 -1.979900E-02  5.000000E-01  5.303348E-01 -1.996020E-02  0.000000E+00  1.457489E-02  1.586184E-03 -3.089240E-19  5.318089E-02  0.000000E+00
  5.459710E-01 -1.747929E-02  5.000000E-01  5.514863E-01 -1.761706E-02  0.000000E+00  1.397289E-02  1.566368E-03  3.001704E-19  7.651182E-02  0.000000E+00
  5.667600E-01 -1.512045E-02  5.000000E-01  5.724853E-01 -1.523441E-02  0.000000E+00  1.341150E-02  1.530169E-03  9.459213E-19  9.990425E-02  0.000000E+00
  4.704230E-01  5.315119E-02  5.000000E-01  4.751754E-01  5.372670E-02  0.000000E+00  2.208391E-02  7.684218E-04 -6.075052E-18 -1.053658E+00  0.000000E+00
  4.494880E-01  5.236167E-02  5.000000E-01  4.540289E-01  5.292921E-02  0.000000E+00  2.188926E-02  8.563541E-04 -6.766864E-18 -1.046910E+00  0.000000E+00
  4.286690E-01  5.151586E-02  5.000000E-01  4.329997E-01  5.207486E-02  0.000000E+00  2.185911E-02  9.113599E-04 -8.363045E-18 -1.045614E+00  0.000000E+00
  4.080230E-01  5.063453E-02  5.000000E-01  4.121452E-01  5.118463E-02  0.000000E+00  2.200128E-02  9.727675E-04 -1.027890E-17 -1.045743E+00  0.000000E+00
  3.876050E-01  4.970279E-02  5.000000E-01  3.915210E-01  5.024348E-02  0.000000E+00  2.225405E-02  1.058433E-03 -1.153650E-17 -1.044686E+00  0.000000E+00
  3.674690E-01  4.870736E-02  5.000000E-01  3.711816E-01  4.923799E-02  0.000000E+00  2.252941E-02  1.165389E-03 -1.234896E-17 -1.041773E+00  0.000000E+00
  3.476650E-01  4.763825E-02  5.000000E-01  3.511776E-01  4.815809E-02  0.000000E+00  2.277184E-02  1.289321E-03 -1.264234E-17 -1.037059E+00  0.000000E+00
  3.282390E-01  4.648782E-02  5.000000E-01  3.315555E-01  4.699604E-02  0.000000E+00  2.296466E-02  1.427429E-03 -1.285625E-17 -1.030898E+00  0.000000E+00
  3.092330E-01  4.525092E-02  5.000000E-01  3.123575E-01  4.574665E-02  0.000000E+00  2.311037E-02  1.574568E-03 -1.310330E-17 -1.023929E+00  0.000000E+00
  2.906860E-01  4.393051E-02  5.000000E-01  2.936232E-01  4.441291E-02  0.000000E+00  2.321865E-02  1.725637E-03 -1.330233E-17 -1.016782E+00  0.000000E+00
  2.726330E-01  4.253222E-02  5.000000E-01  2.753879E-01  4.300049E-02  0.000000E+00  2.330183E-02  1.879802E-03 -1.300997E-17 -1.009718E+00  0.000000E+00
  2.551020E-01  4.106153E-02  5.000000E-01  2.576799E-01  4.151495E-02  0.000000E+00  2.336829E-02  2.038166E-03 -1.225512E-17 -1.002738E+00  0.000000E+00
  2.381210E-01  3.952436E-02  5.000000E-01  2.405274E-01  3.996226E-02  0.000000E+00  2.342391E-02  2.204132E-03 -1.177276E-17 -9.956913E-01  0.000000E+00
  2.217090E-01  3.792291E-02  5.000000E-01  2.239496E-01  3.834464E-02  0.000000E+00  2.346845E-02  2.378923E-03 -1.167028E-17 -9.888836E-01  0.000000E+00
  2.058840E-01  3.625968E-02  5.000000E-01  2.079648E-01  3.666461E-02  0.000000E+00  2.348216E-02  2.541296E-03 -1.322045E-17 -9.845252E-01  0.000000E+00
  1.906600E-01  3.456225E-02  5.000000E-01  1.925871E-01  3.495004E-02  0.000000E+00  2.345739E-02  2.655011E-03 -1.549826E-17 -9.860076E-01  0.000000E+00
  1.760460E-01  3.288101E-02  5.000000E-01  1.778255E-01  3.325182E-02  0.000000E+00  2.346106E-02  2.724773E-03 -2.027539E-17 -9.938483E-01  0.000000E+00
  1.620500E-01  3.124006E-02  5.000000E-01  1.636881E-01  3.159430E-02  0.000000E+00  2.358448E-02  2.792679E-03 -3.023495E-17 -1.005293E+00  0.000000E+00
  1.486750E-01  2.964160E-02  5.000000E-01  1.501781E-01  2.997969E-02  0.000000E+00  2.384848E-02  2.888364E-03 -4.630529E-17 -1.017427E+00  0.000000E+00
  1.359210E-01  2.807743E-02  5.000000E-01  1.372953E-01  2.839972E-02  0.000000E+00  2.420287E-02  3.019722E-03 -7.155973E-17 -1.028504E+00  0.000000E+00
  1.237890E-01  2.653874E-02  5.000000E-01  1.250407E-01  2.684550E-02  0.000000E+00  2.457717E-02  3.184134E-03 -1.117038E-16 -1.037882E+00  0.000000E+00
  1.122730E-01  2.501602E-02  5.000000E-01  1.134084E-01  2.530741E-02  0.000000E+00  2.491997E-02  3.376441E-03 -1.792197E-16 -1.045657E+00  0.000000E+00
  1.013710E-01  2.350362E-02  5.000000E-01  1.023964E-01  2.377973E-02  0.000000E+00  2.520852E-02  3.590155E-03 -2.946698E-16 -1.052440E+00  0.000000E+00
  9.107400E-02  2.199952E-02  5.000000E-01  9.199536E-02  2.226044E-02  0.000000E+00  2.544645E-02  3.824484E-03 -4.950314E-16 -1.058807E+00  0.000000E+00
  9.107400E-02  2.199952E-02  5.000000E-01  9.199536E-02  2.226044E-02  0.000000E+00  2.544645E-02  3.824484E-03 -4.950314E-16 -1.058807E+00  0.000000E+00
  8.137660E-02  2.050148E-02  5.000000E-01  8.220003E-02  2.074727E-02  0.000000E+00  2.564185E-02  4.077795E-03 -8.417138E-16 -1.065503E+00  0.000000E+00
  7.227050E-02  1.901191E-02  5.000000E-01  7.300197E-02  1.924266E-02  0.000000E+00  2.579908E-02  4.344156E-03 -1.435949E-15 -1.073543E+00  0.000000E+00
  6.374670E-02  1.753592E-02  5.000000E-01  6.439209E-02  1.775176E-02  0.000000E+00  2.592895E-02  4.624694E-03 -2.451189E-15 -1.083597E+00  0.000000E+00
  5.579720E-02  1.607682E-02  5.000000E-01  5.636231E-02  1.627792E-02  0.000000E+00  2.603208E-02  4.915570E-03 -4.185716E-15 -1.096574E+00  0.000000E+00
  4.841260E-02  1.464314E-02  5.000000E-01  4.890313E-02  1.482977E-02  0.000000E+00  2.610662E-02  5.211525E-03 -7.128198E-15 -1.113462E+00  0.000000E+00
  4.158390E-02  1.324269E-02  5.000000E-01  4.200547E-02  1.341518E-02  0.000000E+00  2.615771E-02  5.519012E-03 -1.194906E-14 -1.134654E+00  0.000000E+00
  3.530370E-02  1.188033E-02  5.000000E-01  3.566185E-02  1.203906E-02  0.000000E+00  2.616642E-02  5.832714E-03 -1.927624E-14 -1.160988E+00  0.000000E+00
  2.956270E-02  1.056559E-02  5.000000E-01  2.986287E-02  1.071104E-02  0.000000E+00  2.610553E-02  6.147815E-03 -2.916730E-14 -1.193130E+00  0.000000E+00
  2.435310E-02  9.304990E-03  5.000000E-01  2.460066E-02  9.437708E-03  0.000000E+00  2.593507E-02  6.476187E-03 -4.032178E-14 -1.230492E+00  0.000000E+00
  1.967110E-02  8.099027E-03  5.000000E-01  1.987137E-02  8.219566E-03  0.000000E+00  2.552052E-02  6.788438E-03 -4.959528E-14 -1.273383E+00  0.000000E+00
  1.550860E-02  6.954865E-03  5.000000E-01  1.566684E-02  7.063849E-03  0.000000E+00  2.468406E-02  7.036121E-03 -5.290594E-14 -1.322110E+00  0.000000E+00
  1.185930E-02  5.876165E-03  5.000000E-01  1.198068E-02  5.974255E-03  0.000000E+00  2.332804E-02  7.211975E-03 -4.755054E-14 -1.374825E+00  0.000000E+00
  8.724160E-03  4.859112E-03  5.000000E-01  8.813883E-03  4.946932E-03  0.000000E+00  2.157836E-02  7.343629E-03 -3.427104E-14 -1.431068E+00  0.000000E+00
  6.091130E-03  3.911903E-03  5.000000E-01  6.154263E-03  3.990157E-03  0.000000E+00  2.032334E-02  7.820421E-03 -1.809302E-14 -1.486242E+00  0.000000E+00
  3.952840E-03  3.037256E-03  5.000000E-01  3.994378E-03  3.106677E-03  0.000000E+00  2.113523E-02  9.733732E-03 -6.293633E-15 -1.523417E+00  0.000000E+00
  2.330070E-03  2.222387E-03  5.000000E-01  2.355220E-03  2.283579E-03  0.000000E+00  2.423868E-02  1.419514E-02 -3.761283E-15 -1.531104E+00  0.000000E+00
  1.198080E-03  1.485409E-03  5.000000E-01  1.211798E-03  1.539158E-03  0.000000E+00  2.759967E-02  2.139006E-02 -1.019862E-14 -1.519264E+00  0.000000E+00
  5.019560E-04  8.593807E-04  5.000000E-01  5.086442E-04  9.068076E-04  0.000000E+00  3.041194E-02  3.350397E-02 -2.116192E-14 -1.530809E+00  0.000000E+00
  1.313430E-04  3.762187E-04  5.000000E-01  1.342884E-04  4.187662E-04  0.000000E+00  3.506407E-02  7.036407E-02 -3.090259E-14 -1.566100E+00  0.000000E+00
  8.078190E-06  6.806864E-05  5.000000E-01  9.778777E-06  1.075042E-04  0.000000E+00  3.054336E-02  1.732863E-01 -4.076206E-14 -1.484762E+00  0.000000E+00
 -1.602820E-06 -3.836070E-05  5.000000E-01  0.000000E+00  0.000000E+00  0.000000E+00 -4.944221E-03  2.521467E-01 -5.166795E-14 -1.190865E+00  0.000000E+00
  9.141860E-06 -1.484117E-04  5.000000E-01  1.085319E-05 -1.111624E-04  0.000000E+00 -4.976276E-02  1.967992E-01 -6.292583E-14 -4.687389E-01  0.000000E+00
  1.696960E-04 -4.810076E-04  5.000000E-01  1.730287E-04 -4.471171E-04  0.000000E+00 -6.436949E-02  9.282130E-02 -6.674915E-14  5.409035E-01  0.000000E+00
    1    2
    2    3
    3    4
    4    5
    5    6
    6    7
    7    8
    8    9
    9   10
   10   11
   11   12
   12   13
   13   14
   14   15
   15   16
   16   17
   17   18
   18   19
   19   20
   20   21
   21   22
   22   23
   23   24
   25   26
   26   27
   27   28
   28   29
   29   30
   30   31
   31   32
   32   33
   33   34
   34   35
   35   36
   36   37
   37   38
   38   39
   39   40
   40   41
   41   42
   42   43
   43   44
   44   45
   45   46
   46   47
   47   48
   49   50
   50   51
   51   52
   52   53
   53   54
   54   55
   55   56
   56   57
   57   58
   58   59
   59   60
   60   61
   61   62
   62   63
   63   64
   64   65
   65   66
   66   67
   67   68
   68   69
   69   70
   70   71
   71   72
   73   74
   74   75
   75   76
   76   77
   77   78
   78   79
   79   80
   80   81
   81   82
   82   83
   83   84
   84   85
   85   86
   86   87
   87   88
   88   89
   89   90
   90   91
   91   92
   92   93
   93   94
   94   95
   95   96
   97   98
   98   99
   99  100
  100  101
  101  102
  102  103
  103  104
  104  105
  105  106
  106  107
  107  108
  108  109
  109  110
  110  111
  111  112
  112  113
  113  114
  114  115
  115  116
  116  117
  117  118
  118  119
  119  120
  121  122
  122  123
  123  124
  124  125
  125  126
  126  127
  127  128
  128  129
  129  130
  130  131
  131  132
  132  133
  133  134
  134  135
  135  136
  136  137
  137  138
  138  139
  139  140
  140  141
  141  142
  142  143
  143  144
  145  146
  146  147
  147  148
  148  149
  149  150
  150  151
  151  152
  152  153
  153  154
  154  155
  155  156
  156  157
  157  158
  158  159
  159  160
  160  161
  161  162
  162  163
  163  164
  164  165
  165  166
  166  167
  167  168
  169  170
  170  171
  171  172
  172  173
  173  174
  174  175
  175  176
  176  177
  177  178
  178  179
  179  180
  180  181
  181  182
  182  183
  183  184
  184  185
  185  186
  186  187
  187  188
  188  189
  189  190
  190  191
  191  192
