 Title = "ADflow Slice Data"
Variables =  "CoordinateX"  "CoordinateY"  "CoordinateZ"  "XoC"  "YoC"  "ZoC" "VelocityX" "VelocityY" "VelocityZ" "CoefPressure" "Mach" 
Zone T= "Slice_0001 None Absolute Regular z = 0.50000000"
 Nodes =          192  Elements=          184  ZONETYPE=FELINESEG
 DATAPACKING=POINT
  5.667600E-01 -1.085985E-02  5.000000E-01  5.724853E-01 -1.094164E-02  0.000000E+00  1.128598E-02  1.230385E-03  2.310683E-19  2.135091E-01  0.000000E+00
  5.873410E-01 -8.720142E-03  5.000000E-01  5.932741E-01 -8.780318E-03  0.000000E+00  1.148166E-02  1.147810E-03  6.997056E-19  2.198928E-01  0.000000E+00
  6.076580E-01 -6.769028E-03  5.000000E-01  6.137963E-01 -6.809500E-03  0.000000E+00  1.169868E-02  1.087462E-03  6.100816E-19  2.211389E-01  0.000000E+00
  6.276600E-01 -4.968764E-03  5.000000E-01  6.340003E-01 -4.991055E-03  0.000000E+00  1.187954E-02  1.043799E-03 -1.290972E-19  2.208805E-01  0.000000E+00
  6.472970E-01 -3.284239E-03  5.000000E-01  6.538356E-01 -3.289518E-03  0.000000E+00  1.198486E-02  1.013926E-03 -7.334053E-19  2.210458E-01  0.000000E+00
  6.665260E-01 -1.680162E-03  5.000000E-01  6.732588E-01 -1.669242E-03  0.000000E+00  1.200049E-02  9.920134E-04 -4.583765E-19  2.227846E-01  0.000000E+00
  6.853050E-01 -1.409824E-04  5.000000E-01  6.922274E-01 -1.145177E-04  0.000000E+00  1.193929E-02  9.656209E-04 -7.272106E-19  2.272625E-01  0.000000E+00
  7.035980E-01  1.319393E-03  5.000000E-01  7.107052E-01  1.360606E-03  0.000000E+00  1.181784E-02  9.272506E-04 -8.959224E-19  2.342991E-01  0.000000E+00
  7.213750E-01  2.688932E-03  5.000000E-01  7.286617E-01  2.743976E-03  0.000000E+00  1.163523E-02  8.783500E-04 -4.741458E-19  2.425115E-01  0.000000E+00
  7.386080E-01  3.961842E-03  5.000000E-01  7.460687E-01  4.029740E-03  0.000000E+00  1.137776E-02  8.229453E-04  9.723341E-19  2.511555E-01  0.000000E+00
  7.552750E-01  5.140791E-03  5.000000E-01  7.629041E-01  5.220596E-03  0.000000E+00  1.103776E-02  7.667212E-04  3.192904E-18  2.604167E-01  0.000000E+00
  7.713580E-01  6.235774E-03  5.000000E-01  7.791495E-01  6.326637E-03  0.000000E+00  1.063666E-02  7.119363E-04  2.368579E-18  2.707627E-01  0.000000E+00
  7.868410E-01  7.254721E-03  5.000000E-01  7.947888E-01  7.355874E-03  0.000000E+00  1.025249E-02  6.388552E-04  1.076577E-19  2.838746E-01  0.000000E+00
  8.017160E-01  8.132243E-03  5.000000E-01  8.098141E-01  8.242258E-03  0.000000E+00  9.999399E-03  5.216933E-04 -4.267541E-20  2.999594E-01  0.000000E+00
  8.159740E-01  8.777083E-03  5.000000E-01  8.242160E-01  8.893610E-03  0.000000E+00  9.949630E-03  3.675484E-04 -3.580336E-19  3.135993E-01  0.000000E+00
  8.296120E-01  9.164546E-03  5.000000E-01  8.379918E-01  9.284986E-03  0.000000E+00  1.010985E-02  1.977817E-04 -8.773255E-19  3.194350E-01  0.000000E+00
  8.426300E-01  9.305333E-03  5.000000E-01  8.511412E-01  9.427194E-03  0.000000E+00  1.045702E-02  2.136012E-05 -9.953624E-19  3.172169E-01  0.000000E+00
  8.550290E-01  9.226693E-03  5.000000E-01  8.636655E-01  9.347761E-03  0.000000E+00  1.096230E-02 -1.597479E-04 -6.753661E-19  3.089503E-01  0.000000E+00
  8.668160E-01  8.963380E-03  5.000000E-01  8.755715E-01  9.081789E-03  0.000000E+00  1.159583E-02 -3.440090E-04 -3.163138E-19  2.960579E-01  0.000000E+00
  8.779950E-01  8.554539E-03  5.000000E-01  8.868634E-01  8.668819E-03  0.000000E+00  1.232676E-02 -5.287992E-04  4.644695E-20  2.791399E-01  0.000000E+00
  8.885730E-01  8.037926E-03  5.000000E-01  8.975482E-01  8.146989E-03  0.000000E+00  1.312481E-02 -7.116860E-04  2.718247E-19  2.587865E-01  0.000000E+00
  8.985610E-01  7.445818E-03  5.000000E-01  9.076371E-01  7.548901E-03  0.000000E+00  1.395640E-02 -8.860085E-04  3.575619E-19  2.355160E-01  0.000000E+00
  9.079670E-01  6.811205E-03  5.000000E-01  9.171381E-01  6.907879E-03  0.000000E+00  1.478128E-02 -1.039392E-03  1.552919E-18  2.097983E-01  0.000000E+00
  9.168010E-01  6.166022E-03  5.000000E-01  9.260613E-01  6.256181E-03  0.000000E+00  1.556114E-02 -1.162813E-03  2.680641E-18  1.827080E-01  0.000000E+00
  9.168010E-01  6.166022E-03  5.000000E-01  9.260613E-01  6.256181E-03  0.000000E+00  1.556114E-02 -1.162813E-03  2.680641E-18  1.827080E-01  0.000000E+00
  9.250730E-01  5.534656E-03  5.000000E-01  9.344168E-01  5.618439E-03  0.000000E+00  1.627246E-02 -1.257783E-03  3.249797E-18  1.557856E-01  0.000000E+00
  9.327940E-01  4.931041E-03  5.000000E-01  9.422158E-01  5.008728E-03  0.000000E+00  1.691473E-02 -1.336325E-03  1.490330E-18  1.303521E-01  0.000000E+00
  9.399760E-01  4.358229E-03  5.000000E-01  9.494703E-01  4.430130E-03  0.000000E+00  1.750428E-02 -1.410171E-03 -3.348177E-20  1.066714E-01  0.000000E+00
  9.466320E-01  3.816758E-03  5.000000E-01  9.561935E-01  3.883192E-03  0.000000E+00  1.806119E-02 -1.483872E-03  8.182988E-19  8.399405E-02  0.000000E+00
  9.527730E-01  3.307333E-03  5.000000E-01  9.623966E-01  3.368621E-03  0.000000E+00  1.861007E-02 -1.563936E-03  7.910824E-19  6.177267E-02  0.000000E+00
  9.584110E-01  2.827725E-03  5.000000E-01  9.680915E-01  2.884170E-03  0.000000E+00  1.918357E-02 -1.661041E-03 -1.106471E-18  3.977119E-02  0.000000E+00
  9.635570E-01  2.374639E-03  5.000000E-01  9.732895E-01  2.426508E-03  0.000000E+00  1.981547E-02 -1.781036E-03 -1.335118E-18  1.726840E-02  0.000000E+00
  9.682220E-01  1.946960E-03  5.000000E-01  9.780016E-01  1.994511E-03  0.000000E+00  2.053769E-02 -1.924474E-03  7.935806E-19 -6.828414E-03  0.000000E+00
  9.724140E-01  1.545936E-03  5.000000E-01  9.822359E-01  1.589437E-03  0.000000E+00  2.139808E-02 -2.099335E-03  2.400737E-18 -3.315288E-02  0.000000E+00
  9.761430E-01  1.171468E-03  5.000000E-01  9.860026E-01  1.211187E-03  0.000000E+00  2.247892E-02 -2.322804E-03 -6.411833E-18 -6.216185E-02  0.000000E+00
  9.794160E-01  8.242744E-04  5.000000E-01  9.893086E-01  8.604871E-04  0.000000E+00  2.388297E-02 -2.608364E-03 -3.173132E-17 -9.494776E-02  0.000000E+00
  9.822400E-01  5.074233E-04  5.000000E-01  9.921611E-01  5.404362E-04  0.000000E+00  2.566326E-02 -2.958394E-03 -5.161166E-17 -1.329845E-01  0.000000E+00
  9.846200E-01  2.260565E-04  5.000000E-01  9.945652E-01  2.562279E-04  0.000000E+00  2.769258E-02 -3.360211E-03  1.780121E-17 -1.766558E-01  0.000000E+00
  9.865620E-01 -1.454371E-05  5.000000E-01  9.965268E-01  1.319785E-05  0.000000E+00  2.953016E-02 -3.726946E-03  2.867682E-16 -2.240829E-01  0.000000E+00
  9.880680E-01 -2.086117E-04  5.000000E-01  9.980480E-01 -1.828300E-04  0.000000E+00  3.003445E-02 -3.847242E-03  5.880544E-16 -2.814805E-01  0.000000E+00
  9.891420E-01 -3.514277E-04  5.000000E-01  9.991328E-01 -3.270883E-04  0.000000E+00  2.834101E-02 -3.939413E-03 -1.916187E-16 -3.487947E-01  0.000000E+00
  9.897860E-01 -4.389513E-04  5.000000E-01  9.997833E-01 -4.154958E-04  0.000000E+00  3.818101E-02 -4.045635E-03 -3.931275E-15 -2.956974E-01  0.000000E+00
  9.900000E-01 -4.683044E-04  5.000000E-01  9.999995E-01 -4.451453E-04  0.000000E+00  2.637933E-02  5.260101E-03 -3.193756E-15 -5.891692E-01  0.000000E+00
  9.900000E-01 -1.843775E-04  5.000000E-01  9.999995E-01 -1.583511E-04  0.000000E+00  1.244568E-03 -7.921017E-03  1.560665E-15 -8.163261E-01  0.000000E+00
  9.900000E-01  9.954944E-05  5.000000E-01  9.999995E-01  1.284432E-04  0.000000E+00 -4.504687E-04 -2.281175E-02  3.309668E-15 -6.357629E-01  0.000000E+00
  9.900000E-01  3.834764E-04  5.000000E-01  9.999995E-01  4.152375E-04  0.000000E+00 -1.460957E-04 -8.862641E-03  3.995713E-15 -6.354360E-01  0.000000E+00
  9.900000E-01  6.674033E-04  5.000000E-01  9.999995E-01  7.020317E-04  0.000000E+00  4.679014E-04 -5.219543E-03  3.828421E-15 -6.955615E-01  0.000000E+00
  9.900000E-01  9.513302E-04  5.000000E-01  9.999995E-01  9.888260E-04  0.000000E+00  6.851127E-03 -6.660932E-03  3.485896E-15 -6.372693E-01  0.000000E+00
  9.900000E-01  9.513302E-04  5.000000E-01  9.999995E-01  9.888260E-04  0.000000E+00  6.851127E-03 -6.660932E-03  3.485896E-15 -6.372693E-01  0.000000E+00
  9.897890E-01  1.017901E-03  5.000000E-01  9.997864E-01  1.056070E-03  0.000000E+00  9.096759E-03 -3.498562E-03  2.923201E-15 -5.594880E-01  0.000000E+00
  9.891540E-01  1.218670E-03  5.000000E-01  9.991450E-01  1.258866E-03  0.000000E+00  4.628620E-03 -1.369988E-03  1.931897E-15 -5.780776E-01  0.000000E+00
  9.880950E-01  1.555402E-03  5.000000E-01  9.980753E-01  1.598999E-03  0.000000E+00  3.084153E-03 -9.799479E-04  1.074161E-15 -5.775381E-01  0.000000E+00
  9.866100E-01  2.031326E-03  5.000000E-01  9.965753E-01  2.079728E-03  0.000000E+00  2.043749E-03 -6.691613E-04  5.253393E-16 -5.695402E-01  0.000000E+00
  9.846960E-01  2.650654E-03  5.000000E-01  9.946419E-01  2.705311E-03  0.000000E+00  1.055689E-03 -3.428806E-04  2.308374E-16 -5.657923E-01  0.000000E+00
  9.823490E-01  3.418246E-03  5.000000E-01  9.922712E-01  3.480655E-03  0.000000E+00  2.420306E-04 -7.793367E-05  8.278198E-17 -5.646724E-01  0.000000E+00
  9.795670E-01  4.338754E-03  5.000000E-01  9.894611E-01  4.410459E-03  0.000000E+00 -3.780759E-04  1.261887E-04  1.130925E-17 -5.647628E-01  0.000000E+00
  9.763420E-01  5.417966E-03  5.000000E-01  9.862036E-01  5.500570E-03  0.000000E+00 -8.347690E-04  2.809193E-04 -1.592850E-17 -5.660741E-01  0.000000E+00
  9.726710E-01  6.659628E-03  5.000000E-01  9.824955E-01  6.754771E-03  0.000000E+00 -1.152124E-03  3.914504E-04 -1.816922E-17 -5.685221E-01  0.000000E+00
  9.685460E-01  8.066936E-03  5.000000E-01  9.783288E-01  8.176292E-03  0.000000E+00 -1.345895E-03  4.607725E-04 -1.174408E-17 -5.717156E-01  0.000000E+00
  9.639600E-01  9.642063E-03  5.000000E-01  9.736965E-01  9.767326E-03  0.000000E+00 -1.430057E-03  4.925326E-04 -4.950841E-18 -5.751673E-01  0.000000E+00
  9.589060E-01  1.138720E-02  5.000000E-01  9.685915E-01  1.153008E-02  0.000000E+00 -1.421670E-03  4.918096E-04 -7.781558E-19 -5.784023E-01  0.000000E+00
  9.533750E-01  1.330358E-02  5.000000E-01  9.630046E-01  1.346582E-02  0.000000E+00 -1.343251E-03  4.657147E-04  1.689550E-18 -5.810317E-01  0.000000E+00
  9.473580E-01  1.539006E-02  5.000000E-01  9.569269E-01  1.557337E-02  0.000000E+00 -1.222023E-03  4.234334E-04  2.433212E-18 -5.828190E-01  0.000000E+00
  9.408450E-01  1.764342E-02  5.000000E-01  9.503481E-01  1.784949E-02  0.000000E+00 -1.086796E-03  3.751455E-04  9.224509E-19 -5.837277E-01  0.000000E+00
  9.338260E-01  2.005855E-02  5.000000E-01  9.432582E-01  2.028901E-02  0.000000E+00 -9.640471E-04  3.303070E-04  1.202289E-18 -5.839305E-01  0.000000E+00
  9.262910E-01  2.262728E-02  5.000000E-01  9.356471E-01  2.288367E-02  0.000000E+00 -8.749202E-04  2.962610E-04  1.724919E-18 -5.837497E-01  0.000000E+00
  9.182290E-01  2.533712E-02  5.000000E-01  9.275037E-01  2.562088E-02  0.000000E+00 -8.343575E-04  2.776988E-04  8.720414E-19 -5.835464E-01  0.000000E+00
  9.096280E-01  2.817088E-02  5.000000E-01  9.188158E-01  2.848327E-02  0.000000E+00 -8.517578E-04  2.767302E-04  9.970228E-19 -5.836692E-01  0.000000E+00
  9.004770E-01  3.110580E-02  5.000000E-01  9.095724E-01  3.144783E-02  0.000000E+00 -9.316422E-04  2.931226E-04 -4.043285E-19 -5.844580E-01  0.000000E+00
  8.907650E-01  3.411196E-02  5.000000E-01  8.997623E-01  3.448434E-02  0.000000E+00 -1.074578E-03  3.243504E-04 -1.103545E-18 -5.861186E-01  0.000000E+00
  8.804800E-01  3.714938E-02  5.000000E-01  8.893735E-01  3.755243E-02  0.000000E+00 -1.278784E-03  3.651004E-04 -1.324337E-18 -5.885800E-01  0.000000E+00
  8.696090E-01  4.016433E-02  5.000000E-01  8.783927E-01  4.059783E-02  0.000000E+00 -1.538480E-03  4.072193E-04 -1.516374E-18 -5.917722E-01  0.000000E+00
  8.696090E-01  4.016433E-02  5.000000E-01  8.783927E-01  4.059783E-02  0.000000E+00 -1.538480E-03  4.072193E-04 -1.516374E-18 -5.917722E-01  0.000000E+00
  8.581400E-01  4.308760E-02  5.000000E-01  8.668079E-01  4.355062E-02  0.000000E+00 -1.838986E-03  4.413810E-04 -1.214788E-19 -5.956473E-01  0.000000E+00
  8.460600E-01  4.583907E-02  5.000000E-01  8.546059E-01  4.632989E-02  0.000000E+00 -2.160032E-03  4.603115E-04 -6.778886E-19 -5.990128E-01  0.000000E+00
  8.333640E-01  4.834465E-02  5.000000E-01  8.417817E-01  4.886076E-02  0.000000E+00 -2.480276E-03  4.541989E-04 -1.333916E-18 -6.002050E-01  0.000000E+00
  8.200460E-01  5.053687E-02  5.000000E-01  8.283292E-01  5.107513E-02  0.000000E+00 -2.720742E-03  4.015928E-04 -1.051728E-18 -6.053792E-01  0.000000E+00
  8.061050E-01  5.235956E-02  5.000000E-01  8.142474E-01  5.291623E-02  0.000000E+00 -2.581502E-03  2.838651E-04  7.452037E-19 -6.384029E-01  0.000000E+00
  7.915460E-01  5.380196E-02  5.000000E-01  7.995413E-01  5.437319E-02  0.000000E+00 -1.374515E-03  1.081469E-04  2.591357E-18 -7.282701E-01  0.000000E+00
  7.763770E-01  5.492171E-02  5.000000E-01  7.842192E-01  5.550424E-02  0.000000E+00  1.874694E-03 -1.028820E-04  4.065494E-18 -8.711796E-01  0.000000E+00
  7.606070E-01  5.579941E-02  5.000000E-01  7.682899E-01  5.639081E-02  0.000000E+00  7.645480E-03 -3.037122E-04  9.693721E-18 -1.015213E+00  0.000000E+00
  7.442510E-01  5.642872E-02  5.000000E-01  7.517687E-01  5.702648E-02  0.000000E+00  1.474941E-02 -3.872126E-04  1.636588E-17 -1.103938E+00  0.000000E+00
  7.273250E-01  5.679480E-02  5.000000E-01  7.346718E-01  5.739626E-02  0.000000E+00  2.051981E-02 -2.584666E-04  1.892076E-17 -1.125152E+00  0.000000E+00
  7.098490E-01  5.689456E-02  5.000000E-01  7.170193E-01  5.749702E-02  0.000000E+00  2.316942E-02  2.878695E-05  1.566057E-17 -1.104653E+00  0.000000E+00
  6.918480E-01  5.674114E-02  5.000000E-01  6.988365E-01  5.734205E-02  0.000000E+00  2.316712E-02  3.187160E-04  9.866955E-18 -1.072446E+00  0.000000E+00
  6.733520E-01  5.637458E-02  5.000000E-01  6.801537E-01  5.697179E-02  0.000000E+00  2.201157E-02  5.069262E-04  4.875828E-18 -1.045762E+00  0.000000E+00
  6.543930E-01  5.586630E-02  5.000000E-01  6.610033E-01  5.645838E-02  0.000000E+00  2.084043E-02  5.908467E-04  1.543895E-18 -1.030023E+00  0.000000E+00
  6.350090E-01  5.528389E-02  5.000000E-01  6.414235E-01  5.587008E-02  0.000000E+00  2.011374E-02  6.226448E-04 -5.251677E-19 -1.023648E+00  0.000000E+00
  6.152440E-01  5.465520E-02  5.000000E-01  6.214589E-01  5.523504E-02  0.000000E+00  1.984081E-02  6.383607E-04 -7.198642E-19 -1.023591E+00  0.000000E+00
  5.951420E-01  5.400198E-02  5.000000E-01  6.011539E-01  5.457523E-02  0.000000E+00  1.985414E-02  6.405322E-04 -1.818874E-19 -1.028275E+00  0.000000E+00
  5.747530E-01  5.334869E-02  5.000000E-01  5.805590E-01  5.391534E-02  0.000000E+00  2.000048E-02  6.221299E-04 -1.436854E-18 -1.037070E+00  0.000000E+00
  5.541290E-01  5.272465E-02  5.000000E-01  5.597267E-01  5.328500E-02  0.000000E+00  2.020484E-02  5.801087E-04 -2.809684E-18 -1.049298E+00  0.000000E+00
  5.333260E-01  5.215833E-02  5.000000E-01  5.387136E-01  5.271296E-02  0.000000E+00  2.046312E-02  5.283228E-04 -4.086779E-18 -1.063014E+00  0.000000E+00
  5.124010E-01  5.164807E-02  5.000000E-01  5.175773E-01  5.219754E-02  0.000000E+00  2.078464E-02  4.886765E-04 -5.668833E-18 -1.075661E+00  0.000000E+00
  4.914140E-01  5.117365E-02  5.000000E-01  4.963784E-01  5.171834E-02  0.000000E+00  2.114676E-02  4.718549E-04 -7.197837E-18 -1.085694E+00  0.000000E+00
  4.704230E-01  5.071170E-02  5.000000E-01  4.751754E-01  5.125172E-02  0.000000E+00  2.151164E-02  4.802862E-04 -8.551818E-18 -1.092570E+00  0.000000E+00
  1.696960E-04 -4.673162E-04  5.000000E-01  1.730287E-04 -4.441471E-04  0.000000E+00 -6.513773E-02  9.288040E-02 -7.483429E-14  5.360956E-01  0.000000E+00
  8.054360E-04 -9.553554E-04  5.000000E-01  8.151890E-04 -9.371150E-04  0.000000E+00 -4.753558E-02  3.258422E-02 -5.828855E-14  1.107124E+00  0.000000E+00
  1.973980E-03 -1.544456E-03  5.000000E-01  1.995534E-03 -1.532165E-03  0.000000E+00 -2.133539E-02  1.028878E-02 -3.217095E-14  1.176984E+00  0.000000E+00
  3.614630E-03 -2.231774E-03  5.000000E-01  3.652753E-03 -2.226424E-03  0.000000E+00 -4.157857E-03  1.748536E-03 -1.109136E-14  1.152652E+00  0.000000E+00
  5.721210E-03 -3.024344E-03  5.000000E-01  5.780607E-03 -3.026998E-03  0.000000E+00  4.995702E-03 -1.758153E-03 -1.340807E-16  1.122287E+00  0.000000E+00
  8.297500E-03 -3.918571E-03  5.000000E-01  8.382914E-03 -3.930255E-03  0.000000E+00  9.310701E-03 -3.075043E-03  2.761488E-15  1.078550E+00  0.000000E+00
  1.136560E-02 -4.894407E-03  5.000000E-01  1.148200E-02 -4.915947E-03  0.000000E+00  1.103317E-02 -3.370393E-03  2.043577E-15  1.025422E+00  0.000000E+00
  1.493280E-02 -5.941191E-03  5.000000E-01  1.508522E-02 -5.973302E-03  0.000000E+00  1.155003E-02 -3.299167E-03  7.783950E-16  9.729904E-01  0.000000E+00
  1.899460E-02 -7.068363E-03  5.000000E-01  1.918804E-02 -7.111858E-03  0.000000E+00  1.170769E-02 -3.199365E-03  6.183975E-17  9.251177E-01  0.000000E+00
  2.354800E-02 -8.293460E-03  5.000000E-01  2.378743E-02 -8.349327E-03  0.000000E+00  1.192822E-02 -3.162375E-03 -1.313604E-16  8.788445E-01  0.000000E+00
  2.860130E-02 -9.614678E-03  5.000000E-01  2.889176E-02 -9.683887E-03  0.000000E+00  1.233110E-02 -3.173944E-03 -9.860100E-17  8.316346E-01  0.000000E+00
  3.416500E-02 -1.102480E-02  5.000000E-01  3.451165E-02 -1.110825E-02  0.000000E+00  1.289869E-02 -3.218517E-03 -3.618931E-17  7.846941E-01  0.000000E+00
  4.024810E-02 -1.251949E-02  5.000000E-01  4.065618E-02 -1.261803E-02  0.000000E+00  1.357438E-02 -3.280867E-03 -3.694445E-18  7.388576E-01  0.000000E+00
  4.686030E-02 -1.409241E-02  5.000000E-01  4.733516E-02 -1.420684E-02  0.000000E+00  1.429714E-02 -3.345351E-03  6.248942E-18  6.938279E-01  0.000000E+00
  5.401090E-02 -1.573889E-02  5.000000E-01  5.455797E-02 -1.586995E-02  0.000000E+00  1.502394E-02 -3.406503E-03  4.177168E-18  6.495548E-01  0.000000E+00
  6.170850E-02 -1.745822E-02  5.000000E-01  6.233331E-02 -1.760664E-02  0.000000E+00  1.573346E-02 -3.458964E-03  7.327466E-19  6.055651E-01  0.000000E+00
  6.996310E-02 -1.924540E-02  5.000000E-01  7.067127E-02 -1.941187E-02  0.000000E+00  1.641725E-02 -3.493868E-03 -7.795783E-19  5.610418E-01  0.000000E+00
  7.878500E-02 -2.109156E-02  5.000000E-01  7.958226E-02 -2.127667E-02  0.000000E+00  1.707846E-02 -3.510415E-03 -2.471290E-18  5.159241E-01  0.000000E+00
  8.818390E-02 -2.298955E-02  5.000000E-01  8.907608E-02 -2.319383E-02  0.000000E+00  1.772806E-02 -3.511509E-03 -2.100395E-18  4.702509E-01  0.000000E+00
  9.816930E-02 -2.493022E-02  5.000000E-01  9.916232E-02 -2.515410E-02  0.000000E+00  1.837810E-02 -3.496559E-03 -2.498347E-18  4.235453E-01  0.000000E+00
  1.087500E-01 -2.690138E-02  5.000000E-01  1.098499E-01 -2.714516E-02  0.000000E+00  1.904277E-02 -3.466592E-03 -2.322101E-18  3.754286E-01  0.000000E+00
  1.199340E-01 -2.889123E-02  5.000000E-01  1.211468E-01 -2.915511E-02  0.000000E+00  1.973708E-02 -3.421042E-03 -7.632543E-19  3.254418E-01  0.000000E+00
  1.317280E-01 -3.088333E-02  5.000000E-01  1.330599E-01 -3.116733E-02  0.000000E+00  2.047136E-02 -3.352584E-03 -7.021610E-19  2.727779E-01  0.000000E+00
  1.441380E-01 -3.285427E-02  5.000000E-01  1.455953E-01 -3.315817E-02  0.000000E+00  2.125051E-02 -3.252528E-03 -2.633717E-19  2.169078E-01  0.000000E+00
  1.441380E-01 -3.285427E-02  5.000000E-01  1.455953E-01 -3.315817E-02  0.000000E+00  2.125051E-02 -3.252528E-03 -2.633717E-19  2.169078E-01  0.000000E+00
  1.571670E-01 -3.477614E-02  5.000000E-01  1.587558E-01 -3.509946E-02  0.000000E+00  2.206841E-02 -3.107775E-03  7.901192E-19  1.574899E-01  0.000000E+00
  1.708170E-01 -3.661083E-02  5.000000E-01  1.725437E-01 -3.695266E-02  0.000000E+00  2.290026E-02 -2.897401E-03  1.079641E-18  9.431283E-02  0.000000E+00
  1.850860E-01 -3.830805E-02  5.000000E-01  1.869568E-01 -3.866703E-02  0.000000E+00  2.370254E-02 -2.601478E-03  1.545434E-18  2.804185E-02  0.000000E+00
  1.999720E-01 -3.980981E-02  5.000000E-01  2.019931E-01 -4.018396E-02  0.000000E+00  2.441202E-02 -2.209424E-03  3.333078E-18 -3.943707E-02  0.000000E+00
  2.154670E-01 -4.105577E-02  5.000000E-01  2.176446E-01 -4.144249E-02  0.000000E+00  2.493794E-02 -1.723697E-03  3.313011E-18 -1.051537E-01  0.000000E+00
  2.315610E-01 -4.198980E-02  5.000000E-01  2.339011E-01 -4.238596E-02  0.000000E+00  2.515333E-02 -1.156036E-03 -2.892847E-20 -1.655308E-01  0.000000E+00
  2.482400E-01 -4.255586E-02  5.000000E-01  2.507486E-01 -4.295774E-02  0.000000E+00  2.492070E-02 -5.309331E-04 -2.555798E-18 -2.161595E-01  0.000000E+00
  2.654840E-01 -4.270134E-02  5.000000E-01  2.681667E-01 -4.310468E-02  0.000000E+00  2.416742E-02  1.032871E-04 -2.276874E-18 -2.512098E-01  0.000000E+00
  2.832720E-01 -4.238808E-02  5.000000E-01  2.861343E-01 -4.278826E-02  0.000000E+00  2.296296E-02  6.792925E-04 -1.019748E-18 -2.645238E-01  0.000000E+00
  3.015770E-01 -4.161033E-02  5.000000E-01  3.046242E-01 -4.200266E-02  0.000000E+00  2.152191E-02  1.136106E-03  1.441816E-19 -2.528059E-01  0.000000E+00
  3.203660E-01 -4.040665E-02  5.000000E-01  3.236030E-01 -4.078682E-02  0.000000E+00  2.009990E-02  1.446323E-03  7.101380E-19 -2.188397E-01  0.000000E+00
  3.396030E-01 -3.885869E-02  5.000000E-01  3.430342E-01 -3.922323E-02  0.000000E+00  1.883849E-02  1.634824E-03  7.562629E-19 -1.726975E-01  0.000000E+00
  3.592490E-01 -3.702649E-02  5.000000E-01  3.628786E-01 -3.737252E-02  0.000000E+00  1.772395E-02  1.754305E-03  3.939560E-19 -1.265210E-01  0.000000E+00
  3.792580E-01 -3.492980E-02  5.000000E-01  3.830897E-01 -3.525466E-02  0.000000E+00  1.668848E-02  1.832065E-03 -2.442193E-20 -8.564993E-02  0.000000E+00
  3.995810E-01 -3.259225E-02  5.000000E-01  4.036179E-01 -3.289351E-02  0.000000E+00  1.568413E-02  1.870144E-03  1.230520E-18 -4.820978E-02  0.000000E+00
  4.201670E-01 -3.004398E-02  5.000000E-01  4.244118E-01 -3.031950E-02  0.000000E+00  1.469406E-02  1.870144E-03  1.252390E-18 -1.087622E-02  0.000000E+00
  4.409600E-01 -2.731889E-02  5.000000E-01  4.454148E-01 -2.756689E-02  0.000000E+00  1.373390E-02  1.835739E-03  3.225243E-19  2.794363E-02  0.000000E+00
  4.619030E-01 -2.445980E-02  5.000000E-01  4.665693E-01 -2.467892E-02  0.000000E+00  1.285257E-02  1.768852E-03  7.699508E-19  6.812817E-02  0.000000E+00
  4.829360E-01 -2.153929E-02  5.000000E-01  4.878147E-01 -2.172892E-02  0.000000E+00  1.211495E-02  1.675478E-03  6.096817E-19  1.079011E-01  0.000000E+00
  5.039990E-01 -1.863922E-02  5.000000E-01  5.090904E-01 -1.879957E-02  0.000000E+00  1.157576E-02  1.567217E-03 -1.283328E-19  1.443469E-01  0.000000E+00
  5.250310E-01 -1.584292E-02  5.000000E-01  5.303348E-01 -1.597503E-02  0.000000E+00  1.126705E-02  1.452435E-03 -1.714035E-18  1.750687E-01  0.000000E+00
  5.459710E-01 -1.322973E-02  5.000000E-01  5.514863E-01 -1.333545E-02  0.000000E+00  1.118717E-02  1.336073E-03 -1.394382E-18  1.986228E-01  0.000000E+00
  5.667600E-01 -1.085985E-02  5.000000E-01  5.724853E-01 -1.094164E-02  0.000000E+00  1.128598E-02  1.230385E-03  2.310683E-19  2.135091E-01  0.000000E+00
  4.704230E-01  5.071170E-02  5.000000E-01  4.751754E-01  5.125172E-02  0.000000E+00  2.151164E-02  4.802862E-04 -8.551818E-18 -1.092570E+00  0.000000E+00
  4.494880E-01  5.023795E-02  5.000000E-01  4.540289E-01  5.077318E-02  0.000000E+00  2.185301E-02  5.150738E-04 -1.067602E-17 -1.096225E+00  0.000000E+00
  4.286690E-01  4.972803E-02  5.000000E-01  4.329997E-01  5.025811E-02  0.000000E+00  2.216116E-02  5.754777E-04 -1.304649E-17 -1.096921E+00  0.000000E+00
  4.080230E-01  4.916169E-02  5.000000E-01  4.121452E-01  4.968606E-02  0.000000E+00  2.243829E-02  6.590606E-04 -1.497407E-17 -1.095088E+00  0.000000E+00
  3.876050E-01  4.852263E-02  5.000000E-01  3.915210E-01  4.904054E-02  0.000000E+00  2.269257E-02  7.638909E-04 -1.658704E-17 -1.091116E+00  0.000000E+00
  3.674690E-01  4.779749E-02  5.000000E-01  3.711816E-01  4.830808E-02  0.000000E+00  2.293042E-02  8.882607E-04 -1.705386E-17 -1.085332E+00  0.000000E+00
  3.476650E-01  4.697646E-02  5.000000E-01  3.511776E-01  4.747876E-02  0.000000E+00  2.315397E-02  1.030787E-03 -1.737436E-17 -1.077930E+00  0.000000E+00
  3.282390E-01  4.605233E-02  5.000000E-01  3.315555E-01  4.654529E-02  0.000000E+00  2.336419E-02  1.193510E-03 -1.824020E-17 -1.068737E+00  0.000000E+00
  3.092330E-01  4.501559E-02  5.000000E-01  3.123575E-01  4.549808E-02  0.000000E+00  2.355836E-02  1.382391E-03 -1.754407E-17 -1.057238E+00  0.000000E+00
  2.906860E-01  4.385176E-02  5.000000E-01  2.936232E-01  4.432250E-02  0.000000E+00  2.371715E-02  1.597517E-03 -1.617208E-17 -1.043298E+00  0.000000E+00
  2.726330E-01  4.255315E-02  5.000000E-01  2.753879E-01  4.301078E-02  0.000000E+00  2.381091E-02  1.829916E-03 -1.527073E-17 -1.027454E+00  0.000000E+00
  2.551020E-01  4.111969E-02  5.000000E-01  2.576799E-01  4.156284E-02  0.000000E+00  2.382261E-02  2.069505E-03 -1.519679E-17 -1.010464E+00  0.000000E+00
  2.381210E-01  3.955817E-02  5.000000E-01  2.405274E-01  3.998555E-02  0.000000E+00  2.375814E-02  2.310967E-03 -1.451826E-17 -9.930687E-01  0.000000E+00
  2.217090E-01  3.787619E-02  5.000000E-01  2.239496E-01  3.828658E-02  0.000000E+00  2.363294E-02  2.548540E-03 -1.279107E-17 -9.766451E-01  0.000000E+00
  2.058840E-01  3.608528E-02  5.000000E-01  2.079648E-01  3.647759E-02  0.000000E+00  2.344090E-02  2.746528E-03 -1.385821E-17 -9.652048E-01  0.000000E+00
  1.906600E-01  3.423628E-02  5.000000E-01  1.925871E-01  3.460992E-02  0.000000E+00  2.319317E-02  2.852259E-03 -1.662421E-17 -9.641514E-01  0.000000E+00
  1.760460E-01  3.241276E-02  5.000000E-01  1.778255E-01  3.276798E-02  0.000000E+00  2.300593E-02  2.879931E-03 -2.234068E-17 -9.741022E-01  0.000000E+00
  1.620500E-01  3.065498E-02  5.000000E-01  1.636881E-01  3.099245E-02  0.000000E+00  2.302109E-02  2.897123E-03 -3.473305E-17 -9.906227E-01  0.000000E+00
  1.486750E-01  2.896965E-02  5.000000E-01  1.501781E-01  2.929009E-02  0.000000E+00  2.326791E-02  2.946327E-03 -5.598076E-17 -1.009170E+00  0.000000E+00
  1.359210E-01  2.734791E-02  5.000000E-01  1.372953E-01  2.765199E-02  0.000000E+00  2.366803E-02  3.036459E-03 -8.983154E-17 -1.026957E+00  0.000000E+00
  1.237890E-01  2.577848E-02  5.000000E-01  1.250407E-01  2.606670E-02  0.000000E+00  2.411254E-02  3.161764E-03 -1.460406E-16 -1.042838E+00  0.000000E+00
  1.122730E-01  2.424880E-02  5.000000E-01  1.134085E-01  2.452157E-02  0.000000E+00  2.452317E-02  3.314547E-03 -2.414177E-16 -1.056742E+00  0.000000E+00
  1.013710E-01  2.275016E-02  5.000000E-01  1.023964E-01  2.300780E-02  0.000000E+00  2.486769E-02  3.487894E-03 -3.986376E-16 -1.069252E+00  0.000000E+00
  9.107400E-02  2.127749E-02  5.000000E-01  9.199536E-02  2.152025E-02  0.000000E+00  2.515210E-02  3.681958E-03 -6.635682E-16 -1.080956E+00  0.000000E+00
  9.107400E-02  2.127749E-02  5.000000E-01  9.199536E-02  2.152025E-02  0.000000E+00  2.515210E-02  3.681958E-03 -6.635682E-16 -1.080956E+00  0.000000E+00
  8.137660E-02  1.982558E-02  5.000000E-01  8.220003E-02  2.005369E-02  0.000000E+00  2.539089E-02  3.896830E-03 -1.113431E-15 -1.092572E+00  0.000000E+00
  7.227050E-02  1.839385E-02  5.000000E-01  7.300197E-02  1.860749E-02  0.000000E+00  2.559374E-02  4.128576E-03 -1.874930E-15 -1.105025E+00  0.000000E+00
  6.374670E-02  1.698430E-02  5.000000E-01  6.439209E-02  1.718371E-02  0.000000E+00  2.577313E-02  4.379638E-03 -3.162035E-15 -1.118869E+00  0.000000E+00
  5.579720E-02  1.559730E-02  5.000000E-01  5.636231E-02  1.578271E-02  0.000000E+00  2.592842E-02  4.647448E-03 -5.317203E-15 -1.134865E+00  0.000000E+00
  4.841260E-02  1.423829E-02  5.000000E-01  4.890313E-02  1.440997E-02  0.000000E+00  2.605479E-02  4.927821E-03 -8.851613E-15 -1.153851E+00  0.000000E+00
  4.158390E-02  1.291216E-02  5.000000E-01  4.200547E-02  1.307044E-02  0.000000E+00  2.615369E-02  5.227449E-03 -1.440433E-14 -1.176114E+00  0.000000E+00
  3.530370E-02  1.162116E-02  5.000000E-01  3.566185E-02  1.176641E-02  0.000000E+00  2.620302E-02  5.541839E-03 -2.252621E-14 -1.202387E+00  0.000000E+00
  2.956270E-02  1.037230E-02  5.000000E-01  2.986287E-02  1.050494E-02  0.000000E+00  2.617323E-02  5.866948E-03 -3.318844E-14 -1.233278E+00  0.000000E+00
  2.435310E-02  9.170128E-03  5.000000E-01  2.460066E-02  9.290624E-03  0.000000E+00  2.602354E-02  6.214660E-03 -4.498428E-14 -1.268261E+00  0.000000E+00
  1.967110E-02  8.013765E-03  5.000000E-01  1.987138E-02  8.122584E-03  0.000000E+00  2.562132E-02  6.557292E-03 -5.449507E-14 -1.307707E+00  0.000000E+00
  1.550860E-02  6.909339E-03  5.000000E-01  1.566684E-02  7.007004E-03  0.000000E+00  2.479453E-02  6.848576E-03 -5.711803E-14 -1.352049E+00  0.000000E+00
  1.185930E-02  5.860207E-03  5.000000E-01  1.198068E-02  5.947277E-03  0.000000E+00  2.345841E-02  7.082470E-03 -4.979271E-14 -1.399728E+00  0.000000E+00
  8.724160E-03  4.863065E-03  5.000000E-01  8.813883E-03  4.940065E-03  0.000000E+00  2.175546E-02  7.288613E-03 -3.389204E-14 -1.450546E+00  0.000000E+00
  6.091130E-03  3.927030E-03  5.000000E-01  6.154263E-03  3.994577E-03  0.000000E+00  2.056940E-02  7.851992E-03 -1.638559E-14 -1.500302E+00  0.000000E+00
  3.952840E-03  3.056511E-03  5.000000E-01  3.994378E-03  3.115266E-03  0.000000E+00  2.141249E-02  9.843755E-03 -6.143152E-15 -1.532770E+00  0.000000E+00
  2.330070E-03  2.241169E-03  5.000000E-01  2.355220E-03  2.291691E-03  0.000000E+00  2.441786E-02  1.432626E-02 -6.492710E-15 -1.536990E+00  0.000000E+00
  1.198080E-03  1.501444E-03  5.000000E-01  1.211798E-03  1.544496E-03  0.000000E+00  2.754033E-02  2.141453E-02 -1.372949E-14 -1.523282E+00  0.000000E+00
  5.019560E-04  8.724910E-04  5.000000E-01  5.086442E-04  9.091906E-04  0.000000E+00  3.010375E-02  3.328842E-02 -2.316732E-14 -1.534763E+00  0.000000E+00
  1.313430E-04  3.873481E-04  5.000000E-01  1.342884E-04  4.191483E-04  0.000000E+00  3.469102E-02  6.989005E-02 -3.313701E-14 -1.571184E+00  0.000000E+00
  8.078190E-06  7.868691E-05  5.000000E-01  9.778777E-06  1.073700E-04  0.000000E+00  3.041740E-02  1.728475E-01 -4.584107E-14 -1.490249E+00  0.000000E+00
 -1.602820E-06 -2.760960E-05  5.000000E-01  0.000000E+00  0.000000E+00  0.000000E+00 -5.016776E-03  2.521803E-01 -5.862085E-14 -1.199136E+00  0.000000E+00
  9.141860E-06 -1.373033E-04  5.000000E-01  1.085319E-05 -1.108015E-04  0.000000E+00 -5.024658E-02  1.971755E-01 -7.103452E-14 -4.790998E-01  0.000000E+00
  1.696960E-04 -4.673162E-04  5.000000E-01  1.730287E-04 -4.441471E-04  0.000000E+00 -6.513773E-02  9.288040E-02 -7.483429E-14  5.360956E-01  0.000000E+00
    1    2
    2    3
    3    4
    4    5
    5    6
    6    7
    7    8
    8    9
    9   10
   10   11
   11   12
   12   13
   13   14
   14   15
   15   16
   16   17
   17   18
   18   19
   19   20
   20   21
   21   22
   22   23
   23   24
   25   26
   26   27
   27   28
   28   29
   29   30
   30   31
   31   32
   32   33
   33   34
   34   35
   35   36
   36   37
   37   38
   38   39
   39   40
   40   41
   41   42
   42   43
   43   44
   44   45
   45   46
   46   47
   47   48
   49   50
   50   51
   51   52
   52   53
   53   54
   54   55
   55   56
   56   57
   57   58
   58   59
   59   60
   60   61
   61   62
   62   63
   63   64
   64   65
   65   66
   66   67
   67   68
   68   69
   69   70
   70   71
   71   72
   73   74
   74   75
   75   76
   76   77
   77   78
   78   79
   79   80
   80   81
   81   82
   82   83
   83   84
   84   85
   85   86
   86   87
   87   88
   88   89
   89   90
   90   91
   91   92
   92   93
   93   94
   94   95
   95   96
   97   98
   98   99
   99  100
  100  101
  101  102
  102  103
  103  104
  104  105
  105  106
  106  107
  107  108
  108  109
  109  110
  110  111
  111  112
  112  113
  113  114
  114  115
  115  116
  116  117
  117  118
  118  119
  119  120
  121  122
  122  123
  123  124
  124  125
  125  126
  126  127
  127  128
  128  129
  129  130
  130  131
  131  132
  132  133
  133  134
  134  135
  135  136
  136  137
  137  138
  138  139
  139  140
  140  141
  141  142
  142  143
  143  144
  145  146
  146  147
  147  148
  148  149
  149  150
  150  151
  151  152
  152  153
  153  154
  154  155
  155  156
  156  157
  157  158
  158  159
  159  160
  160  161
  161  162
  162  163
  163  164
  164  165
  165  166
  166  167
  167  168
  169  170
  170  171
  171  172
  172  173
  173  174
  174  175
  175  176
  176  177
  177  178
  178  179
  179  180
  180  181
  181  182
  182  183
  183  184
  184  185
  185  186
  186  187
  187  188
  188  189
  189  190
  190  191
  191  192
