 Title = "ADflow Slice Data"
Variables =  "CoordinateX"  "CoordinateY"  "CoordinateZ"  "XoC"  "YoC"  "ZoC" "VelocityX" "VelocityY" "VelocityZ" "CoefPressure" "Mach" 
Zone T= "Slice_0001 None Absolute Regular z = 0.50000000"
 Nodes =          192  Elements=          184  ZONETYPE=FELINESEG
 DATAPACKING=POINT
  5.667600E-01 -1.525574E-02  5.000000E-01  5.724853E-01 -1.536964E-02  0.000000E+00  1.331526E-02  1.547244E-03 -2.428313E-18  9.966364E-02  0.000000E+00
  5.873410E-01 -1.285049E-02  5.000000E-01  5.932741E-01 -1.294010E-02  0.000000E+00  1.278758E-02  1.492672E-03 -1.971332E-19  1.237742E-01  0.000000E+00
  6.076580E-01 -1.048197E-02  5.000000E-01  6.137963E-01 -1.054766E-02  0.000000E+00  1.232950E-02  1.426823E-03  2.326219E-18  1.467359E-01  0.000000E+00
  6.276600E-01 -8.185264E-03  5.000000E-01  6.340003E-01 -8.227756E-03  0.000000E+00  1.194065E-02  1.354280E-03  2.805331E-18  1.678572E-01  0.000000E+00
  6.472970E-01 -5.987142E-03  5.000000E-01  6.538356E-01 -6.007435E-03  0.000000E+00  1.161231E-02  1.280150E-03  5.426668E-19  1.867115E-01  0.000000E+00
  6.665260E-01 -3.901424E-03  5.000000E-01  6.732588E-01 -3.900654E-03  0.000000E+00  1.133302E-02  1.207319E-03 -1.399763E-18  2.034538E-01  0.000000E+00
  6.853050E-01 -1.937864E-03  5.000000E-01  6.922274E-01 -1.917264E-03  0.000000E+00  1.109316E-02  1.134003E-03 -4.781678E-19  2.188328E-01  0.000000E+00
  7.035980E-01 -1.110292E-04  5.000000E-01  7.107052E-01 -7.198004E-05  0.000000E+00  1.087856E-02  1.057854E-03  3.183513E-19  2.332752E-01  0.000000E+00
  7.213750E-01  1.569857E-03  5.000000E-01  7.286617E-01  1.625881E-03  0.000000E+00  1.066350E-02  9.788632E-04  1.146864E-18  2.466398E-01  0.000000E+00
  7.386080E-01  3.102791E-03  5.000000E-01  7.460687E-01  3.174296E-03  0.000000E+00  1.041721E-02  8.986829E-04  1.587860E-18  2.589921E-01  0.000000E+00
  7.552750E-01  4.494583E-03  5.000000E-01  7.629040E-01  4.580144E-03  0.000000E+00  1.012069E-02  8.212007E-04  3.427952E-19  2.708166E-01  0.000000E+00
  7.713580E-01  5.759237E-03  5.000000E-01  7.791495E-01  5.857569E-03  0.000000E+00  9.786605E-03  7.479819E-04 -9.794578E-19  2.826764E-01  0.000000E+00
  7.868410E-01  6.908437E-03  5.000000E-01  7.947888E-01  7.018374E-03  0.000000E+00  9.482369E-03  6.614723E-04  1.245924E-19  2.962921E-01  0.000000E+00
  8.017160E-01  7.882327E-03  5.000000E-01  8.098140E-01  8.002101E-03  0.000000E+00  9.310034E-03  5.385785E-04  1.381336E-18  3.119999E-01  0.000000E+00
  8.159740E-01  8.597261E-03  5.000000E-01  8.242160E-01  8.724254E-03  0.000000E+00  9.334274E-03  3.847331E-04  1.288376E-18  3.248128E-01  0.000000E+00
  8.296120E-01  9.035331E-03  5.000000E-01  8.379918E-01  9.166748E-03  0.000000E+00  9.559693E-03  2.177188E-04  5.649844E-19  3.298332E-01  0.000000E+00
  8.426300E-01  9.212588E-03  5.000000E-01  8.511412E-01  9.345795E-03  0.000000E+00  9.963409E-03  4.445811E-05 -2.473873E-19  3.269843E-01  0.000000E+00
  8.550290E-01  9.160246E-03  5.000000E-01  8.636654E-01  9.292925E-03  0.000000E+00  1.051747E-02 -1.339933E-04 -1.721465E-19  3.182423E-01  0.000000E+00
  8.668160E-01  8.915919E-03  5.000000E-01  8.755715E-01  9.046130E-03  0.000000E+00  1.119309E-02 -3.164663E-04  2.026958E-19  3.049529E-01  0.000000E+00
  8.779950E-01  8.520786E-03  5.000000E-01  8.868634E-01  8.647007E-03  0.000000E+00  1.196052E-02 -5.003955E-04  8.676248E-19  2.876747E-01  0.000000E+00
  8.885730E-01  8.014062E-03  5.000000E-01  8.975482E-01  8.135166E-03  0.000000E+00  1.279049E-02 -6.832030E-04  2.437079E-19  2.669939E-01  0.000000E+00
  8.985610E-01  7.429075E-03  5.000000E-01  9.076371E-01  7.544271E-03  0.000000E+00  1.365042E-02 -8.581409E-04 -8.554577E-19  2.434308E-01  0.000000E+00
  9.079670E-01  6.799568E-03  5.000000E-01  9.171381E-01  6.908406E-03  0.000000E+00  1.450103E-02 -1.012842E-03 -6.423716E-19  2.174464E-01  0.000000E+00
  9.168010E-01  6.158026E-03  5.000000E-01  9.260613E-01  6.260385E-03  0.000000E+00  1.530472E-02 -1.138162E-03 -2.524580E-20  1.900973E-01  0.000000E+00
  9.168010E-01  6.158026E-03  5.000000E-01  9.260613E-01  6.260385E-03  0.000000E+00  1.530472E-02 -1.138162E-03 -2.524580E-20  1.900973E-01  0.000000E+00
  9.250730E-01  5.529236E-03  5.000000E-01  9.344168E-01  5.625246E-03  0.000000E+00  1.603829E-02 -1.235336E-03 -2.477857E-19  1.629073E-01  0.000000E+00
  9.327940E-01  4.927428E-03  5.000000E-01  9.422158E-01  5.017360E-03  0.000000E+00  1.670122E-02 -1.316067E-03 -8.689011E-20  1.371893E-01  0.000000E+00
  9.399760E-01  4.355868E-03  5.000000E-01  9.494703E-01  4.440028E-03  0.000000E+00  1.730972E-02 -1.391890E-03  1.000495E-19  1.132119E-01  0.000000E+00
  9.466320E-01  3.815255E-03  5.000000E-01  9.561935E-01  3.893955E-03  0.000000E+00  1.788394E-02 -1.467336E-03 -4.065562E-19  9.023752E-02  0.000000E+00
  9.527730E-01  3.306404E-03  5.000000E-01  9.623965E-01  3.379966E-03  0.000000E+00  1.844854E-02 -1.548895E-03 -2.326166E-20  6.772717E-02  0.000000E+00
  9.584110E-01  2.827174E-03  5.000000E-01  9.680915E-01  2.895896E-03  0.000000E+00  1.903620E-02 -1.647216E-03  1.503262E-19  4.544872E-02  0.000000E+00
  9.635570E-01  2.374329E-03  5.000000E-01  9.732895E-01  2.438477E-03  0.000000E+00  1.968080E-02 -1.768177E-03 -3.599213E-18  2.268469E-02  0.000000E+00
  9.682220E-01  1.946798E-03  5.000000E-01  9.780016E-01  2.006629E-03  0.000000E+00  2.041446E-02 -1.912410E-03 -1.099911E-17 -1.653291E-03  0.000000E+00
  9.724140E-01  1.545861E-03  5.000000E-01  9.822359E-01  1.601643E-03  0.000000E+00  2.128519E-02 -2.087922E-03 -1.389886E-17 -2.819567E-02  0.000000E+00
  9.761430E-01  1.171440E-03  5.000000E-01  9.860026E-01  1.223441E-03  0.000000E+00  2.237511E-02 -2.311873E-03  1.553148E-17 -5.739465E-02  0.000000E+00
  9.794160E-01  8.242700E-04  5.000000E-01  9.893086E-01  8.727646E-04  0.000000E+00  2.378625E-02 -2.597687E-03  1.015889E-16 -9.033154E-02  0.000000E+00
  9.822400E-01  5.074286E-04  5.000000E-01  9.921611E-01  5.527235E-04  0.000000E+00  2.556959E-02 -2.947563E-03  1.586129E-16 -1.284600E-01  0.000000E+00
  9.846200E-01  2.260644E-04  5.000000E-01  9.945652E-01  2.685178E-04  0.000000E+00  2.759427E-02 -3.348304E-03 -1.471815E-16 -1.721303E-01  0.000000E+00
  9.865620E-01 -1.453661E-05  5.000000E-01  9.965268E-01  2.548702E-05  0.000000E+00  2.941415E-02 -3.712160E-03 -1.237273E-15 -2.194520E-01  0.000000E+00
  9.880680E-01 -2.086064E-04  5.000000E-01  9.980480E-01 -1.705426E-04  0.000000E+00  2.988171E-02 -3.827488E-03 -2.422880E-15 -2.766756E-01  0.000000E+00
  9.891420E-01 -3.514242E-04  5.000000E-01  9.991328E-01 -3.148027E-04  0.000000E+00  2.813661E-02 -3.912226E-03  5.768822E-16 -3.435840E-01  0.000000E+00
  9.897860E-01 -4.389489E-04  5.000000E-01  9.997833E-01 -4.032113E-04  0.000000E+00  3.789763E-02 -4.014541E-03  1.469467E-14 -2.895154E-01  0.000000E+00
  9.900000E-01 -4.683024E-04  5.000000E-01  9.999995E-01 -4.328613E-04  0.000000E+00  2.619590E-02  5.267624E-03  1.304930E-14 -5.821896E-01  0.000000E+00
  9.900000E-01 -1.843755E-04  5.000000E-01  9.999995E-01 -1.460671E-04  0.000000E+00  1.230331E-03 -7.886489E-03  1.685130E-15 -8.090109E-01  0.000000E+00
  9.900000E-01  9.955137E-05  5.000000E-01  9.999995E-01  1.407272E-04  0.000000E+00 -4.470221E-04 -2.275118E-02  3.172081E-15 -6.285452E-01  0.000000E+00
  9.900000E-01  3.834783E-04  5.000000E-01  9.999995E-01  4.275214E-04  0.000000E+00 -1.437099E-04 -8.862356E-03  3.766389E-15 -6.284903E-01  0.000000E+00
  9.900000E-01  6.674052E-04  5.000000E-01  9.999995E-01  7.143156E-04  0.000000E+00  4.647900E-04 -5.228758E-03  3.679593E-15 -6.883880E-01  0.000000E+00
  9.900000E-01  9.513320E-04  5.000000E-01  9.999995E-01  1.001110E-03  0.000000E+00  6.799535E-03 -6.633304E-03  3.447318E-15 -6.301344E-01  0.000000E+00
  9.900000E-01  9.513320E-04  5.000000E-01  9.999995E-01  1.001110E-03  0.000000E+00  6.799535E-03 -6.633304E-03  3.447318E-15 -6.301344E-01  0.000000E+00
  9.897890E-01  1.017904E-03  5.000000E-01  9.997864E-01  1.068354E-03  0.000000E+00  9.019199E-03 -3.470814E-03  2.920625E-15 -5.525622E-01  0.000000E+00
  9.891540E-01  1.218674E-03  5.000000E-01  9.991450E-01  1.271151E-03  0.000000E+00  4.570825E-03 -1.352217E-03  1.921632E-15 -5.711676E-01  0.000000E+00
  9.880950E-01  1.555407E-03  5.000000E-01  9.980753E-01  1.611286E-03  0.000000E+00  3.028338E-03 -9.620605E-04  1.055399E-15 -5.707228E-01  0.000000E+00
  9.866100E-01  2.031333E-03  5.000000E-01  9.965753E-01  2.092017E-03  0.000000E+00  1.987776E-03 -6.510767E-04  5.065067E-16 -5.628164E-01  0.000000E+00
  9.846960E-01  2.650662E-03  5.000000E-01  9.946419E-01  2.717601E-03  0.000000E+00  1.000189E-03 -3.248536E-04  2.161070E-16 -5.591707E-01  0.000000E+00
  9.823490E-01  3.418251E-03  5.000000E-01  9.922712E-01  3.492942E-03  0.000000E+00  1.892469E-04 -6.058622E-05  7.467398E-17 -5.581811E-01  0.000000E+00
  9.795670E-01  4.338748E-03  5.000000E-01  9.894611E-01  4.422735E-03  0.000000E+00 -4.239557E-04  1.414435E-04  9.887585E-18 -5.584116E-01  0.000000E+00
  9.763420E-01  5.417935E-03  5.000000E-01  9.862036E-01  5.512821E-03  0.000000E+00 -8.685128E-04  2.922501E-04 -1.422851E-17 -5.598458E-01  0.000000E+00
  9.726710E-01  6.659546E-03  5.000000E-01  9.824955E-01  6.766970E-03  0.000000E+00 -1.168689E-03  3.970471E-04 -1.666395E-17 -5.623721E-01  0.000000E+00
  9.685460E-01  8.066759E-03  5.000000E-01  9.783288E-01  8.188394E-03  0.000000E+00 -1.341654E-03  4.592812E-04 -1.108099E-17 -5.655729E-01  0.000000E+00
  9.639600E-01  9.641719E-03  5.000000E-01  9.736965E-01  9.779260E-03  0.000000E+00 -1.403870E-03  4.834581E-04 -4.855481E-18 -5.689419E-01  0.000000E+00
  9.589060E-01  1.138658E-02  5.000000E-01  9.685915E-01  1.154174E-02  0.000000E+00 -1.375545E-03  4.757751E-04 -3.040636E-19 -5.720034E-01  0.000000E+00
  9.533750E-01  1.330251E-02  5.000000E-01  9.630046E-01  1.347702E-02  0.000000E+00 -1.282348E-03  4.444886E-04  1.497827E-18 -5.743919E-01  0.000000E+00
  9.473580E-01  1.538828E-02  5.000000E-01  9.569269E-01  1.558385E-02  0.000000E+00 -1.153968E-03  3.996963E-04  4.909751E-19 -5.759192E-01  0.000000E+00
  9.408450E-01  1.764056E-02  5.000000E-01  9.503481E-01  1.785888E-02  0.000000E+00 -1.020553E-03  3.520714E-04  1.741433E-19 -5.766106E-01  0.000000E+00
  9.338260E-01  2.005406E-02  5.000000E-01  9.432582E-01  2.029675E-02  0.000000E+00 -9.087981E-04  3.111102E-04  1.337872E-18 -5.766909E-01  0.000000E+00
  9.262910E-01  2.262035E-02  5.000000E-01  9.356471E-01  2.288896E-02  0.000000E+00 -8.393114E-04  2.838581E-04  1.059900E-18 -5.765110E-01  0.000000E+00
  9.182290E-01  2.532662E-02  5.000000E-01  9.275037E-01  2.562256E-02  0.000000E+00 -8.260393E-04  2.744246E-04  5.263872E-20 -5.764407E-01  0.000000E+00
  9.096280E-01  2.815518E-02  5.000000E-01  9.188158E-01  2.847969E-02  0.000000E+00 -8.767324E-04  2.840865E-04 -1.046545E-19 -5.768401E-01  0.000000E+00
  9.004770E-01  3.108257E-02  5.000000E-01  9.095724E-01  3.143664E-02  0.000000E+00 -9.933256E-04  3.115200E-04  3.454536E-19 -5.780270E-01  0.000000E+00
  8.907650E-01  3.407789E-02  5.000000E-01  8.997623E-01  3.446221E-02  0.000000E+00 -1.173196E-03  3.525082E-04  6.008674E-20 -5.800920E-01  0.000000E+00
  8.804800E-01  3.709980E-02  5.000000E-01  8.893735E-01  3.751464E-02  0.000000E+00 -1.409854E-03  3.995218E-04 -1.162679E-18 -5.829321E-01  0.000000E+00
  8.696090E-01  4.009261E-02  5.000000E-01  8.783927E-01  4.053767E-02  0.000000E+00 -1.689559E-03  4.431811E-04 -7.122671E-19 -5.864895E-01  0.000000E+00
  8.696090E-01  4.009261E-02  5.000000E-01  8.783927E-01  4.053767E-02  0.000000E+00 -1.689559E-03  4.431811E-04 -7.122671E-19 -5.864895E-01  0.000000E+00
  8.581400E-01  4.298436E-02  5.000000E-01  8.668079E-01  4.345862E-02  0.000000E+00 -1.992440E-03  4.745613E-04 -1.415839E-18 -5.898482E-01  0.000000E+00
  8.460600E-01  4.569100E-02  5.000000E-01  8.546059E-01  4.619260E-02  0.000000E+00 -2.300612E-03  4.837895E-04 -2.430395E-18 -5.908183E-01  0.000000E+00
  8.333640E-01  4.813289E-02  5.000000E-01  8.417817E-01  4.865915E-02  0.000000E+00 -2.562052E-03  4.509203E-04 -1.701039E-18 -5.921745E-01  0.000000E+00
  8.200460E-01  5.023474E-02  5.000000E-01  8.283292E-01  5.078222E-02  0.000000E+00 -2.554193E-03  3.479967E-04 -3.017243E-18 -6.124223E-01  0.000000E+00
  8.061050E-01  5.192951E-02  5.000000E-01  8.142474E-01  5.249411E-02  0.000000E+00 -1.712115E-03  1.687939E-04 -2.367475E-18 -6.808874E-01  0.000000E+00
  7.915460E-01  5.319202E-02  5.000000E-01  7.995413E-01  5.376937E-02  0.000000E+00  8.381291E-04 -4.389441E-05  1.180834E-19 -8.052635E-01  0.000000E+00
  7.763770E-01  5.406213E-02  5.000000E-01  7.842191E-01  5.464827E-02  0.000000E+00  5.740620E-03 -2.108506E-04  1.167714E-18 -9.473472E-01  0.000000E+00
  7.606070E-01  5.460965E-02  5.000000E-01  7.682899E-01  5.520132E-02  0.000000E+00  1.233524E-02 -2.367886E-04 -1.185290E-18 -1.048634E+00  0.000000E+00
  7.442510E-01  5.484170E-02  5.000000E-01  7.517687E-01  5.543571E-02  0.000000E+00  1.826985E-02 -6.094358E-05 -5.312860E-18 -1.082981E+00  0.000000E+00
  7.273250E-01  5.477550E-02  5.000000E-01  7.346718E-01  5.536884E-02  0.000000E+00  2.141399E-02  2.338403E-04 -9.837219E-18 -1.070420E+00  0.000000E+00
  7.098490E-01  5.446229E-02  5.000000E-01  7.170193E-01  5.505247E-02  0.000000E+00  2.174034E-02  4.665739E-04 -1.354931E-17 -1.045960E+00  0.000000E+00
  6.918480E-01  5.399625E-02  5.000000E-01  6.988365E-01  5.458172E-02  0.000000E+00  2.064117E-02  5.222365E-04 -1.370591E-17 -1.034590E+00  0.000000E+00
  6.733520E-01  5.352488E-02  5.000000E-01  6.801537E-01  5.410559E-02  0.000000E+00  1.943617E-02  3.872739E-04 -1.172487E-17 -1.047302E+00  0.000000E+00
  6.543930E-01  5.324463E-02  5.000000E-01  6.610032E-01  5.382251E-02  0.000000E+00  1.884307E-02  1.262066E-04 -8.363336E-18 -1.080893E+00  0.000000E+00
  6.350090E-01  5.327400E-02  5.000000E-01  6.414235E-01  5.385218E-02  0.000000E+00  1.909933E-02 -1.448253E-04 -5.335008E-18 -1.120378E+00  0.000000E+00
  6.152440E-01  5.354837E-02  5.000000E-01  6.214589E-01  5.412932E-02  0.000000E+00  2.000561E-02 -3.434343E-04 -4.119270E-18 -1.151538E+00  0.000000E+00
  5.951420E-01  5.396114E-02  5.000000E-01  6.011539E-01  5.454626E-02  0.000000E+00  2.111487E-02 -4.343062E-04 -4.744970E-18 -1.167536E+00  0.000000E+00
  5.747530E-01  5.438574E-02  5.000000E-01  5.805590E-01  5.497515E-02  0.000000E+00  2.206394E-02 -3.831593E-04 -6.283557E-18 -1.165927E+00  0.000000E+00
  5.541290E-01  5.468159E-02  5.000000E-01  5.597267E-01  5.527398E-02  0.000000E+00  2.268457E-02 -1.779370E-04 -7.147839E-18 -1.147998E+00  0.000000E+00
  5.333260E-01  5.471426E-02  5.000000E-01  5.387136E-01  5.530699E-02  0.000000E+00  2.291605E-02  1.147539E-04 -7.126488E-18 -1.120626E+00  0.000000E+00
  5.124010E-01  5.446770E-02  5.000000E-01  5.175773E-01  5.505793E-02  0.000000E+00  2.280478E-02  3.955489E-04 -6.994972E-18 -1.092659E+00  0.000000E+00
  4.914140E-01  5.398237E-02  5.000000E-01  4.963783E-01  5.456770E-02  0.000000E+00  2.252179E-02  6.225681E-04 -6.258781E-18 -1.069092E+00  0.000000E+00
  4.704230E-01  5.330424E-02  5.000000E-01  4.751754E-01  5.388272E-02  0.000000E+00  2.223264E-02  7.930285E-04 -6.271615E-18 -1.051836E+00  0.000000E+00
  1.696960E-04 -4.825948E-04  5.000000E-01  1.730287E-04 -4.472980E-04  0.000000E+00 -6.437030E-02  9.288522E-02 -7.202828E-14  5.393364E-01  0.000000E+00
  8.054360E-04 -9.805444E-04  5.000000E-01  8.151890E-04 -9.502763E-04  0.000000E+00 -4.696440E-02  3.293572E-02 -5.596463E-14  1.105907E+00  0.000000E+00
  1.973980E-03 -1.588796E-03  5.000000E-01  1.995534E-03 -1.564671E-03  0.000000E+00 -2.109811E-02  1.052566E-02 -3.084100E-14  1.176462E+00  0.000000E+00
  3.614630E-03 -2.305143E-03  5.000000E-01  3.652753E-03 -2.288252E-03  0.000000E+00 -4.099089E-03  1.795539E-03 -1.060634E-14  1.153172E+00  0.000000E+00
  5.721210E-03 -3.137888E-03  5.000000E-01  5.780607E-03 -3.129407E-03  0.000000E+00  4.985670E-03 -1.854804E-03 -1.059014E-16  1.123012E+00  0.000000E+00
  8.297500E-03 -4.084444E-03  5.000000E-01  8.382914E-03 -4.085522E-03  0.000000E+00  9.303067E-03 -3.265650E-03  2.660151E-15  1.078788E+00  0.000000E+00
  1.136560E-02 -5.125150E-03  5.000000E-01  1.148200E-02 -5.136738E-03  0.000000E+00  1.107692E-02 -3.619704E-03  1.963754E-15  1.024431E+00  0.000000E+00
  1.493280E-02 -6.248709E-03  5.000000E-01  1.508522E-02 -6.271644E-03  0.000000E+00  1.167570E-02 -3.586103E-03  7.459695E-16  9.699562E-01  0.000000E+00
  1.899460E-02 -7.463365E-03  5.000000E-01  1.918804E-02 -7.498566E-03  0.000000E+00  1.193335E-02 -3.515950E-03  5.612059E-17  9.192768E-01  0.000000E+00
  2.354800E-02 -8.785091E-03  5.000000E-01  2.378743E-02 -8.833640E-03  0.000000E+00  1.226758E-02 -3.507321E-03 -1.285764E-16  8.694084E-01  0.000000E+00
  2.860130E-02 -1.020938E-02  5.000000E-01  2.889176E-02 -1.027231E-02  0.000000E+00  1.279776E-02 -3.545628E-03 -9.576734E-17  8.177203E-01  0.000000E+00
  3.416500E-02 -1.172516E-02  5.000000E-01  3.451165E-02 -1.180340E-02  0.000000E+00  1.350596E-02 -3.612493E-03 -3.576611E-17  7.654361E-01  0.000000E+00
  4.024810E-02 -1.332328E-02  5.000000E-01  4.065618E-02 -1.341766E-02  0.000000E+00  1.433375E-02 -3.688763E-03 -2.878002E-18  7.134643E-01  0.000000E+00
  4.686030E-02 -1.499150E-02  5.000000E-01  4.733516E-02 -1.510273E-02  0.000000E+00  1.521679E-02 -3.754610E-03  6.071827E-18  6.615896E-01  0.000000E+00
  5.401090E-02 -1.671819E-02  5.000000E-01  5.455797E-02 -1.684685E-02  0.000000E+00  1.610826E-02 -3.801600E-03  5.495115E-18  6.098801E-01  0.000000E+00
  6.170850E-02 -1.849479E-02  5.000000E-01  6.233331E-02 -1.864140E-02  0.000000E+00  1.698246E-02 -3.821404E-03  3.779810E-18  5.579643E-01  0.000000E+00
  6.996310E-02 -2.030708E-02  5.000000E-01  7.067127E-02 -2.047198E-02  0.000000E+00  1.782565E-02 -3.801576E-03  2.674988E-18  5.051415E-01  0.000000E+00
  7.878500E-02 -2.213553E-02  5.000000E-01  7.958226E-02 -2.231890E-02  0.000000E+00  1.863473E-02 -3.738536E-03  7.360569E-19  4.516072E-01  0.000000E+00
  8.818390E-02 -2.396114E-02  5.000000E-01  8.907608E-02 -2.416295E-02  0.000000E+00  1.941116E-02 -3.632400E-03 -1.773819E-18  3.977928E-01  0.000000E+00
  9.816930E-02 -2.576149E-02  5.000000E-01  9.916232E-02 -2.598148E-02  0.000000E+00  2.014960E-02 -3.478563E-03 -1.650164E-18  3.437565E-01  0.000000E+00
  1.087500E-01 -2.750988E-02  5.000000E-01  1.098499E-01 -2.774753E-02  0.000000E+00  2.083399E-02 -3.273567E-03  2.443956E-20  2.899165E-01  0.000000E+00
  1.199340E-01 -2.917917E-02  5.000000E-01  1.211468E-01 -2.943367E-02  0.000000E+00  2.142975E-02 -3.012421E-03  1.508785E-18  2.369703E-01  0.000000E+00
  1.317280E-01 -3.073746E-02  5.000000E-01  1.330599E-01 -3.100771E-02  0.000000E+00  2.187671E-02 -2.686317E-03  5.153841E-19  1.857579E-01  0.000000E+00
  1.441380E-01 -3.214765E-02  5.000000E-01  1.455952E-01 -3.243213E-02  0.000000E+00  2.210431E-02 -2.295175E-03 -8.436913E-19  1.380476E-01  0.000000E+00
  1.441380E-01 -3.214765E-02  5.000000E-01  1.455952E-01 -3.243213E-02  0.000000E+00  2.210431E-02 -2.295175E-03 -8.436913E-19  1.380476E-01  0.000000E+00
  1.571670E-01 -3.337349E-02  5.000000E-01  1.587558E-01 -3.367036E-02  0.000000E+00  2.206203E-02 -1.852567E-03 -5.072365E-19  9.639243E-02  0.000000E+00
  1.708170E-01 -3.438036E-02  5.000000E-01  1.725437E-01 -3.468739E-02  0.000000E+00  2.175971E-02 -1.387988E-03  1.324937E-18  6.349630E-02  0.000000E+00
  1.850860E-01 -3.514479E-02  5.000000E-01  1.869568E-01 -3.545954E-02  0.000000E+00  2.130103E-02 -9.541517E-04  2.846486E-18  4.167994E-02  0.000000E+00
  1.999720E-01 -3.567558E-02  5.000000E-01  2.019931E-01 -3.599569E-02  0.000000E+00  2.086599E-02 -6.191765E-04  1.816309E-18  3.165645E-02  0.000000E+00
  2.154670E-01 -3.603831E-02  5.000000E-01  2.176446E-01 -3.636209E-02  0.000000E+00  2.059727E-02 -4.094580E-04  2.539292E-19  2.905891E-02  0.000000E+00
  2.315610E-01 -3.630306E-02  5.000000E-01  2.339011E-01 -3.662951E-02  0.000000E+00  2.048288E-02 -2.631901E-04  6.653997E-19  2.383129E-02  0.000000E+00
  2.482400E-01 -3.646138E-02  5.000000E-01  2.507486E-01 -3.678942E-02  0.000000E+00  2.042887E-02 -1.139907E-04  1.230944E-18  1.050026E-02  0.000000E+00
  2.654840E-01 -3.649102E-02  5.000000E-01  2.681667E-01 -3.681936E-02  0.000000E+00  2.036815E-02  5.347921E-05  8.276513E-19 -7.801343E-03  0.000000E+00
  2.832720E-01 -3.636600E-02  5.000000E-01  2.861343E-01 -3.669309E-02  0.000000E+00  2.026241E-02  2.373277E-04 -8.185082E-20 -2.606368E-02  0.000000E+00
  3.015770E-01 -3.606418E-02  5.000000E-01  3.046242E-01 -3.638821E-02  0.000000E+00  2.009430E-02  4.285054E-04  4.532835E-19 -4.086368E-02  0.000000E+00
  3.203660E-01 -3.557099E-02  5.000000E-01  3.236030E-01 -3.589005E-02  0.000000E+00  1.985997E-02  6.167590E-04  1.500640E-18 -5.099005E-02  0.000000E+00
  3.396030E-01 -3.487968E-02  5.000000E-01  3.430342E-01 -3.519176E-02  0.000000E+00  1.956110E-02  7.953237E-04 -1.947212E-19 -5.668844E-02  0.000000E+00
  3.592490E-01 -3.398685E-02  5.000000E-01  3.628786E-01 -3.428991E-02  0.000000E+00  1.919914E-02  9.617436E-04 -2.664078E-18 -5.863250E-02  0.000000E+00
  3.792580E-01 -3.289000E-02  5.000000E-01  3.830897E-01 -3.318198E-02  0.000000E+00  1.877557E-02  1.114343E-03 -2.215291E-18 -5.713549E-02  0.000000E+00
  3.995810E-01 -3.158954E-02  5.000000E-01  4.036179E-01 -3.186839E-02  0.000000E+00  1.829298E-02  1.250320E-03  1.008247E-19 -5.205969E-02  0.000000E+00
  4.201670E-01 -3.009015E-02  5.000000E-01  4.244118E-01 -3.035386E-02  0.000000E+00  1.775370E-02  1.367516E-03  4.444775E-19 -4.326298E-02  0.000000E+00
  4.409600E-01 -2.839866E-02  5.000000E-01  4.454148E-01 -2.864528E-02  0.000000E+00  1.716097E-02  1.464791E-03 -1.393655E-18 -3.081450E-02  0.000000E+00
  4.619030E-01 -2.652405E-02  5.000000E-01  4.665693E-01 -2.675174E-02  0.000000E+00  1.652492E-02  1.539388E-03 -1.115681E-18 -1.476870E-02  0.000000E+00
  4.829360E-01 -2.448473E-02  5.000000E-01  4.878147E-01 -2.469183E-02  0.000000E+00  1.586275E-02  1.588292E-03 -6.590486E-19  4.645202E-03  0.000000E+00
  5.039990E-01 -2.230604E-02  5.000000E-01  5.090904E-01 -2.249113E-02  0.000000E+00  1.519344E-02  1.610916E-03 -1.044218E-18  2.674564E-02  0.000000E+00
  5.250310E-01 -2.001924E-02  5.000000E-01  5.303348E-01 -2.018124E-02  0.000000E+00  1.453495E-02  1.609094E-03 -5.131123E-19  5.057220E-02  0.000000E+00
  5.459710E-01 -1.765823E-02  5.000000E-01  5.514863E-01 -1.779639E-02  0.000000E+00  1.390322E-02  1.586826E-03 -1.749187E-18  7.510209E-02  0.000000E+00
  5.667600E-01 -1.525574E-02  5.000000E-01  5.724853E-01 -1.536964E-02  0.000000E+00  1.331526E-02  1.547244E-03 -2.428313E-18  9.966364E-02  0.000000E+00
  4.704230E-01  5.330424E-02  5.000000E-01  4.751754E-01  5.388272E-02  0.000000E+00  2.223264E-02  7.930285E-04 -6.271615E-18 -1.051836E+00  0.000000E+00
  4.494880E-01  5.248412E-02  5.000000E-01  4.540289E-01  5.305432E-02  0.000000E+00  2.202972E-02  9.122563E-04 -7.551226E-18 -1.041234E+00  0.000000E+00
  4.286690E-01  5.157376E-02  5.000000E-01  4.329997E-01  5.213477E-02  0.000000E+00  2.195684E-02  9.999270E-04 -8.563826E-18 -1.035673E+00  0.000000E+00
  4.080230E-01  5.059702E-02  5.000000E-01  4.121452E-01  5.114816E-02  0.000000E+00  2.202010E-02  1.085013E-03 -9.767314E-18 -1.032322E+00  0.000000E+00
  3.876050E-01  4.955235E-02  5.000000E-01  3.915210E-01  5.009294E-02  0.000000E+00  2.217554E-02  1.180330E-03 -1.009134E-17 -1.029353E+00  0.000000E+00
  3.674690E-01  4.843971E-02  5.000000E-01  3.711816E-01  4.896907E-02  0.000000E+00  2.236129E-02  1.283111E-03 -1.028955E-17 -1.026323E+00  0.000000E+00
  3.476650E-01  4.726148E-02  5.000000E-01  3.511776E-01  4.777894E-02  0.000000E+00  2.253937E-02  1.390086E-03 -1.085381E-17 -1.023242E+00  0.000000E+00
  3.282390E-01  4.602118E-02  5.000000E-01  3.315555E-01  4.652611E-02  0.000000E+00  2.270065E-02  1.501281E-03 -1.087298E-17 -1.020116E+00  0.000000E+00
  3.092330E-01  4.472097E-02  5.000000E-01  3.123575E-01  4.521277E-02  0.000000E+00  2.285008E-02  1.618712E-03 -1.176752E-17 -1.016845E+00  0.000000E+00
  2.906860E-01  4.336221E-02  5.000000E-01  2.936232E-01  4.384029E-02  0.000000E+00  2.299089E-02  1.743822E-03 -1.177686E-17 -1.013321E+00  0.000000E+00
  2.726330E-01  4.194637E-02  5.000000E-01  2.753879E-01  4.241015E-02  0.000000E+00  2.312024E-02  1.877256E-03 -1.154839E-17 -1.009446E+00  0.000000E+00
  2.551020E-01  4.047454E-02  5.000000E-01  2.576799E-01  4.092346E-02  0.000000E+00  2.323285E-02  2.019523E-03 -1.247115E-17 -1.005106E+00  0.000000E+00
  2.381210E-01  3.894857E-02  5.000000E-01  2.405274E-01  3.938208E-02  0.000000E+00  2.332718E-02  2.173113E-03 -1.235178E-17 -1.000171E+00  0.000000E+00
  2.217090E-01  3.736720E-02  5.000000E-01  2.239496E-01  3.778474E-02  0.000000E+00  2.340120E-02  2.338443E-03 -1.333451E-17 -9.950136E-01  0.000000E+00
  2.058840E-01  3.573018E-02  5.000000E-01  2.079648E-01  3.613118E-02  0.000000E+00  2.343651E-02  2.493778E-03 -1.495438E-17 -9.919089E-01  0.000000E+00
  1.906600E-01  3.406288E-02  5.000000E-01  1.925871E-01  3.444705E-02  0.000000E+00  2.342751E-02  2.602578E-03 -1.755406E-17 -9.942926E-01  0.000000E+00
  1.760460E-01  3.241393E-02  5.000000E-01  1.778255E-01  3.278144E-02  0.000000E+00  2.344255E-02  2.668965E-03 -2.435128E-17 -1.002734E+00  0.000000E+00
  1.620500E-01  3.080614E-02  5.000000E-01  1.636881E-01  3.115741E-02  0.000000E+00  2.357356E-02  2.734208E-03 -3.643792E-17 -1.014555E+00  0.000000E+00
  1.486750E-01  2.924086E-02  5.000000E-01  1.501781E-01  2.957633E-02  0.000000E+00  2.384172E-02  2.827377E-03 -5.526470E-17 -1.026926E+00  0.000000E+00
  1.359210E-01  2.770940E-02  5.000000E-01  1.372953E-01  2.802940E-02  0.000000E+00  2.419763E-02  2.956216E-03 -8.604281E-17 -1.038164E+00  0.000000E+00
  1.237890E-01  2.620261E-02  5.000000E-01  1.250407E-01  2.650739E-02  0.000000E+00  2.457205E-02  3.118202E-03 -1.377832E-16 -1.047666E+00  0.000000E+00
  1.122730E-01  2.471078E-02  5.000000E-01  1.134084E-01  2.500050E-02  0.000000E+00  2.491475E-02  3.308330E-03 -2.227918E-16 -1.055548E+00  0.000000E+00
  1.013710E-01  2.322812E-02  5.000000E-01  1.023964E-01  2.350287E-02  0.000000E+00  2.520366E-02  3.520227E-03 -3.656969E-16 -1.062425E+00  0.000000E+00
  9.107400E-02  2.175250E-02  5.000000E-01  9.199536E-02  2.201235E-02  0.000000E+00  2.544263E-02  3.753109E-03 -6.078345E-16 -1.068874E+00  0.000000E+00
  9.107400E-02  2.175250E-02  5.000000E-01  9.199536E-02  2.201235E-02  0.000000E+00  2.544263E-02  3.753109E-03 -6.078345E-16 -1.068874E+00  0.000000E+00
  8.137660E-02  2.028160E-02  5.000000E-01  8.220003E-02  2.052659E-02  0.000000E+00  2.563960E-02  4.005326E-03 -1.019667E-15 -1.075635E+00  0.000000E+00
  7.227050E-02  1.881777E-02  5.000000E-01  7.300197E-02  1.904798E-02  0.000000E+00  2.579868E-02  4.270950E-03 -1.723306E-15 -1.083712E+00  0.000000E+00
  6.374670E-02  1.736602E-02  5.000000E-01  6.439209E-02  1.758157E-02  0.000000E+00  2.593034E-02  4.551045E-03 -2.927734E-15 -1.093763E+00  0.000000E+00
  5.579720E-02  1.592962E-02  5.000000E-01  5.636231E-02  1.613066E-02  0.000000E+00  2.603476E-02  4.841736E-03 -4.974869E-15 -1.106687E+00  0.000000E+00
  4.841260E-02  1.451703E-02  5.000000E-01  4.890313E-02  1.470381E-02  0.000000E+00  2.610959E-02  5.137718E-03 -8.383623E-15 -1.123462E+00  0.000000E+00
  4.158390E-02  1.313600E-02  5.000000E-01  4.200547E-02  1.330883E-02  0.000000E+00  2.615953E-02  5.445313E-03 -1.382409E-14 -1.144476E+00  0.000000E+00
  3.530370E-02  1.179135E-02  5.000000E-01  3.566185E-02  1.195060E-02  0.000000E+00  2.616511E-02  5.759141E-03 -2.190547E-14 -1.170562E+00  0.000000E+00
  2.956270E-02  1.049257E-02  5.000000E-01  2.986287E-02  1.063870E-02  0.000000E+00  2.609855E-02  6.074295E-03 -3.268518E-14 -1.202383E+00  0.000000E+00
  2.435310E-02  9.246174E-03  5.000000E-01  2.460066E-02  9.379721E-03  0.000000E+00  2.591930E-02  6.402428E-03 -4.482848E-14 -1.239358E+00  0.000000E+00
  1.967110E-02  8.052657E-03  5.000000E-01  1.987137E-02  8.174150E-03  0.000000E+00  2.549222E-02  6.714146E-03 -5.490340E-14 -1.281801E+00  0.000000E+00
  1.550860E-02  6.919205E-03  5.000000E-01  1.566684E-02  7.029251E-03  0.000000E+00  2.463986E-02  6.961228E-03 -5.814816E-14 -1.330023E+00  0.000000E+00
  1.185930E-02  5.849527E-03  5.000000E-01  1.198068E-02  5.948771E-03  0.000000E+00  2.326848E-02  7.137082E-03 -5.119572E-14 -1.382195E+00  0.000000E+00
  8.724160E-03  4.839878E-03  5.000000E-01  8.813883E-03  4.928926E-03  0.000000E+00  2.151311E-02  7.271799E-03 -3.513210E-14 -1.437849E+00  0.000000E+00
  6.091130E-03  3.898556E-03  5.000000E-01  6.154263E-03  3.978098E-03  0.000000E+00  2.027450E-02  7.758187E-03 -1.695380E-14 -1.492381E+00  0.000000E+00
  3.952840E-03  3.028410E-03  5.000000E-01  3.994378E-03  3.099164E-03  0.000000E+00  2.112981E-02  9.689792E-03 -5.950571E-15 -1.528944E+00  0.000000E+00
  2.330070E-03  2.216757E-03  5.000000E-01  2.355220E-03  2.279314E-03  0.000000E+00  2.428718E-02  1.417839E-02 -5.834358E-15 -1.536151E+00  0.000000E+00
  1.198080E-03  1.481889E-03  5.000000E-01  1.211798E-03  1.537025E-03  0.000000E+00  2.768799E-02  2.140815E-02 -1.287976E-14 -1.523993E+00  0.000000E+00
  5.019560E-04  8.570932E-04  5.000000E-01  5.086442E-04  9.059193E-04  0.000000E+00  3.053044E-02  3.358829E-02 -2.220413E-14 -1.535133E+00  0.000000E+00
  1.313430E-04  3.745645E-04  5.000000E-01  1.342884E-04  4.185176E-04  0.000000E+00  3.522208E-02  7.063575E-02 -3.205219E-14 -1.569339E+00  0.000000E+00
  8.078190E-06  6.663359E-05  5.000000E-01  9.778777E-06  1.074769E-04  0.000000E+00  3.067935E-02  1.736452E-01 -4.443076E-14 -1.486086E+00  0.000000E+00
 -1.602820E-06 -3.976881E-05  5.000000E-01  0.000000E+00  0.000000E+00  0.000000E+00 -4.911070E-03  2.522978E-01 -5.675497E-14 -1.191653E+00  0.000000E+00
  9.141860E-06 -1.498213E-04  5.000000E-01  1.085319E-05 -1.111639E-04  0.000000E+00 -4.976802E-02  1.968183E-01 -6.860104E-14 -4.702832E-01  0.000000E+00
  1.696960E-04 -4.825948E-04  5.000000E-01  1.730287E-04 -4.472980E-04  0.000000E+00 -6.437030E-02  9.288522E-02 -7.202828E-14  5.393364E-01  0.000000E+00
    1    2
    2    3
    3    4
    4    5
    5    6
    6    7
    7    8
    8    9
    9   10
   10   11
   11   12
   12   13
   13   14
   14   15
   15   16
   16   17
   17   18
   18   19
   19   20
   20   21
   21   22
   22   23
   23   24
   25   26
   26   27
   27   28
   28   29
   29   30
   30   31
   31   32
   32   33
   33   34
   34   35
   35   36
   36   37
   37   38
   38   39
   39   40
   40   41
   41   42
   42   43
   43   44
   44   45
   45   46
   46   47
   47   48
   49   50
   50   51
   51   52
   52   53
   53   54
   54   55
   55   56
   56   57
   57   58
   58   59
   59   60
   60   61
   61   62
   62   63
   63   64
   64   65
   65   66
   66   67
   67   68
   68   69
   69   70
   70   71
   71   72
   73   74
   74   75
   75   76
   76   77
   77   78
   78   79
   79   80
   80   81
   81   82
   82   83
   83   84
   84   85
   85   86
   86   87
   87   88
   88   89
   89   90
   90   91
   91   92
   92   93
   93   94
   94   95
   95   96
   97   98
   98   99
   99  100
  100  101
  101  102
  102  103
  103  104
  104  105
  105  106
  106  107
  107  108
  108  109
  109  110
  110  111
  111  112
  112  113
  113  114
  114  115
  115  116
  116  117
  117  118
  118  119
  119  120
  121  122
  122  123
  123  124
  124  125
  125  126
  126  127
  127  128
  128  129
  129  130
  130  131
  131  132
  132  133
  133  134
  134  135
  135  136
  136  137
  137  138
  138  139
  139  140
  140  141
  141  142
  142  143
  143  144
  145  146
  146  147
  147  148
  148  149
  149  150
  150  151
  151  152
  152  153
  153  154
  154  155
  155  156
  156  157
  157  158
  158  159
  159  160
  160  161
  161  162
  162  163
  163  164
  164  165
  165  166
  166  167
  167  168
  169  170
  170  171
  171  172
  172  173
  173  174
  174  175
  175  176
  176  177
  177  178
  178  179
  179  180
  180  181
  181  182
  182  183
  183  184
  184  185
  185  186
  186  187
  187  188
  188  189
  189  190
  190  191
  191  192
