 Title = "ADflow Slice Data"
Variables =  "CoordinateX"  "CoordinateY"  "CoordinateZ"  "XoC"  "YoC"  "ZoC" "VelocityX" "VelocityY" "VelocityZ" "CoefPressure" "Mach" 
Zone T= "Slice_0001 None Absolute Regular z = 0.50000000"
 Nodes =          192  Elements=          184  ZONETYPE=FELINESEG
 DATAPACKING=POINT
  5.667600E-01 -1.509212E-02  5.000000E-01  5.724853E-01 -1.520575E-02  0.000000E+00  1.340750E-02  1.527797E-03 -8.642475E-19  1.004551E-01  0.000000E+00
  5.873410E-01 -1.273400E-02  5.000000E-01  5.932741E-01 -1.282381E-02  0.000000E+00  1.290556E-02  1.477402E-03 -1.972801E-18  1.232947E-01  0.000000E+00
  6.076580E-01 -1.041037E-02  5.000000E-01  6.137963E-01 -1.047672E-02  0.000000E+00  1.246467E-02  1.416299E-03 -1.394201E-18  1.450870E-01  0.000000E+00
  6.276600E-01 -8.153299E-03  5.000000E-01  6.340003E-01 -8.196854E-03  0.000000E+00  1.208238E-02  1.348604E-03 -1.341539E-18  1.652655E-01  0.000000E+00
  6.472970E-01 -5.986827E-03  5.000000E-01  6.538356E-01 -6.008503E-03  0.000000E+00  1.174913E-02  1.279204E-03 -1.010066E-18  1.834833E-01  0.000000E+00
  6.665260E-01 -3.922460E-03  5.000000E-01  6.732588E-01 -3.923288E-03  0.000000E+00  1.145474E-02  1.210573E-03  5.067938E-19  1.999555E-01  0.000000E+00
  6.853050E-01 -1.969710E-03  5.000000E-01  6.922274E-01 -1.950817E-03  0.000000E+00  1.119338E-02  1.140092E-03  7.963677E-19  2.154794E-01  0.000000E+00
  7.035980E-01 -1.458333E-04  5.000000E-01  7.107052E-01 -1.085215E-04  0.000000E+00  1.095530E-02  1.065107E-03  8.751514E-19  2.303892E-01  0.000000E+00
  7.213750E-01  1.537159E-03  5.000000E-01  7.286617E-01  1.591467E-03  0.000000E+00  1.071803E-02  9.860478E-04  8.326153E-19  2.443379E-01  0.000000E+00
  7.386080E-01  3.074924E-03  5.000000E-01  7.460687E-01  3.144762E-03  0.000000E+00  1.045273E-02  9.050591E-04 -7.054075E-19  2.572418E-01  0.000000E+00
  7.552750E-01  4.472504E-03  5.000000E-01  7.629040E-01  4.556456E-03  0.000000E+00  1.014137E-02  8.263985E-04 -1.295130E-18  2.695277E-01  0.000000E+00
  7.713580E-01  5.742682E-03  5.000000E-01  7.791495E-01  5.839462E-03  0.000000E+00  9.796779E-03  7.518835E-04 -2.898257E-19  2.817534E-01  0.000000E+00
  7.868410E-01  6.896393E-03  5.000000E-01  7.947888E-01  7.004823E-03  0.000000E+00  9.485951E-03  6.641916E-04  8.315769E-19  2.956417E-01  0.000000E+00
  8.017160E-01  7.873633E-03  5.000000E-01  8.098140E-01  7.991933E-03  0.000000E+00  9.310049E-03  5.404354E-04  4.544499E-19  3.115305E-01  0.000000E+00
  8.159740E-01  8.591003E-03  5.000000E-01  8.242160E-01  8.716547E-03  0.000000E+00  9.332716E-03  3.860680E-04  2.528380E-20  3.244515E-01  0.000000E+00
  8.296120E-01  9.030833E-03  5.000000E-01  8.379918E-01  9.160819E-03  0.000000E+00  9.557707E-03  2.187502E-04  2.726527E-19  3.295374E-01  0.000000E+00
  8.426300E-01  9.209360E-03  5.000000E-01  8.511412E-01  9.341148E-03  0.000000E+00  9.961576E-03  4.529693E-05 -3.053035E-19  3.267323E-01  0.000000E+00
  8.550290E-01  9.157933E-03  5.000000E-01  8.636654E-01  9.289202E-03  0.000000E+00  1.051603E-02 -1.332970E-04  1.307185E-19  3.180220E-01  0.000000E+00
  8.668160E-01  8.914266E-03  5.000000E-01  8.755715E-01  9.043075E-03  0.000000E+00  1.119211E-02 -3.158894E-04  5.150430E-19  3.047562E-01  0.000000E+00
  8.779950E-01  8.519611E-03  5.000000E-01  8.868634E-01  8.644434E-03  0.000000E+00  1.195995E-02 -4.999248E-04  3.160100E-19  2.874950E-01  0.000000E+00
  8.885730E-01  8.013232E-03  5.000000E-01  8.975482E-01  8.132941E-03  0.000000E+00  1.279027E-02 -6.828267E-04  3.945256E-19  2.668267E-01  0.000000E+00
  8.985610E-01  7.428493E-03  5.000000E-01  9.076371E-01  7.542297E-03  0.000000E+00  1.365046E-02 -8.578467E-04  6.654258E-19  2.432729E-01  0.000000E+00
  9.079670E-01  6.799164E-03  5.000000E-01  9.171381E-01  6.906613E-03  0.000000E+00  1.450123E-02 -1.012616E-03  1.615662E-18  2.172962E-01  0.000000E+00
  9.168010E-01  6.157749E-03  5.000000E-01  9.260613E-01  6.258720E-03  0.000000E+00  1.530498E-02 -1.137989E-03  2.160863E-18  1.899547E-01  0.000000E+00
  9.168010E-01  6.157749E-03  5.000000E-01  9.260613E-01  6.258720E-03  0.000000E+00  1.530498E-02 -1.137989E-03  2.160863E-18  1.899547E-01  0.000000E+00
  9.250730E-01  5.529049E-03  5.000000E-01  9.344168E-01  5.623671E-03  0.000000E+00  1.603849E-02 -1.235200E-03  1.595892E-18  1.627734E-01  0.000000E+00
  9.327940E-01  4.927304E-03  5.000000E-01  9.422158E-01  5.015848E-03  0.000000E+00  1.670126E-02 -1.315951E-03  9.873932E-19  1.370657E-01  0.000000E+00
  9.399760E-01  4.355788E-03  5.000000E-01  9.494703E-01  4.438561E-03  0.000000E+00  1.730951E-02 -1.391782E-03  8.767230E-19  1.131001E-01  0.000000E+00
  9.466320E-01  3.815204E-03  5.000000E-01  9.561935E-01  3.892518E-03  0.000000E+00  1.788342E-02 -1.467224E-03  9.702875E-19  9.013843E-02  0.000000E+00
  9.527730E-01  3.306374E-03  5.000000E-01  9.623965E-01  3.378549E-03  0.000000E+00  1.844767E-02 -1.548772E-03  5.393880E-19  6.764107E-02  0.000000E+00
  9.584110E-01  2.827156E-03  5.000000E-01  9.680915E-01  2.894492E-03  0.000000E+00  1.903497E-02 -1.647072E-03  2.481920E-19  4.537569E-02  0.000000E+00
  9.635570E-01  2.374319E-03  5.000000E-01  9.732895E-01  2.437082E-03  0.000000E+00  1.967922E-02 -1.768008E-03  1.379694E-18  2.262473E-02  0.000000E+00
  9.682220E-01  1.946794E-03  5.000000E-01  9.780016E-01  2.005239E-03  0.000000E+00  2.041255E-02 -1.912213E-03  5.391675E-18 -1.700298E-03  0.000000E+00
  9.724140E-01  1.545859E-03  5.000000E-01  9.822359E-01  1.600255E-03  0.000000E+00  2.128299E-02 -2.087694E-03  5.946820E-18 -2.822998E-02  0.000000E+00
  9.761430E-01  1.171440E-03  5.000000E-01  9.860026E-01  1.222055E-03  0.000000E+00  2.237267E-02 -2.311614E-03 -1.655227E-17 -5.741668E-02  0.000000E+00
  9.794160E-01  8.242705E-04  5.000000E-01  9.893086E-01  8.713792E-04  0.000000E+00  2.378361E-02 -2.597395E-03 -7.111232E-17 -9.034183E-02  0.000000E+00
  9.822400E-01  5.074293E-04  5.000000E-01  9.921611E-01  5.513384E-04  0.000000E+00  2.556672E-02 -2.947232E-03 -9.607237E-17 -1.284590E-01  0.000000E+00
  9.846200E-01  2.260650E-04  5.000000E-01  9.945652E-01  2.671326E-04  0.000000E+00  2.759102E-02 -3.347911E-03  8.958712E-17 -1.721174E-01  0.000000E+00
  9.865620E-01 -1.453606E-05  5.000000E-01  9.965268E-01  2.410170E-05  0.000000E+00  2.941013E-02 -3.711649E-03  6.513052E-16 -2.194267E-01  0.000000E+00
  9.880680E-01 -2.086060E-04  5.000000E-01  9.980480E-01 -1.719281E-04  0.000000E+00  2.987631E-02 -3.826792E-03  1.138156E-15 -2.766367E-01  0.000000E+00
  9.891420E-01 -3.514239E-04  5.000000E-01  9.991328E-01 -3.161884E-04  0.000000E+00  2.812936E-02 -3.911264E-03 -4.578062E-16 -3.435234E-01  0.000000E+00
  9.897860E-01 -4.389487E-04  5.000000E-01  9.997833E-01 -4.045970E-04  0.000000E+00  3.788742E-02 -4.013409E-03 -6.710945E-15 -2.894232E-01  0.000000E+00
  9.900000E-01 -4.683023E-04  5.000000E-01  9.999995E-01 -4.342470E-04  0.000000E+00  2.618925E-02  5.267581E-03 -5.868378E-15 -5.820511E-01  0.000000E+00
  9.900000E-01 -1.843754E-04  5.000000E-01  9.999995E-01 -1.474528E-04  0.000000E+00  1.229843E-03 -7.885397E-03  1.015496E-15 -8.088458E-01  0.000000E+00
  9.900000E-01  9.955150E-05  5.000000E-01  9.999995E-01  1.393414E-04  0.000000E+00 -4.469083E-04 -2.274897E-02  3.207705E-15 -6.283957E-01  0.000000E+00
  9.900000E-01  3.834784E-04  5.000000E-01  9.999995E-01  4.261356E-04  0.000000E+00 -1.436089E-04 -8.863091E-03  4.020478E-15 -6.283503E-01  0.000000E+00
  9.900000E-01  6.674053E-04  5.000000E-01  9.999995E-01  7.129299E-04  0.000000E+00  4.646735E-04 -5.229993E-03  3.816600E-15 -6.882313E-01  0.000000E+00
  9.900000E-01  9.513321E-04  5.000000E-01  9.999995E-01  9.997241E-04  0.000000E+00  6.797554E-03 -6.632569E-03  3.400490E-15 -6.299799E-01  0.000000E+00
  9.900000E-01  9.513321E-04  5.000000E-01  9.999995E-01  9.997241E-04  0.000000E+00  6.797554E-03 -6.632569E-03  3.400490E-15 -6.299799E-01  0.000000E+00
  9.897890E-01  1.017904E-03  5.000000E-01  9.997864E-01  1.066968E-03  0.000000E+00  9.016073E-03 -3.469695E-03  2.824737E-15 -5.524189E-01  0.000000E+00
  9.891540E-01  1.218674E-03  5.000000E-01  9.991450E-01  1.269766E-03  0.000000E+00  4.567959E-03 -1.351335E-03  1.869662E-15 -5.710209E-01  0.000000E+00
  9.880950E-01  1.555408E-03  5.000000E-01  9.980753E-01  1.609900E-03  0.000000E+00  3.024918E-03 -9.609645E-04  1.043135E-15 -5.705806E-01  0.000000E+00
  9.866100E-01  2.031333E-03  5.000000E-01  9.965753E-01  2.090632E-03  0.000000E+00  1.983841E-03 -6.498065E-04  5.091291E-16 -5.626806E-01  0.000000E+00
  9.846960E-01  2.650662E-03  5.000000E-01  9.946419E-01  2.716216E-03  0.000000E+00  9.959537E-04 -3.234776E-04  2.195176E-16 -5.590426E-01  0.000000E+00
  9.823490E-01  3.418252E-03  5.000000E-01  9.922712E-01  3.491557E-03  0.000000E+00  1.849979E-04 -5.918947E-05  7.597278E-17 -5.580630E-01  0.000000E+00
  9.795670E-01  4.338749E-03  5.000000E-01  9.894611E-01  4.421350E-03  0.000000E+00 -4.278508E-04  1.427388E-04  9.465590E-18 -5.583048E-01  0.000000E+00
  9.763420E-01  5.417935E-03  5.000000E-01  9.862036E-01  5.511434E-03  0.000000E+00 -8.716579E-04  2.933070E-04 -1.475401E-17 -5.597495E-01  0.000000E+00
  9.726710E-01  6.659544E-03  5.000000E-01  9.824955E-01  6.765582E-03  0.000000E+00 -1.170732E-03  3.977396E-04 -1.729525E-17 -5.622835E-01  0.000000E+00
  9.685460E-01  8.066753E-03  5.000000E-01  9.783288E-01  8.187003E-03  0.000000E+00 -1.342354E-03  4.595192E-04 -1.118094E-17 -5.654873E-01  0.000000E+00
  9.639600E-01  9.641708E-03  5.000000E-01  9.736965E-01  9.777863E-03  0.000000E+00 -1.403156E-03  4.832104E-04 -3.795188E-18 -5.688530E-01  0.000000E+00
  9.589060E-01  1.138655E-02  5.000000E-01  9.685915E-01  1.154033E-02  0.000000E+00 -1.373548E-03  4.750821E-04 -7.684680E-20 -5.719048E-01  0.000000E+00
  9.533750E-01  1.330247E-02  5.000000E-01  9.630046E-01  1.347560E-02  0.000000E+00 -1.279390E-03  4.434600E-04  5.222807E-19 -5.742789E-01  0.000000E+00
  9.473580E-01  1.538822E-02  5.000000E-01  9.569269E-01  1.558241E-02  0.000000E+00 -1.150510E-03  3.984932E-04  1.269980E-18 -5.757899E-01  0.000000E+00
  9.408450E-01  1.764046E-02  5.000000E-01  9.503481E-01  1.785739E-02  0.000000E+00 -1.017118E-03  3.508792E-04  1.190795E-18 -5.764672E-01  0.000000E+00
  9.338260E-01  2.005391E-02  5.000000E-01  9.432582E-01  2.029521E-02  0.000000E+00 -9.059114E-04  3.101124E-04  7.857165E-19 -5.765390E-01  0.000000E+00
  9.262910E-01  2.262011E-02  5.000000E-01  9.356471E-01  2.288734E-02  0.000000E+00 -8.374641E-04  2.832206E-04  2.296047E-19 -5.763579E-01  0.000000E+00
  9.182290E-01  2.532626E-02  5.000000E-01  9.275037E-01  2.562081E-02  0.000000E+00 -8.256764E-04  2.742844E-04  3.310526E-20 -5.762944E-01  0.000000E+00
  9.096280E-01  2.815463E-02  5.000000E-01  9.188158E-01  2.847775E-02  0.000000E+00 -8.782266E-04  2.845432E-04  1.157265E-18 -5.767089E-01  0.000000E+00
  9.004770E-01  3.108176E-02  5.000000E-01  9.095724E-01  3.143443E-02  0.000000E+00 -9.969381E-04  3.126186E-04  1.863631E-18 -5.779169E-01  0.000000E+00
  8.907650E-01  3.407670E-02  5.000000E-01  8.997623E-01  3.445962E-02  0.000000E+00 -1.179023E-03  3.541948E-04 -1.612312E-19 -5.800036E-01  0.000000E+00
  8.804800E-01  3.709808E-02  5.000000E-01  8.893735E-01  3.751151E-02  0.000000E+00 -1.417661E-03  4.016145E-04 -1.511099E-18 -5.828693E-01  0.000000E+00
  8.696090E-01  4.009012E-02  5.000000E-01  8.783927E-01  4.053376E-02  0.000000E+00 -1.698595E-03  4.454442E-04  3.004194E-19 -5.864493E-01  0.000000E+00
  8.696090E-01  4.009012E-02  5.000000E-01  8.783927E-01  4.053376E-02  0.000000E+00 -1.698595E-03  4.454442E-04  3.004194E-19 -5.864493E-01  0.000000E+00
  8.581400E-01  4.298076E-02  5.000000E-01  8.668079E-01  4.345361E-02  0.000000E+00 -2.001817E-03  4.767643E-04  2.385266E-18 -5.897586E-01  0.000000E+00
  8.460600E-01  4.568585E-02  5.000000E-01  8.546059E-01  4.618601E-02  0.000000E+00 -2.309565E-03  4.854378E-04  1.889865E-18 -5.905980E-01  0.000000E+00
  8.333640E-01  4.812552E-02  5.000000E-01  8.417817E-01  4.865032E-02  0.000000E+00 -2.566950E-03  4.509173E-04 -1.065807E-19 -5.921426E-01  0.000000E+00
  8.200460E-01  5.022422E-02  5.000000E-01  8.283292E-01  5.077021E-02  0.000000E+00 -2.541213E-03  3.450311E-04 -8.257684E-19 -6.136086E-01  0.000000E+00
  8.061050E-01  5.191455E-02  5.000000E-01  8.142474E-01  5.247761E-02  0.000000E+00 -1.651657E-03  1.625063E-04 -6.411543E-19 -6.842346E-01  0.000000E+00
  7.915460E-01  5.317081E-02  5.000000E-01  7.995413E-01  5.374656E-02  0.000000E+00  9.836591E-04 -5.203317E-05  5.255628E-19 -8.101299E-01  0.000000E+00
  7.763770E-01  5.403225E-02  5.000000E-01  7.842191E-01  5.461670E-02  0.000000E+00  5.976505E-03 -2.162442E-04  1.744766E-18 -9.514785E-01  0.000000E+00
  7.606070E-01  5.456824E-02  5.000000E-01  7.682899E-01  5.515811E-02  0.000000E+00  1.259281E-02 -2.331783E-04  2.572161E-19 -1.050113E+00  0.000000E+00
  7.442510E-01  5.478614E-02  5.000000E-01  7.517687E-01  5.537820E-02  0.000000E+00  1.844242E-02 -4.639314E-05 -5.412772E-18 -1.081703E+00  0.000000E+00
  7.273250E-01  5.470383E-02  5.000000E-01  7.346718E-01  5.529506E-02  0.000000E+00  2.145288E-02  2.540542E-04 -1.084602E-17 -1.067525E+00  0.000000E+00
  7.098490E-01  5.437380E-02  5.000000E-01  7.170193E-01  5.496169E-02  0.000000E+00  2.168088E-02  4.851063E-04 -1.349865E-17 -1.042609E+00  0.000000E+00
  6.918480E-01  5.389211E-02  5.000000E-01  6.988365E-01  5.447514E-02  0.000000E+00  2.054244E-02  5.353245E-04 -1.343350E-17 -1.031554E+00  0.000000E+00
  6.733520E-01  5.340885E-02  5.000000E-01  6.801537E-01  5.398700E-02  0.000000E+00  1.933702E-02  3.941059E-04 -1.168380E-17 -1.045088E+00  0.000000E+00
  6.543930E-01  5.312350E-02  5.000000E-01  6.610032E-01  5.369877E-02  0.000000E+00  1.876103E-02  1.268564E-04 -9.063016E-18 -1.079742E+00  0.000000E+00
  6.350090E-01  5.315556E-02  5.000000E-01  6.414235E-01  5.373115E-02  0.000000E+00  1.904121E-02 -1.493985E-04 -5.992248E-18 -1.120158E+00  0.000000E+00
  6.152440E-01  5.343755E-02  5.000000E-01  6.214589E-01  5.401599E-02  0.000000E+00  1.997076E-02 -3.510882E-04 -4.840347E-18 -1.151820E+00  0.000000E+00
  5.951420E-01  5.385923E-02  5.000000E-01  6.011539E-01  5.444193E-02  0.000000E+00  2.109488E-02 -4.415680E-04 -5.106831E-18 -1.167770E+00  0.000000E+00
  5.747530E-01  5.428993E-02  5.000000E-01  5.805590E-01  5.487698E-02  0.000000E+00  2.204572E-02 -3.852459E-04 -6.012406E-18 -1.165548E+00  0.000000E+00
  5.541290E-01  5.458467E-02  5.000000E-01  5.597267E-01  5.517470E-02  0.000000E+00  2.265420E-02 -1.705893E-04 -6.334977E-18 -1.146590E+00  0.000000E+00
  5.333260E-01  5.460560E-02  5.000000E-01  5.387136E-01  5.519584E-02  0.000000E+00  2.285896E-02  1.299320E-04 -5.926726E-18 -1.118307E+00  0.000000E+00
  5.124010E-01  5.434205E-02  5.000000E-01  5.175773E-01  5.492962E-02  0.000000E+00  2.271031E-02  4.096256E-04 -5.834745E-18 -1.090250E+00  0.000000E+00
  4.914140E-01  5.384421E-02  5.000000E-01  4.963783E-01  5.442676E-02  0.000000E+00  2.239194E-02  6.243849E-04 -5.956008E-18 -1.067836E+00  0.000000E+00
  4.704230E-01  5.316808E-02  5.000000E-01  4.751754E-01  5.374380E-02  0.000000E+00  2.208285E-02  7.723745E-04 -6.450719E-18 -1.053118E+00  0.000000E+00
  1.696960E-04 -4.810510E-04  5.000000E-01  1.730287E-04 -4.471245E-04  0.000000E+00 -6.436735E-02  9.282107E-02 -6.644617E-14  5.409212E-01  0.000000E+00
  8.054360E-04 -9.782642E-04  5.000000E-01  8.151890E-04 -9.493590E-04  0.000000E+00 -4.693246E-02  3.286329E-02 -5.159056E-14  1.106829E+00  0.000000E+00
  1.973980E-03 -1.585230E-03  5.000000E-01  1.995534E-03 -1.562455E-03  0.000000E+00 -2.105080E-02  1.048011E-02 -2.843222E-14  1.176613E+00  0.000000E+00
  3.614630E-03 -2.299931E-03  5.000000E-01  3.652753E-03 -2.284373E-03  0.000000E+00 -4.055229E-03  1.772993E-03 -9.804746E-15  1.152926E+00  0.000000E+00
  5.721210E-03 -3.130794E-03  5.000000E-01  5.780607E-03 -3.123627E-03  0.000000E+00  5.020252E-03 -1.863994E-03 -1.363758E-16  1.122581E+00  0.000000E+00
  8.297500E-03 -4.075340E-03  5.000000E-01  8.382914E-03 -4.077712E-03  0.000000E+00  9.329754E-03 -3.268376E-03  2.430015E-15  1.078245E+00  0.000000E+00
  1.136560E-02 -5.113963E-03  5.000000E-01  1.148200E-02 -5.126824E-03  0.000000E+00  1.109819E-02 -3.619662E-03  1.816495E-15  1.023812E+00  0.000000E+00
  1.493280E-02 -6.235413E-03  5.000000E-01  1.508522E-02 -6.259599E-03  0.000000E+00  1.169389E-02 -3.585268E-03  7.088486E-16  9.692966E-01  0.000000E+00
  1.899460E-02 -7.447998E-03  5.000000E-01  1.918804E-02 -7.484430E-03  0.000000E+00  1.195049E-02 -3.515386E-03  6.749856E-17  9.185978E-01  0.000000E+00
  2.354800E-02 -8.767765E-03  5.000000E-01  2.378743E-02 -8.817525E-03  0.000000E+00  1.228514E-02 -3.507473E-03 -1.162506E-16  8.687095E-01  0.000000E+00
  2.860130E-02 -1.019022E-02  5.000000E-01  2.889176E-02 -1.025435E-02  0.000000E+00  1.281654E-02 -3.546518E-03 -9.204071E-17  8.169857E-01  0.000000E+00
  3.416500E-02 -1.170427E-02  5.000000E-01  3.451165E-02 -1.178369E-02  0.000000E+00  1.352623E-02 -3.613968E-03 -3.485427E-17  7.646506E-01  0.000000E+00
  4.024810E-02 -1.330073E-02  5.000000E-01  4.065618E-02 -1.339626E-02  0.000000E+00  1.435558E-02 -3.690610E-03 -3.225434E-18  7.126151E-01  0.000000E+00
  4.686030E-02 -1.496728E-02  5.000000E-01  4.733516E-02 -1.507964E-02  0.000000E+00  1.524016E-02 -3.756601E-03  5.153520E-18  6.606635E-01  0.000000E+00
  5.401090E-02 -1.669222E-02  5.000000E-01  5.455797E-02 -1.682201E-02  0.000000E+00  1.613325E-02 -3.803543E-03  3.711513E-18  6.088648E-01  0.000000E+00
  6.170850E-02 -1.846693E-02  5.000000E-01  6.233331E-02 -1.861464E-02  0.000000E+00  1.700922E-02 -3.823104E-03  1.785576E-18  5.568467E-01  0.000000E+00
  6.996310E-02 -2.027706E-02  5.000000E-01  7.067127E-02 -2.044305E-02  0.000000E+00  1.785431E-02 -3.802774E-03  1.137374E-18  5.039062E-01  0.000000E+00
  7.878500E-02 -2.210297E-02  5.000000E-01  7.958226E-02 -2.228740E-02  0.000000E+00  1.866540E-02 -3.738931E-03  2.721305E-19  4.502411E-01  0.000000E+00
  8.818390E-02 -2.392550E-02  5.000000E-01  8.907608E-02 -2.412833E-02  0.000000E+00  1.944388E-02 -3.631661E-03 -1.324190E-18  3.962866E-01  0.000000E+00
  9.816930E-02 -2.572208E-02  5.000000E-01  9.916232E-02 -2.594306E-02  0.000000E+00  2.018426E-02 -3.476305E-03 -7.500142E-19  3.421042E-01  0.000000E+00
  1.087500E-01 -2.746584E-02  5.000000E-01  1.098499E-01 -2.770443E-02  0.000000E+00  2.087032E-02 -3.269375E-03  3.814850E-19  2.881174E-01  0.000000E+00
  1.199340E-01 -2.912943E-02  5.000000E-01  1.211468E-01 -2.938482E-02  0.000000E+00  2.146709E-02 -3.005856E-03  7.697148E-19  2.350323E-01  0.000000E+00
  1.317280E-01 -3.068076E-02  5.000000E-01  1.330599E-01 -3.095182E-02  0.000000E+00  2.191383E-02 -2.676922E-03  1.032760E-18  1.836999E-01  0.000000E+00
  1.441380E-01 -3.208247E-02  5.000000E-01  1.455952E-01 -3.236769E-02  0.000000E+00  2.213927E-02 -2.282575E-03  1.057314E-18  1.359074E-01  0.000000E+00
  1.441380E-01 -3.208247E-02  5.000000E-01  1.455952E-01 -3.236769E-02  0.000000E+00  2.213927E-02 -2.282575E-03  1.057314E-18  1.359074E-01  0.000000E+00
  1.571670E-01 -3.329810E-02  5.000000E-01  1.587558E-01 -3.359559E-02  0.000000E+00  2.209230E-02 -1.836593E-03  1.489977E-18  9.423536E-02  0.000000E+00
  1.708170E-01 -3.429274E-02  5.000000E-01  1.725437E-01 -3.460028E-02  0.000000E+00  2.178268E-02 -1.368766E-03  7.178132E-19  6.141734E-02  0.000000E+00
  1.850860E-01 -3.504277E-02  5.000000E-01  1.869568E-01 -3.535787E-02  0.000000E+00  2.131470E-02 -9.321360E-04 -1.787653E-19  3.980109E-02  0.000000E+00
  1.999720E-01 -3.555689E-02  5.000000E-01  2.019931E-01 -3.587719E-02  0.000000E+00  2.086947E-02 -5.950415E-04  2.890754E-19  3.011149E-02  0.000000E+00
  2.154670E-01 -3.590091E-02  5.000000E-01  2.176446E-01 -3.622468E-02  0.000000E+00  2.059034E-02 -3.838051E-04  1.238859E-18  2.796084E-02  0.000000E+00
  2.315610E-01 -3.614519E-02  5.000000E-01  2.339011E-01 -3.647143E-02  0.000000E+00  2.046484E-02 -2.363597E-04  9.436230E-19  2.324659E-02  0.000000E+00
  2.482400E-01 -3.628135E-02  5.000000E-01  2.507486E-01 -3.660897E-02  0.000000E+00  2.039811E-02 -8.628082E-05 -5.196528E-19  1.047841E-02  0.000000E+00
  2.654840E-01 -3.628730E-02  5.000000E-01  2.681667E-01 -3.661497E-02  0.000000E+00  2.032259E-02  8.152511E-05 -1.532694E-18 -7.180462E-03  0.000000E+00
  2.832720E-01 -3.613735E-02  5.000000E-01  2.861343E-01 -3.646351E-02  0.000000E+00  2.020010E-02  2.648388E-04 -1.367630E-18 -2.468474E-02  0.000000E+00
  3.015770E-01 -3.580990E-02  5.000000E-01  3.046242E-01 -3.613275E-02  0.000000E+00  2.001408E-02  4.543252E-04 -8.946103E-19 -3.860430E-02  0.000000E+00
  3.203660E-01 -3.529122E-02  5.000000E-01  3.236030E-01 -3.560884E-02  0.000000E+00  1.976186E-02  6.395840E-04  7.213331E-19 -4.775984E-02  0.000000E+00
  3.396030E-01 -3.457556E-02  5.000000E-01  3.430342E-01 -3.488595E-02  0.000000E+00  1.944678E-02  8.138105E-04  2.237692E-18 -5.245415E-02  0.000000E+00
  3.592490E-01 -3.366079E-02  5.000000E-01  3.628786E-01 -3.396194E-02  0.000000E+00  1.907250E-02  9.745818E-04  1.204303E-18 -5.342856E-02  0.000000E+00
  3.792580E-01 -3.254601E-02  5.000000E-01  3.830897E-01 -3.283591E-02  0.000000E+00  1.864286E-02  1.120449E-03  4.426246E-19 -5.107881E-02  0.000000E+00
  3.995810E-01 -3.123333E-02  5.000000E-01  4.036179E-01 -3.150997E-02  0.000000E+00  1.816250E-02  1.249056E-03 -2.458377E-19 -4.536328E-02  0.000000E+00
  4.201670E-01 -2.972911E-02  5.000000E-01  4.244118E-01 -2.999055E-02  0.000000E+00  1.763486E-02  1.358779E-03  1.606438E-19 -3.623117E-02  0.000000E+00
  4.409600E-01 -2.804173E-02  5.000000E-01  4.454148E-01 -2.828614E-02  0.000000E+00  1.706271E-02  1.449159E-03  1.031265E-18 -2.382608E-02  0.000000E+00
  4.619030E-01 -2.618110E-02  5.000000E-01  4.665693E-01 -2.640672E-02  0.000000E+00  1.645389E-02  1.518420E-03 -1.303599E-19 -8.256262E-03  0.000000E+00
  4.829360E-01 -2.416480E-02  5.000000E-01  4.878147E-01 -2.437006E-02  0.000000E+00  1.582278E-02  1.564181E-03  8.549214E-19  1.029029E-02  0.000000E+00
  5.039990E-01 -2.201688E-02  5.000000E-01  5.090904E-01 -2.220044E-02  0.000000E+00  1.518654E-02  1.585748E-03  1.300939E-18  3.127663E-02  0.000000E+00
  5.250310E-01 -1.976725E-02  5.000000E-01  5.303348E-01 -1.992809E-02  0.000000E+00  1.456206E-02  1.584576E-03 -7.775457E-19  5.388157E-02  0.000000E+00
  5.459710E-01 -1.744853E-02  5.000000E-01  5.514863E-01 -1.758596E-02  0.000000E+00  1.396412E-02  1.564256E-03 -8.521727E-19  7.716244E-02  0.000000E+00
  5.667600E-01 -1.509212E-02  5.000000E-01  5.724853E-01 -1.520575E-02  0.000000E+00  1.340750E-02  1.527797E-03 -8.642475E-19  1.004551E-01  0.000000E+00
  4.704230E-01  5.316808E-02  5.000000E-01  4.751754E-01  5.374380E-02  0.000000E+00  2.208285E-02  7.723745E-04 -6.450719E-18 -1.053118E+00  0.000000E+00
  4.494880E-01  5.237443E-02  5.000000E-01  4.540289E-01  5.294214E-02  0.000000E+00  2.188514E-02  8.607953E-04 -7.161596E-18 -1.046283E+00  0.000000E+00
  4.286690E-01  5.152398E-02  5.000000E-01  4.329997E-01  5.208310E-02  0.000000E+00  2.185186E-02  9.159761E-04 -8.099409E-18 -1.044946E+00  0.000000E+00
  4.080230E-01  5.063794E-02  5.000000E-01  4.121452E-01  5.118811E-02  0.000000E+00  2.199103E-02  9.770092E-04 -8.930591E-18 -1.045107E+00  0.000000E+00
  3.876050E-01  4.970211E-02  5.000000E-01  3.915210E-01  5.024283E-02  0.000000E+00  2.224156E-02  1.061622E-03 -1.077688E-17 -1.044171E+00  0.000000E+00
  3.674690E-01  4.870384E-02  5.000000E-01  3.711816E-01  4.923448E-02  0.000000E+00  2.251612E-02  1.166851E-03 -1.225197E-17 -1.041470E+00  0.000000E+00
  3.476650E-01  4.763370E-02  5.000000E-01  3.511776E-01  4.815353E-02  0.000000E+00  2.275959E-02  1.288443E-03 -1.252309E-17 -1.037050E+00  0.000000E+00
  3.282390E-01  4.648455E-02  5.000000E-01  3.315555E-01  4.699277E-02  0.000000E+00  2.295557E-02  1.423935E-03 -1.271094E-17 -1.031221E+00  0.000000E+00
  3.092330E-01  4.525127E-02  5.000000E-01  3.123575E-01  4.574704E-02  0.000000E+00  2.310687E-02  1.569120E-03 -1.239910E-17 -1.024532E+00  0.000000E+00
  2.906860E-01  4.393576E-02  5.000000E-01  2.936232E-01  4.441824E-02  0.000000E+00  2.322237E-02  1.719626E-03 -1.161945E-17 -1.017533E+00  0.000000E+00
  2.726330E-01  4.254252E-02  5.000000E-01  2.753879E-01  4.301094E-02  0.000000E+00  2.331227E-02  1.874490E-03 -1.188065E-17 -1.010469E+00  0.000000E+00
  2.551020E-01  4.107620E-02  5.000000E-01  2.576799E-01  4.152981E-02  0.000000E+00  2.338316E-02  2.034380E-03 -1.218014E-17 -1.003361E+00  0.000000E+00
  2.381210E-01  3.954219E-02  5.000000E-01  2.405274E-01  3.998031E-02  0.000000E+00  2.344028E-02  2.202304E-03 -1.214556E-17 -9.960975E-01  0.000000E+00
  2.217090E-01  3.794241E-02  5.000000E-01  2.239496E-01  3.836437E-02  0.000000E+00  2.348369E-02  2.379188E-03 -1.281105E-17 -9.890220E-01  0.000000E+00
  2.058840E-01  3.627930E-02  5.000000E-01  2.079648E-01  3.668446E-02  0.000000E+00  2.349425E-02  2.543408E-03 -1.392913E-17 -9.843955E-01  0.000000E+00
  1.906600E-01  3.458069E-02  5.000000E-01  1.925871E-01  3.496870E-02  0.000000E+00  2.346495E-02  2.658260E-03 -1.603938E-17 -9.856653E-01  0.000000E+00
  1.760460E-01  3.289756E-02  5.000000E-01  1.778255E-01  3.326858E-02  0.000000E+00  2.346380E-02  2.728396E-03 -2.129648E-17 -9.933761E-01  0.000000E+00
  1.620500E-01  3.125447E-02  5.000000E-01  1.636881E-01  3.160889E-02  0.000000E+00  2.358334E-02  2.796263E-03 -3.076742E-17 -1.004763E+00  0.000000E+00
  1.486750E-01  2.965384E-02  5.000000E-01  1.501781E-01  2.999209E-02  0.000000E+00  2.384500E-02  2.891772E-03 -4.575194E-17 -1.016889E+00  0.000000E+00
  1.359210E-01  2.808764E-02  5.000000E-01  1.372953E-01  2.841007E-02  0.000000E+00  2.419849E-02  3.022936E-03 -7.001123E-17 -1.027987E+00  0.000000E+00
  1.237890E-01  2.654712E-02  5.000000E-01  1.250407E-01  2.685400E-02  0.000000E+00  2.457279E-02  3.187151E-03 -1.096747E-16 -1.037400E+00  0.000000E+00
  1.122730E-01  2.502278E-02  5.000000E-01  1.134084E-01  2.531427E-02  0.000000E+00  2.491597E-02  3.379240E-03 -1.781561E-16 -1.045216E+00  0.000000E+00
  1.013710E-01  2.350899E-02  5.000000E-01  1.023964E-01  2.378519E-02  0.000000E+00  2.520494E-02  3.592707E-03 -2.944587E-16 -1.052042E+00  0.000000E+00
  9.107400E-02  2.200371E-02  5.000000E-01  9.199536E-02  2.226470E-02  0.000000E+00  2.544322E-02  3.826763E-03 -4.928655E-16 -1.058450E+00  0.000000E+00
  9.107400E-02  2.200371E-02  5.000000E-01  9.199536E-02  2.226470E-02  0.000000E+00  2.544322E-02  3.826763E-03 -4.928655E-16 -1.058450E+00  0.000000E+00
  8.137660E-02  2.050467E-02  5.000000E-01  8.220003E-02  2.075053E-02  0.000000E+00  2.563885E-02  4.079788E-03 -8.336652E-16 -1.065186E+00  0.000000E+00
  7.227050E-02  1.901428E-02  5.000000E-01  7.300197E-02  1.924509E-02  0.000000E+00  2.579629E-02  4.345863E-03 -1.422860E-15 -1.073264E+00  0.000000E+00
  6.374670E-02  1.753762E-02  5.000000E-01  6.439209E-02  1.775352E-02  0.000000E+00  2.592636E-02  4.626127E-03 -2.443431E-15 -1.083354E+00  0.000000E+00
  5.579720E-02  1.607798E-02  5.000000E-01  5.636231E-02  1.627913E-02  0.000000E+00  2.602970E-02  4.916746E-03 -4.200822E-15 -1.096364E+00  0.000000E+00
  4.841260E-02  1.464388E-02  5.000000E-01  4.890313E-02  1.483055E-02  0.000000E+00  2.610447E-02  5.212465E-03 -7.167320E-15 -1.113284E+00  0.000000E+00
  4.158390E-02  1.324310E-02  5.000000E-01  4.200547E-02  1.341563E-02  0.000000E+00  2.615581E-02  5.519736E-03 -1.196453E-14 -1.134505E+00  0.000000E+00
  3.530370E-02  1.188051E-02  5.000000E-01  3.566185E-02  1.203927E-02  0.000000E+00  2.616476E-02  5.833242E-03 -1.919134E-14 -1.160867E+00  0.000000E+00
  2.956270E-02  1.056559E-02  5.000000E-01  2.986287E-02  1.071107E-02  0.000000E+00  2.610412E-02  6.148162E-03 -2.897587E-14 -1.193034E+00  0.000000E+00
  2.435310E-02  9.304876E-03  5.000000E-01  2.460066E-02  9.437629E-03  0.000000E+00  2.593390E-02  6.476367E-03 -4.020000E-14 -1.230418E+00  0.000000E+00
  1.967110E-02  8.098845E-03  5.000000E-01  1.987137E-02  8.219419E-03  0.000000E+00  2.551957E-02  6.788462E-03 -4.980021E-14 -1.273330E+00  0.000000E+00
  1.550860E-02  6.954653E-03  5.000000E-01  1.566684E-02  7.063671E-03  0.000000E+00  2.468329E-02  7.036002E-03 -5.337152E-14 -1.322075E+00  0.000000E+00
  1.185930E-02  5.875950E-03  5.000000E-01  1.198068E-02  5.974075E-03  0.000000E+00  2.332743E-02  7.211731E-03 -4.760656E-14 -1.374805E+00  0.000000E+00
  8.724160E-03  4.858915E-03  5.000000E-01  8.813883E-03  4.946770E-03  0.000000E+00  2.157789E-02  7.343288E-03 -3.318016E-14 -1.431060E+00  0.000000E+00
  6.091130E-03  3.911736E-03  5.000000E-01  6.154263E-03  3.990024E-03  0.000000E+00  2.032307E-02  7.820041E-03 -1.633677E-14 -1.486245E+00  0.000000E+00
  3.952840E-03  3.037125E-03  5.000000E-01  3.994378E-03  3.106581E-03  0.000000E+00  2.113541E-02  9.733430E-03 -5.784397E-15 -1.523425E+00  0.000000E+00
  2.330070E-03  2.222290E-03  5.000000E-01  2.355220E-03  2.283517E-03  0.000000E+00  2.423963E-02  1.419517E-02 -5.304930E-15 -1.531114E+00  0.000000E+00
  1.198080E-03  1.485339E-03  5.000000E-01  1.211798E-03  1.539124E-03  0.000000E+00  2.760151E-02  2.139082E-02 -1.165744E-14 -1.519272E+00  0.000000E+00
  5.019560E-04  8.593302E-04  5.000000E-01  5.086442E-04  9.067930E-04  0.000000E+00  3.041430E-02  3.350572E-02 -2.028663E-14 -1.530809E+00  0.000000E+00
  1.313430E-04  3.761790E-04  5.000000E-01  1.342884E-04  4.187626E-04  0.000000E+00  3.506622E-02  7.036681E-02 -2.941512E-14 -1.566092E+00  0.000000E+00
  8.078190E-06  6.803248E-05  5.000000E-01  9.778777E-06  1.075041E-04  0.000000E+00  3.054428E-02  1.732891E-01 -4.079357E-14 -1.484748E+00  0.000000E+00
 -1.602820E-06 -3.839679E-05  5.000000E-01  0.000000E+00  0.000000E+00  0.000000E+00 -4.944000E-03  2.521478E-01 -5.223545E-14 -1.190841E+00  0.000000E+00
  9.141860E-06 -1.484484E-04  5.000000E-01  1.085319E-05 -1.111630E-04  0.000000E+00 -4.976159E-02  1.967985E-01 -6.329897E-14 -4.687061E-01  0.000000E+00
  1.696960E-04 -4.810510E-04  5.000000E-01  1.730287E-04 -4.471245E-04  0.000000E+00 -6.436735E-02  9.282107E-02 -6.644617E-14  5.409212E-01  0.000000E+00
    1    2
    2    3
    3    4
    4    5
    5    6
    6    7
    7    8
    8    9
    9   10
   10   11
   11   12
   12   13
   13   14
   14   15
   15   16
   16   17
   17   18
   18   19
   19   20
   20   21
   21   22
   22   23
   23   24
   25   26
   26   27
   27   28
   28   29
   29   30
   30   31
   31   32
   32   33
   33   34
   34   35
   35   36
   36   37
   37   38
   38   39
   39   40
   40   41
   41   42
   42   43
   43   44
   44   45
   45   46
   46   47
   47   48
   49   50
   50   51
   51   52
   52   53
   53   54
   54   55
   55   56
   56   57
   57   58
   58   59
   59   60
   60   61
   61   62
   62   63
   63   64
   64   65
   65   66
   66   67
   67   68
   68   69
   69   70
   70   71
   71   72
   73   74
   74   75
   75   76
   76   77
   77   78
   78   79
   79   80
   80   81
   81   82
   82   83
   83   84
   84   85
   85   86
   86   87
   87   88
   88   89
   89   90
   90   91
   91   92
   92   93
   93   94
   94   95
   95   96
   97   98
   98   99
   99  100
  100  101
  101  102
  102  103
  103  104
  104  105
  105  106
  106  107
  107  108
  108  109
  109  110
  110  111
  111  112
  112  113
  113  114
  114  115
  115  116
  116  117
  117  118
  118  119
  119  120
  121  122
  122  123
  123  124
  124  125
  125  126
  126  127
  127  128
  128  129
  129  130
  130  131
  131  132
  132  133
  133  134
  134  135
  135  136
  136  137
  137  138
  138  139
  139  140
  140  141
  141  142
  142  143
  143  144
  145  146
  146  147
  147  148
  148  149
  149  150
  150  151
  151  152
  152  153
  153  154
  154  155
  155  156
  156  157
  157  158
  158  159
  159  160
  160  161
  161  162
  162  163
  163  164
  164  165
  165  166
  166  167
  167  168
  169  170
  170  171
  171  172
  172  173
  173  174
  174  175
  175  176
  176  177
  177  178
  178  179
  179  180
  180  181
  181  182
  182  183
  183  184
  184  185
  185  186
  186  187
  187  188
  188  189
  189  190
  190  191
  191  192
