 Title = "ADflow Slice Data"
Variables =  "CoordinateX"  "CoordinateY"  "CoordinateZ"  "XoC"  "YoC"  "ZoC" "VelocityX" "VelocityY" "VelocityZ" "CoefPressure" "Mach" 
Zone T= "Slice_0001 None Absolute Regular z = 0.50000000"
 Nodes =          192  Elements=          184  ZONETYPE=FELINESEG
 DATAPACKING=POINT
  5.667600E-01 -1.060397E-02  5.000000E-01  5.724852E-01 -1.061786E-02  0.000000E+00  9.783536E-03  1.232280E-03 -1.478401E-19  2.400515E-01  0.000000E+00
  5.873410E-01 -8.104887E-03  5.000000E-01  5.932741E-01 -8.093540E-03  0.000000E+00  9.912832E-03  1.160029E-03 -2.683295E-18  2.512407E-01  0.000000E+00
  6.076580E-01 -5.815171E-03  5.000000E-01  6.137962E-01 -5.780700E-03  0.000000E+00  1.006282E-02  1.090217E-03 -2.977750E-18  2.596395E-01  0.000000E+00
  6.276600E-01 -3.733302E-03  5.000000E-01  6.340002E-01 -3.677807E-03  0.000000E+00  1.023765E-02  1.020883E-03  1.732247E-19  2.660752E-01  0.000000E+00
  6.472970E-01 -1.859026E-03  5.000000E-01  6.538356E-01 -1.784603E-03  0.000000E+00  1.044139E-02  9.511711E-04  4.460056E-19  2.706613E-01  0.000000E+00
  6.665260E-01 -1.894134E-04  5.000000E-01  6.732587E-01 -9.812951E-05  0.000000E+00  1.066929E-02  8.825070E-04 -1.203688E-19  2.731793E-01  0.000000E+00
  6.853050E-01  1.287656E-03  5.000000E-01  6.922274E-01  1.393856E-03  0.000000E+00  1.090108E-02  8.190405E-04  9.398852E-20  2.735150E-01  0.000000E+00
  7.035980E-01  2.598371E-03  5.000000E-01  7.107051E-01  2.717808E-03  0.000000E+00  1.110163E-02  7.637577E-04  7.294073E-19  2.722608E-01  0.000000E+00
  7.213750E-01  3.771331E-03  5.000000E-01  7.286617E-01  3.902614E-03  0.000000E+00  1.122637E-02  7.163796E-04  3.715106E-19  2.706771E-01  0.000000E+00
  7.386080E-01  4.834004E-03  5.000000E-01  7.460687E-01  4.976018E-03  0.000000E+00  1.123080E-02  6.762267E-04  1.376135E-19  2.700920E-01  0.000000E+00
  7.552750E-01  5.813474E-03  5.000000E-01  7.629040E-01  5.965380E-03  0.000000E+00  1.108905E-02  6.442117E-04 -4.043752E-19  2.716053E-01  0.000000E+00
  7.713580E-01  6.735874E-03  5.000000E-01  7.791494E-01  6.897095E-03  0.000000E+00  1.081648E-02  6.180401E-04 -2.553292E-18  2.758866E-01  0.000000E+00
  7.868410E-01  7.618340E-03  5.000000E-01  7.947888E-01  7.788473E-03  0.000000E+00  1.049766E-02  5.718665E-04 -1.675784E-18  2.846817E-01  0.000000E+00
  8.017160E-01  8.394728E-03  5.000000E-01  8.098140E-01  8.572702E-03  0.000000E+00  1.026338E-02  4.739646E-04  2.305993E-18  2.982012E-01  0.000000E+00
  8.159740E-01  8.966009E-03  5.000000E-01  8.242160E-01  9.149752E-03  0.000000E+00  1.020423E-02  3.308963E-04  3.903174E-18  3.106012E-01  0.000000E+00
  8.296120E-01  9.300361E-03  5.000000E-01  8.379917E-01  9.487480E-03  0.000000E+00  1.034071E-02  1.672211E-04  4.139026E-18  3.158834E-01  0.000000E+00
  8.426300E-01  9.402870E-03  5.000000E-01  8.511412E-01  9.591024E-03  0.000000E+00  1.065856E-02 -5.492048E-06  2.612281E-18  3.134027E-01  0.000000E+00
  8.550290E-01  9.296627E-03  5.000000E-01  8.636654E-01  9.483709E-03  0.000000E+00  1.113397E-02 -1.838225E-04 -9.361626E-20  3.050147E-01  0.000000E+00
  8.668160E-01  9.013382E-03  5.000000E-01  8.755714E-01  9.197603E-03  0.000000E+00  1.173958E-02 -3.655670E-04  4.773303E-19  2.920979E-01  0.000000E+00
  8.779950E-01  8.590146E-03  5.000000E-01  8.868633E-01  8.770093E-03  0.000000E+00  1.244552E-02 -5.478654E-04  3.560066E-19  2.752274E-01  0.000000E+00
  8.885730E-01  8.063144E-03  5.000000E-01  8.975482E-01  8.237769E-03  0.000000E+00  1.322174E-02 -7.282698E-04 -2.466676E-19  2.549683E-01  0.000000E+00
  8.985610E-01  7.463553E-03  5.000000E-01  9.076370E-01  7.632122E-03  0.000000E+00  1.403464E-02 -9.001591E-04  1.461066E-19  2.318167E-01  0.000000E+00
  9.079670E-01  6.823569E-03  5.000000E-01  9.171380E-01  6.985676E-03  0.000000E+00  1.484397E-02 -1.051207E-03  1.532985E-18  2.062275E-01  0.000000E+00
  9.168010E-01  6.174554E-03  5.000000E-01  9.260612E-01  6.330107E-03  0.000000E+00  1.561144E-02 -1.172489E-03  2.320138E-18  1.792611E-01  0.000000E+00
  9.168010E-01  6.174554E-03  5.000000E-01  9.260612E-01  6.330107E-03  0.000000E+00  1.561144E-02 -1.172489E-03  2.320138E-18  1.792611E-01  0.000000E+00
  9.250730E-01  5.540473E-03  5.000000E-01  9.344168E-01  5.689621E-03  0.000000E+00  1.631348E-02 -1.265626E-03  1.247385E-18  1.524406E-01  0.000000E+00
  9.327940E-01  4.934949E-03  5.000000E-01  9.422157E-01  5.077983E-03  0.000000E+00  1.694939E-02 -1.342708E-03  1.799404E-18  1.270736E-01  0.000000E+00
  9.399760E-01  4.360810E-03  5.000000E-01  9.494703E-01  4.498045E-03  0.000000E+00  1.753504E-02 -1.415459E-03  2.197289E-18  1.034202E-01  0.000000E+00
  9.466320E-01  3.818429E-03  5.000000E-01  9.561935E-01  3.950187E-03  0.000000E+00  1.808999E-02 -1.488376E-03  1.863305E-18  8.073676E-02  0.000000E+00
  9.527730E-01  3.308388E-03  5.000000E-01  9.623965E-01  3.434996E-03  0.000000E+00  1.863828E-02 -1.567907E-03  2.115298E-18  5.848467E-02  0.000000E+00
  9.584110E-01  2.828373E-03  5.000000E-01  9.680914E-01  2.950133E-03  0.000000E+00  1.921194E-02 -1.664677E-03  2.441178E-18  3.643666E-02  0.000000E+00
  9.635570E-01  2.375025E-03  5.000000E-01  9.732894E-01  2.492206E-03  0.000000E+00  1.984410E-02 -1.784462E-03  2.450361E-18  1.388123E-02  0.000000E+00
  9.682220E-01  1.947182E-03  5.000000E-01  9.780015E-01  2.060042E-03  0.000000E+00  2.056596E-02 -1.927728E-03  2.257575E-18 -1.026210E-02  0.000000E+00
  9.724140E-01  1.546058E-03  5.000000E-01  9.822358E-01  1.654868E-03  0.000000E+00  2.142467E-02 -2.102359E-03  3.619525E-18 -3.661358E-02  0.000000E+00
  9.761430E-01  1.171532E-03  5.000000E-01  9.860025E-01  1.276560E-03  0.000000E+00  2.250176E-02 -2.325440E-03  1.859082E-18 -6.561620E-02  0.000000E+00
  9.794160E-01  8.243061E-04  5.000000E-01  9.893086E-01  9.258274E-04  0.000000E+00  2.389940E-02 -2.610334E-03 -6.107163E-18 -9.834826E-02  0.000000E+00
  9.822400E-01  5.074383E-04  5.000000E-01  9.921611E-01  6.057596E-04  0.000000E+00  2.567027E-02 -2.959311E-03 -1.413493E-17 -1.362706E-01  0.000000E+00
  9.846200E-01  2.260634E-04  5.000000E-01  9.945651E-01  3.215431E-04  0.000000E+00  2.768725E-02 -3.359631E-03 -6.537256E-18 -1.797596E-01  0.000000E+00
  9.865620E-01 -1.454059E-05  5.000000E-01  9.965267E-01  7.850930E-05  0.000000E+00  2.951029E-02 -3.724447E-03  4.086157E-17 -2.269471E-01  0.000000E+00
  9.880680E-01 -2.086102E-04  5.000000E-01  9.980479E-01 -1.175202E-04  0.000000E+00  2.999925E-02 -3.842688E-03  9.894085E-17 -2.840638E-01  0.000000E+00
  9.891420E-01 -3.514270E-04  5.000000E-01  9.991328E-01 -2.617793E-04  0.000000E+00  2.829276E-02 -3.932985E-03 -6.000337E-17 -3.510591E-01  0.000000E+00
  9.897860E-01 -4.389509E-04  5.000000E-01  9.997833E-01 -3.501870E-04  0.000000E+00  3.811464E-02 -4.037666E-03 -8.445809E-16 -2.978122E-01  0.000000E+00
  9.900000E-01 -4.683041E-04  5.000000E-01  9.999994E-01 -3.798367E-04  0.000000E+00  2.633777E-02  5.251547E-03 -4.474025E-16 -5.906748E-01  0.000000E+00
  9.900000E-01 -1.843771E-04  5.000000E-01  9.999994E-01 -9.304240E-05  0.000000E+00  1.242848E-03 -7.923097E-03  1.795340E-15 -8.173454E-01  0.000000E+00
  9.900000E-01  9.954983E-05  5.000000E-01  9.999994E-01  1.937519E-04  0.000000E+00 -4.501789E-04 -2.277632E-02  3.658924E-15 -6.369284E-01  0.000000E+00
  9.900000E-01  3.834768E-04  5.000000E-01  9.999994E-01  4.805462E-04  0.000000E+00 -1.469321E-04 -8.800754E-03  4.376133E-15 -6.366358E-01  0.000000E+00
  9.900000E-01  6.674038E-04  5.000000E-01  9.999994E-01  7.673405E-04  0.000000E+00  4.684494E-04 -5.162669E-03  4.155908E-15 -6.969879E-01  0.000000E+00
  9.900000E-01  9.513308E-04  5.000000E-01  9.999994E-01  1.054135E-03  0.000000E+00  6.856311E-03 -6.643920E-03  3.735510E-15 -6.388503E-01  0.000000E+00
  9.900000E-01  9.513308E-04  5.000000E-01  9.999994E-01  1.054135E-03  0.000000E+00  6.856311E-03 -6.643920E-03  3.735510E-15 -6.388503E-01  0.000000E+00
  9.897890E-01  1.017902E-03  5.000000E-01  9.997863E-01  1.121378E-03  0.000000E+00  9.111034E-03 -3.504101E-03  3.101317E-15 -5.611434E-01  0.000000E+00
  9.891540E-01  1.218671E-03  5.000000E-01  9.991449E-01  1.324175E-03  0.000000E+00  4.665355E-03 -1.381272E-03  2.033186E-15 -5.798459E-01  0.000000E+00
  9.880950E-01  1.555404E-03  5.000000E-01  9.980752E-01  1.664309E-03  0.000000E+00  3.151881E-03 -1.001670E-03  1.122461E-15 -5.792544E-01  0.000000E+00
  9.866100E-01  2.031329E-03  5.000000E-01  9.965752E-01  2.145040E-03  0.000000E+00  2.138951E-03 -6.998859E-04  5.470519E-16 -5.711448E-01  0.000000E+00
  9.846960E-01  2.650662E-03  5.000000E-01  9.946419E-01  2.770627E-03  0.000000E+00  1.171754E-03 -3.806088E-04  2.409060E-16 -5.672233E-01  0.000000E+00
  9.823490E-01  3.418262E-03  5.000000E-01  9.922712E-01  3.545979E-03  0.000000E+00  3.702352E-04 -1.200925E-04  8.786312E-17 -5.658368E-01  0.000000E+00
  9.795670E-01  4.338787E-03  5.000000E-01  9.894611E-01  4.475800E-03  0.000000E+00 -2.488720E-04  8.321020E-05  1.428974E-17 -5.655940E-01  0.000000E+00
  9.763420E-01  5.418033E-03  5.000000E-01  9.862035E-01  5.565945E-03  0.000000E+00 -7.170343E-04  2.413412E-04 -1.419412E-17 -5.665573E-01  0.000000E+00
  9.726710E-01  6.659757E-03  5.000000E-01  9.824954E-01  6.820209E-03  0.000000E+00 -1.058099E-03  3.595536E-04 -1.781483E-17 -5.687009E-01  0.000000E+00
  9.685460E-01  8.067175E-03  5.000000E-01  9.783288E-01  8.241841E-03  0.000000E+00 -1.285869E-03  4.402734E-04 -1.167757E-17 -5.716963E-01  0.000000E+00
  9.639600E-01  9.642488E-03  5.000000E-01  9.736965E-01  9.833062E-03  0.000000E+00 -1.410517E-03  4.858651E-04 -5.027718E-18 -5.751133E-01  0.000000E+00
  9.589060E-01  1.138793E-02  5.000000E-01  9.685914E-01  1.159613E-02  0.000000E+00 -1.443743E-03  4.995276E-04 -1.480747E-18 -5.785075E-01  0.000000E+00
  9.533750E-01  1.330479E-02  5.000000E-01  9.630046E-01  1.353235E-02  0.000000E+00 -1.402051E-03  4.862155E-04 -1.103516E-18 -5.814778E-01  0.000000E+00
  9.473580E-01  1.539202E-02  5.000000E-01  9.569268E-01  1.564066E-02  0.000000E+00 -1.307216E-03  4.531208E-04 -9.621365E-19 -5.837257E-01  0.000000E+00
  9.408450E-01  1.764653E-02  5.000000E-01  9.503480E-01  1.791794E-02  0.000000E+00 -1.184212E-03  4.090152E-04 -3.727187E-19 -5.851110E-01  0.000000E+00
  9.338260E-01  2.006339E-02  5.000000E-01  9.432582E-01  2.035920E-02  0.000000E+00 -1.057734E-03  3.627349E-04 -3.701403E-19 -5.856911E-01  0.000000E+00
  9.262910E-01  2.263468E-02  5.000000E-01  9.356471E-01  2.295646E-02  0.000000E+00 -9.488139E-04  3.216952E-04  3.559522E-19 -5.857022E-01  0.000000E+00
  9.182290E-01  2.534828E-02  5.000000E-01  9.275036E-01  2.569747E-02  0.000000E+00 -8.731128E-04  2.911479E-04  7.591235E-19 -5.854639E-01  0.000000E+00
  9.096280E-01  2.818753E-02  5.000000E-01  9.188158E-01  2.856538E-02  0.000000E+00 -8.412705E-04  2.741383E-04 -9.080402E-19 -5.852955E-01  0.000000E+00
  9.004770E-01  3.113036E-02  5.000000E-01  9.095724E-01  3.153794E-02  0.000000E+00 -8.600921E-04  2.717211E-04 -1.273495E-18 -5.855057E-01  0.000000E+00
  8.907650E-01  3.414789E-02  5.000000E-01  8.997623E-01  3.458594E-02  0.000000E+00 -9.336670E-04  2.831857E-04  1.475165E-18 -5.863816E-01  0.000000E+00
  8.804800E-01  3.720160E-02  5.000000E-01  8.893734E-01  3.767049E-02  0.000000E+00 -1.064796E-03  3.061472E-04  3.543715E-18 -5.880730E-01  0.000000E+00
  8.696090E-01  4.023979E-02  5.000000E-01  8.783926E-01  4.073936E-02  0.000000E+00 -1.256286E-03  3.364257E-04  3.621749E-18 -5.905118E-01  0.000000E+00
  8.696090E-01  4.023979E-02  5.000000E-01  8.783926E-01  4.073936E-02  0.000000E+00 -1.256286E-03  3.364257E-04  3.621749E-18 -5.905118E-01  0.000000E+00
  8.581400E-01  4.319614E-02  5.000000E-01  8.668078E-01  4.372557E-02  0.000000E+00 -1.509246E-03  3.672222E-04  2.251804E-18 -5.936146E-01  0.000000E+00
  8.460600E-01  4.599467E-02  5.000000E-01  8.546058E-01  4.655236E-02  0.000000E+00 -1.815551E-03  3.908463E-04  7.818353E-19 -5.976633E-01  0.000000E+00
  8.333640E-01  4.856707E-02  5.000000E-01  8.417816E-01  4.915074E-02  0.000000E+00 -2.154441E-03  4.021923E-04 -8.569781E-20 -6.024130E-01  0.000000E+00
  8.200460E-01  5.085414E-02  5.000000E-01  8.283291E-01  5.146090E-02  0.000000E+00 -2.504792E-03  3.956701E-04  5.357894E-19 -6.055965E-01  0.000000E+00
  8.061050E-01  5.281106E-02  5.000000E-01  8.142473E-01  5.343759E-02  0.000000E+00 -2.821741E-03  3.598272E-04  6.755506E-19 -6.085776E-01  0.000000E+00
  7.915460E-01  5.444223E-02  5.000000E-01  7.995413E-01  5.508522E-02  0.000000E+00 -2.902011E-03  2.842735E-04 -3.616607E-19 -6.296616E-01  0.000000E+00
  7.763770E-01  5.582393E-02  5.000000E-01  7.842191E-01  5.648089E-02  0.000000E+00 -2.184184E-03  1.637826E-04  9.647440E-19 -7.020375E-01  0.000000E+00
  7.606070E-01  5.704939E-02  5.000000E-01  7.682898E-01  5.771872E-02  0.000000E+00  2.771508E-04 -1.939640E-05  2.818080E-18 -8.371758E-01  0.000000E+00
  7.442510E-01  5.810325E-02  5.000000E-01  7.517687E-01  5.878323E-02  0.000000E+00  5.337790E-03 -2.620890E-04  1.183011E-17 -9.944225E-01  0.000000E+00
  7.273250E-01  5.894591E-02  5.000000E-01  7.346717E-01  5.963439E-02  0.000000E+00  1.255410E-02 -4.598142E-04  2.857506E-17 -1.109445E+00  0.000000E+00
  7.098490E-01  5.953050E-02  5.000000E-01  7.170193E-01  6.022488E-02  0.000000E+00  1.945509E-02 -4.324691E-04  3.948553E-17 -1.150074E+00  0.000000E+00
  6.918480E-01  5.980338E-02  5.000000E-01  6.988365E-01  6.050052E-02  0.000000E+00  2.346376E-02 -1.142139E-04  3.614635E-17 -1.130598E+00  0.000000E+00
  6.733520E-01  5.971467E-02  5.000000E-01  6.801537E-01  6.041091E-02  0.000000E+00  2.424350E-02  3.599916E-04  1.939668E-17 -1.082051E+00  0.000000E+00
  6.543930E-01  5.922998E-02  5.000000E-01  6.610032E-01  5.992133E-02  0.000000E+00  2.317759E-02  7.957362E-04  2.045292E-18 -1.028372E+00  0.000000E+00
  6.350090E-01  5.837719E-02  5.000000E-01  6.414235E-01  5.905993E-02  0.000000E+00  2.164163E-02  1.074224E-03 -7.616562E-18 -9.849070E-01  0.000000E+00
  6.152440E-01  5.727190E-02  5.000000E-01  6.214589E-01  5.794347E-02  0.000000E+00  2.035188E-02  1.183394E-03 -1.263931E-17 -9.606931E-01  0.000000E+00
  5.951420E-01  5.605227E-02  5.000000E-01  6.011538E-01  5.671153E-02  0.000000E+00  1.955463E-02  1.154251E-03 -1.466854E-17 -9.601486E-01  0.000000E+00
  5.747530E-01  5.487577E-02  5.000000E-01  5.805589E-01  5.552315E-02  0.000000E+00  1.928168E-02  9.974100E-04 -1.343356E-17 -9.845707E-01  0.000000E+00
  5.541290E-01  5.391829E-02  5.000000E-01  5.597267E-01  5.455600E-02  0.000000E+00  1.953238E-02  7.235174E-04 -1.151235E-17 -1.028961E+00  0.000000E+00
  5.333260E-01  5.333363E-02  5.000000E-01  5.387136E-01  5.396544E-02  0.000000E+00  2.035326E-02  4.395638E-04 -1.099622E-17 -1.076213E+00  0.000000E+00
  5.124010E-01  5.302102E-02  5.000000E-01  5.175773E-01  5.364966E-02  0.000000E+00  2.162787E-02  3.044770E-04 -1.110758E-17 -1.105558E+00  0.000000E+00
  4.914140E-01  5.275155E-02  5.000000E-01  4.963783E-01  5.337748E-02  0.000000E+00  2.292904E-02  4.081530E-04 -9.695679E-18 -1.105492E+00  0.000000E+00
  4.704230E-01  5.228579E-02  5.000000E-01  4.751753E-01  5.290701E-02  0.000000E+00  2.380479E-02  7.872875E-04 -6.019185E-18 -1.072133E+00  0.000000E+00
  1.696960E-04 -5.443291E-04  5.000000E-01  1.730287E-04 -4.566294E-04  0.000000E+00 -6.416994E-02  9.544351E-02 -1.057751E-13  4.640754E-01  0.000000E+00
  8.054360E-04 -1.076197E-03  5.000000E-01  8.151890E-04 -9.938688E-04  0.000000E+00 -4.827817E-02  3.627345E-02 -8.254781E-14  1.058231E+00  0.000000E+00
  1.973980E-03 -1.747020E-03  5.000000E-01  1.995534E-03 -1.671466E-03  0.000000E+00 -2.332385E-02  1.284772E-02 -4.604935E-14  1.164906E+00  0.000000E+00
  3.614630E-03 -2.551734E-03  5.000000E-01  3.652752E-03 -2.484307E-03  0.000000E+00 -6.375452E-03  3.089259E-03 -1.639587E-14  1.162879E+00  0.000000E+00
  5.721210E-03 -3.498663E-03  5.000000E-01  5.780606E-03 -3.440799E-03  0.000000E+00  2.974614E-03 -1.249323E-03 -7.228273E-16  1.145138E+00  0.000000E+00
  8.297500E-03 -4.585700E-03  5.000000E-01  8.382914E-03 -4.538814E-03  0.000000E+00  7.569228E-03 -3.065423E-03  3.648021E-15  1.109844E+00  0.000000E+00
  1.136560E-02 -5.794466E-03  5.000000E-01  1.148200E-02 -5.759786E-03  0.000000E+00  9.570351E-03 -3.650475E-03  2.830544E-15  1.062049E+00  0.000000E+00
  1.493280E-02 -7.114002E-03  5.000000E-01  1.508522E-02 -7.092648E-03  0.000000E+00  1.033231E-02 -3.741066E-03  1.121301E-15  1.011660E+00  0.000000E+00
  1.899460E-02 -8.552201E-03  5.000000E-01  1.918804E-02 -8.545371E-03  0.000000E+00  1.068469E-02 -3.736225E-03  1.123508E-16  9.630445E-01  0.000000E+00
  2.354800E-02 -1.012471E-02  5.000000E-01  2.378743E-02 -1.013376E-02  0.000000E+00  1.106158E-02 -3.771374E-03 -1.771719E-16  9.141468E-01  0.000000E+00
  2.860130E-02 -1.182703E-02  5.000000E-01  2.889176E-02 -1.185328E-02  0.000000E+00  1.161362E-02 -3.855377E-03 -1.398790E-16  8.628357E-01  0.000000E+00
  3.416500E-02 -1.364800E-02  5.000000E-01  3.451164E-02 -1.369263E-02  0.000000E+00  1.235018E-02 -3.978747E-03 -5.159141E-17  8.102310E-01  0.000000E+00
  4.024810E-02 -1.557810E-02  5.000000E-01  4.065618E-02 -1.564222E-02  0.000000E+00  1.322989E-02 -4.123604E-03 -3.417416E-18  7.571256E-01  0.000000E+00
  4.686030E-02 -1.760453E-02  5.000000E-01  4.733515E-02 -1.768912E-02  0.000000E+00  1.419493E-02 -4.267287E-03  1.010815E-17  7.033141E-01  0.000000E+00
  5.401090E-02 -1.971492E-02  5.000000E-01  5.455797E-02 -1.982082E-02  0.000000E+00  1.519603E-02 -4.396319E-03  7.735722E-18  6.488824E-01  0.000000E+00
  6.170850E-02 -2.189971E-02  5.000000E-01  6.233330E-02 -2.202767E-02  0.000000E+00  1.620187E-02 -4.498073E-03  2.060069E-18  5.934726E-01  0.000000E+00
  6.996310E-02 -2.414345E-02  5.000000E-01  7.067126E-02 -2.429407E-02  0.000000E+00  1.719483E-02 -4.557320E-03  5.006654E-19  5.363626E-01  0.000000E+00
  7.878500E-02 -2.642511E-02  5.000000E-01  7.958225E-02 -2.659878E-02  0.000000E+00  1.817016E-02 -4.568489E-03  2.055919E-19  4.776586E-01  0.000000E+00
  8.818390E-02 -2.872381E-02  5.000000E-01  8.907607E-02 -2.892069E-02  0.000000E+00  1.912969E-02 -4.530230E-03 -3.990818E-19  4.176737E-01  0.000000E+00
  9.816930E-02 -3.101487E-02  5.000000E-01  9.916231E-02 -3.123488E-02  0.000000E+00  2.006992E-02 -4.436300E-03 -1.534440E-18  3.563448E-01  0.000000E+00
  1.087500E-01 -3.326880E-02  5.000000E-01  1.098499E-01 -3.351158E-02  0.000000E+00  2.097578E-02 -4.280636E-03 -1.340560E-18  2.939573E-01  0.000000E+00
  1.199340E-01 -3.545519E-02  5.000000E-01  1.211468E-01 -3.572005E-02  0.000000E+00  2.181043E-02 -4.054075E-03 -9.502990E-19  2.310713E-01  0.000000E+00
  1.317280E-01 -3.753830E-02  5.000000E-01  1.330599E-01 -3.782420E-02  0.000000E+00  2.250640E-02 -3.741911E-03 -4.675057E-19  1.684114E-01  0.000000E+00
  1.441380E-01 -3.947666E-02  5.000000E-01  1.455952E-01 -3.978213E-02  0.000000E+00  2.297999E-02 -3.338371E-03  1.843313E-18  1.077077E-01  0.000000E+00
  1.441380E-01 -3.947666E-02  5.000000E-01  1.455952E-01 -3.978213E-02  0.000000E+00  2.297999E-02 -3.338371E-03  1.843313E-18  1.077077E-01  0.000000E+00
  1.571670E-01 -4.122938E-02  5.000000E-01  1.587558E-01 -4.155255E-02  0.000000E+00  2.316855E-02 -2.855169E-03  2.461642E-18  5.163265E-02  0.000000E+00
  1.708170E-01 -4.275757E-02  5.000000E-01  1.725437E-01 -4.309617E-02  0.000000E+00  2.308919E-02 -2.327918E-03  8.319346E-19  3.179511E-03  0.000000E+00
  1.850860E-01 -4.403521E-02  5.000000E-01  1.869568E-01 -4.438672E-02  0.000000E+00  2.289341E-02 -1.825988E-03 -2.051013E-19 -3.507115E-02  0.000000E+00
  1.999720E-01 -4.507279E-02  5.000000E-01  2.019931E-01 -4.543477E-02  0.000000E+00  2.285344E-02 -1.441766E-03 -5.531174E-19 -6.264086E-02  0.000000E+00
  2.154670E-01 -4.594484E-02  5.000000E-01  2.176446E-01 -4.631563E-02  0.000000E+00  2.320281E-02 -1.209502E-03 -1.652197E-19 -8.588484E-02  0.000000E+00
  2.315610E-01 -4.672094E-02  5.000000E-01  2.339011E-01 -4.709957E-02  0.000000E+00  2.394699E-02 -1.028854E-03  1.440376E-18 -1.191374E-01  0.000000E+00
  2.482400E-01 -4.735840E-02  5.000000E-01  2.507485E-01 -4.774347E-02  0.000000E+00  2.491408E-02 -7.756288E-04  1.143605E-18 -1.712438E-01  0.000000E+00
  2.654840E-01 -4.778073E-02  5.000000E-01  2.681667E-01 -4.817006E-02  0.000000E+00  2.582895E-02 -3.880705E-04 -1.380753E-19 -2.388091E-01  0.000000E+00
  2.832720E-01 -4.788687E-02  5.000000E-01  2.861343E-01 -4.827728E-02  0.000000E+00  2.626185E-02  1.591281E-04  3.365736E-19 -3.121292E-01  0.000000E+00
  3.015770E-01 -4.755879E-02  5.000000E-01  3.046242E-01 -4.794588E-02  0.000000E+00  2.570605E-02  8.295979E-04  1.771924E-18 -3.767395E-01  0.000000E+00
  3.203660E-01 -4.667130E-02  5.000000E-01  3.236029E-01 -4.704943E-02  0.000000E+00  2.386420E-02  1.506306E-03  3.516199E-18 -4.136392E-01  0.000000E+00
  3.396030E-01 -4.510975E-02  5.000000E-01  3.430342E-01 -4.547211E-02  0.000000E+00  2.099424E-02  2.012104E-03  4.142173E-18 -4.021096E-01  0.000000E+00
  3.592490E-01 -4.287138E-02  5.000000E-01  3.628786E-01 -4.321113E-02  0.000000E+00  1.783419E-02  2.240644E-03  1.681099E-18 -3.334330E-01  0.000000E+00
  3.792580E-01 -4.006589E-02  5.000000E-01  3.830897E-01 -4.037731E-02  0.000000E+00  1.505161E-02  2.244388E-03 -3.105160E-19 -2.246261E-01  0.000000E+00
  3.995810E-01 -3.682882E-02  5.000000E-01  4.036179E-01 -3.710755E-02  0.000000E+00  1.293914E-02  2.134317E-03  5.863140E-19 -1.081952E-01  0.000000E+00
  4.201670E-01 -3.331689E-02  5.000000E-01  4.244118E-01 -3.356015E-02  0.000000E+00  1.149610E-02  1.982117E-03 -3.050701E-20 -9.469251E-03  0.000000E+00
  4.409600E-01 -2.970316E-02  5.000000E-01  4.454148E-01 -2.990993E-02  0.000000E+00  1.058583E-02  1.822071E-03 -1.276551E-18  6.364859E-02  0.000000E+00
  4.619030E-01 -2.614120E-02  5.000000E-01  4.665693E-01 -2.631200E-02  0.000000E+00  1.005057E-02  1.680402E-03 -9.108807E-19  1.146526E-01  0.000000E+00
  4.829360E-01 -2.268789E-02  5.000000E-01  4.878147E-01 -2.282381E-02  0.000000E+00  9.759875E-03  1.567308E-03  3.451552E-19  1.511255E-01  0.000000E+00
  5.039990E-01 -1.937842E-02  5.000000E-01  5.090904E-01 -1.948092E-02  0.000000E+00  9.633056E-03  1.473553E-03  9.509499E-20  1.801814E-01  0.000000E+00
  5.250310E-01 -1.624603E-02  5.000000E-01  5.303348E-01 -1.631690E-02  0.000000E+00  9.619108E-03  1.388946E-03  9.076785E-19  2.047263E-01  0.000000E+00
  5.459710E-01 -1.331695E-02  5.000000E-01  5.514863E-01 -1.335824E-02  0.000000E+00  9.679432E-03  1.308638E-03  1.514450E-18  2.247784E-01  0.000000E+00
  5.667600E-01 -1.060397E-02  5.000000E-01  5.724852E-01 -1.061786E-02  0.000000E+00  9.783536E-03  1.232280E-03 -1.478401E-19  2.400515E-01  0.000000E+00
  4.704230E-01  5.228579E-02  5.000000E-01  4.751753E-01  5.290701E-02  0.000000E+00  2.380479E-02  7.872875E-04 -6.019185E-18 -1.072133E+00  0.000000E+00
  4.494880E-01  5.138347E-02  5.000000E-01  4.540289E-01  5.199558E-02  0.000000E+00  2.401802E-02  1.422048E-03 -2.933684E-18 -1.007196E+00  0.000000E+00
  4.286690E-01  4.982302E-02  5.000000E-01  4.329997E-01  5.041937E-02  0.000000E+00  2.345833E-02  2.118922E-03  7.171373E-19 -9.250335E-01  0.000000E+00
  4.080230E-01  4.762172E-02  5.000000E-01  4.121452E-01  4.819584E-02  0.000000E+00  2.216855E-02  2.589392E-03  3.732172E-18 -8.502570E-01  0.000000E+00
  3.876050E-01  4.500318E-02  5.000000E-01  3.915210E-01  4.555086E-02  0.000000E+00  2.049381E-02  2.736554E-03  5.609711E-18 -8.010105E-01  0.000000E+00
  3.674690E-01  4.219177E-02  5.000000E-01  3.711816E-01  4.271106E-02  0.000000E+00  1.889782E-02  2.647243E-03  7.270423E-18 -7.848693E-01  0.000000E+00
  3.476650E-01  3.939941E-02  5.000000E-01  3.511776E-01  3.989050E-02  0.000000E+00  1.773637E-02  2.426011E-03  8.805183E-18 -8.031771E-01  0.000000E+00
  3.282390E-01  3.681937E-02  5.000000E-01  3.315554E-01  3.728440E-02  0.000000E+00  1.723536E-02  2.159439E-03  1.035283E-17 -8.497927E-01  0.000000E+00
  3.092330E-01  3.458261E-02  5.000000E-01  3.123575E-01  3.502505E-02  0.000000E+00  1.749455E-02  1.930445E-03  7.477721E-18 -9.102899E-01  0.000000E+00
  2.906860E-01  3.267485E-02  5.000000E-01  2.936232E-01  3.309803E-02  0.000000E+00  1.838816E-02  1.777254E-03  2.524835E-18 -9.700593E-01  0.000000E+00
  2.726330E-01  3.104042E-02  5.000000E-01  2.753879E-01  3.144709E-02  0.000000E+00  1.957473E-02  1.679808E-03 -5.029238E-18 -1.021362E+00  0.000000E+00
  2.551020E-01  2.961636E-02  5.000000E-01  2.576798E-01  3.000864E-02  0.000000E+00  2.070352E-02  1.616711E-03 -1.765914E-17 -1.061663E+00  0.000000E+00
  2.381210E-01  2.834252E-02  5.000000E-01  2.405274E-01  2.872194E-02  0.000000E+00  2.157218E-02  1.584779E-03 -3.392991E-17 -1.091381E+00  0.000000E+00
  2.217090E-01  2.716296E-02  5.000000E-01  2.239496E-01  2.753047E-02  0.000000E+00  2.214691E-02  1.587499E-03 -5.686053E-17 -1.112608E+00  0.000000E+00
  2.058840E-01  2.603196E-02  5.000000E-01  2.079648E-01  2.638805E-02  0.000000E+00  2.247785E-02  1.608776E-03 -9.166649E-17 -1.129214E+00  0.000000E+00
  1.906600E-01  2.493803E-02  5.000000E-01  1.925871E-01  2.528307E-02  0.000000E+00  2.264389E-02  1.616207E-03 -1.444046E-16 -1.145640E+00  0.000000E+00
  1.760460E-01  2.389931E-02  5.000000E-01  1.778255E-01  2.423387E-02  0.000000E+00  2.276888E-02  1.609544E-03 -2.262511E-16 -1.163370E+00  0.000000E+00
  1.620500E-01  2.291517E-02  5.000000E-01  1.636881E-01  2.323978E-02  0.000000E+00  2.296609E-02  1.619012E-03 -3.551451E-16 -1.180926E+00  0.000000E+00
  1.486750E-01  2.197060E-02  5.000000E-01  1.501781E-01  2.228567E-02  0.000000E+00  2.326097E-02  1.665078E-03 -5.574526E-16 -1.196699E+00  0.000000E+00
  1.359210E-01  2.104608E-02  5.000000E-01  1.372953E-01  2.135181E-02  0.000000E+00  2.360943E-02  1.752165E-03 -8.727215E-16 -1.209970E+00  0.000000E+00
  1.237890E-01  2.012535E-02  5.000000E-01  1.250407E-01  2.042179E-02  0.000000E+00  2.395344E-02  1.877670E-03 -1.362551E-15 -1.220760E+00  0.000000E+00
  1.122730E-01  1.919443E-02  5.000000E-01  1.134084E-01  1.948146E-02  0.000000E+00  2.425516E-02  2.037031E-03 -2.124389E-15 -1.229561E+00  0.000000E+00
  1.013710E-01  1.824473E-02  5.000000E-01  1.023963E-01  1.852218E-02  0.000000E+00  2.450023E-02  2.223711E-03 -3.309721E-15 -1.237198E+00  0.000000E+00
  9.107400E-02  1.727284E-02  5.000000E-01  9.199536E-02  1.754047E-02  0.000000E+00  2.469523E-02  2.435504E-03 -5.151717E-15 -1.244372E+00  0.000000E+00
  9.107400E-02  1.727284E-02  5.000000E-01  9.199536E-02  1.754047E-02  0.000000E+00  2.469523E-02  2.435504E-03 -5.151717E-15 -1.244372E+00  0.000000E+00
  8.137660E-02  1.627568E-02  5.000000E-01  8.220003E-02  1.653324E-02  0.000000E+00  2.484679E-02  2.669113E-03 -8.005092E-15 -1.251849E+00  0.000000E+00
  7.227050E-02  1.525554E-02  5.000000E-01  7.300197E-02  1.550280E-02  0.000000E+00  2.495456E-02  2.917164E-03 -1.240510E-14 -1.260576E+00  0.000000E+00
  6.374670E-02  1.421778E-02  5.000000E-01  6.439209E-02  1.445456E-02  0.000000E+00  2.502304E-02  3.178372E-03 -1.910267E-14 -1.271187E+00  0.000000E+00
  5.579720E-02  1.316615E-02  5.000000E-01  5.636230E-02  1.339231E-02  0.000000E+00  2.504412E-02  3.446843E-03 -2.901275E-14 -1.284538E+00  0.000000E+00
  4.841260E-02  1.210990E-02  5.000000E-01  4.890313E-02  1.232539E-02  0.000000E+00  2.500561E-02  3.714964E-03 -4.298343E-14 -1.301560E+00  0.000000E+00
  4.158390E-02  1.105759E-02  5.000000E-01  4.200547E-02  1.126246E-02  0.000000E+00  2.489971E-02  3.984690E-03 -6.112039E-14 -1.322657E+00  0.000000E+00
  3.530370E-02  1.001481E-02  5.000000E-01  3.566184E-02  1.020914E-02  0.000000E+00  2.468014E-02  4.245058E-03 -8.161621E-14 -1.348630E+00  0.000000E+00
  2.956270E-02  8.991919E-03  5.000000E-01  2.986287E-02  9.175923E-03  0.000000E+00  2.426000E-02  4.478334E-03 -9.973180E-14 -1.380098E+00  0.000000E+00
  2.435310E-02  7.996186E-03  5.000000E-01  2.460066E-02  8.170135E-03  0.000000E+00  2.348582E-02  4.666333E-03 -1.079255E-13 -1.416555E+00  0.000000E+00
  1.967110E-02  7.028539E-03  5.000000E-01  1.987137E-02  7.192716E-03  0.000000E+00  2.206141E-02  4.737025E-03 -9.855490E-14 -1.458235E+00  0.000000E+00
  1.550860E-02  6.096770E-03  5.000000E-01  1.566684E-02  6.251537E-03  0.000000E+00  1.972787E-02  4.603658E-03 -7.026787E-14 -1.505236E+00  0.000000E+00
  1.185930E-02  5.204964E-03  5.000000E-01  1.198068E-02  5.350725E-03  0.000000E+00  1.667481E-02  4.280916E-03 -3.320688E-14 -1.555479E+00  0.000000E+00
  8.724160E-03  4.349224E-03  5.000000E-01  8.813883E-03  4.486343E-03  0.000000E+00  1.389915E-02  4.001158E-03 -4.488541E-15 -1.606832E+00  0.000000E+00
  6.091130E-03  3.538277E-03  5.000000E-01  6.154262E-03  3.667206E-03  0.000000E+00  1.331373E-02  4.465686E-03  4.491091E-15 -1.653107E+00  0.000000E+00
  3.952840E-03  2.775005E-03  5.000000E-01  3.994378E-03  2.896226E-03  0.000000E+00  1.652322E-02  6.845970E-03 -3.185907E-15 -1.680862E+00  0.000000E+00
  2.330070E-03  2.045187E-03  5.000000E-01  2.355220E-03  2.159037E-03  0.000000E+00  2.246350E-02  1.206910E-02 -1.622762E-14 -1.684160E+00  0.000000E+00
  1.198080E-03  1.367895E-03  5.000000E-01  1.211798E-03  1.474906E-03  0.000000E+00  2.799072E-02  2.023976E-02 -2.772464E-14 -1.674751E+00  0.000000E+00
  5.019560E-04  7.787566E-04  5.000000E-01  5.086442E-04  8.798178E-04  0.000000E+00  3.259146E-02  3.454893E-02 -3.736783E-14 -1.683784E+00  0.000000E+00
  1.313430E-04  3.152978E-04  5.000000E-01  1.342884E-04  4.116787E-04  0.000000E+00  3.965686E-02  7.860301E-02 -5.069759E-14 -1.685513E+00  0.000000E+00
  8.078190E-06  1.367807E-05  5.000000E-01  9.778777E-06  1.070129E-04  0.000000E+00  3.473461E-02  1.840055E-01 -7.082732E-14 -1.540260E+00  0.000000E+00
 -1.602820E-06 -9.226496E-05  5.000000E-01  0.000000E+00  0.000000E+00  0.000000E+00 -3.995036E-03  2.561923E-01 -8.690746E-14 -1.228558E+00  0.000000E+00
  9.141860E-06 -2.029332E-04  5.000000E-01  1.085319E-05 -1.117858E-04  0.000000E+00 -4.947441E-02  1.977207E-01 -1.011540E-13 -5.377084E-01  0.000000E+00
  1.696960E-04 -5.443291E-04  5.000000E-01  1.730287E-04 -4.566294E-04  0.000000E+00 -6.416994E-02  9.544351E-02 -1.057751E-13  4.640754E-01  0.000000E+00
    1    2
    2    3
    3    4
    4    5
    5    6
    6    7
    7    8
    8    9
    9   10
   10   11
   11   12
   12   13
   13   14
   14   15
   15   16
   16   17
   17   18
   18   19
   19   20
   20   21
   21   22
   22   23
   23   24
   25   26
   26   27
   27   28
   28   29
   29   30
   30   31
   31   32
   32   33
   33   34
   34   35
   35   36
   36   37
   37   38
   38   39
   39   40
   40   41
   41   42
   42   43
   43   44
   44   45
   45   46
   46   47
   47   48
   49   50
   50   51
   51   52
   52   53
   53   54
   54   55
   55   56
   56   57
   57   58
   58   59
   59   60
   60   61
   61   62
   62   63
   63   64
   64   65
   65   66
   66   67
   67   68
   68   69
   69   70
   70   71
   71   72
   73   74
   74   75
   75   76
   76   77
   77   78
   78   79
   79   80
   80   81
   81   82
   82   83
   83   84
   84   85
   85   86
   86   87
   87   88
   88   89
   89   90
   90   91
   91   92
   92   93
   93   94
   94   95
   95   96
   97   98
   98   99
   99  100
  100  101
  101  102
  102  103
  103  104
  104  105
  105  106
  106  107
  107  108
  108  109
  109  110
  110  111
  111  112
  112  113
  113  114
  114  115
  115  116
  116  117
  117  118
  118  119
  119  120
  121  122
  122  123
  123  124
  124  125
  125  126
  126  127
  127  128
  128  129
  129  130
  130  131
  131  132
  132  133
  133  134
  134  135
  135  136
  136  137
  137  138
  138  139
  139  140
  140  141
  141  142
  142  143
  143  144
  145  146
  146  147
  147  148
  148  149
  149  150
  150  151
  151  152
  152  153
  153  154
  154  155
  155  156
  156  157
  157  158
  158  159
  159  160
  160  161
  161  162
  162  163
  163  164
  164  165
  165  166
  166  167
  167  168
  169  170
  170  171
  171  172
  172  173
  173  174
  174  175
  175  176
  176  177
  177  178
  178  179
  179  180
  180  181
  181  182
  182  183
  183  184
  184  185
  185  186
  186  187
  187  188
  188  189
  189  190
  190  191
  191  192
