 Title = "ADflow Slice Data"
Variables =  "CoordinateX"  "CoordinateY"  "CoordinateZ"  "XoC"  "YoC"  "ZoC" "VelocityX" "VelocityY" "VelocityZ" "CoefPressure" "Mach" 
Zone T= "Slice_0001 None Absolute Regular z = 0.50000000"
 Nodes =          192  Elements=          184  ZONETYPE=FELINESEG
 DATAPACKING=POINT
  5.667600E-01 -1.511052E-02  5.000000E-01  5.724853E-01 -1.522413E-02  0.000000E+00  1.340206E-02  1.529658E-03  5.725842E-18  1.002991E-01  0.000000E+00
  5.873410E-01 -1.274881E-02  5.000000E-01  5.932741E-01 -1.283856E-02  0.000000E+00  1.289810E-02  1.478669E-03 -4.176445E-18  1.232539E-01  0.000000E+00
  6.076580E-01 -1.042205E-02  5.000000E-01  6.137963E-01 -1.048831E-02  0.000000E+00  1.245634E-02  1.417145E-03 -5.808225E-18  1.451108E-01  0.000000E+00
  6.276600E-01 -8.162300E-03  5.000000E-01  6.340003E-01 -8.205736E-03  0.000000E+00  1.207391E-02  1.349150E-03 -1.276009E-18  1.653314E-01  0.000000E+00
  6.472970E-01 -5.993607E-03  5.000000E-01  6.538356E-01 -6.015142E-03  0.000000E+00  1.174102E-02  1.279529E-03  5.442836E-18  1.835796E-01  0.000000E+00
  6.665260E-01 -3.927464E-03  5.000000E-01  6.732588E-01 -3.928133E-03  0.000000E+00  1.144728E-02  1.210730E-03  1.137442E-17  2.000713E-01  0.000000E+00
  6.853050E-01 -1.973354E-03  5.000000E-01  6.922274E-01 -1.954289E-03  0.000000E+00  1.118673E-02  1.140129E-03  1.293473E-17  2.156024E-01  0.000000E+00
  7.035980E-01 -1.484682E-04  5.000000E-01  7.107052E-01 -1.109736E-04  0.000000E+00  1.094950E-02  1.065071E-03  9.824024E-18  2.305094E-01  0.000000E+00
  7.213750E-01  1.535257E-03  5.000000E-01  7.286617E-01  1.589755E-03  0.000000E+00  1.071305E-02  9.859725E-04  4.419131E-18  2.444499E-01  0.000000E+00
  7.386080E-01  3.073548E-03  5.000000E-01  7.460687E-01  3.143581E-03  0.000000E+00  1.044849E-02  9.049683E-04 -5.344902E-19  2.573433E-01  0.000000E+00
  7.552750E-01  4.471504E-03  5.000000E-01  7.629040E-01  4.555655E-03  0.000000E+00  1.013780E-02  8.263065E-04 -2.862580E-18  2.696179E-01  0.000000E+00
  7.713580E-01  5.741954E-03  5.000000E-01  7.791495E-01  5.838935E-03  0.000000E+00  9.793787E-03  7.517989E-04 -2.644066E-18  2.818320E-01  0.000000E+00
  7.868410E-01  6.895865E-03  5.000000E-01  7.947888E-01  7.004499E-03  0.000000E+00  9.483441E-03  6.641233E-04 -5.408029E-18  2.957095E-01  0.000000E+00
  8.017160E-01  7.873254E-03  5.000000E-01  8.098140E-01  7.991759E-03  0.000000E+00  9.307915E-03  5.403925E-04 -1.214196E-17  3.115889E-01  0.000000E+00
  8.159740E-01  8.590733E-03  5.000000E-01  8.242160E-01  8.716483E-03  0.000000E+00  9.330858E-03  3.860531E-04 -1.420684E-17  3.245031E-01  0.000000E+00
  8.296120E-01  9.030642E-03  5.000000E-01  8.379918E-01  9.160835E-03  0.000000E+00  9.556049E-03  2.187600E-04 -8.138936E-18  3.295842E-01  0.000000E+00
  8.426300E-01  9.209225E-03  5.000000E-01  8.511412E-01  9.341222E-03  0.000000E+00  9.960065E-03  4.532696E-05 -8.996496E-19  3.267755E-01  0.000000E+00
  8.550290E-01  9.157840E-03  5.000000E-01  8.636654E-01  9.289317E-03  0.000000E+00  1.051463E-02 -1.332504E-04  1.586900E-18  3.180620E-01  0.000000E+00
  8.668160E-01  8.914203E-03  5.000000E-01  8.755715E-01  9.043220E-03  0.000000E+00  1.119080E-02 -3.158296E-04 -3.730406E-19  3.047933E-01  0.000000E+00
  8.779950E-01  8.519569E-03  5.000000E-01  8.868634E-01  8.644601E-03  0.000000E+00  1.195873E-02 -4.998548E-04 -3.216994E-18  2.875300E-01  0.000000E+00
  8.885730E-01  8.013205E-03  5.000000E-01  8.975482E-01  8.133124E-03  0.000000E+00  1.278912E-02 -6.827497E-04 -1.795974E-18  2.668604E-01  0.000000E+00
  8.985610E-01  7.428477E-03  5.000000E-01  9.076371E-01  7.542491E-03  0.000000E+00  1.364938E-02 -8.577658E-04  1.464186E-18  2.433061E-01  0.000000E+00
  9.079670E-01  6.799156E-03  5.000000E-01  9.171381E-01  6.906814E-03  0.000000E+00  1.450022E-02 -1.012534E-03 -4.620367E-18  2.173290E-01  0.000000E+00
  9.168010E-01  6.157746E-03  5.000000E-01  9.260613E-01  6.258926E-03  0.000000E+00  1.530403E-02 -1.137910E-03 -5.340160E-18  1.899869E-01  0.000000E+00
  9.168010E-01  6.157746E-03  5.000000E-01  9.260613E-01  6.258926E-03  0.000000E+00  1.530403E-02 -1.137910E-03 -5.340160E-18  1.899869E-01  0.000000E+00
  9.250730E-01  5.529049E-03  5.000000E-01  9.344168E-01  5.623881E-03  0.000000E+00  1.603760E-02 -1.235126E-03 -8.308507E-18  1.628043E-01  0.000000E+00
  9.327940E-01  4.927306E-03  5.000000E-01  9.422158E-01  5.016060E-03  0.000000E+00  1.670044E-02 -1.315883E-03 -8.493650E-18  1.370948E-01  0.000000E+00
  9.399760E-01  4.355792E-03  5.000000E-01  9.494703E-01  4.438774E-03  0.000000E+00  1.730878E-02 -1.391721E-03  1.588811E-18  1.131272E-01  0.000000E+00
  9.466320E-01  3.815209E-03  5.000000E-01  9.561935E-01  3.892732E-03  0.000000E+00  1.788276E-02 -1.467169E-03  5.496728E-18  9.016363E-02  0.000000E+00
  9.527730E-01  3.306378E-03  5.000000E-01  9.623965E-01  3.378763E-03  0.000000E+00  1.844710E-02 -1.548723E-03  1.155476E-17  6.766468E-02  0.000000E+00
  9.584110E-01  2.827161E-03  5.000000E-01  9.680915E-01  2.894706E-03  0.000000E+00  1.903447E-02 -1.647030E-03  1.403022E-17  4.539798E-02  0.000000E+00
  9.635570E-01  2.374323E-03  5.000000E-01  9.732895E-01  2.437295E-03  0.000000E+00  1.967878E-02 -1.767970E-03  2.191146E-20  2.264584E-02  0.000000E+00
  9.682220E-01  1.946797E-03  5.000000E-01  9.780016E-01  2.005452E-03  0.000000E+00  2.041217E-02 -1.912180E-03 -4.662845E-17 -1.680375E-03  0.000000E+00
  9.724140E-01  1.545863E-03  5.000000E-01  9.822359E-01  1.600468E-03  0.000000E+00  2.128266E-02 -2.087665E-03 -1.353866E-16 -2.821131E-02  0.000000E+00
  9.761430E-01  1.171443E-03  5.000000E-01  9.860026E-01  1.222267E-03  0.000000E+00  2.237237E-02 -2.311587E-03 -2.639799E-16 -5.739928E-02  0.000000E+00
  9.794160E-01  8.242727E-04  5.000000E-01  9.893086E-01  8.715908E-04  0.000000E+00  2.378332E-02 -2.597369E-03 -4.490819E-16 -9.032557E-02  0.000000E+00
  9.822400E-01  5.074310E-04  5.000000E-01  9.921611E-01  5.515495E-04  0.000000E+00  2.556644E-02 -2.947204E-03 -7.636165E-16 -1.284435E-01  0.000000E+00
  9.846200E-01  2.260663E-04  5.000000E-01  9.945652E-01  2.673433E-04  0.000000E+00  2.759070E-02 -3.347878E-03 -1.108948E-15 -1.721022E-01  0.000000E+00
  9.865620E-01 -1.453517E-05  5.000000E-01  9.965268E-01  2.431199E-05  0.000000E+00  2.940973E-02 -3.711603E-03 -1.282250E-15 -2.194110E-01  0.000000E+00
  9.880680E-01 -2.086054E-04  5.000000E-01  9.980480E-01 -1.717181E-04  0.000000E+00  2.987576E-02 -3.826726E-03 -1.119410E-14 -2.766201E-01  0.000000E+00
  9.891420E-01 -3.514235E-04  5.000000E-01  9.991328E-01 -3.159786E-04  0.000000E+00  2.812862E-02 -3.911170E-03 -8.911267E-14 -3.435050E-01  0.000000E+00
  9.897860E-01 -4.389484E-04  5.000000E-01  9.997833E-01 -4.043874E-04  0.000000E+00  3.788641E-02 -4.013307E-03 -2.869341E-13 -2.894010E-01  0.000000E+00
  9.900000E-01 -4.683020E-04  5.000000E-01  9.999995E-01 -4.340374E-04  0.000000E+00  2.618860E-02  5.267599E-03  1.456344E-13 -5.820258E-01  0.000000E+00
  9.900000E-01 -1.843752E-04  5.000000E-01  9.999995E-01 -1.472432E-04  0.000000E+00  1.229789E-03 -7.885282E-03  2.877508E-13 -8.088192E-01  0.000000E+00
  9.900000E-01  9.955170E-05  5.000000E-01  9.999995E-01  1.395510E-04  0.000000E+00 -4.468953E-04 -2.274871E-02 -1.019138E-13 -6.283690E-01  0.000000E+00
  9.900000E-01  3.834786E-04  5.000000E-01  9.999995E-01  4.263452E-04  0.000000E+00 -1.436034E-04 -8.862936E-03 -3.507269E-14 -6.283247E-01  0.000000E+00
  9.900000E-01  6.674054E-04  5.000000E-01  9.999995E-01  7.131394E-04  0.000000E+00  4.646638E-04 -5.229886E-03  2.123609E-15 -6.882058E-01  0.000000E+00
  9.900000E-01  9.513323E-04  5.000000E-01  9.999995E-01  9.999336E-04  0.000000E+00  6.797424E-03 -6.632457E-03 -1.111890E-15 -6.299546E-01  0.000000E+00
  9.900000E-01  9.513323E-04  5.000000E-01  9.999995E-01  9.999336E-04  0.000000E+00  6.797424E-03 -6.632457E-03 -1.111890E-15 -6.299546E-01  0.000000E+00
  9.897890E-01  1.017904E-03  5.000000E-01  9.997864E-01  1.067178E-03  0.000000E+00  9.015899E-03 -3.469634E-03 -4.577717E-15 -5.523940E-01  0.000000E+00
  9.891540E-01  1.218674E-03  5.000000E-01  9.991450E-01  1.269975E-03  0.000000E+00  4.567888E-03 -1.351314E-03 -1.572249E-15 -5.709964E-01  0.000000E+00
  9.880950E-01  1.555408E-03  5.000000E-01  9.980753E-01  1.610110E-03  0.000000E+00  3.024914E-03 -9.609638E-04  5.190387E-16 -5.705563E-01  0.000000E+00
  9.866100E-01  2.031334E-03  5.000000E-01  9.965753E-01  2.090842E-03  0.000000E+00  1.983888E-03 -6.498219E-04  1.522153E-16 -5.626563E-01  0.000000E+00
  9.846960E-01  2.650664E-03  5.000000E-01  9.946419E-01  2.716426E-03  0.000000E+00  9.960385E-04 -3.235054E-04  1.580893E-17 -5.590182E-01  0.000000E+00
  9.823490E-01  3.418253E-03  5.000000E-01  9.922712E-01  3.491768E-03  0.000000E+00  1.851108E-04 -5.922675E-05  4.273147E-17 -5.580385E-01  0.000000E+00
  9.795670E-01  4.338751E-03  5.000000E-01  9.894611E-01  4.421561E-03  0.000000E+00 -4.277176E-04  1.426945E-04  4.879195E-17 -5.582801E-01  0.000000E+00
  9.763420E-01  5.417937E-03  5.000000E-01  9.862036E-01  5.511646E-03  0.000000E+00 -8.715111E-04  2.932577E-04  2.775114E-17 -5.597244E-01  0.000000E+00
  9.726710E-01  6.659547E-03  5.000000E-01  9.824955E-01  6.765795E-03  0.000000E+00 -1.170577E-03  3.976870E-04  7.619546E-18 -5.622580E-01  0.000000E+00
  9.685460E-01  8.066757E-03  5.000000E-01  9.783288E-01  8.187216E-03  0.000000E+00 -1.342195E-03  4.594648E-04 -1.614262E-18 -5.654612E-01  0.000000E+00
  9.639600E-01  9.641712E-03  5.000000E-01  9.736965E-01  9.778076E-03  0.000000E+00 -1.402995E-03  4.831551E-04 -3.745037E-18 -5.688264E-01  0.000000E+00
  9.589060E-01  1.138656E-02  5.000000E-01  9.685915E-01  1.154054E-02  0.000000E+00 -1.373387E-03  4.750263E-04 -3.417002E-18 -5.718776E-01  0.000000E+00
  9.533750E-01  1.330248E-02  5.000000E-01  9.630046E-01  1.347581E-02  0.000000E+00 -1.279227E-03  4.434033E-04 -3.278697E-18 -5.742511E-01  0.000000E+00
  9.473580E-01  1.538822E-02  5.000000E-01  9.569269E-01  1.558262E-02  0.000000E+00 -1.150341E-03  3.984347E-04 -2.805652E-18 -5.757617E-01  0.000000E+00
  9.408450E-01  1.764046E-02  5.000000E-01  9.503481E-01  1.785761E-02  0.000000E+00 -1.016941E-03  3.508179E-04 -5.009105E-20 -5.764387E-01  0.000000E+00
  9.338260E-01  2.005391E-02  5.000000E-01  9.432582E-01  2.029542E-02  0.000000E+00 -9.057238E-04  3.100479E-04  4.429342E-18 -5.765104E-01  0.000000E+00
  9.262910E-01  2.262011E-02  5.000000E-01  9.356471E-01  2.288754E-02  0.000000E+00 -8.372706E-04  2.831547E-04  9.395510E-18 -5.763294E-01  0.000000E+00
  9.182290E-01  2.532625E-02  5.000000E-01  9.275037E-01  2.562101E-02  0.000000E+00 -8.254908E-04  2.742220E-04  1.366138E-17 -5.762661E-01  0.000000E+00
  9.096280E-01  2.815462E-02  5.000000E-01  9.188158E-01  2.847794E-02  0.000000E+00 -8.780731E-04  2.844924E-04  1.381656E-17 -5.766812E-01  0.000000E+00
  9.004770E-01  3.108173E-02  5.000000E-01  9.095724E-01  3.143462E-02  0.000000E+00 -9.968487E-04  3.125890E-04  1.360148E-17 -5.778898E-01  0.000000E+00
  8.907650E-01  3.407666E-02  5.000000E-01  8.997623E-01  3.445979E-02  0.000000E+00 -1.179032E-03  3.541945E-04  1.009057E-17 -5.799772E-01  0.000000E+00
  8.804800E-01  3.709801E-02  5.000000E-01  8.893735E-01  3.751165E-02  0.000000E+00 -1.417791E-03  4.016460E-04 -1.656662E-17 -5.828437E-01  0.000000E+00
  8.696090E-01  4.009001E-02  5.000000E-01  8.783927E-01  4.053387E-02  0.000000E+00 -1.698846E-03  4.455037E-04 -3.487244E-17 -5.864245E-01  0.000000E+00
  8.696090E-01  4.009001E-02  5.000000E-01  8.783927E-01  4.053387E-02  0.000000E+00 -1.698846E-03  4.455037E-04 -3.487244E-17 -5.864245E-01  0.000000E+00
  8.581400E-01  4.298061E-02  5.000000E-01  8.668079E-01  4.345366E-02  0.000000E+00 -2.002164E-03  4.768412E-04 -7.397648E-17 -5.897327E-01  0.000000E+00
  8.460600E-01  4.568563E-02  5.000000E-01  8.546059E-01  4.618599E-02  0.000000E+00 -2.309970E-03  4.855106E-04 -8.108614E-17 -5.905678E-01  0.000000E+00
  8.333640E-01  4.812520E-02  5.000000E-01  8.417817E-01  4.865020E-02  0.000000E+00 -2.567299E-03  4.509472E-04 -2.136652E-17 -5.921147E-01  0.000000E+00
  8.200460E-01  5.022376E-02  5.000000E-01  8.283292E-01  5.076996E-02  0.000000E+00 -2.541109E-03  3.449719E-04 -1.382907E-17 -6.136114E-01  0.000000E+00
  8.061050E-01  5.191389E-02  5.000000E-01  8.142474E-01  5.247715E-02  0.000000E+00 -1.650207E-03  1.623432E-04 -2.704943E-17 -6.843010E-01  0.000000E+00
  7.915460E-01  5.316987E-02  5.000000E-01  7.995413E-01  5.374582E-02  0.000000E+00  9.877044E-04 -5.224638E-05  2.547954E-17 -8.102514E-01  0.000000E+00
  7.763770E-01  5.403093E-02  5.000000E-01  7.842191E-01  5.461557E-02  0.000000E+00  5.983564E-03 -2.163352E-04  8.269260E-17 -9.515928E-01  0.000000E+00
  7.606070E-01  5.456640E-02  5.000000E-01  7.682899E-01  5.515646E-02  0.000000E+00  1.260105E-02 -2.328944E-04  4.014402E-17 -1.050155E+00  0.000000E+00
  7.442510E-01  5.478362E-02  5.000000E-01  7.517687E-01  5.537587E-02  0.000000E+00  1.844864E-02 -4.558986E-05 -4.285171E-17 -1.081655E+00  0.000000E+00
  7.273250E-01  5.470044E-02  5.000000E-01  7.346718E-01  5.529185E-02  0.000000E+00  2.145542E-02  2.552873E-04 -6.307813E-17 -1.067406E+00  0.000000E+00
  7.098490E-01  5.436932E-02  5.000000E-01  7.170193E-01  5.495738E-02  0.000000E+00  2.168057E-02  4.865744E-04 -3.291731E-17 -1.042442E+00  0.000000E+00
  6.918480E-01  5.388630E-02  5.000000E-01  6.988365E-01  5.446948E-02  0.000000E+00  2.054081E-02  5.369190E-04 -8.989758E-18 -1.031351E+00  0.000000E+00
  6.733520E-01  5.340146E-02  5.000000E-01  6.801537E-01  5.397975E-02  0.000000E+00  1.933496E-02  3.958196E-04 -3.697153E-18 -1.044855E+00  0.000000E+00
  6.543930E-01  5.311428E-02  5.000000E-01  6.610032E-01  5.368967E-02  0.000000E+00  1.875868E-02  1.287196E-04 -7.112473E-18 -1.079490E+00  0.000000E+00
  6.350090E-01  5.314432E-02  5.000000E-01  6.414235E-01  5.372002E-02  0.000000E+00  1.903837E-02 -1.473690E-04 -1.183068E-17 -1.119901E+00  0.000000E+00
  6.152440E-01  5.342421E-02  5.000000E-01  6.214589E-01  5.400273E-02  0.000000E+00  1.996726E-02 -3.489322E-04 -1.385330E-17 -1.151572E+00  0.000000E+00
  5.951420E-01  5.384381E-02  5.000000E-01  6.011539E-01  5.442657E-02  0.000000E+00  2.109074E-02 -4.394119E-04 -1.334307E-17 -1.167544E+00  0.000000E+00
  5.747530E-01  5.427261E-02  5.000000E-01  5.805590E-01  5.485970E-02  0.000000E+00  2.204106E-02 -3.832944E-04 -7.560007E-18 -1.165359E+00  0.000000E+00
  5.541290E-01  5.456577E-02  5.000000E-01  5.597267E-01  5.515582E-02  0.000000E+00  2.264915E-02 -1.690815E-04 -3.325471E-20 -1.146452E+00  0.000000E+00
  5.333260E-01  5.458559E-02  5.000000E-01  5.387136E-01  5.517584E-02  0.000000E+00  2.285374E-02  1.307818E-04 -2.102907E-18 -1.118238E+00  0.000000E+00
  5.124010E-01  5.432154E-02  5.000000E-01  5.175773E-01  5.490912E-02  0.000000E+00  2.270530E-02  4.096762E-04 -1.391487E-17 -1.090269E+00  0.000000E+00
  4.914140E-01  5.382395E-02  5.000000E-01  4.963783E-01  5.440650E-02  0.000000E+00  2.238767E-02  6.235643E-04 -1.799297E-17 -1.067962E+00  0.000000E+00
  4.704230E-01  5.314889E-02  5.000000E-01  4.751754E-01  5.372463E-02  0.000000E+00  2.207991E-02  7.706446E-04 -1.210084E-17 -1.053366E+00  0.000000E+00
  1.696960E-04 -4.812944E-04  5.000000E-01  1.730287E-04 -4.471610E-04  0.000000E+00 -6.436596E-02  9.283062E-02 -4.487987E-13  5.406820E-01  0.000000E+00
  8.054360E-04 -9.786407E-04  5.000000E-01  8.151890E-04 -9.495300E-04  0.000000E+00 -4.693647E-02  3.287539E-02 -1.937083E-13  1.106682E+00  0.000000E+00
  1.973980E-03 -1.585852E-03  5.000000E-01  1.995534E-03 -1.562874E-03  0.000000E+00 -2.105814E-02  1.048806E-02 -1.970303E-14  1.176587E+00  0.000000E+00
  3.614630E-03 -2.300899E-03  5.000000E-01  3.652753E-03 -2.285142E-03  0.000000E+00 -4.062777E-03  1.776996E-03  1.026438E-14  1.152971E+00  0.000000E+00
  5.721210E-03 -3.132210E-03  5.000000E-01  5.780607E-03 -3.124847E-03  0.000000E+00  5.013619E-03 -1.862534E-03  7.989161E-15  1.122665E+00  0.000000E+00
  8.297500E-03 -4.077305E-03  5.000000E-01  8.382914E-03 -4.079488E-03  0.000000E+00  9.324081E-03 -3.268365E-03  5.135372E-15  1.078355E+00  0.000000E+00
  1.136560E-02 -5.116586E-03  5.000000E-01  1.148200E-02 -5.129264E-03  0.000000E+00  1.109332E-02 -3.620453E-03  2.961083E-15  1.023941E+00  0.000000E+00
  1.493280E-02 -6.238805E-03  5.000000E-01  1.508522E-02 -6.262816E-03  0.000000E+00  1.168963E-02 -3.586485E-03  1.292628E-15  9.694354E-01  0.000000E+00
  1.899460E-02 -7.452271E-03  5.000000E-01  1.918804E-02 -7.488536E-03  0.000000E+00  1.194661E-02 -3.516841E-03  3.525428E-16  9.187392E-01  0.000000E+00
  2.354800E-02 -8.773030E-03  5.000000E-01  2.378743E-02 -8.822633E-03  0.000000E+00  1.228150E-02 -3.509116E-03 -9.355601E-18  8.688495E-01  0.000000E+00
  2.860130E-02 -1.019659E-02  5.000000E-01  2.889176E-02 -1.026057E-02  0.000000E+00  1.281310E-02 -3.548380E-03 -6.018467E-17  8.171215E-01  0.000000E+00
  3.416500E-02 -1.171187E-02  5.000000E-01  3.451165E-02 -1.179115E-02  0.000000E+00  1.352308E-02 -3.616104E-03 -1.535940E-17  7.647789E-01  0.000000E+00
  4.024810E-02 -1.330966E-02  5.000000E-01  4.065618E-02 -1.340508E-02  0.000000E+00  1.435282E-02 -3.693071E-03  2.109279E-17  7.127318E-01  0.000000E+00
  4.686030E-02 -1.497767E-02  5.000000E-01  4.733516E-02 -1.508994E-02  0.000000E+00  1.523796E-02 -3.759425E-03  3.797502E-17  6.607640E-01  0.000000E+00
  5.401090E-02 -1.670420E-02  5.000000E-01  5.455797E-02 -1.683390E-02  0.000000E+00  1.613173E-02 -3.806745E-03  5.061011E-17  6.089439E-01  0.000000E+00
  6.170850E-02 -1.848060E-02  5.000000E-01  6.233331E-02 -1.862824E-02  0.000000E+00  1.700853E-02 -3.826687E-03  6.841252E-17  5.568987E-01  0.000000E+00
  6.996310E-02 -2.029254E-02  5.000000E-01  7.067127E-02 -2.045848E-02  0.000000E+00  1.785459E-02 -3.806725E-03  9.259932E-17  5.039241E-01  0.000000E+00
  7.878500E-02 -2.212036E-02  5.000000E-01  7.958226E-02 -2.230476E-02  0.000000E+00  1.866681E-02 -3.743229E-03  1.226133E-16  4.502163E-01  0.000000E+00
  8.818390E-02 -2.394490E-02  5.000000E-01  8.907608E-02 -2.414772E-02  0.000000E+00  1.944663E-02 -3.636273E-03  1.461520E-16  3.962086E-01  0.000000E+00
  9.816930E-02 -2.574357E-02  5.000000E-01  9.916232E-02 -2.596456E-02  0.000000E+00  2.018866E-02 -3.481182E-03  1.386182E-16  3.419599E-01  0.000000E+00
  1.087500E-01 -2.748945E-02  5.000000E-01  1.098499E-01 -2.772807E-02  0.000000E+00  2.087676E-02 -3.274444E-03  1.129894E-16  2.878910E-01  0.000000E+00
  1.199340E-01 -2.915515E-02  5.000000E-01  1.211468E-01 -2.941059E-02  0.000000E+00  2.147608E-02 -3.010995E-03  2.467329E-19  2.347050E-01  0.000000E+00
  1.317280E-01 -3.070853E-02  5.000000E-01  1.330599E-01 -3.097966E-02  0.000000E+00  2.192592E-02 -2.681932E-03 -2.621143E-16  1.832503E-01  0.000000E+00
  1.441380E-01 -3.211211E-02  5.000000E-01  1.455952E-01 -3.239741E-02  0.000000E+00  2.215484E-02 -2.287138E-03 -2.612215E-16  1.353143E-01  0.000000E+00
  1.441380E-01 -3.211211E-02  5.000000E-01  1.455952E-01 -3.239741E-02  0.000000E+00  2.215484E-02 -2.287138E-03 -2.612215E-16  1.353143E-01  0.000000E+00
  1.571670E-01 -3.332927E-02  5.000000E-01  1.587558E-01 -3.362687E-02  0.000000E+00  2.211121E-02 -1.840260E-03 -4.219901E-16  9.348256E-02  0.000000E+00
  1.708170E-01 -3.432491E-02  5.000000E-01  1.725437E-01 -3.463256E-02  0.000000E+00  2.180390E-02 -1.370984E-03 -5.531786E-16  6.050318E-02  0.000000E+00
  1.850860E-01 -3.507506E-02  5.000000E-01  1.869568E-01 -3.539028E-02  0.000000E+00  2.133604E-02 -9.323383E-04 -2.980219E-16  3.875094E-02  0.000000E+00
  1.999720E-01 -3.558801E-02  5.000000E-01  2.019931E-01 -3.590841E-02  0.000000E+00  2.088767E-02 -5.927377E-04 -1.750490E-16  2.898857E-02  0.000000E+00
  2.154670E-01 -3.592902E-02  5.000000E-01  2.176446E-01 -3.625287E-02  0.000000E+00  2.060147E-02 -3.787222E-04 -1.149374E-16  2.687516E-02  0.000000E+00
  2.315610E-01 -3.616811E-02  5.000000E-01  2.339011E-01 -3.649437E-02  0.000000E+00  2.046502E-02 -2.286710E-04 -1.232919E-16  2.235412E-02  0.000000E+00
  2.482400E-01 -3.629706E-02  5.000000E-01  2.507486E-01 -3.662463E-02  0.000000E+00  2.038433E-02 -7.669695E-05 -1.252633E-16  9.949566E-03  0.000000E+00
  2.654840E-01 -3.629428E-02  5.000000E-01  2.681667E-01 -3.662182E-02  0.000000E+00  2.029390E-02  9.179736E-05 -1.044569E-16 -7.197605E-03  0.000000E+00
  2.832720E-01 -3.613504E-02  5.000000E-01  2.861343E-01 -3.646097E-02  0.000000E+00  2.015905E-02  2.741546E-04 -7.587407E-17 -2.409093E-02  0.000000E+00
  3.015770E-01 -3.579919E-02  5.000000E-01  3.046242E-01 -3.612173E-02  0.000000E+00  1.996745E-02  4.607922E-04 -4.468092E-17 -3.738809E-02  0.000000E+00
  3.203660E-01 -3.527495E-02  5.000000E-01  3.236030E-01 -3.559220E-02  0.000000E+00  1.971966E-02  6.414618E-04 -1.869714E-17 -4.604109E-02  0.000000E+00
  3.396030E-01 -3.455876E-02  5.000000E-01  3.430342E-01 -3.486877E-02  0.000000E+00  1.941875E-02  8.106018E-04 -8.886874E-18 -5.054162E-02  0.000000E+00
  3.592490E-01 -3.364891E-02  5.000000E-01  3.628786E-01 -3.394974E-02  0.000000E+00  1.906424E-02  9.676902E-04 -1.414248E-17 -5.177743E-02  0.000000E+00
  3.792580E-01 -3.254294E-02  5.000000E-01  3.830897E-01 -3.283259E-02  0.000000E+00  1.865475E-02  1.112144E-03 -2.440752E-17 -5.007578E-02  0.000000E+00
  3.995810E-01 -3.124107E-02  5.000000E-01  4.036179E-01 -3.151758E-02  0.000000E+00  1.819045E-02  1.241406E-03 -3.550636E-17 -4.517041E-02  0.000000E+00
  4.201670E-01 -2.974759E-02  5.000000E-01  4.244118E-01 -3.000901E-02  0.000000E+00  1.767159E-02  1.353411E-03 -4.450294E-17 -3.679548E-02  0.000000E+00
  4.409600E-01 -2.806863E-02  5.000000E-01  4.454148E-01 -2.831309E-02  0.000000E+00  1.709991E-02  1.447002E-03 -4.274400E-17 -2.493757E-02  0.000000E+00
  4.619030E-01 -2.621238E-02  5.000000E-01  4.665693E-01 -2.643810E-02  0.000000E+00  1.648511E-02  1.519190E-03 -2.621853E-17 -9.587938E-03  0.000000E+00
  4.829360E-01 -2.419687E-02  5.000000E-01  4.878147E-01 -2.440223E-02  0.000000E+00  1.584488E-02  1.566736E-03 -5.976000E-18  9.061441E-03  0.000000E+00
  5.039990E-01 -2.204708E-02  5.000000E-01  5.090904E-01 -2.223073E-02  0.000000E+00  1.519906E-02  1.588999E-03  7.593358E-18  3.033103E-02  0.000000E+00
  5.250310E-01 -1.979392E-02  5.000000E-01  5.303348E-01 -1.995482E-02  0.000000E+00  1.456634E-02  1.587733E-03  1.639402E-17  5.325551E-02  0.000000E+00
  5.459710E-01 -1.747097E-02  5.000000E-01  5.514863E-01 -1.760842E-02  0.000000E+00  1.396241E-02  1.566834E-03  1.629178E-17  7.681119E-02  0.000000E+00
  5.667600E-01 -1.511052E-02  5.000000E-01  5.724853E-01 -1.522413E-02  0.000000E+00  1.340206E-02  1.529658E-03  5.725842E-18  1.002991E-01  0.000000E+00
  4.704230E-01  5.314889E-02  5.000000E-01  4.751754E-01  5.372463E-02  0.000000E+00  2.207991E-02  7.706446E-04 -1.210084E-17 -1.053366E+00  0.000000E+00
  4.494880E-01  5.235725E-02  5.000000E-01  4.540289E-01  5.292499E-02  0.000000E+00  2.188417E-02  8.581462E-04 -8.956945E-18 -1.046660E+00  0.000000E+00
  4.286690E-01  5.150976E-02  5.000000E-01  4.329997E-01  5.206895E-02  0.000000E+00  2.185356E-02  9.125962E-04 -8.168904E-18 -1.045430E+00  0.000000E+00
  4.080230E-01  5.062732E-02  5.000000E-01  4.121452E-01  5.117759E-02  0.000000E+00  2.199601E-02  9.734208E-04 -7.892693E-18 -1.045637E+00  0.000000E+00
  3.876050E-01  4.969504E-02  5.000000E-01  3.915210E-01  5.023590E-02  0.000000E+00  2.224966E-02  1.058504E-03 -7.868892E-18 -1.044663E+00  0.000000E+00
  3.674690E-01  4.869963E-02  5.000000E-01  3.711816E-01  4.923044E-02  0.000000E+00  2.252628E-02  1.164865E-03 -6.955231E-18 -1.041836E+00  0.000000E+00
  3.476650E-01  4.763112E-02  5.000000E-01  3.511776E-01  4.815114E-02  0.000000E+00  2.277018E-02  1.288193E-03 -4.671852E-18 -1.037208E+00  0.000000E+00
  3.282390E-01  4.648186E-02  5.000000E-01  3.315555E-01  4.699027E-02  0.000000E+00  2.296468E-02  1.425780E-03 -5.061367E-18 -1.031123E+00  0.000000E+00
  3.092330E-01  4.524656E-02  5.000000E-01  3.123575E-01  4.574250E-02  0.000000E+00  2.311236E-02  1.572730E-03 -1.095899E-17 -1.024194E+00  0.000000E+00
  2.906860E-01  4.392778E-02  5.000000E-01  2.936232E-01  4.441040E-02  0.000000E+00  2.322263E-02  1.724106E-03 -1.777242E-17 -1.017033E+00  0.000000E+00
  2.726330E-01  4.253076E-02  5.000000E-01  2.753879E-01  4.299927E-02  0.000000E+00  2.330720E-02  1.878979E-03 -2.132326E-17 -1.009904E+00  0.000000E+00
  2.551020E-01  4.106073E-02  5.000000E-01  2.576799E-01  4.151439E-02  0.000000E+00  2.337395E-02  2.038271E-03 -2.097052E-17 -1.002816E+00  0.000000E+00
  2.381210E-01  3.952349E-02  5.000000E-01  2.405274E-01  3.996162E-02  0.000000E+00  2.342864E-02  2.205236E-03 -1.816459E-17 -9.956387E-01  0.000000E+00
  2.217090E-01  3.792119E-02  5.000000E-01  2.239496E-01  3.834315E-02  0.000000E+00  2.347124E-02  2.380979E-03 -1.285198E-17 -9.886927E-01  0.000000E+00
  2.058840E-01  3.625638E-02  5.000000E-01  2.079648E-01  3.666153E-02  0.000000E+00  2.348220E-02  2.544034E-03 -5.493144E-18 -9.842176E-01  0.000000E+00
  1.906600E-01  3.455691E-02  5.000000E-01  1.925871E-01  3.494488E-02  0.000000E+00  2.345416E-02  2.657858E-03 -2.151750E-18 -9.856395E-01  0.000000E+00
  1.760460E-01  3.287360E-02  5.000000E-01  1.778255E-01  3.324458E-02  0.000000E+00  2.345473E-02  2.727181E-03 -6.572343E-18 -9.934871E-01  0.000000E+00
  1.620500E-01  3.123087E-02  5.000000E-01  1.636881E-01  3.158526E-02  0.000000E+00  2.357605E-02  2.794414E-03 -1.622800E-17 -1.004988E+00  0.000000E+00
  1.486750E-01  2.963101E-02  5.000000E-01  1.501781E-01  2.996925E-02  0.000000E+00  2.383927E-02  2.889405E-03 -2.980243E-17 -1.017206E+00  0.000000E+00
  1.359210E-01  2.806587E-02  5.000000E-01  1.372953E-01  2.838829E-02  0.000000E+00  2.419392E-02  3.020122E-03 -4.875747E-17 -1.028377E+00  0.000000E+00
  1.237890E-01  2.652659E-02  5.000000E-01  1.250407E-01  2.683347E-02  0.000000E+00  2.456901E-02  3.183939E-03 -7.872311E-17 -1.037847E+00  0.000000E+00
  1.122730E-01  2.500363E-02  5.000000E-01  1.134084E-01  2.529513E-02  0.000000E+00  2.491269E-02  3.375676E-03 -1.330143E-16 -1.045709E+00  0.000000E+00
  1.013710E-01  2.349127E-02  5.000000E-01  1.023964E-01  2.376750E-02  0.000000E+00  2.520197E-02  3.588835E-03 -2.384169E-16 -1.052572E+00  0.000000E+00
  9.107400E-02  2.198744E-02  5.000000E-01  9.199536E-02  2.224849E-02  0.000000E+00  2.544045E-02  3.822625E-03 -4.373774E-16 -1.059011E+00  0.000000E+00
  9.107400E-02  2.198744E-02  5.000000E-01  9.199536E-02  2.224849E-02  0.000000E+00  2.544045E-02  3.822625E-03 -4.373774E-16 -1.059011E+00  0.000000E+00
  8.137660E-02  2.048987E-02  5.000000E-01  8.220003E-02  2.073578E-02  0.000000E+00  2.563623E-02  4.075418E-03 -7.773216E-16 -1.065773E+00  0.000000E+00
  7.227050E-02  1.900091E-02  5.000000E-01  7.300197E-02  1.923180E-02  0.000000E+00  2.579375E-02  4.341290E-03 -1.366594E-15 -1.073873E+00  0.000000E+00
  6.374670E-02  1.752565E-02  5.000000E-01  6.439209E-02  1.774163E-02  0.000000E+00  2.592385E-02  4.621366E-03 -2.410025E-15 -1.083981E+00  0.000000E+00
  5.579720E-02  1.606735E-02  5.000000E-01  5.636231E-02  1.626861E-02  0.000000E+00  2.602714E-02  4.911807E-03 -4.212631E-15 -1.097007E+00  0.000000E+00
  4.841260E-02  1.463453E-02  5.000000E-01  4.890313E-02  1.482132E-02  0.000000E+00  2.610174E-02  5.207343E-03 -7.239192E-15 -1.113939E+00  0.000000E+00
  4.158390E-02  1.323497E-02  5.000000E-01  4.200547E-02  1.340762E-02  0.000000E+00  2.615279E-02  5.514413E-03 -1.209872E-14 -1.135170E+00  0.000000E+00
  3.530370E-02  1.187350E-02  5.000000E-01  3.566185E-02  1.203241E-02  0.000000E+00  2.616127E-02  5.827686E-03 -1.938979E-14 -1.161537E+00  0.000000E+00
  2.956270E-02  1.055964E-02  5.000000E-01  2.986287E-02  1.070528E-02  0.000000E+00  2.609991E-02  6.142324E-03 -2.936083E-14 -1.193708E+00  0.000000E+00
  2.435310E-02  9.299904E-03  5.000000E-01  2.460066E-02  9.432816E-03  0.000000E+00  2.592862E-02  6.470161E-03 -4.125872E-14 -1.231093E+00  0.000000E+00
  1.967110E-02  8.094761E-03  5.000000E-01  1.987137E-02  8.215503E-03  0.000000E+00  2.551278E-02  6.781777E-03 -5.248283E-14 -1.274002E+00  0.000000E+00
  1.550860E-02  6.951367E-03  5.000000E-01  1.566684E-02  7.060562E-03  0.000000E+00  2.467450E-02  7.028712E-03 -5.835102E-14 -1.322743E+00  0.000000E+00
  1.185930E-02  5.873374E-03  5.000000E-01  1.198068E-02  5.971682E-03  0.000000E+00  2.331644E-02  7.203747E-03 -5.323278E-14 -1.375465E+00  0.000000E+00
  8.724160E-03  4.856955E-03  5.000000E-01  8.813883E-03  4.944999E-03  0.000000E+00  2.156546E-02  7.334773E-03 -3.256325E-14 -1.431708E+00  0.000000E+00
  6.091130E-03  3.910298E-03  5.000000E-01  6.154263E-03  3.988781E-03  0.000000E+00  2.031145E-02  7.811581E-03  6.271561E-15 -1.486871E+00  0.000000E+00
  3.952840E-03  3.036115E-03  5.000000E-01  3.994378E-03  3.105770E-03  0.000000E+00  2.112787E-02  9.725923E-03  7.251616E-14 -1.524029E+00  0.000000E+00
  2.330070E-03  2.221607E-03  5.000000E-01  2.355220E-03  2.283037E-03  0.000000E+00  2.423827E-02  1.418970E-02  1.919687E-13 -1.531703E+00  0.000000E+00
  1.198080E-03  1.484886E-03  5.000000E-01  1.211798E-03  1.538876E-03  0.000000E+00  2.760599E-02  2.138874E-02  3.501117E-13 -1.519860E+00  0.000000E+00
  5.019560E-04  8.590198E-04  5.000000E-01  5.086442E-04  9.066889E-04  0.000000E+00  3.042497E-02  3.351252E-02  5.539478E-13 -1.531374E+00  0.000000E+00
  1.313430E-04  3.759446E-04  5.000000E-01  1.342884E-04  4.187352E-04  0.000000E+00  3.508485E-02  7.040034E-02  2.576269E-12 -1.566526E+00  0.000000E+00
  8.078190E-06  6.782329E-05  5.000000E-01  9.778777E-06  1.075022E-04  0.000000E+00  3.056177E-02  1.733351E-01  7.602400E-12 -1.484922E+00  0.000000E+00
 -1.602820E-06 -3.860409E-05  5.000000E-01  0.000000E+00  0.000000E+00  0.000000E+00 -4.939083E-03  2.521648E-01  4.702190E-12 -1.190943E+00  0.000000E+00
  9.141860E-06 -1.486581E-04  5.000000E-01  1.085319E-05 -1.111654E-04  0.000000E+00 -4.976063E-02  1.967989E-01 -9.426669E-13 -4.689271E-01  0.000000E+00
  1.696960E-04 -4.812944E-04  5.000000E-01  1.730287E-04 -4.471610E-04  0.000000E+00 -6.436596E-02  9.283062E-02 -4.487987E-13  5.406820E-01  0.000000E+00
    1    2
    2    3
    3    4
    4    5
    5    6
    6    7
    7    8
    8    9
    9   10
   10   11
   11   12
   12   13
   13   14
   14   15
   15   16
   16   17
   17   18
   18   19
   19   20
   20   21
   21   22
   22   23
   23   24
   25   26
   26   27
   27   28
   28   29
   29   30
   30   31
   31   32
   32   33
   33   34
   34   35
   35   36
   36   37
   37   38
   38   39
   39   40
   40   41
   41   42
   42   43
   43   44
   44   45
   45   46
   46   47
   47   48
   49   50
   50   51
   51   52
   52   53
   53   54
   54   55
   55   56
   56   57
   57   58
   58   59
   59   60
   60   61
   61   62
   62   63
   63   64
   64   65
   65   66
   66   67
   67   68
   68   69
   69   70
   70   71
   71   72
   73   74
   74   75
   75   76
   76   77
   77   78
   78   79
   79   80
   80   81
   81   82
   82   83
   83   84
   84   85
   85   86
   86   87
   87   88
   88   89
   89   90
   90   91
   91   92
   92   93
   93   94
   94   95
   95   96
   97   98
   98   99
   99  100
  100  101
  101  102
  102  103
  103  104
  104  105
  105  106
  106  107
  107  108
  108  109
  109  110
  110  111
  111  112
  112  113
  113  114
  114  115
  115  116
  116  117
  117  118
  118  119
  119  120
  121  122
  122  123
  123  124
  124  125
  125  126
  126  127
  127  128
  128  129
  129  130
  130  131
  131  132
  132  133
  133  134
  134  135
  135  136
  136  137
  137  138
  138  139
  139  140
  140  141
  141  142
  142  143
  143  144
  145  146
  146  147
  147  148
  148  149
  149  150
  150  151
  151  152
  152  153
  153  154
  154  155
  155  156
  156  157
  157  158
  158  159
  159  160
  160  161
  161  162
  162  163
  163  164
  164  165
  165  166
  166  167
  167  168
  169  170
  170  171
  171  172
  172  173
  173  174
  174  175
  175  176
  176  177
  177  178
  178  179
  179  180
  180  181
  181  182
  182  183
  183  184
  184  185
  185  186
  186  187
  187  188
  188  189
  189  190
  190  191
  191  192
