 Title = "ADflow Slice Data"
Variables =  "CoordinateX"  "CoordinateY"  "CoordinateZ"  "XoC"  "YoC"  "ZoC" "VelocityX" "VelocityY" "VelocityZ" "CoefPressure" "Mach" 
Zone T= "Slice_0001 None Absolute Regular z = 0.50000000"
 Nodes =          192  Elements=          184  ZONETYPE=FELINESEG
 DATAPACKING=POINT
  5.667600E-01 -1.512086E-02  5.000000E-01  5.724853E-01 -1.523482E-02  0.000000E+00  1.341178E-02  1.530186E-03  1.027228E-18  9.988848E-02  0.000000E+00
  5.873410E-01 -1.275922E-02  5.000000E-01  5.932741E-01 -1.284933E-02  0.000000E+00  1.290507E-02  1.479756E-03  7.606577E-19  1.228748E-01  0.000000E+00
  6.076580E-01 -1.043147E-02  5.000000E-01  6.137963E-01 -1.049807E-02  0.000000E+00  1.246007E-02  1.418384E-03 -1.094834E-18  1.448325E-01  0.000000E+00
  6.276600E-01 -8.170107E-03  5.000000E-01  6.340003E-01 -8.213872E-03  0.000000E+00  1.207473E-02  1.350284E-03 -1.749470E-18  1.651645E-01  0.000000E+00
  6.472970E-01 -5.999618E-03  5.000000E-01  6.538356E-01 -6.021464E-03  0.000000E+00  1.173968E-02  1.280413E-03 -5.271206E-19  1.835062E-01  0.000000E+00
  6.665260E-01 -3.931869E-03  5.000000E-01  6.732588E-01 -3.932833E-03  0.000000E+00  1.144469E-02  1.211312E-03 -9.072895E-20  2.000647E-01  0.000000E+00
  6.853050E-01 -1.976530E-03  5.000000E-01  6.922274E-01 -1.957748E-03  0.000000E+00  1.118364E-02  1.140458E-03 -3.657732E-19  2.156330E-01  0.000000E+00
  7.035980E-01 -1.507438E-04  5.000000E-01  7.107052E-01 -1.135230E-04  0.000000E+00  1.094639E-02  1.065236E-03 -1.197995E-18  2.305533E-01  0.000000E+00
  7.213750E-01  1.533627E-03  5.000000E-01  7.286617E-01  1.587858E-03  0.000000E+00  1.071018E-02  9.860444E-04 -1.327560E-18  2.444952E-01  0.000000E+00
  7.386080E-01  3.072375E-03  5.000000E-01  7.460687E-01  3.142146E-03  0.000000E+00  1.044599E-02  9.049908E-04 -8.005523E-19  2.573861E-01  0.000000E+00
  7.552750E-01  4.470654E-03  5.000000E-01  7.629040E-01  4.554546E-03  0.000000E+00  1.013568E-02  8.263047E-04 -1.443273E-18  2.696574E-01  0.000000E+00
  7.713580E-01  5.741335E-03  5.000000E-01  7.791495E-01  5.838060E-03  0.000000E+00  9.792019E-03  7.517869E-04 -2.197663E-18  2.818676E-01  0.000000E+00
  7.868410E-01  6.895415E-03  5.000000E-01  7.947888E-01  7.003794E-03  0.000000E+00  9.481973E-03  6.641111E-04 -1.815123E-18  2.957411E-01  0.000000E+00
  8.017160E-01  7.872927E-03  5.000000E-01  8.098140E-01  7.991178E-03  0.000000E+00  9.306684E-03  5.403882E-04 -1.725596E-18  3.116168E-01  0.000000E+00
  8.159740E-01  8.590495E-03  5.000000E-01  8.242160E-01  8.715992E-03  0.000000E+00  9.329807E-03  3.860602E-04 -1.915142E-18  3.245279E-01  0.000000E+00
  8.296120E-01  9.030468E-03  5.000000E-01  8.379918E-01  9.160409E-03  0.000000E+00  9.555135E-03  2.187779E-04 -2.681292E-18  3.296069E-01  0.000000E+00
  8.426300E-01  9.209097E-03  5.000000E-01  8.511412E-01  9.340842E-03  0.000000E+00  9.959256E-03  4.535383E-05 -2.654362E-18  3.267965E-01  0.000000E+00
  8.550290E-01  9.157745E-03  5.000000E-01  8.636654E-01  9.288971E-03  0.000000E+00  1.051391E-02 -1.332166E-04 -1.806449E-18  3.180817E-01  0.000000E+00
  8.668160E-01  8.914132E-03  5.000000E-01  8.755715E-01  9.042898E-03  0.000000E+00  1.119015E-02 -3.157910E-04 -1.560740E-18  3.048118E-01  0.000000E+00
  8.779950E-01  8.519515E-03  5.000000E-01  8.868634E-01  8.644296E-03  0.000000E+00  1.195813E-02 -4.998135E-04 -1.000166E-18  2.875476E-01  0.000000E+00
  8.885730E-01  8.013164E-03  5.000000E-01  8.975482E-01  8.132831E-03  0.000000E+00  1.278858E-02 -6.827073E-04 -2.859111E-19  2.668772E-01  0.000000E+00
  8.985610E-01  7.428446E-03  5.000000E-01  9.076371E-01  7.542208E-03  0.000000E+00  1.364888E-02 -8.577236E-04  1.190315E-19  2.433222E-01  0.000000E+00
  9.079670E-01  6.799131E-03  5.000000E-01  9.171381E-01  6.906538E-03  0.000000E+00  1.449976E-02 -1.012493E-03  9.631032E-19  2.173445E-01  0.000000E+00
  9.168010E-01  6.157726E-03  5.000000E-01  9.260613E-01  6.258655E-03  0.000000E+00  1.530361E-02 -1.137871E-03  1.958410E-18  1.900018E-01  0.000000E+00
  9.168010E-01  6.157726E-03  5.000000E-01  9.260613E-01  6.258655E-03  0.000000E+00  1.530361E-02 -1.137871E-03  1.958410E-18  1.900018E-01  0.000000E+00
  9.250730E-01  5.529033E-03  5.000000E-01  9.344168E-01  5.623614E-03  0.000000E+00  1.603722E-02 -1.235090E-03  1.845845E-18  1.628186E-01  0.000000E+00
  9.327940E-01  4.927293E-03  5.000000E-01  9.422158E-01  5.015796E-03  0.000000E+00  1.670010E-02 -1.315851E-03  5.600022E-19  1.371084E-01  0.000000E+00
  9.399760E-01  4.355781E-03  5.000000E-01  9.494703E-01  4.438513E-03  0.000000E+00  1.730847E-02 -1.391691E-03 -2.491422E-19  1.131400E-01  0.000000E+00
  9.466320E-01  3.815200E-03  5.000000E-01  9.561935E-01  3.892472E-03  0.000000E+00  1.788249E-02 -1.467142E-03  1.280778E-18  9.017577E-02  0.000000E+00
  9.527730E-01  3.306371E-03  5.000000E-01  9.623965E-01  3.378505E-03  0.000000E+00  1.844686E-02 -1.548699E-03  4.684083E-18  6.767613E-02  0.000000E+00
  9.584110E-01  2.827154E-03  5.000000E-01  9.680915E-01  2.894449E-03  0.000000E+00  1.903426E-02 -1.647007E-03 -2.405891E-18  4.540877E-02  0.000000E+00
  9.635570E-01  2.374318E-03  5.000000E-01  9.732895E-01  2.437039E-03  0.000000E+00  1.967860E-02 -1.767950E-03 -5.010139E-17  2.265600E-02  0.000000E+00
  9.682220E-01  1.946793E-03  5.000000E-01  9.780016E-01  2.005197E-03  0.000000E+00  2.041201E-02 -1.912161E-03 -1.517059E-16 -1.670807E-03  0.000000E+00
  9.724140E-01  1.545859E-03  5.000000E-01  9.822359E-01  1.600214E-03  0.000000E+00  2.128252E-02 -2.087647E-03 -2.009392E-16 -2.820228E-02  0.000000E+00
  9.761430E-01  1.171440E-03  5.000000E-01  9.860026E-01  1.222013E-03  0.000000E+00  2.237225E-02 -2.311570E-03  7.390025E-17 -5.739072E-02  0.000000E+00
  9.794160E-01  8.242704E-04  5.000000E-01  9.893086E-01  8.713378E-04  0.000000E+00  2.378322E-02 -2.597352E-03  7.910129E-16 -9.031739E-02  0.000000E+00
  9.822400E-01  5.074293E-04  5.000000E-01  9.921611E-01  5.512970E-04  0.000000E+00  2.556633E-02 -2.947188E-03  1.176408E-15 -1.284356E-01  0.000000E+00
  9.846200E-01  2.260650E-04  5.000000E-01  9.945652E-01  2.670912E-04  0.000000E+00  2.759059E-02 -3.347859E-03 -6.737798E-16 -1.720944E-01  0.000000E+00
  9.865620E-01 -1.453607E-05  5.000000E-01  9.965268E-01  2.406033E-05  0.000000E+00  2.940959E-02 -3.711580E-03 -5.863981E-15 -2.194031E-01  0.000000E+00
  9.880680E-01 -2.086060E-04  5.000000E-01  9.980480E-01 -1.719695E-04  0.000000E+00  2.987557E-02 -3.826696E-03 -1.005154E-14 -2.766120E-01  0.000000E+00
  9.891420E-01 -3.514239E-04  5.000000E-01  9.991328E-01 -3.162297E-04  0.000000E+00  2.812837E-02 -3.911131E-03  1.389398E-15 -3.434965E-01  0.000000E+00
  9.897860E-01 -4.389487E-04  5.000000E-01  9.997833E-01 -4.046384E-04  0.000000E+00  3.788607E-02 -4.013263E-03  4.525325E-14 -2.893912E-01  0.000000E+00
  9.900000E-01 -4.683023E-04  5.000000E-01  9.999995E-01 -4.342884E-04  0.000000E+00  2.618838E-02  5.267623E-03  4.381098E-14 -5.820153E-01  0.000000E+00
  9.900000E-01 -1.843754E-04  5.000000E-01  9.999995E-01 -1.474942E-04  0.000000E+00  1.229772E-03 -7.885226E-03  5.800772E-15 -8.088086E-01  0.000000E+00
  9.900000E-01  9.955150E-05  5.000000E-01  9.999995E-01  1.393001E-04  0.000000E+00 -4.468907E-04 -2.274864E-02 -4.564793E-16 -6.283584E-01  0.000000E+00
  9.900000E-01  3.834784E-04  5.000000E-01  9.999995E-01  4.260943E-04  0.000000E+00 -1.435996E-04 -8.862963E-03 -8.028222E-16 -6.283144E-01  0.000000E+00
  9.900000E-01  6.674053E-04  5.000000E-01  9.999995E-01  7.128885E-04  0.000000E+00  4.646605E-04 -5.229927E-03  2.113313E-15 -6.881951E-01  0.000000E+00
  9.900000E-01  9.513321E-04  5.000000E-01  9.999995E-01  9.996827E-04  0.000000E+00  6.797360E-03 -6.632432E-03  5.194521E-15 -6.299439E-01  0.000000E+00
  9.900000E-01  9.513321E-04  5.000000E-01  9.999995E-01  9.996827E-04  0.000000E+00  6.797360E-03 -6.632432E-03  5.194521E-15 -6.299439E-01  0.000000E+00
  9.897890E-01  1.017904E-03  5.000000E-01  9.997864E-01  1.066927E-03  0.000000E+00  9.015797E-03 -3.469596E-03  5.206296E-15 -5.523834E-01  0.000000E+00
  9.891540E-01  1.218674E-03  5.000000E-01  9.991450E-01  1.269724E-03  0.000000E+00  4.567798E-03 -1.351286E-03  2.677712E-15 -5.709858E-01  0.000000E+00
  9.880950E-01  1.555408E-03  5.000000E-01  9.980753E-01  1.609859E-03  0.000000E+00  3.024812E-03 -9.609307E-04  6.786628E-16 -5.705458E-01  0.000000E+00
  9.866100E-01  2.031333E-03  5.000000E-01  9.965753E-01  2.090590E-03  0.000000E+00  1.983773E-03 -6.497847E-04  1.486322E-17 -5.626460E-01  0.000000E+00
  9.846960E-01  2.650662E-03  5.000000E-01  9.946419E-01  2.716174E-03  0.000000E+00  9.959156E-04 -3.234653E-04  3.629291E-17 -5.590081E-01  0.000000E+00
  9.823490E-01  3.418251E-03  5.000000E-01  9.922712E-01  3.491515E-03  0.000000E+00  1.849859E-04 -5.918564E-05  1.265708E-16 -5.580287E-01  0.000000E+00
  9.795670E-01  4.338749E-03  5.000000E-01  9.894611E-01  4.421308E-03  0.000000E+00 -4.278339E-04  1.427331E-04  1.158550E-16 -5.582706E-01  0.000000E+00
  9.763420E-01  5.417935E-03  5.000000E-01  9.862036E-01  5.511393E-03  0.000000E+00 -8.716064E-04  2.932896E-04  5.565109E-17 -5.597152E-01  0.000000E+00
  9.726710E-01  6.659543E-03  5.000000E-01  9.824955E-01  6.765540E-03  0.000000E+00 -1.170639E-03  3.977080E-04  6.963002E-18 -5.622490E-01  0.000000E+00
  9.685460E-01  8.066753E-03  5.000000E-01  9.783288E-01  8.186961E-03  0.000000E+00 -1.342215E-03  4.594717E-04 -1.296965E-17 -5.654524E-01  0.000000E+00
  9.639600E-01  9.641707E-03  5.000000E-01  9.736965E-01  9.777820E-03  0.000000E+00 -1.402971E-03  4.831465E-04 -1.404806E-17 -5.688175E-01  0.000000E+00
  9.589060E-01  1.138655E-02  5.000000E-01  9.685915E-01  1.154029E-02  0.000000E+00 -1.373321E-03  4.750033E-04 -8.737325E-18 -5.718684E-01  0.000000E+00
  9.533750E-01  1.330247E-02  5.000000E-01  9.630046E-01  1.347555E-02  0.000000E+00 -1.279130E-03  4.433694E-04 -3.664574E-18 -5.742415E-01  0.000000E+00
  9.473580E-01  1.538821E-02  5.000000E-01  9.569269E-01  1.558236E-02  0.000000E+00 -1.150229E-03  3.983955E-04 -7.072185E-19 -5.757516E-01  0.000000E+00
  9.408450E-01  1.764045E-02  5.000000E-01  9.503481E-01  1.785734E-02  0.000000E+00 -1.016832E-03  3.507800E-04  2.977656E-19 -5.764281E-01  0.000000E+00
  9.338260E-01  2.005389E-02  5.000000E-01  9.432582E-01  2.029516E-02  0.000000E+00 -9.056372E-04  3.100179E-04 -1.076589E-18 -5.764995E-01  0.000000E+00
  9.262910E-01  2.262009E-02  5.000000E-01  9.356471E-01  2.288727E-02  0.000000E+00 -8.372232E-04  2.831382E-04 -8.319489E-19 -5.763184E-01  0.000000E+00
  9.182290E-01  2.532623E-02  5.000000E-01  9.275037E-01  2.562074E-02  0.000000E+00 -8.254966E-04  2.742232E-04 -3.690612E-19 -5.762553E-01  0.000000E+00
  9.096280E-01  2.815459E-02  5.000000E-01  9.188158E-01  2.847766E-02  0.000000E+00 -8.781415E-04  2.845135E-04 -1.523733E-18 -5.766708E-01  0.000000E+00
  9.004770E-01  3.108169E-02  5.000000E-01  9.095724E-01  3.143433E-02  0.000000E+00 -9.969839E-04  3.126302E-04 -1.876664E-18 -5.778800E-01  0.000000E+00
  8.907650E-01  3.407660E-02  5.000000E-01  8.997623E-01  3.445948E-02  0.000000E+00 -1.179232E-03  3.542524E-04 -1.275214E-18 -5.799680E-01  0.000000E+00
  8.804800E-01  3.709793E-02  5.000000E-01  8.893735E-01  3.751133E-02  0.000000E+00 -1.418043E-03  4.017135E-04 -6.771768E-19 -5.828354E-01  0.000000E+00
  8.696090E-01  4.008991E-02  5.000000E-01  8.783927E-01  4.053352E-02  0.000000E+00 -1.699125E-03  4.455731E-04  4.573397E-19 -5.864171E-01  0.000000E+00
  8.696090E-01  4.008991E-02  5.000000E-01  8.783927E-01  4.053352E-02  0.000000E+00 -1.699125E-03  4.455731E-04  4.573397E-19 -5.864171E-01  0.000000E+00
  8.581400E-01  4.298047E-02  5.000000E-01  8.668079E-01  4.345327E-02  0.000000E+00 -2.002445E-03  4.769061E-04  1.163622E-18 -5.897238E-01  0.000000E+00
  8.460600E-01  4.568543E-02  5.000000E-01  8.546059E-01  4.618555E-02  0.000000E+00 -2.310234E-03  4.855568E-04  7.197193E-19 -5.905550E-01  0.000000E+00
  8.333640E-01  4.812493E-02  5.000000E-01  8.417817E-01  4.864968E-02  0.000000E+00 -2.567439E-03  4.509418E-04 -1.020127E-19 -5.921084E-01  0.000000E+00
  8.200460E-01  5.022337E-02  5.000000E-01  8.283292E-01  5.076931E-02  0.000000E+00 -2.540689E-03  3.448739E-04 -7.729878E-19 -6.136445E-01  0.000000E+00
  8.061050E-01  5.191334E-02  5.000000E-01  8.142474E-01  5.247634E-02  0.000000E+00 -1.648282E-03  1.621411E-04  1.162620E-18 -6.844028E-01  0.000000E+00
  7.915460E-01  5.316909E-02  5.000000E-01  7.995413E-01  5.374478E-02  0.000000E+00  9.923532E-04 -5.250153E-05  3.544683E-18 -8.104008E-01  0.000000E+00
  7.763770E-01  5.402982E-02  5.000000E-01  7.842191E-01  5.461421E-02  0.000000E+00  5.991159E-03 -2.164818E-04  2.017867E-18 -9.517181E-01  0.000000E+00
  7.606070E-01  5.456486E-02  5.000000E-01  7.682899E-01  5.515465E-02  0.000000E+00  1.260946E-02 -2.327054E-04 -2.804294E-18 -1.050195E+00  0.000000E+00
  7.442510E-01  5.478153E-02  5.000000E-01  7.517687E-01  5.537350E-02  0.000000E+00  1.845449E-02 -4.496938E-05 -5.996777E-18 -1.081603E+00  0.000000E+00
  7.273250E-01  5.469767E-02  5.000000E-01  7.346718E-01  5.528880E-02  0.000000E+00  2.145705E-02  2.561944E-04 -7.435477E-18 -1.067293E+00  0.000000E+00
  7.098490E-01  5.436576E-02  5.000000E-01  7.170193E-01  5.495354E-02  0.000000E+00  2.167886E-02  4.875362E-04 -9.008485E-18 -1.042299E+00  0.000000E+00
  6.918480E-01  5.388189E-02  5.000000E-01  6.988365E-01  5.446478E-02  0.000000E+00  2.053744E-02  5.378112E-04 -1.012606E-17 -1.031198E+00  0.000000E+00
  6.733520E-01  5.339617E-02  5.000000E-01  6.801537E-01  5.397415E-02  0.000000E+00  1.933105E-02  3.966240E-04 -1.103042E-17 -1.044709E+00  0.000000E+00
  6.543930E-01  5.310816E-02  5.000000E-01  6.610032E-01  5.368324E-02  0.000000E+00  1.875469E-02  1.294352E-04 -1.177799E-17 -1.079363E+00  0.000000E+00
  6.350090E-01  5.313752E-02  5.000000E-01  6.414235E-01  5.371289E-02  0.000000E+00  1.903446E-02 -1.467944E-04 -1.083125E-17 -1.119807E+00  0.000000E+00
  6.152440E-01  5.341697E-02  5.000000E-01  6.214589E-01  5.399516E-02  0.000000E+00  1.996356E-02 -3.486162E-04 -7.200888E-18 -1.151523E+00  0.000000E+00
  5.951420E-01  5.383649E-02  5.000000E-01  6.011539E-01  5.441892E-02  0.000000E+00  2.108747E-02 -4.395142E-04 -2.590880E-18 -1.167552E+00  0.000000E+00
  5.747530E-01  5.426569E-02  5.000000E-01  5.805590E-01  5.485245E-02  0.000000E+00  2.203842E-02 -3.839809E-04 -3.224687E-19 -1.165432E+00  0.000000E+00
  5.541290E-01  5.455980E-02  5.000000E-01  5.597267E-01  5.514954E-02  0.000000E+00  2.264737E-02 -1.704636E-04 -2.063063E-18 -1.146601E+00  0.000000E+00
  5.333260E-01  5.458122E-02  5.000000E-01  5.387136E-01  5.517117E-02  0.000000E+00  2.285311E-02  1.287766E-04 -6.086923E-18 -1.118458E+00  0.000000E+00
  5.124010E-01  5.431924E-02  5.000000E-01  5.175773E-01  5.490655E-02  0.000000E+00  2.270615E-02  4.073142E-04 -8.555758E-18 -1.090540E+00  0.000000E+00
  4.914140E-01  5.382397E-02  5.000000E-01  4.963783E-01  5.440628E-02  0.000000E+00  2.239010E-02  6.211467E-04 -8.068807E-18 -1.068257E+00  0.000000E+00
  4.704230E-01  5.315126E-02  5.000000E-01  4.751754E-01  5.372678E-02  0.000000E+00  2.208376E-02  7.684200E-04 -6.800596E-18 -1.053655E+00  0.000000E+00
  1.696960E-04 -4.810019E-04  5.000000E-01  1.730287E-04 -4.471163E-04  0.000000E+00 -6.436947E-02  9.282101E-02 -6.077046E-14  5.409110E-01  0.000000E+00
  8.054360E-04 -9.781867E-04  5.000000E-01  8.151890E-04 -9.493221E-04  0.000000E+00 -4.693412E-02  3.286236E-02 -5.043007E-14  1.106832E+00  0.000000E+00
  1.973980E-03 -1.585100E-03  5.000000E-01  1.995534E-03 -1.562365E-03  0.000000E+00 -2.105154E-02  1.047953E-02 -3.291364E-14  1.176614E+00  0.000000E+00
  3.614630E-03 -2.299726E-03  5.000000E-01  3.652753E-03 -2.284208E-03  0.000000E+00 -4.055479E-03  1.772913E-03 -1.656241E-14  1.152925E+00  0.000000E+00
  5.721210E-03 -3.130492E-03  5.000000E-01  5.780607E-03 -3.123363E-03  0.000000E+00  5.020187E-03 -1.863734E-03 -5.864857E-15  1.122580E+00  0.000000E+00
  8.297500E-03 -4.074917E-03  5.000000E-01  8.382914E-03 -4.077326E-03  0.000000E+00  9.329702E-03 -3.267922E-03 -9.941103E-16  1.078246E+00  0.000000E+00
  1.136560E-02 -5.113397E-03  5.000000E-01  1.148200E-02 -5.126293E-03  0.000000E+00  1.109805E-02 -3.619102E-03  3.833527E-16  1.023816E+00  0.000000E+00
  1.493280E-02 -6.234683E-03  5.000000E-01  1.508522E-02 -6.258903E-03  0.000000E+00  1.169360E-02 -3.584649E-03  4.506892E-16  9.693050E-01  0.000000E+00
  1.899460E-02 -7.447086E-03  5.000000E-01  1.918804E-02 -7.483550E-03  0.000000E+00  1.195002E-02 -3.514724E-03  3.114719E-16  9.186118E-01  0.000000E+00
  2.354800E-02 -8.766656E-03  5.000000E-01  2.378743E-02 -8.816447E-03  0.000000E+00  1.228448E-02 -3.506769E-03  2.371054E-16  8.687303E-01  0.000000E+00
  2.860130E-02 -1.018890E-02  5.000000E-01  2.889176E-02 -1.025306E-02  0.000000E+00  1.281567E-02 -3.545773E-03  1.857327E-16  8.170146E-01  0.000000E+00
  3.416500E-02 -1.170275E-02  5.000000E-01  3.451165E-02 -1.178219E-02  0.000000E+00  1.352514E-02 -3.613187E-03  1.192013E-16  7.646889E-01  0.000000E+00
  4.024810E-02 -1.329899E-02  5.000000E-01  4.065618E-02 -1.339455E-02  0.000000E+00  1.435423E-02 -3.689804E-03  5.179364E-17  7.126642E-01  0.000000E+00
  4.686030E-02 -1.496534E-02  5.000000E-01  4.733516E-02 -1.507773E-02  0.000000E+00  1.523855E-02 -3.755789E-03  4.308407E-18  6.607246E-01  0.000000E+00
  5.401090E-02 -1.669011E-02  5.000000E-01  5.455797E-02 -1.681992E-02  0.000000E+00  1.613136E-02 -3.802747E-03 -1.956258E-17  6.089388E-01  0.000000E+00
  6.170850E-02 -1.846467E-02  5.000000E-01  6.233331E-02 -1.861240E-02  0.000000E+00  1.700705E-02 -3.822354E-03 -2.617342E-17  5.569346E-01  0.000000E+00
  6.996310E-02 -2.027470E-02  5.000000E-01  7.067127E-02 -2.044071E-02  0.000000E+00  1.785186E-02 -3.802105E-03 -2.356799E-17  5.040088E-01  0.000000E+00
  7.878500E-02 -2.210057E-02  5.000000E-01  7.958226E-02 -2.228502E-02  0.000000E+00  1.866267E-02 -3.738383E-03 -1.951019E-17  4.503586E-01  0.000000E+00
  8.818390E-02 -2.392314E-02  5.000000E-01  8.907608E-02 -2.412599E-02  0.000000E+00  1.944091E-02 -3.631279E-03 -1.522755E-17  3.964188E-01  0.000000E+00
  9.816930E-02 -2.571986E-02  5.000000E-01  9.916232E-02 -2.594086E-02  0.000000E+00  2.018113E-02 -3.476141E-03 -1.060413E-17  3.422497E-01  0.000000E+00
  1.087500E-01 -2.746387E-02  5.000000E-01  1.098499E-01 -2.770248E-02  0.000000E+00  2.086716E-02 -3.269487E-03 -7.745664E-18  2.882737E-01  0.000000E+00
  1.199340E-01 -2.912784E-02  5.000000E-01  1.211468E-01 -2.938325E-02  0.000000E+00  2.146414E-02 -3.006301E-03 -4.120611E-18  2.351946E-01  0.000000E+00
  1.317280E-01 -3.067971E-02  5.000000E-01  1.330599E-01 -3.095080E-02  0.000000E+00  2.191143E-02 -2.677746E-03 -2.352864E-18  1.838608E-01  0.000000E+00
  1.441380E-01 -3.208212E-02  5.000000E-01  1.455952E-01 -3.236737E-02  0.000000E+00  2.213785E-02 -2.283788E-03 -4.635449E-18  1.360565E-01  0.000000E+00
  1.441380E-01 -3.208212E-02  5.000000E-01  1.455952E-01 -3.236737E-02  0.000000E+00  2.213785E-02 -2.283788E-03 -4.635449E-18  1.360565E-01  0.000000E+00
  1.571670E-01 -3.329862E-02  5.000000E-01  1.587558E-01 -3.359615E-02  0.000000E+00  2.209227E-02 -1.838136E-03 -2.319851E-18  9.435859E-02  0.000000E+00
  1.708170E-01 -3.429427E-02  5.000000E-01  1.725437E-01 -3.460186E-02  0.000000E+00  2.178420E-02 -1.370489E-03  2.045298E-18  6.149914E-02  0.000000E+00
  1.850860E-01 -3.504539E-02  5.000000E-01  1.869568E-01 -3.536056E-02  0.000000E+00  2.131748E-02 -9.338081E-04  1.136089E-18  3.982855E-02  0.000000E+00
  1.999720E-01 -3.556055E-02  5.000000E-01  2.019931E-01 -3.588092E-02  0.000000E+00  2.087269E-02 -5.963791E-04 -8.342079E-19  3.008062E-02  0.000000E+00
  2.154670E-01 -3.590534E-02  5.000000E-01  2.176446E-01 -3.622920E-02  0.000000E+00  2.059285E-02 -3.845772E-04 -1.489706E-18  2.788624E-02  0.000000E+00
  2.315610E-01 -3.614994E-02  5.000000E-01  2.339011E-01 -3.647627E-02  0.000000E+00  2.046553E-02 -2.365268E-04 -2.195514E-18  2.316770E-02  0.000000E+00
  2.482400E-01 -3.628601E-02  5.000000E-01  2.507486E-01 -3.661372E-02  0.000000E+00  2.039621E-02 -8.599075E-05 -2.538688E-18  1.044488E-02  0.000000E+00
  2.654840E-01 -3.629156E-02  5.000000E-01  2.681667E-01 -3.661932E-02  0.000000E+00  2.031783E-02  8.201404E-05 -1.779059E-18 -7.128459E-03  0.000000E+00
  2.832720E-01 -3.614111E-02  5.000000E-01  2.861343E-01 -3.646736E-02  0.000000E+00  2.019297E-02  2.651805E-04 -4.759165E-19 -2.452380E-02  0.000000E+00
  3.015770E-01 -3.581337E-02  5.000000E-01  3.046242E-01 -3.613631E-02  0.000000E+00  2.000593E-02  4.541220E-04 -7.002350E-21 -3.833272E-02  0.000000E+00
  3.203660E-01 -3.529503E-02  5.000000E-01  3.236030E-01 -3.561272E-02  0.000000E+00  1.975473E-02  6.384662E-04 -2.136793E-19 -4.740372E-02  0.000000E+00
  3.396030E-01 -3.458078E-02  5.000000E-01  3.430342E-01 -3.489126E-02  0.000000E+00  1.944274E-02  8.116615E-04 -1.288004E-18 -5.207852E-02  0.000000E+00
  3.592490E-01 -3.366862E-02  5.000000E-01  3.628786E-01 -3.396989E-02  0.000000E+00  1.907288E-02  9.716773E-04 -3.458081E-18 -5.312946E-02  0.000000E+00
  3.792580E-01 -3.255737E-02  5.000000E-01  3.830897E-01 -3.284742E-02  0.000000E+00  1.864811E-02  1.117252E-03 -4.825592E-18 -5.094073E-02  0.000000E+00
  3.995810E-01 -3.124879E-02  5.000000E-01  4.036179E-01 -3.152562E-02  0.000000E+00  1.817235E-02  1.246009E-03 -5.027258E-18 -4.542869E-02  0.000000E+00
  4.201670E-01 -2.974886E-02  5.000000E-01  4.244118E-01 -3.001055E-02  0.000000E+00  1.764850E-02  1.356256E-03 -4.149964E-18 -3.650305E-02  0.000000E+00
  4.409600E-01 -2.806558E-02  5.000000E-01  4.454148E-01 -2.831026E-02  0.000000E+00  1.707898E-02  1.447435E-03 -2.865426E-18 -2.428003E-02  0.000000E+00
  4.619030E-01 -2.620844E-02  5.000000E-01  4.665693E-01 -2.643437E-02  0.000000E+00  1.647147E-02  1.517621E-03 -2.133969E-18 -8.849130E-03  0.000000E+00
  4.829360E-01 -2.419480E-02  5.000000E-01  4.878147E-01 -2.440040E-02  0.000000E+00  1.584032E-02  1.564288E-03 -1.627284E-18  9.609349E-03  0.000000E+00
  5.039990E-01 -2.204851E-02  5.000000E-01  5.090904E-01 -2.223244E-02  0.000000E+00  1.520263E-02  1.586670E-03 -2.107252E-18  3.055576E-02  0.000000E+00
  5.250310E-01 -1.979932E-02  5.000000E-01  5.303348E-01 -1.996053E-02  0.000000E+00  1.457527E-02  1.586178E-03 -1.810924E-18  5.316552E-02  0.000000E+00
  5.459710E-01 -1.747966E-02  5.000000E-01  5.514863E-01 -1.761745E-02  0.000000E+00  1.397322E-02  1.566375E-03  1.334621E-19  7.649570E-02  0.000000E+00
  5.667600E-01 -1.512086E-02  5.000000E-01  5.724853E-01 -1.523482E-02  0.000000E+00  1.341178E-02  1.530186E-03  1.027228E-18  9.988848E-02  0.000000E+00
  4.704230E-01  5.315126E-02  5.000000E-01  4.751754E-01  5.372678E-02  0.000000E+00  2.208376E-02  7.684200E-04 -6.800596E-18 -1.053655E+00  0.000000E+00
  4.494880E-01  5.236176E-02  5.000000E-01  4.540289E-01  5.292930E-02  0.000000E+00  2.188903E-02  8.563055E-04 -6.674717E-18 -1.046913E+00  0.000000E+00
  4.286690E-01  5.151601E-02  5.000000E-01  4.329997E-01  5.207501E-02  0.000000E+00  2.185888E-02  9.112543E-04 -8.206869E-18 -1.045624E+00  0.000000E+00
  4.080230E-01  5.063480E-02  5.000000E-01  4.121452E-01  5.118489E-02  0.000000E+00  2.200115E-02  9.726172E-04 -1.053525E-17 -1.045759E+00  0.000000E+00
  3.876050E-01  4.970321E-02  5.000000E-01  3.915210E-01  5.024390E-02  0.000000E+00  2.225408E-02  1.058262E-03 -1.188079E-17 -1.044706E+00  0.000000E+00
  3.674690E-01  4.870794E-02  5.000000E-01  3.711816E-01  4.923858E-02  0.000000E+00  2.252960E-02  1.165220E-03 -1.234016E-17 -1.041793E+00  0.000000E+00
  3.476650E-01  4.763899E-02  5.000000E-01  3.511776E-01  4.815883E-02  0.000000E+00  2.277216E-02  1.289175E-03 -1.253419E-17 -1.037077E+00  0.000000E+00
  3.282390E-01  4.648869E-02  5.000000E-01  3.315555E-01  4.699692E-02  0.000000E+00  2.296506E-02  1.427324E-03 -1.257433E-17 -1.030912E+00  0.000000E+00
  3.092330E-01  4.525188E-02  5.000000E-01  3.123575E-01  4.574762E-02  0.000000E+00  2.311079E-02  1.574509E-03 -1.296109E-17 -1.023938E+00  0.000000E+00
  2.906860E-01  4.393152E-02  5.000000E-01  2.936232E-01  4.441393E-02  0.000000E+00  2.321904E-02  1.725619E-03 -1.378291E-17 -1.016785E+00  0.000000E+00
  2.726330E-01  4.253325E-02  5.000000E-01  2.753879E-01  4.300153E-02  0.000000E+00  2.330215E-02  1.879817E-03 -1.374973E-17 -1.009717E+00  0.000000E+00
  2.551020E-01  4.106256E-02  5.000000E-01  2.576799E-01  4.151598E-02  0.000000E+00  2.336853E-02  2.038206E-03 -1.319928E-17 -1.002732E+00  0.000000E+00
  2.381210E-01  3.952537E-02  5.000000E-01  2.405274E-01  3.996327E-02  0.000000E+00  2.342408E-02  2.204191E-03 -1.344069E-17 -9.956820E-01  0.000000E+00
  2.217090E-01  3.792388E-02  5.000000E-01  2.239496E-01  3.834561E-02  0.000000E+00  2.346857E-02  2.378997E-03 -1.415223E-17 -9.888716E-01  0.000000E+00
  2.058840E-01  3.626060E-02  5.000000E-01  2.079648E-01  3.666554E-02  0.000000E+00  2.348224E-02  2.541382E-03 -1.542615E-17 -9.845110E-01  0.000000E+00
  1.906600E-01  3.456312E-02  5.000000E-01  1.925871E-01  3.495091E-02  0.000000E+00  2.345744E-02  2.655104E-03 -1.840986E-17 -9.859918E-01  0.000000E+00
  1.760460E-01  3.288182E-02  5.000000E-01  1.778255E-01  3.325263E-02  0.000000E+00  2.346109E-02  2.724872E-03 -2.434626E-17 -9.938314E-01  0.000000E+00
  1.620500E-01  3.124081E-02  5.000000E-01  1.636881E-01  3.159505E-02  0.000000E+00  2.358450E-02  2.792783E-03 -3.286486E-17 -1.005275E+00  0.000000E+00
  1.486750E-01  2.964229E-02  5.000000E-01  1.501781E-01  2.998038E-02  0.000000E+00  2.384849E-02  2.888471E-03 -4.641055E-17 -1.017409E+00  0.000000E+00
  1.359210E-01  2.807806E-02  5.000000E-01  1.372953E-01  2.840036E-02  0.000000E+00  2.420288E-02  3.019833E-03 -7.168448E-17 -1.028486E+00  0.000000E+00
  1.237890E-01  2.653932E-02  5.000000E-01  1.250407E-01  2.684608E-02  0.000000E+00  2.457718E-02  3.184249E-03 -1.151938E-16 -1.037863E+00  0.000000E+00
  1.122730E-01  2.501655E-02  5.000000E-01  1.134084E-01  2.530793E-02  0.000000E+00  2.492000E-02  3.376560E-03 -1.882958E-16 -1.045639E+00  0.000000E+00
  1.013710E-01  2.350410E-02  5.000000E-01  1.023964E-01  2.378020E-02  0.000000E+00  2.520855E-02  3.590278E-03 -3.095304E-16 -1.052422E+00  0.000000E+00
  9.107400E-02  2.199995E-02  5.000000E-01  9.199536E-02  2.226087E-02  0.000000E+00  2.544650E-02  3.824610E-03 -5.088669E-16 -1.058788E+00  0.000000E+00
  9.107400E-02  2.199995E-02  5.000000E-01  9.199536E-02  2.226087E-02  0.000000E+00  2.544650E-02  3.824610E-03 -5.088669E-16 -1.058788E+00  0.000000E+00
  8.137660E-02  2.050186E-02  5.000000E-01  8.220003E-02  2.074765E-02  0.000000E+00  2.564190E-02  4.077923E-03 -8.453158E-16 -1.065484E+00  0.000000E+00
  7.227050E-02  1.901225E-02  5.000000E-01  7.300197E-02  1.924299E-02  0.000000E+00  2.579913E-02  4.344285E-03 -1.420092E-15 -1.073524E+00  0.000000E+00
  6.374670E-02  1.753622E-02  5.000000E-01  6.439209E-02  1.775206E-02  0.000000E+00  2.592900E-02  4.624823E-03 -2.408290E-15 -1.083578E+00  0.000000E+00
  5.579720E-02  1.607708E-02  5.000000E-01  5.636231E-02  1.627818E-02  0.000000E+00  2.603213E-02  4.915700E-03 -4.123086E-15 -1.096555E+00  0.000000E+00
  4.841260E-02  1.464337E-02  5.000000E-01  4.890313E-02  1.482999E-02  0.000000E+00  2.610668E-02  5.211657E-03 -7.086551E-15 -1.113443E+00  0.000000E+00
  4.158390E-02  1.324289E-02  5.000000E-01  4.200547E-02  1.341537E-02  0.000000E+00  2.615779E-02  5.519147E-03 -1.202968E-14 -1.134635E+00  0.000000E+00
  3.530370E-02  1.188050E-02  5.000000E-01  3.566185E-02  1.203923E-02  0.000000E+00  2.616651E-02  5.832855E-03 -1.964166E-14 -1.160969E+00  0.000000E+00
  2.956270E-02  1.056573E-02  5.000000E-01  2.986287E-02  1.071117E-02  0.000000E+00  2.610565E-02  6.147963E-03 -2.987629E-14 -1.193111E+00  0.000000E+00
  2.435310E-02  9.305108E-03  5.000000E-01  2.460066E-02  9.437822E-03  0.000000E+00  2.593522E-02  6.476344E-03 -4.090369E-14 -1.230473E+00  0.000000E+00
  1.967110E-02  8.099123E-03  5.000000E-01  1.987137E-02  8.219658E-03  0.000000E+00  2.552072E-02  6.788608E-03 -4.876118E-14 -1.273365E+00  0.000000E+00
  1.550860E-02  6.954942E-03  5.000000E-01  1.566684E-02  7.063922E-03  0.000000E+00  2.468432E-02  7.036307E-03 -4.945014E-14 -1.322092E+00  0.000000E+00
  1.185930E-02  5.876225E-03  5.000000E-01  1.198068E-02  5.974311E-03  0.000000E+00  2.332836E-02  7.212182E-03 -4.284322E-14 -1.374807E+00  0.000000E+00
  8.724160E-03  4.859158E-03  5.000000E-01  8.813883E-03  4.946974E-03  0.000000E+00  2.157872E-02  7.343852E-03 -3.374244E-14 -1.431050E+00  0.000000E+00
  6.091130E-03  3.911937E-03  5.000000E-01  6.154263E-03  3.990186E-03  0.000000E+00  2.032368E-02  7.820649E-03 -2.680418E-14 -1.486226E+00  0.000000E+00
  3.952840E-03  3.037280E-03  5.000000E-01  3.994378E-03  3.106696E-03  0.000000E+00  2.113549E-02  9.733943E-03 -1.952090E-14 -1.523401E+00  0.000000E+00
  2.330070E-03  2.222403E-03  5.000000E-01  2.355220E-03  2.283590E-03  0.000000E+00  2.423879E-02  1.419532E-02 -7.129218E-15 -1.531088E+00  0.000000E+00
  1.198080E-03  1.485419E-03  5.000000E-01  1.211798E-03  1.539163E-03  0.000000E+00  2.759965E-02  2.139017E-02  4.282091E-15 -1.519248E+00  0.000000E+00
  5.019560E-04  8.593880E-04  5.000000E-01  5.086442E-04  9.068100E-04  0.000000E+00  3.041175E-02  3.350387E-02  3.084984E-16 -1.530793E+00  0.000000E+00
  1.313430E-04  3.762242E-04  5.000000E-01  1.342884E-04  4.187668E-04  0.000000E+00  3.506363E-02  7.036325E-02 -2.680668E-14 -1.566088E+00  0.000000E+00
  8.078190E-06  6.807354E-05  5.000000E-01  9.778777E-06  1.075042E-04  0.000000E+00  3.054288E-02  1.732850E-01 -6.118806E-14 -1.484756E+00  0.000000E+00
 -1.602820E-06 -3.835585E-05  5.000000E-01  0.000000E+00  0.000000E+00  0.000000E+00 -4.944370E-03  2.521461E-01 -6.878644E-14 -1.190861E+00  0.000000E+00
  9.141860E-06 -1.484068E-04  5.000000E-01  1.085319E-05 -1.111623E-04  0.000000E+00 -4.976275E-02  1.967991E-01 -6.217467E-14 -4.687313E-01  0.000000E+00
  1.696960E-04 -4.810019E-04  5.000000E-01  1.730287E-04 -4.471163E-04  0.000000E+00 -6.436947E-02  9.282101E-02 -6.077046E-14  5.409110E-01  0.000000E+00
    1    2
    2    3
    3    4
    4    5
    5    6
    6    7
    7    8
    8    9
    9   10
   10   11
   11   12
   12   13
   13   14
   14   15
   15   16
   16   17
   17   18
   18   19
   19   20
   20   21
   21   22
   22   23
   23   24
   25   26
   26   27
   27   28
   28   29
   29   30
   30   31
   31   32
   32   33
   33   34
   34   35
   35   36
   36   37
   37   38
   38   39
   39   40
   40   41
   41   42
   42   43
   43   44
   44   45
   45   46
   46   47
   47   48
   49   50
   50   51
   51   52
   52   53
   53   54
   54   55
   55   56
   56   57
   57   58
   58   59
   59   60
   60   61
   61   62
   62   63
   63   64
   64   65
   65   66
   66   67
   67   68
   68   69
   69   70
   70   71
   71   72
   73   74
   74   75
   75   76
   76   77
   77   78
   78   79
   79   80
   80   81
   81   82
   82   83
   83   84
   84   85
   85   86
   86   87
   87   88
   88   89
   89   90
   90   91
   91   92
   92   93
   93   94
   94   95
   95   96
   97   98
   98   99
   99  100
  100  101
  101  102
  102  103
  103  104
  104  105
  105  106
  106  107
  107  108
  108  109
  109  110
  110  111
  111  112
  112  113
  113  114
  114  115
  115  116
  116  117
  117  118
  118  119
  119  120
  121  122
  122  123
  123  124
  124  125
  125  126
  126  127
  127  128
  128  129
  129  130
  130  131
  131  132
  132  133
  133  134
  134  135
  135  136
  136  137
  137  138
  138  139
  139  140
  140  141
  141  142
  142  143
  143  144
  145  146
  146  147
  147  148
  148  149
  149  150
  150  151
  151  152
  152  153
  153  154
  154  155
  155  156
  156  157
  157  158
  158  159
  159  160
  160  161
  161  162
  162  163
  163  164
  164  165
  165  166
  166  167
  167  168
  169  170
  170  171
  171  172
  172  173
  173  174
  174  175
  175  176
  176  177
  177  178
  178  179
  179  180
  180  181
  181  182
  182  183
  183  184
  184  185
  185  186
  186  187
  187  188
  188  189
  189  190
  190  191
  191  192
