 Title = "ADflow Slice Data"
Variables =  "CoordinateX"  "CoordinateY"  "CoordinateZ"  "XoC"  "YoC"  "ZoC" "VelocityX" "VelocityY" "VelocityZ" "CoefPressure" "Mach" 
Zone T= "Slice_0001 None Absolute Regular z = 0.50000000"
 Nodes =          192  Elements=          184  ZONETYPE=FELINESEG
 DATAPACKING=POINT
  5.667600E-01 -1.510711E-02  5.000000E-01  5.724853E-01 -1.522077E-02  0.000000E+00  1.340859E-02  1.528855E-03  6.526466E-18  1.002518E-01  0.000000E+00
  5.873410E-01 -1.274746E-02  5.000000E-01  5.932741E-01 -1.283729E-02  0.000000E+00  1.290512E-02  1.478340E-03  7.988565E-18  1.231448E-01  0.000000E+00
  6.076580E-01 -1.042223E-02  5.000000E-01  6.137963E-01 -1.048857E-02  0.000000E+00  1.246307E-02  1.417116E-03  5.383666E-18  1.449827E-01  0.000000E+00
  6.276600E-01 -8.163531E-03  5.000000E-01  6.340003E-01 -8.207069E-03  0.000000E+00  1.207993E-02  1.349303E-03  3.060345E-18  1.652016E-01  0.000000E+00
  6.472970E-01 -5.995490E-03  5.000000E-01  6.538356E-01 -6.017133E-03  0.000000E+00  1.174608E-02  1.279791E-03  4.603067E-18  1.834546E-01  0.000000E+00
  6.665260E-01 -3.929655E-03  5.000000E-01  6.732588E-01 -3.930435E-03  0.000000E+00  1.145129E-02  1.211053E-03  4.932071E-18  1.999559E-01  0.000000E+00
  6.853050E-01 -1.975572E-03  5.000000E-01  6.922274E-01 -1.956618E-03  0.000000E+00  1.118971E-02  1.140476E-03  7.148507E-18  2.155027E-01  0.000000E+00
  7.035980E-01 -1.505177E-04  5.000000E-01  7.107052E-01 -1.131328E-04  0.000000E+00  1.095154E-02  1.065408E-03  1.000665E-17  2.304296E-01  0.000000E+00
  7.213750E-01  1.533490E-03  5.000000E-01  7.286617E-01  1.587881E-03  0.000000E+00  1.071430E-02  9.862766E-04  1.135373E-17  2.443905E-01  0.000000E+00
  7.386080E-01  3.072108E-03  5.000000E-01  7.460687E-01  3.142038E-03  0.000000E+00  1.044913E-02  9.052257E-04  9.844146E-18  2.573022E-01  0.000000E+00
  7.552750E-01  4.470388E-03  5.000000E-01  7.629040E-01  4.554438E-03  0.000000E+00  1.013799E-02  8.265114E-04  7.088894E-18  2.695918E-01  0.000000E+00
  7.713580E-01  5.741123E-03  5.000000E-01  7.791495E-01  5.838006E-03  0.000000E+00  9.793695E-03  7.519511E-04  6.922739E-18  2.818176E-01  0.000000E+00
  7.868410E-01  6.895259E-03  5.000000E-01  7.947888E-01  7.003799E-03  0.000000E+00  9.483198E-03  6.642298E-04  8.399117E-18  2.957035E-01  0.000000E+00
  8.017160E-01  7.872815E-03  5.000000E-01  8.098140E-01  7.991226E-03  0.000000E+00  9.307613E-03  5.404671E-04  1.054867E-17  3.115878E-01  0.000000E+00
  8.159740E-01  8.590414E-03  5.000000E-01  8.242160E-01  8.716073E-03  0.000000E+00  9.330550E-03  3.861094E-04  1.293959E-17  3.245043E-01  0.000000E+00
  8.296120E-01  9.030410E-03  5.000000E-01  8.379918E-01  9.160512E-03  0.000000E+00  9.555762E-03  2.188063E-04  1.310652E-17  3.295863E-01  0.000000E+00
  8.426300E-01  9.209056E-03  5.000000E-01  8.511412E-01  9.340962E-03  0.000000E+00  9.959810E-03  4.536746E-05  1.038909E-17  3.267778E-01  0.000000E+00
  8.550290E-01  9.157715E-03  5.000000E-01  8.636654E-01  9.289103E-03  0.000000E+00  1.051441E-02 -1.332140E-04  6.228243E-18  3.180645E-01  0.000000E+00
  8.668160E-01  8.914111E-03  5.000000E-01  8.755715E-01  9.043038E-03  0.000000E+00  1.119062E-02 -3.157968E-04  2.630814E-18  3.047959E-01  0.000000E+00
  8.779950E-01  8.519500E-03  5.000000E-01  8.868634E-01  8.644443E-03  0.000000E+00  1.195857E-02 -4.998256E-04  2.246253E-18  2.875327E-01  0.000000E+00
  8.885730E-01  8.013154E-03  5.000000E-01  8.975482E-01  8.132982E-03  0.000000E+00  1.278899E-02 -6.827241E-04  3.009259E-18  2.668632E-01  0.000000E+00
  8.985610E-01  7.428438E-03  5.000000E-01  9.076371E-01  7.542362E-03  0.000000E+00  1.364927E-02 -8.577436E-04  3.539599E-18  2.433090E-01  0.000000E+00
  9.079670E-01  6.799126E-03  5.000000E-01  9.171381E-01  6.906694E-03  0.000000E+00  1.450012E-02 -1.012515E-03  2.946384E-18  2.173320E-01  0.000000E+00
  9.168010E-01  6.157722E-03  5.000000E-01  9.260613E-01  6.258813E-03  0.000000E+00  1.530393E-02 -1.137893E-03  1.606189E-18  1.899897E-01  0.000000E+00
  9.168010E-01  6.157722E-03  5.000000E-01  9.260613E-01  6.258813E-03  0.000000E+00  1.530393E-02 -1.137893E-03  1.606189E-18  1.899897E-01  0.000000E+00
  9.250730E-01  5.529031E-03  5.000000E-01  9.344168E-01  5.623773E-03  0.000000E+00  1.603752E-02 -1.235111E-03  1.886439E-18  1.628070E-01  0.000000E+00
  9.327940E-01  4.927292E-03  5.000000E-01  9.422158E-01  5.015957E-03  0.000000E+00  1.670036E-02 -1.315870E-03  1.943607E-18  1.370974E-01  0.000000E+00
  9.399760E-01  4.355780E-03  5.000000E-01  9.494703E-01  4.438673E-03  0.000000E+00  1.730870E-02 -1.391709E-03  1.396534E-18  1.131296E-01  0.000000E+00
  9.466320E-01  3.815199E-03  5.000000E-01  9.561935E-01  3.892633E-03  0.000000E+00  1.788270E-02 -1.467158E-03  1.773479E-18  9.016598E-02  0.000000E+00
  9.527730E-01  3.306371E-03  5.000000E-01  9.623965E-01  3.378666E-03  0.000000E+00  1.844703E-02 -1.548713E-03  1.770962E-18  6.766702E-02  0.000000E+00
  9.584110E-01  2.827154E-03  5.000000E-01  9.680915E-01  2.894610E-03  0.000000E+00  1.903440E-02 -1.647020E-03  3.824475E-18  4.540033E-02  0.000000E+00
  9.635570E-01  2.374318E-03  5.000000E-01  9.732895E-01  2.437201E-03  0.000000E+00  1.967872E-02 -1.767961E-03  1.410813E-17  2.264820E-02  0.000000E+00
  9.682220E-01  1.946793E-03  5.000000E-01  9.780016E-01  2.005358E-03  0.000000E+00  2.041211E-02 -1.912170E-03  2.849578E-17 -1.677985E-03  0.000000E+00
  9.724140E-01  1.545859E-03  5.000000E-01  9.822359E-01  1.600375E-03  0.000000E+00  2.128260E-02 -2.087654E-03  8.447129E-20 -2.820888E-02  0.000000E+00
  9.761430E-01  1.171440E-03  5.000000E-01  9.860026E-01  1.222175E-03  0.000000E+00  2.237231E-02 -2.311576E-03 -1.826201E-16 -5.739680E-02  0.000000E+00
  9.794160E-01  8.242704E-04  5.000000E-01  9.893086E-01  8.714995E-04  0.000000E+00  2.378326E-02 -2.597357E-03 -6.161023E-16 -9.032300E-02  0.000000E+00
  9.822400E-01  5.074293E-04  5.000000E-01  9.921611E-01  5.514587E-04  0.000000E+00  2.556637E-02 -2.947192E-03 -1.158013E-15 -1.284408E-01  0.000000E+00
  9.846200E-01  2.260650E-04  5.000000E-01  9.945652E-01  2.672530E-04  0.000000E+00  2.759062E-02 -3.347862E-03 -1.259509E-15 -1.720993E-01  0.000000E+00
  9.865620E-01 -1.453606E-05  5.000000E-01  9.965268E-01  2.422207E-05  0.000000E+00  2.940962E-02 -3.711583E-03 -3.656513E-16 -2.194078E-01  0.000000E+00
  9.880680E-01 -2.086060E-04  5.000000E-01  9.980480E-01 -1.718077E-04  0.000000E+00  2.987560E-02 -3.826700E-03 -2.158384E-15 -2.766165E-01  0.000000E+00
  9.891420E-01 -3.514239E-04  5.000000E-01  9.991328E-01 -3.160680E-04  0.000000E+00  2.812840E-02 -3.911135E-03 -2.478487E-14 -3.435008E-01  0.000000E+00
  9.897860E-01 -4.389487E-04  5.000000E-01  9.997833E-01 -4.044766E-04  0.000000E+00  3.788611E-02 -4.013267E-03 -1.330623E-13 -2.893957E-01  0.000000E+00
  9.900000E-01 -4.683023E-04  5.000000E-01  9.999995E-01 -4.341267E-04  0.000000E+00  2.618841E-02  5.267608E-03 -5.979701E-14 -5.820194E-01  0.000000E+00
  9.900000E-01 -1.843754E-04  5.000000E-01  9.999995E-01 -1.473324E-04  0.000000E+00  1.229774E-03 -7.885250E-03 -2.062362E-15 -8.088123E-01  0.000000E+00
  9.900000E-01  9.955150E-05  5.000000E-01  9.999995E-01  1.394618E-04  0.000000E+00 -4.468913E-04 -2.274867E-02 -8.061409E-14 -6.283624E-01  0.000000E+00
  9.900000E-01  3.834784E-04  5.000000E-01  9.999995E-01  4.262560E-04  0.000000E+00 -1.435992E-04 -8.862982E-03 -3.901886E-14 -6.283183E-01  0.000000E+00
  9.900000E-01  6.674053E-04  5.000000E-01  9.999995E-01  7.130502E-04  0.000000E+00  4.646601E-04 -5.229934E-03 -1.627031E-14 -6.881988E-01  0.000000E+00
  9.900000E-01  9.513321E-04  5.000000E-01  9.999995E-01  9.998444E-04  0.000000E+00  6.797348E-03 -6.632426E-03 -2.052770E-15 -6.299478E-01  0.000000E+00
  9.900000E-01  9.513321E-04  5.000000E-01  9.999995E-01  9.998444E-04  0.000000E+00  6.797348E-03 -6.632426E-03 -2.052770E-15 -6.299478E-01  0.000000E+00
  9.897890E-01  1.017904E-03  5.000000E-01  9.997864E-01  1.067088E-03  0.000000E+00  9.015779E-03 -3.469589E-03  4.526119E-15 -5.523876E-01  0.000000E+00
  9.891540E-01  1.218674E-03  5.000000E-01  9.991450E-01  1.269886E-03  0.000000E+00  4.567781E-03 -1.351281E-03  2.281442E-15 -5.709899E-01  0.000000E+00
  9.880950E-01  1.555408E-03  5.000000E-01  9.980753E-01  1.610021E-03  0.000000E+00  3.024793E-03 -9.609245E-04  9.218137E-16 -5.705500E-01  0.000000E+00
  9.866100E-01  2.031333E-03  5.000000E-01  9.965753E-01  2.090752E-03  0.000000E+00  1.983753E-03 -6.497780E-04  3.228469E-16 -5.626502E-01  0.000000E+00
  9.846960E-01  2.650662E-03  5.000000E-01  9.946419E-01  2.716336E-03  0.000000E+00  9.958964E-04 -3.234591E-04  1.069528E-16 -5.590124E-01  0.000000E+00
  9.823490E-01  3.418251E-03  5.000000E-01  9.922712E-01  3.491677E-03  0.000000E+00  1.849700E-04 -5.918042E-05  2.892232E-17 -5.580330E-01  0.000000E+00
  9.795670E-01  4.338749E-03  5.000000E-01  9.894611E-01  4.421470E-03  0.000000E+00 -4.278452E-04  1.427369E-04 -1.266353E-18 -5.582749E-01  0.000000E+00
  9.763420E-01  5.417935E-03  5.000000E-01  9.862036E-01  5.511554E-03  0.000000E+00 -8.716124E-04  2.932916E-04 -9.711100E-18 -5.597196E-01  0.000000E+00
  9.726710E-01  6.659543E-03  5.000000E-01  9.824955E-01  6.765702E-03  0.000000E+00 -1.170640E-03  3.977081E-04 -8.089242E-18 -5.622534E-01  0.000000E+00
  9.685460E-01  8.066753E-03  5.000000E-01  9.783288E-01  8.187123E-03  0.000000E+00 -1.342210E-03  4.594699E-04 -3.456440E-18 -5.654567E-01  0.000000E+00
  9.639600E-01  9.641707E-03  5.000000E-01  9.736965E-01  9.777982E-03  0.000000E+00 -1.402960E-03  4.831428E-04 -7.477786E-19 -5.688218E-01  0.000000E+00
  9.589060E-01  1.138655E-02  5.000000E-01  9.685915E-01  1.154045E-02  0.000000E+00 -1.373306E-03  4.749980E-04 -3.444416E-19 -5.718726E-01  0.000000E+00
  9.533750E-01  1.330247E-02  5.000000E-01  9.630046E-01  1.347572E-02  0.000000E+00 -1.279111E-03  4.433629E-04 -5.300213E-19 -5.742456E-01  0.000000E+00
  9.473580E-01  1.538821E-02  5.000000E-01  9.569269E-01  1.558252E-02  0.000000E+00 -1.150208E-03  3.983881E-04 -1.753600E-18 -5.757556E-01  0.000000E+00
  9.408450E-01  1.764045E-02  5.000000E-01  9.503481E-01  1.785750E-02  0.000000E+00 -1.016810E-03  3.507722E-04 -2.373211E-18 -5.764322E-01  0.000000E+00
  9.338260E-01  2.005389E-02  5.000000E-01  9.432582E-01  2.029532E-02  0.000000E+00 -9.056153E-04  3.100103E-04 -2.085376E-18 -5.765036E-01  0.000000E+00
  9.262910E-01  2.262009E-02  5.000000E-01  9.356471E-01  2.288743E-02  0.000000E+00 -8.372038E-04  2.831315E-04 -1.105943E-18 -5.763225E-01  0.000000E+00
  9.182290E-01  2.532622E-02  5.000000E-01  9.275037E-01  2.562089E-02  0.000000E+00 -8.254825E-04  2.742183E-04  1.178388E-18 -5.762595E-01  0.000000E+00
  9.096280E-01  2.815458E-02  5.000000E-01  9.188158E-01  2.847781E-02  0.000000E+00 -8.781359E-04  2.845115E-04  4.392119E-18 -5.766752E-01  0.000000E+00
  9.004770E-01  3.108168E-02  5.000000E-01  9.095724E-01  3.143448E-02  0.000000E+00 -9.969894E-04  3.126315E-04  9.159382E-18 -5.778845E-01  0.000000E+00
  8.907650E-01  3.407659E-02  5.000000E-01  8.997623E-01  3.445963E-02  0.000000E+00 -1.179249E-03  3.542569E-04  9.794473E-18 -5.799727E-01  0.000000E+00
  8.804800E-01  3.709791E-02  5.000000E-01  8.893735E-01  3.751146E-02  0.000000E+00 -1.418071E-03  4.017200E-04  7.660514E-19 -5.828401E-01  0.000000E+00
  8.696090E-01  4.008988E-02  5.000000E-01  8.783927E-01  4.053365E-02  0.000000E+00 -1.699158E-03  4.455799E-04  1.814137E-18 -5.864217E-01  0.000000E+00
  8.696090E-01  4.008988E-02  5.000000E-01  8.783927E-01  4.053365E-02  0.000000E+00 -1.699158E-03  4.455799E-04  1.814137E-18 -5.864217E-01  0.000000E+00
  8.581400E-01  4.298043E-02  5.000000E-01  8.668079E-01  4.345338E-02  0.000000E+00 -2.002474E-03  4.769108E-04 -1.137499E-18 -5.897279E-01  0.000000E+00
  8.460600E-01  4.568536E-02  5.000000E-01  8.546059E-01  4.618564E-02  0.000000E+00 -2.310249E-03  4.855560E-04 -1.946570E-17 -5.905581E-01  0.000000E+00
  8.333640E-01  4.812483E-02  5.000000E-01  8.417817E-01  4.864974E-02  0.000000E+00 -2.567415E-03  4.509299E-04 -3.563508E-17 -5.921120E-01  0.000000E+00
  8.200460E-01  5.022323E-02  5.000000E-01  8.283292E-01  5.076934E-02  0.000000E+00 -2.540564E-03  3.448466E-04 -5.584864E-17 -6.136525E-01  0.000000E+00
  8.061050E-01  5.191314E-02  5.000000E-01  8.142474E-01  5.247631E-02  0.000000E+00 -1.647947E-03  1.621025E-04 -7.614514E-17 -6.844174E-01  0.000000E+00
  7.915460E-01  5.316881E-02  5.000000E-01  7.995413E-01  5.374466E-02  0.000000E+00  9.929796E-04 -5.253125E-05 -9.476894E-17 -8.104170E-01  0.000000E+00
  7.763770E-01  5.402944E-02  5.000000E-01  7.842191E-01  5.461398E-02  0.000000E+00  5.991911E-03 -2.164619E-04 -1.024050E-16 -9.517254E-01  0.000000E+00
  7.606070E-01  5.456434E-02  5.000000E-01  7.682899E-01  5.515428E-02  0.000000E+00  1.260981E-02 -2.326080E-04 -8.727678E-17 -1.050188E+00  0.000000E+00
  7.442510E-01  5.478085E-02  5.000000E-01  7.517687E-01  5.537298E-02  0.000000E+00  1.845395E-02 -4.484362E-05 -6.098286E-17 -1.081589E+00  0.000000E+00
  7.273250E-01  5.469690E-02  5.000000E-01  7.346718E-01  5.528818E-02  0.000000E+00  2.145571E-02  2.562245E-04 -3.167597E-17 -1.067288E+00  0.000000E+00
  7.098490E-01  5.436501E-02  5.000000E-01  7.170193E-01  5.495294E-02  0.000000E+00  2.167724E-02  4.873507E-04 -1.223210E-18 -1.042319E+00  0.000000E+00
  6.918480E-01  5.388137E-02  5.000000E-01  6.988365E-01  5.446441E-02  0.000000E+00  2.053609E-02  5.373361E-04  2.042935E-17 -1.031260E+00  0.000000E+00
  6.733520E-01  5.339620E-02  5.000000E-01  6.801537E-01  5.397435E-02  0.000000E+00  1.933034E-02  3.958047E-04  2.728598E-17 -1.044825E+00  0.000000E+00
  6.543930E-01  5.310920E-02  5.000000E-01  6.610032E-01  5.368445E-02  0.000000E+00  1.875500E-02  1.282430E-04  2.342253E-17 -1.079534E+00  0.000000E+00
  6.350090E-01  5.314000E-02  5.000000E-01  6.414235E-01  5.371555E-02  0.000000E+00  1.903617E-02 -1.482880E-04  1.603498E-17 -1.120010E+00  0.000000E+00
  6.152440E-01  5.342105E-02  5.000000E-01  6.214589E-01  5.399945E-02  0.000000E+00  1.996678E-02 -3.502048E-04  7.418023E-18 -1.151723E+00  0.000000E+00
  5.951420E-01  5.384204E-02  5.000000E-01  6.011539E-01  5.442469E-02  0.000000E+00  2.109176E-02 -4.408542E-04 -2.381104E-18 -1.167706E+00  0.000000E+00
  5.747530E-01  5.427219E-02  5.000000E-01  5.805590E-01  5.485919E-02  0.000000E+00  2.204305E-02 -3.846115E-04 -1.261563E-17 -1.165499E+00  0.000000E+00
  5.541290E-01  5.456641E-02  5.000000E-01  5.597267E-01  5.515637E-02  0.000000E+00  2.265153E-02 -1.699461E-04 -2.112745E-17 -1.146543E+00  0.000000E+00
  5.333260E-01  5.458673E-02  5.000000E-01  5.387136E-01  5.517690E-02  0.000000E+00  2.285585E-02  1.305079E-04 -2.493164E-17 -1.118267E+00  0.000000E+00
  5.124010E-01  5.432268E-02  5.000000E-01  5.175773E-01  5.491019E-02  0.000000E+00  2.270655E-02  4.098490E-04 -2.333785E-17 -1.090246E+00  0.000000E+00
  4.914140E-01  5.382479E-02  5.000000E-01  4.963783E-01  5.440727E-02  0.000000E+00  2.238783E-02  6.239174E-04 -2.160864E-17 -1.067912E+00  0.000000E+00
  4.704230E-01  5.314937E-02  5.000000E-01  4.751754E-01  5.372502E-02  0.000000E+00  2.207912E-02  7.709117E-04 -6.420054E-18 -1.053320E+00  0.000000E+00
  1.696960E-04 -4.811939E-04  5.000000E-01  1.730287E-04 -4.471485E-04  0.000000E+00 -6.436747E-02  9.282812E-02 -7.488342E-14  5.407332E-01  0.000000E+00
  8.054360E-04 -9.784902E-04  5.000000E-01  8.151890E-04 -9.494670E-04  0.000000E+00 -4.693658E-02  3.287194E-02 -7.798154E-14  1.106719E+00  0.000000E+00
  1.973980E-03 -1.585613E-03  5.000000E-01  1.995534E-03 -1.562721E-03  0.000000E+00 -2.105694E-02  1.048591E-02 -3.545725E-14  1.176594E+00  0.000000E+00
  3.614630E-03 -2.300543E-03  5.000000E-01  3.652753E-03 -2.284871E-03  0.000000E+00 -4.061310E-03  1.776086E-03 -1.465212E-14  1.152961E+00  0.000000E+00
  5.721210E-03 -3.131713E-03  5.000000E-01  5.780607E-03 -3.124435E-03  0.000000E+00  5.014903E-03 -1.862712E-03 -5.187156E-15  1.122648E+00  0.000000E+00
  8.297500E-03 -4.076650E-03  5.000000E-01  8.382914E-03 -4.078915E-03  0.000000E+00  9.325114E-03 -3.268184E-03 -1.094463E-15  1.078335E+00  0.000000E+00
  1.136560E-02 -5.115756E-03  5.000000E-01  1.148200E-02 -5.128515E-03  0.000000E+00  1.109414E-02 -3.620110E-03  3.961859E-17  1.023919E+00  0.000000E+00
  1.493280E-02 -6.237786E-03  5.000000E-01  1.508522E-02 -6.261876E-03  0.000000E+00  1.169027E-02 -3.586083E-03  7.959750E-17  9.694135E-01  0.000000E+00
  1.899460E-02 -7.451049E-03  5.000000E-01  1.918804E-02 -7.487392E-03  0.000000E+00  1.194715E-02 -3.516426E-03  2.050388E-17  9.187186E-01  0.000000E+00
  2.354800E-02 -8.771596E-03  5.000000E-01  2.378743E-02 -8.821275E-03  0.000000E+00  1.228199E-02 -3.508700E-03  8.195779E-17  8.688304E-01  0.000000E+00
  2.860130E-02 -1.019493E-02  5.000000E-01  2.889176E-02 -1.025899E-02  0.000000E+00  1.281357E-02 -3.547953E-03  1.842340E-16  8.171038E-01  0.000000E+00
  3.416500E-02 -1.170997E-02  5.000000E-01  3.451165E-02 -1.178933E-02  0.000000E+00  1.352351E-02 -3.615649E-03  2.518634E-16  7.647626E-01  0.000000E+00
  4.024810E-02 -1.330751E-02  5.000000E-01  4.065618E-02 -1.340300E-02  0.000000E+00  1.435321E-02 -3.692572E-03  2.793074E-16  7.127172E-01  0.000000E+00
  4.686030E-02 -1.497525E-02  5.000000E-01  4.733516E-02 -1.508758E-02  0.000000E+00  1.523827E-02 -3.758864E-03  2.903472E-16  6.607517E-01  0.000000E+00
  5.401090E-02 -1.670148E-02  5.000000E-01  5.455797E-02 -1.683124E-02  0.000000E+00  1.613193E-02 -3.806107E-03  3.013686E-16  6.089350E-01  0.000000E+00
  6.170850E-02 -1.847755E-02  5.000000E-01  6.233331E-02 -1.862525E-02  0.000000E+00  1.700858E-02 -3.825959E-03  3.165061E-16  5.568945E-01  0.000000E+00
  6.996310E-02 -2.028913E-02  5.000000E-01  7.067127E-02 -2.045512E-02  0.000000E+00  1.785445E-02 -3.805895E-03  3.329310E-16  5.039264E-01  0.000000E+00
  7.878500E-02 -2.211655E-02  5.000000E-01  7.958226E-02 -2.230099E-02  0.000000E+00  1.866641E-02 -3.742286E-03  3.447636E-16  4.502279E-01  0.000000E+00
  8.818390E-02 -2.394064E-02  5.000000E-01  8.907608E-02 -2.414351E-02  0.000000E+00  1.944589E-02 -3.635208E-03  3.464360E-16  3.962334E-01  0.000000E+00
  9.816930E-02 -2.573883E-02  5.000000E-01  9.916232E-02 -2.595986E-02  0.000000E+00  2.018743E-02 -3.479991E-03  3.340072E-16  3.420031E-01  0.000000E+00
  1.087500E-01 -2.748419E-02  5.000000E-01  1.098499E-01 -2.772284E-02  0.000000E+00  2.087485E-02 -3.273130E-03  3.054912E-16  2.879592E-01  0.000000E+00
  1.199340E-01 -2.914935E-02  5.000000E-01  1.211468E-01 -2.940482E-02  0.000000E+00  2.147322E-02 -3.009580E-03  2.588082E-16  2.348068E-01  0.000000E+00
  1.317280E-01 -3.070218E-02  5.000000E-01  1.330599E-01 -3.097333E-02  0.000000E+00  2.192176E-02 -2.680467E-03  1.801064E-16  1.833962E-01  0.000000E+00
  1.441380E-01 -3.210525E-02  5.000000E-01  1.455952E-01 -3.239057E-02  0.000000E+00  2.214907E-02 -2.285734E-03  8.815811E-17  1.355159E-01  0.000000E+00
  1.441380E-01 -3.210525E-02  5.000000E-01  1.455952E-01 -3.239057E-02  0.000000E+00  2.214907E-02 -2.285734E-03  8.815811E-17  1.355159E-01  0.000000E+00
  1.571670E-01 -3.332199E-02  5.000000E-01  1.587558E-01 -3.361960E-02  0.000000E+00  2.210374E-02 -1.839103E-03  8.739860E-17  9.375047E-02  0.000000E+00
  1.708170E-01 -3.431740E-02  5.000000E-01  1.725437E-01 -3.462506E-02  0.000000E+00  2.179509E-02 -1.370338E-03  1.212247E-16  6.084266E-02  0.000000E+00
  1.850860E-01 -3.506766E-02  5.000000E-01  1.869568E-01 -3.538290E-02  0.000000E+00  2.132694E-02 -9.325176E-04  1.023069E-16  3.915518E-02  0.000000E+00
  1.999720E-01 -3.558130E-02  5.000000E-01  2.019931E-01 -3.590173E-02  0.000000E+00  2.088004E-02 -5.940604E-04  7.241476E-17  2.943165E-02  0.000000E+00
  2.154670E-01 -3.592390E-02  5.000000E-01  2.176446E-01 -3.624779E-02  0.000000E+00  2.059755E-02 -3.814072E-04  3.326082E-17  2.730370E-02  0.000000E+00
  2.315610E-01 -3.616568E-02  5.000000E-01  2.339011E-01 -3.649201E-02  0.000000E+00  2.046701E-02 -2.326589E-04 -1.023630E-17  2.268376E-02  0.000000E+00
  2.482400E-01 -3.629834E-02  5.000000E-01  2.507486E-01 -3.662601E-02  0.000000E+00  2.039390E-02 -8.159496E-05 -5.783514E-17  1.008396E-02  0.000000E+00
  2.654840E-01 -3.629999E-02  5.000000E-01  2.681667E-01 -3.662767E-02  0.000000E+00  2.031146E-02  8.666557E-05 -1.064589E-16 -7.341330E-03  0.000000E+00
  2.832720E-01 -3.614536E-02  5.000000E-01  2.861343E-01 -3.647148E-02  0.000000E+00  2.018297E-02  2.697045E-04 -1.457109E-16 -2.456462E-02  0.000000E+00
  3.015770E-01 -3.581346E-02  5.000000E-01  3.046242E-01 -3.613623E-02  0.000000E+00  1.999365E-02  4.580645E-04 -1.654386E-16 -3.819031E-02  0.000000E+00
  3.203660E-01 -3.529143E-02  5.000000E-01  3.236030E-01 -3.560893E-02  0.000000E+00  1.974225E-02  6.413934E-04 -1.598450E-16 -4.709399E-02  0.000000E+00
  3.396030E-01 -3.457448E-02  5.000000E-01  3.430342E-01 -3.488474E-02  0.000000E+00  1.943211E-02  8.133985E-04 -1.282453E-16 -5.165998E-02  0.000000E+00
  3.592490E-01 -3.366073E-02  5.000000E-01  3.628786E-01 -3.396176E-02  0.000000E+00  1.906529E-02  9.724526E-04 -7.712853E-17 -5.269522E-02  0.000000E+00
  3.792580E-01 -3.254871E-02  5.000000E-01  3.830897E-01 -3.283851E-02  0.000000E+00  1.864363E-02  1.117481E-03 -2.011734E-17 -5.057238E-02  0.000000E+00
  3.995810E-01 -3.123984E-02  5.000000E-01  4.036179E-01 -3.151642E-02  0.000000E+00  1.817011E-02  1.246067E-03  3.136420E-17 -4.516214E-02  0.000000E+00
  4.201670E-01 -2.973972E-02  5.000000E-01  4.244118E-01 -3.000115E-02  0.000000E+00  1.764694E-02  1.356434E-03  6.696211E-17 -3.632989E-02  0.000000E+00
  4.409600E-01 -2.805591E-02  5.000000E-01  4.454148E-01 -2.830034E-02  0.000000E+00  1.707642E-02  1.447879E-03  8.110909E-17 -2.415925E-02  0.000000E+00
  4.619030E-01 -2.619764E-02  5.000000E-01  4.665693E-01 -2.642330E-02  0.000000E+00  1.646687E-02  1.518205E-03  7.443986E-17 -8.714971E-03  0.000000E+00
  4.829360E-01 -2.418252E-02  5.000000E-01  4.878147E-01 -2.438783E-02  0.000000E+00  1.583365E-02  1.564720E-03  5.386621E-17  9.817335E-03  0.000000E+00
  5.039990E-01 -2.203481E-02  5.000000E-01  5.090904E-01 -2.221843E-02  0.000000E+00  1.519473E-02  1.586716E-03  3.261554E-17  3.085705E-02  0.000000E+00
  5.250310E-01 -1.978465E-02  5.000000E-01  5.303348E-01 -1.994555E-02  0.000000E+00  1.456753E-02  1.585721E-03  1.616705E-17  5.353843E-02  0.000000E+00
  5.459710E-01 -1.746487E-02  5.000000E-01  5.514863E-01 -1.760234E-02  0.000000E+00  1.396718E-02  1.565404E-03  7.496990E-18  7.689438E-02  0.000000E+00
  5.667600E-01 -1.510711E-02  5.000000E-01  5.724853E-01 -1.522077E-02  0.000000E+00  1.340859E-02  1.528855E-03  6.526466E-18  1.002518E-01  0.000000E+00
  4.704230E-01  5.314937E-02  5.000000E-01  4.751754E-01  5.372502E-02  0.000000E+00  2.207912E-02  7.709117E-04 -6.420054E-18 -1.053320E+00  0.000000E+00
  4.494880E-01  5.235752E-02  5.000000E-01  4.540289E-01  5.292517E-02  0.000000E+00  2.188282E-02  8.580995E-04  1.122377E-17 -1.046645E+00  0.000000E+00
  4.286690E-01  5.151022E-02  5.000000E-01  4.329997E-01  5.206932E-02  0.000000E+00  2.185227E-02  9.121485E-04  1.143627E-17 -1.045463E+00  0.000000E+00
  4.080230E-01  5.062834E-02  5.000000E-01  4.121452E-01  5.117853E-02  0.000000E+00  2.199546E-02  9.726979E-04  4.173768E-18 -1.045707E+00  0.000000E+00
  3.876050E-01  4.969680E-02  5.000000E-01  3.915210E-01  5.023759E-02  0.000000E+00  2.225019E-02  1.057742E-03 -1.230776E-17 -1.044747E+00  0.000000E+00
  3.674690E-01  4.870210E-02  5.000000E-01  3.711816E-01  4.923284E-02  0.000000E+00  2.252770E-02  1.164302E-03 -3.646026E-17 -1.041902E+00  0.000000E+00
  3.476650E-01  4.763403E-02  5.000000E-01  3.511776E-01  4.815399E-02  0.000000E+00  2.277197E-02  1.288043E-03 -6.509964E-17 -1.037228E+00  0.000000E+00
  3.282390E-01  4.648478E-02  5.000000E-01  3.315555E-01  4.699313E-02  0.000000E+00  2.296614E-02  1.426150E-03 -9.445948E-17 -1.031081E+00  0.000000E+00
  3.092330E-01  4.524900E-02  5.000000E-01  3.123575E-01  4.574487E-02  0.000000E+00  2.311269E-02  1.573445E-03 -1.171444E-16 -1.024102E+00  0.000000E+00
  2.906860E-01  4.392955E-02  5.000000E-01  2.936232E-01  4.441210E-02  0.000000E+00  2.322135E-02  1.724785E-03 -1.295534E-16 -1.016927E+00  0.000000E+00
  2.726330E-01  4.253197E-02  5.000000E-01  2.753879E-01  4.300039E-02  0.000000E+00  2.330452E-02  1.879293E-03 -1.285929E-16 -1.009822E+00  0.000000E+00
  2.551020E-01  4.106168E-02  5.000000E-01  2.576799E-01  4.151526E-02  0.000000E+00  2.337064E-02  2.038029E-03 -1.125204E-16 -1.002793E+00  0.000000E+00
  2.381210E-01  3.952462E-02  5.000000E-01  2.405274E-01  3.996268E-02  0.000000E+00  2.342563E-02  2.204367E-03 -8.708769E-17 -9.956938E-01  0.000000E+00
  2.217090E-01  3.792297E-02  5.000000E-01  2.239496E-01  3.834485E-02  0.000000E+00  2.346934E-02  2.379503E-03 -5.486789E-17 -9.888340E-01  0.000000E+00
  2.058840E-01  3.625927E-02  5.000000E-01  2.079648E-01  3.666435E-02  0.000000E+00  2.348205E-02  2.542128E-03 -1.998400E-17 -9.844324E-01  0.000000E+00
  1.906600E-01  3.456119E-02  5.000000E-01  1.925871E-01  3.494913E-02  0.000000E+00  2.345615E-02  2.655905E-03  8.836844E-18 -9.858911E-01  0.000000E+00
  1.760460E-01  3.287928E-02  5.000000E-01  1.778255E-01  3.325022E-02  0.000000E+00  2.345876E-02  2.725545E-03  2.904382E-17 -9.937311E-01  0.000000E+00
  1.620500E-01  3.123773E-02  5.000000E-01  1.636881E-01  3.159210E-02  0.000000E+00  2.358144E-02  2.793248E-03  3.673120E-17 -1.005192E+00  0.000000E+00
  1.486750E-01  2.963878E-02  5.000000E-01  1.501781E-01  2.997701E-02  0.000000E+00  2.384513E-02  2.888721E-03  2.641359E-17 -1.017351E+00  0.000000E+00
  1.359210E-01  2.807426E-02  5.000000E-01  1.372953E-01  2.839668E-02  0.000000E+00  2.419956E-02  3.019888E-03 -7.656172E-18 -1.028457E+00  0.000000E+00
  1.237890E-01  2.653533E-02  5.000000E-01  1.250407E-01  2.684221E-02  0.000000E+00  2.457407E-02  3.184127E-03 -7.209532E-17 -1.037863E+00  0.000000E+00
  1.122730E-01  2.501247E-02  5.000000E-01  1.134084E-01  2.530397E-02  0.000000E+00  2.491709E-02  3.376273E-03 -1.717235E-16 -1.045664E+00  0.000000E+00
  1.013710E-01  2.350001E-02  5.000000E-01  1.023964E-01  2.377624E-02  0.000000E+00  2.520579E-02  3.589830E-03 -3.400291E-16 -1.052470E+00  0.000000E+00
  9.107400E-02  2.199591E-02  5.000000E-01  9.199536E-02  2.225695E-02  0.000000E+00  2.544379E-02  3.824003E-03 -5.680571E-16 -1.058858E+00  0.000000E+00
  9.107400E-02  2.199591E-02  5.000000E-01  9.199536E-02  2.225695E-02  0.000000E+00  2.544379E-02  3.824003E-03 -5.680571E-16 -1.058858E+00  0.000000E+00
  8.137660E-02  2.049793E-02  5.000000E-01  8.220003E-02  2.074384E-02  0.000000E+00  2.563916E-02  4.077158E-03 -8.926714E-16 -1.065573E+00  0.000000E+00
  7.227050E-02  1.900846E-02  5.000000E-01  7.300197E-02  1.923932E-02  0.000000E+00  2.579631E-02  4.343359E-03 -1.460944E-15 -1.073632E+00  0.000000E+00
  6.374670E-02  1.753259E-02  5.000000E-01  6.439209E-02  1.774856E-02  0.000000E+00  2.592606E-02  4.623729E-03 -2.471945E-15 -1.083705E+00  0.000000E+00
  5.579720E-02  1.607365E-02  5.000000E-01  5.636231E-02  1.627488E-02  0.000000E+00  2.602901E-02  4.914423E-03 -4.249364E-15 -1.096700E+00  0.000000E+00
  4.841260E-02  1.464014E-02  5.000000E-01  4.890313E-02  1.482690E-02  0.000000E+00  2.610332E-02  5.210177E-03 -7.272173E-15 -1.113607E+00  0.000000E+00
  4.158390E-02  1.323989E-02  5.000000E-01  4.200547E-02  1.341250E-02  0.000000E+00  2.615413E-02  5.517433E-03 -1.216692E-14 -1.134819E+00  0.000000E+00
  3.530370E-02  1.187775E-02  5.000000E-01  3.566185E-02  1.203661E-02  0.000000E+00  2.616247E-02  5.830865E-03 -1.957453E-14 -1.161175E+00  0.000000E+00
  2.956270E-02  1.056323E-02  5.000000E-01  2.986287E-02  1.070881E-02  0.000000E+00  2.610110E-02  6.145641E-03 -2.980026E-14 -1.193339E+00  0.000000E+00
  2.435310E-02  9.302876E-03  5.000000E-01  2.460066E-02  9.435729E-03  0.000000E+00  2.592997E-02  6.473607E-03 -4.207188E-14 -1.230725E+00  0.000000E+00
  1.967110E-02  8.097165E-03  5.000000E-01  1.987137E-02  8.217842E-03  0.000000E+00  2.551447E-02  6.785340E-03 -5.357208E-14 -1.273641E+00  0.000000E+00
  1.550860E-02  6.953261E-03  5.000000E-01  1.566684E-02  7.062386E-03  0.000000E+00  2.467671E-02  7.032368E-03 -5.920212E-14 -1.322393E+00  0.000000E+00
  1.185930E-02  5.874822E-03  5.000000E-01  1.198068E-02  5.973056E-03  0.000000E+00  2.331916E-02  7.207433E-03 -5.288736E-14 -1.375132E+00  0.000000E+00
  8.724160E-03  4.858023E-03  5.000000E-01  8.813883E-03  4.945989E-03  0.000000E+00  2.156824E-02  7.338302E-03 -2.984437E-14 -1.431397E+00  0.000000E+00
  6.091130E-03  3.911055E-03  5.000000E-01  6.154263E-03  3.989457E-03  0.000000E+00  2.031323E-02  7.814598E-03  1.254660E-14 -1.486587E+00  0.000000E+00
  3.952840E-03  3.036627E-03  5.000000E-01  3.994378E-03  3.106198E-03  0.000000E+00  2.112725E-02  9.727932E-03  8.143160E-14 -1.523772E+00  0.000000E+00
  2.330070E-03  2.221940E-03  5.000000E-01  2.355220E-03  2.283284E-03  0.000000E+00  2.423462E-02  1.419011E-02  1.912654E-13 -1.531470E+00  0.000000E+00
  1.198080E-03  1.485098E-03  5.000000E-01  1.211798E-03  1.539001E-03  0.000000E+00  2.760000E-02  2.138695E-02  3.153104E-13 -1.519646E+00  0.000000E+00
  5.019560E-04  8.591597E-04  5.000000E-01  5.086442E-04  9.067411E-04  0.000000E+00  3.041749E-02  3.350711E-02  3.721078E-13 -1.531186E+00  0.000000E+00
  1.313430E-04  3.760471E-04  5.000000E-01  1.342884E-04  4.187496E-04  0.000000E+00  3.507610E-02  7.038626E-02  5.583300E-13 -1.566392E+00  0.000000E+00
  8.078190E-06  6.791286E-05  5.000000E-01  9.778777E-06  1.075036E-04  0.000000E+00  3.055508E-02  1.733171E-01  5.238913E-13 -1.484875E+00  0.000000E+00
 -1.602820E-06 -3.851595E-05  5.000000E-01  0.000000E+00  0.000000E+00  0.000000E+00 -4.940666E-03  2.521570E-01  3.466602E-13 -1.190928E+00  0.000000E+00
  9.141860E-06 -1.485696E-04  5.000000E-01  1.085319E-05 -1.111651E-04  0.000000E+00 -4.976118E-02  1.967983E-01  1.732394E-13 -4.688878E-01  0.000000E+00
  1.696960E-04 -4.811939E-04  5.000000E-01  1.730287E-04 -4.471485E-04  0.000000E+00 -6.436747E-02  9.282812E-02 -7.488342E-14  5.407332E-01  0.000000E+00
    1    2
    2    3
    3    4
    4    5
    5    6
    6    7
    7    8
    8    9
    9   10
   10   11
   11   12
   12   13
   13   14
   14   15
   15   16
   16   17
   17   18
   18   19
   19   20
   20   21
   21   22
   22   23
   23   24
   25   26
   26   27
   27   28
   28   29
   29   30
   30   31
   31   32
   32   33
   33   34
   34   35
   35   36
   36   37
   37   38
   38   39
   39   40
   40   41
   41   42
   42   43
   43   44
   44   45
   45   46
   46   47
   47   48
   49   50
   50   51
   51   52
   52   53
   53   54
   54   55
   55   56
   56   57
   57   58
   58   59
   59   60
   60   61
   61   62
   62   63
   63   64
   64   65
   65   66
   66   67
   67   68
   68   69
   69   70
   70   71
   71   72
   73   74
   74   75
   75   76
   76   77
   77   78
   78   79
   79   80
   80   81
   81   82
   82   83
   83   84
   84   85
   85   86
   86   87
   87   88
   88   89
   89   90
   90   91
   91   92
   92   93
   93   94
   94   95
   95   96
   97   98
   98   99
   99  100
  100  101
  101  102
  102  103
  103  104
  104  105
  105  106
  106  107
  107  108
  108  109
  109  110
  110  111
  111  112
  112  113
  113  114
  114  115
  115  116
  116  117
  117  118
  118  119
  119  120
  121  122
  122  123
  123  124
  124  125
  125  126
  126  127
  127  128
  128  129
  129  130
  130  131
  131  132
  132  133
  133  134
  134  135
  135  136
  136  137
  137  138
  138  139
  139  140
  140  141
  141  142
  142  143
  143  144
  145  146
  146  147
  147  148
  148  149
  149  150
  150  151
  151  152
  152  153
  153  154
  154  155
  155  156
  156  157
  157  158
  158  159
  159  160
  160  161
  161  162
  162  163
  163  164
  164  165
  165  166
  166  167
  167  168
  169  170
  170  171
  171  172
  172  173
  173  174
  174  175
  175  176
  176  177
  177  178
  178  179
  179  180
  180  181
  181  182
  182  183
  183  184
  184  185
  185  186
  186  187
  187  188
  188  189
  189  190
  190  191
  191  192
