 Title = "ADflow Slice Data"
Variables =  "CoordinateX"  "CoordinateY"  "CoordinateZ"  "XoC"  "YoC"  "ZoC" "VelocityX" "VelocityY" "VelocityZ" "CoefPressure" "Mach" 
Zone T= "Slice_0001 None Absolute Regular z = 0.50000000"
 Nodes =          192  Elements=          184  ZONETYPE=FELINESEG
 DATAPACKING=POINT
  5.667600E-01 -3.177559E-03  5.000000E-01  5.724853E-01 -3.290669E-03  0.000000E+00  2.827239E-03  3.618403E-04 -1.016039E-19  3.575034E-01  0.000000E+00
  5.873410E-01 -9.465291E-04  5.000000E-01  5.932742E-01 -1.037108E-03  0.000000E+00  4.218360E-03  3.664793E-04 -1.063721E-18  3.661012E-01  0.000000E+00
  6.076580E-01  5.124009E-04  5.000000E-01  6.137963E-01  4.365555E-04  0.000000E+00  5.877478E-03  3.376561E-04  1.482107E-18  3.536481E-01  0.000000E+00
  6.276600E-01  1.451120E-03  5.000000E-01  6.340003E-01  1.384755E-03  0.000000E+00  7.590408E-03  2.989652E-04  7.904271E-19  3.285656E-01  0.000000E+00
  6.472970E-01  2.105998E-03  5.000000E-01  6.538357E-01  2.046247E-03  0.000000E+00  9.143841E-03  2.921489E-04 -8.987890E-19  2.973280E-01  0.000000E+00
  6.665260E-01  2.696076E-03  5.000000E-01  6.732589E-01  2.642284E-03  0.000000E+00  1.037153E-02  3.386068E-04 -1.051458E-18  2.664407E-01  0.000000E+00
  6.853050E-01  3.346988E-03  5.000000E-01  6.922275E-01  3.299769E-03  0.000000E+00  1.121572E-02  4.102265E-04  2.710728E-19  2.436768E-01  0.000000E+00
  7.035980E-01  4.053911E-03  5.000000E-01  7.107052E-01  4.013831E-03  0.000000E+00  1.170589E-02  4.715994E-04  1.159079E-18  2.316986E-01  0.000000E+00
  7.213750E-01  4.798219E-03  5.000000E-01  7.286618E-01  4.765656E-03  0.000000E+00  1.189431E-02  5.134058E-04  4.303367E-19  2.272597E-01  0.000000E+00
  7.386080E-01  5.562677E-03  5.000000E-01  7.460688E-01  5.537834E-03  0.000000E+00  1.183110E-02  5.371580E-04 -6.246578E-19  2.273550E-01  0.000000E+00
  7.552750E-01  6.336241E-03  5.000000E-01  7.629041E-01  6.319210E-03  0.000000E+00  1.156496E-02  5.485619E-04 -5.857994E-19  2.309434E-01  0.000000E+00
  7.713580E-01  7.114940E-03  5.000000E-01  7.791496E-01  7.105774E-03  0.000000E+00  1.116031E-02  5.501826E-04 -9.709283E-19  2.379182E-01  0.000000E+00
  7.868410E-01  7.893576E-03  5.000000E-01  7.947889E-01  7.892273E-03  0.000000E+00  1.072680E-02  5.208484E-04 -3.145609E-20  2.495193E-01  0.000000E+00
  8.017160E-01  8.593408E-03  5.000000E-01  8.098141E-01  8.599173E-03  0.000000E+00  1.040209E-02  4.335142E-04  7.561377E-19  2.654963E-01  0.000000E+00
  8.159740E-01  9.109007E-03  5.000000E-01  8.242161E-01  9.119979E-03  0.000000E+00  1.027403E-02  2.981680E-04 -3.601233E-19  2.799225E-01  0.000000E+00
  8.296120E-01  9.403155E-03  5.000000E-01  8.379919E-01  9.417097E-03  0.000000E+00  1.035793E-02  1.409147E-04 -4.348256E-19  2.869650E-01  0.000000E+00
  8.426300E-01  9.476689E-03  5.000000E-01  8.511413E-01  9.491373E-03  0.000000E+00  1.063490E-02 -2.607454E-05  1.001649E-18  2.860680E-01  0.000000E+00
  8.550290E-01  9.349552E-03  5.000000E-01  8.636655E-01  9.362953E-03  0.000000E+00  1.107750E-02 -1.991542E-04  9.453312E-19  2.790907E-01  0.000000E+00
  8.668160E-01  9.051220E-03  5.000000E-01  8.755716E-01  9.061608E-03  0.000000E+00  1.165594E-02 -3.759964E-04 -1.584311E-18  2.674403E-01  0.000000E+00
  8.779950E-01  8.617088E-03  5.000000E-01  8.868635E-01  8.623092E-03  0.000000E+00  1.233899E-02 -5.536878E-04 -1.699835E-18  2.517404E-01  0.000000E+00
  8.885730E-01  8.082224E-03  5.000000E-01  8.975483E-01  8.082826E-03  0.000000E+00  1.309567E-02 -7.298394E-04  7.364883E-20  2.325612E-01  0.000000E+00
  8.985610E-01  7.476968E-03  5.000000E-01  9.076372E-01  7.471458E-03  0.000000E+00  1.389177E-02 -8.978955E-04  1.136297E-19  2.104060E-01  0.000000E+00
  9.079670E-01  6.832921E-03  5.000000E-01  9.171382E-01  6.820906E-03  0.000000E+00  1.468687E-02 -1.045642E-03  2.193296E-18  1.857525E-01  0.000000E+00
  9.168010E-01  6.181006E-03  5.000000E-01  9.260614E-01  6.162408E-03  0.000000E+00  1.544276E-02 -1.164256E-03  3.897158E-18  1.596648E-01  0.000000E+00
  9.168010E-01  6.181006E-03  5.000000E-01  9.260614E-01  6.162408E-03  0.000000E+00  1.544276E-02 -1.164256E-03  3.897158E-18  1.596648E-01  0.000000E+00
  9.250730E-01  5.544869E-03  5.000000E-01  9.344169E-01  5.519847E-03  0.000000E+00  1.613581E-02 -1.255343E-03  6.449614E-19  1.336490E-01  0.000000E+00
  9.327940E-01  4.937902E-03  5.000000E-01  9.422159E-01  4.906750E-03  0.000000E+00  1.676496E-02 -1.330830E-03 -2.742743E-18  1.089995E-01  0.000000E+00
  9.399760E-01  4.362759E-03  5.000000E-01  9.494704E-01  4.325798E-03  0.000000E+00  1.734561E-02 -1.402272E-03 -2.390828E-18  8.598335E-02  0.000000E+00
  9.466320E-01  3.819689E-03  5.000000E-01  9.561936E-01  3.777244E-03  0.000000E+00  1.789683E-02 -1.474081E-03 -2.323455E-18  6.387703E-02  0.000000E+00
  9.527730E-01  3.309184E-03  5.000000E-01  9.623967E-01  3.261583E-03  0.000000E+00  1.844196E-02 -1.552589E-03 -1.790106E-18  4.215901E-02  0.000000E+00
  9.584110E-01  2.828862E-03  5.000000E-01  9.680916E-01  2.776410E-03  0.000000E+00  1.901210E-02 -1.648243E-03 -5.118290E-19  2.061625E-02  0.000000E+00
  9.635570E-01  2.375315E-03  5.000000E-01  9.732896E-01  2.318283E-03  0.000000E+00  1.963927E-02 -1.766676E-03 -8.195905E-19 -1.438994E-03  0.000000E+00
  9.682220E-01  1.947347E-03  5.000000E-01  9.780017E-01  1.885993E-03  0.000000E+00  2.035339E-02 -1.908246E-03 -2.014252E-18 -2.505281E-02  0.000000E+00
  9.724140E-01  1.546148E-03  5.000000E-01  9.822360E-01  1.480743E-03  0.000000E+00  2.119997E-02 -2.080611E-03 -4.176758E-18 -5.080743E-02  0.000000E+00
  9.761430E-01  1.171579E-03  5.000000E-01  9.860027E-01  1.102391E-03  0.000000E+00  2.225814E-02 -2.300449E-03 -7.152371E-18 -7.909758E-02  0.000000E+00
  9.794160E-01  8.243292E-04  5.000000E-01  9.893087E-01  7.516339E-04  0.000000E+00  2.362566E-02 -2.580518E-03 -9.495711E-18 -1.109320E-01  0.000000E+00
  9.822400E-01  5.074490E-04  5.000000E-01  9.921612E-01  4.315536E-04  0.000000E+00  2.534695E-02 -2.922132E-03 -8.362747E-18 -1.476747E-01  0.000000E+00
  9.846200E-01  2.260681E-04  5.000000E-01  9.945653E-01  1.473310E-04  0.000000E+00  2.728251E-02 -3.310598E-03 -6.505252E-18 -1.895744E-01  0.000000E+00
  9.865620E-01 -1.453858E-05  5.000000E-01  9.965269E-01 -9.570555E-05  0.000000E+00  2.897591E-02 -3.656249E-03 -4.650329E-18 -2.347778E-01  0.000000E+00
  9.880680E-01 -2.086093E-04  5.000000E-01  9.980481E-01 -2.917362E-04  0.000000E+00  2.927422E-02 -3.748791E-03 -1.291562E-17 -2.895919E-01  0.000000E+00
  9.891420E-01 -3.514266E-04  5.000000E-01  9.991329E-01 -4.359958E-04  0.000000E+00  2.735171E-02 -3.805869E-03 -9.204528E-17 -3.532792E-01  0.000000E+00
  9.897860E-01 -4.389507E-04  5.000000E-01  9.997835E-01 -5.244038E-04  0.000000E+00  3.682116E-02 -3.893919E-03 -3.403418E-16 -2.964126E-01  0.000000E+00
  9.900000E-01 -4.683040E-04  5.000000E-01  9.999996E-01 -5.540535E-04  0.000000E+00  2.550448E-02  5.221860E-03 -4.181744E-16 -5.824472E-01  0.000000E+00
  9.900000E-01 -1.843770E-04  5.000000E-01  9.999996E-01 -2.672591E-04  0.000000E+00  1.187693E-03 -7.797975E-03  1.999170E-16 -8.046553E-01  0.000000E+00
  9.900000E-01  9.955005E-05  5.000000E-01  9.999996E-01  1.953526E-05  0.000000E+00 -4.375189E-04 -2.237827E-02  9.199419E-16 -6.263130E-01  0.000000E+00
  9.900000E-01  3.834771E-04  5.000000E-01  9.999996E-01  3.063296E-04  0.000000E+00 -1.414942E-04 -8.567179E-03  1.126879E-15 -6.271558E-01  0.000000E+00
  9.900000E-01  6.674041E-04  5.000000E-01  9.999996E-01  5.931240E-04  0.000000E+00  4.606556E-04 -5.021408E-03  1.065432E-15 -6.871097E-01  0.000000E+00
  9.900000E-01  9.513311E-04  5.000000E-01  9.999996E-01  8.799184E-04  0.000000E+00  6.719094E-03 -6.515262E-03  1.003549E-15 -6.296769E-01  0.000000E+00
  9.900000E-01  9.513311E-04  5.000000E-01  9.999996E-01  8.799184E-04  0.000000E+00  6.719094E-03 -6.515262E-03  1.003549E-15 -6.296769E-01  0.000000E+00
  9.897890E-01  1.017902E-03  5.000000E-01  9.997865E-01  9.471620E-04  0.000000E+00  8.922702E-03 -3.437757E-03  8.433869E-16 -5.530493E-01  0.000000E+00
  9.891540E-01  1.218672E-03  5.000000E-01  9.991451E-01  1.149959E-03  0.000000E+00  4.589987E-03 -1.358081E-03  5.250719E-16 -5.719326E-01  0.000000E+00
  9.880950E-01  1.555405E-03  5.000000E-01  9.980754E-01  1.490093E-03  0.000000E+00  3.153339E-03 -1.002163E-03  2.714487E-16 -5.714670E-01  0.000000E+00
  9.866100E-01  2.031331E-03  5.000000E-01  9.965754E-01  1.970826E-03  0.000000E+00  2.201792E-03 -7.200985E-04  1.232660E-16 -5.633841E-01  0.000000E+00
  9.846960E-01  2.650667E-03  5.000000E-01  9.946420E-01  2.596416E-03  0.000000E+00  1.282314E-03 -4.165780E-04  5.084189E-17 -5.593664E-01  0.000000E+00
  9.823490E-01  3.418273E-03  5.000000E-01  9.922713E-01  3.371774E-03  0.000000E+00  5.130619E-04 -1.670791E-04  1.733966E-17 -5.577439E-01  0.000000E+00
  9.795670E-01  4.338811E-03  5.000000E-01  9.894613E-01  4.301609E-03  0.000000E+00 -9.096311E-05  3.067937E-05  1.331004E-18 -5.571474E-01  0.000000E+00
  9.763420E-01  5.418082E-03  5.000000E-01  9.862037E-01  5.391779E-03  0.000000E+00 -5.626495E-04  1.894350E-04 -4.187872E-18 -5.576939E-01  0.000000E+00
  9.726710E-01  6.659853E-03  5.000000E-01  9.824956E-01  6.646091E-03  0.000000E+00 -9.265500E-04  3.149122E-04 -4.626224E-18 -5.594338E-01  0.000000E+00
  9.685460E-01  8.067354E-03  5.000000E-01  9.783289E-01  8.067806E-03  0.000000E+00 -1.195704E-03  4.094544E-04 -4.759415E-18 -5.621329E-01  0.000000E+00
  9.639600E-01  9.642806E-03  5.000000E-01  9.736966E-01  9.659168E-03  0.000000E+00 -1.377174E-03  4.744331E-04 -3.698426E-18 -5.654625E-01  0.000000E+00
  9.589060E-01  1.138847E-02  5.000000E-01  9.685916E-01  1.142246E-02  0.000000E+00 -1.476857E-03  5.110417E-04 -5.741993E-19 -5.690588E-01  0.000000E+00
  9.533750E-01  1.330570E-02  5.000000E-01  9.630047E-01  1.335906E-02  0.000000E+00 -1.503333E-03  5.214059E-04  8.922748E-19 -5.725537E-01  0.000000E+00
  9.473580E-01  1.539350E-02  5.000000E-01  9.569270E-01  1.546794E-02  0.000000E+00 -1.469726E-03  5.095509E-04 -3.829472E-19 -5.756115E-01  0.000000E+00
  9.408450E-01  1.764888E-02  5.000000E-01  9.503482E-01  1.774609E-02  0.000000E+00 -1.393388E-03  4.814246E-04 -9.815703E-19 -5.779790E-01  0.000000E+00
  9.338260E-01  2.006705E-02  5.000000E-01  9.432583E-01  2.018868E-02  0.000000E+00 -1.293821E-03  4.439548E-04 -7.156988E-19 -5.795474E-01  0.000000E+00
  9.262910E-01  2.264027E-02  5.000000E-01  9.356472E-01  2.278790E-02  0.000000E+00 -1.189760E-03  4.037541E-04 -9.101484E-20 -5.803805E-01  0.000000E+00
  9.182290E-01  2.535673E-02  5.000000E-01  9.275038E-01  2.553178E-02  0.000000E+00 -1.096814E-03  3.662317E-04 -1.675348E-19 -5.806714E-01  0.000000E+00
  9.096280E-01  2.820012E-02  5.000000E-01  9.188159E-01  2.840389E-02  0.000000E+00 -1.026474E-03  3.351787E-04 -4.786356E-19 -5.806712E-01  0.000000E+00
  9.004770E-01  3.114895E-02  5.000000E-01  9.095725E-01  3.138250E-02  0.000000E+00 -9.862244E-04  3.126005E-04  2.398386E-19 -5.806445E-01  0.000000E+00
  8.907650E-01  3.417509E-02  5.000000E-01  8.997624E-01  3.443920E-02  0.000000E+00 -9.801963E-04  2.987463E-04  1.937567E-18 -5.808447E-01  0.000000E+00
  8.804800E-01  3.724112E-02  5.000000E-01  8.893736E-01  3.753620E-02  0.000000E+00 -1.010309E-03  2.923668E-04  1.486707E-18 -5.814843E-01  0.000000E+00
  8.696090E-01  4.029689E-02  5.000000E-01  8.783928E-01  4.062283E-02  0.000000E+00 -1.077877E-03  2.910939E-04  5.044113E-19 -5.827154E-01  0.000000E+00
  8.696090E-01  4.029689E-02  5.000000E-01  8.783928E-01  4.062283E-02  0.000000E+00 -1.077877E-03  2.910939E-04  5.044113E-19 -5.827154E-01  0.000000E+00
  8.581400E-01  4.327830E-02  5.000000E-01  8.668080E-01  4.363434E-02  0.000000E+00 -1.184850E-03  2.921359E-04  2.298788E-18 -5.846580E-01  0.000000E+00
  8.460600E-01  4.611244E-02  5.000000E-01  8.546060E-01  4.649710E-02  0.000000E+00 -1.334328E-03  2.932388E-04  2.000410E-18 -5.873539E-01  0.000000E+00
  8.333640E-01  4.873543E-02  5.000000E-01  8.417817E-01  4.914659E-02  0.000000E+00 -1.530214E-03  2.921372E-04  1.204669E-18 -5.907527E-01  0.000000E+00
  8.200460E-01  5.109429E-02  5.000000E-01  8.283293E-01  5.152927E-02  0.000000E+00 -1.773223E-03  2.858170E-04  1.381384E-18 -5.949984E-01  0.000000E+00
  8.061050E-01  5.315282E-02  5.000000E-01  8.142475E-01  5.360859E-02  0.000000E+00 -2.052891E-03  2.738580E-04 -7.443483E-19 -6.006398E-01  0.000000E+00
  7.915460E-01  5.492688E-02  5.000000E-01  7.995414E-01  5.540056E-02  0.000000E+00 -2.344982E-03  2.639905E-04 -1.926731E-18 -6.078671E-01  0.000000E+00
  7.763770E-01  5.650695E-02  5.000000E-01  7.842192E-01  5.699659E-02  0.000000E+00 -2.625198E-03  2.657834E-04 -1.402710E-18 -6.149484E-01  0.000000E+00
  7.606070E-01  5.800609E-02  5.000000E-01  7.682900E-01  5.851088E-02  0.000000E+00 -2.871016E-03  2.693138E-04 -1.401272E-18 -6.208637E-01  0.000000E+00
  7.442510E-01  5.944292E-02  5.000000E-01  7.517688E-01  5.996222E-02  0.000000E+00 -2.982980E-03  2.498929E-04 -1.364301E-18 -6.359040E-01  0.000000E+00
  7.273250E-01  6.082402E-02  5.000000E-01  7.346719E-01  6.135726E-02  0.000000E+00 -2.615377E-03  1.885474E-04 -8.143956E-20 -6.882237E-01  0.000000E+00
  7.098490E-01  6.216099E-02  5.000000E-01  7.170194E-01  6.270773E-02  0.000000E+00 -1.041184E-03  6.123779E-05  7.555856E-19 -8.030528E-01  0.000000E+00
  6.918480E-01  6.346930E-02  5.000000E-01  6.988366E-01  6.402926E-02  0.000000E+00  2.713980E-03 -1.891280E-04  4.755420E-18 -9.658915E-01  0.000000E+00
  6.733520E-01  6.477345E-02  5.000000E-01  6.801538E-01  6.534658E-02  0.000000E+00  9.046073E-03 -6.142464E-04  2.016486E-17 -1.121838E+00  0.000000E+00
  6.543930E-01  6.610746E-02  5.000000E-01  6.610033E-01  6.669406E-02  0.000000E+00  1.663563E-02 -1.121090E-03  4.520290E-17 -1.219511E+00  0.000000E+00
  6.350090E-01  6.741911E-02  5.000000E-01  6.414236E-01  6.801896E-02  0.000000E+00  2.273495E-02 -1.364835E-03  7.366644E-17 -1.243612E+00  0.000000E+00
  6.152440E-01  6.848874E-02  5.000000E-01  6.214590E-01  6.909939E-02  0.000000E+00  2.546411E-02 -1.045246E-03  9.921453E-17 -1.206823E+00  0.000000E+00
  5.951420E-01  6.905121E-02  5.000000E-01  6.011539E-01  6.966754E-02  0.000000E+00  2.508472E-02 -2.218340E-04  1.181147E-16 -1.123030E+00  0.000000E+00
  5.747530E-01  6.881900E-02  5.000000E-01  5.805590E-01  6.943298E-02  0.000000E+00  2.280596E-02  8.417655E-04  1.246617E-16 -9.955784E-01  0.000000E+00
  5.541290E-01  6.749186E-02  5.000000E-01  5.597268E-01  6.809244E-02  0.000000E+00  1.953416E-02  1.824158E-03  1.116882E-16 -8.321298E-01  0.000000E+00
  5.333260E-01  6.484413E-02  5.000000E-01  5.387137E-01  6.541797E-02  0.000000E+00  1.562673E-02  2.283287E-03  8.193033E-17 -6.711471E-01  0.000000E+00
  5.124010E-01  6.124359E-02  5.000000E-01  5.175773E-01  6.178107E-02  0.000000E+00  1.144443E-02  2.022885E-03  4.914825E-17 -5.665092E-01  0.000000E+00
  4.914140E-01  5.734312E-02  5.000000E-01  4.963784E-01  5.784120E-02  0.000000E+00  7.654928E-03  1.357789E-03  2.715554E-17 -5.518375E-01  0.000000E+00
  4.704230E-01  5.381435E-02  5.000000E-01  4.751754E-01  5.427680E-02  0.000000E+00  4.939368E-03  7.154957E-04  1.523648E-17 -6.387781E-01  0.000000E+00
  1.696960E-04 -3.388758E-04  5.000000E-01  1.730288E-04 -4.233183E-04  0.000000E+00 -6.436730E-02  8.607846E-02  9.145987E-13  6.981256E-01  0.000000E+00
  8.054360E-04 -7.538274E-04  5.000000E-01  8.151891E-04 -8.424605E-04  0.000000E+00 -4.296555E-02  2.489248E-02  6.915166E-13  1.187455E+00  0.000000E+00
  1.973980E-03 -1.206640E-03  5.000000E-01  1.995534E-03 -1.299846E-03  0.000000E+00 -1.538568E-02  5.709793E-03  3.682126E-13  1.173844E+00  0.000000E+00
  3.614630E-03 -1.698022E-03  5.000000E-01  3.652753E-03 -1.796190E-03  0.000000E+00  1.212266E-03 -2.434355E-04  1.168051E-13  1.106456E+00  0.000000E+00
  5.721210E-03 -2.232461E-03  5.000000E-01  5.780607E-03 -2.336027E-03  0.000000E+00  9.314021E-03 -2.165037E-03 -6.743644E-15  1.053895E+00  0.000000E+00
  8.297500E-03 -2.803128E-03  5.000000E-01  8.382915E-03 -2.912457E-03  0.000000E+00  1.274292E-02 -2.604096E-03 -3.502905E-14  9.964489E-01  0.000000E+00
  1.136560E-02 -3.386015E-03  5.000000E-01  1.148200E-02 -3.501231E-03  0.000000E+00  1.378773E-02 -2.437976E-03 -2.371702E-14  9.355701E-01  0.000000E+00
  1.493280E-02 -3.969278E-03  5.000000E-01  1.508523E-02 -4.090384E-03  0.000000E+00  1.381713E-02 -2.142781E-03 -8.399093E-15  8.814126E-01  0.000000E+00
  1.899460E-02 -4.562646E-03  5.000000E-01  1.918805E-02 -4.689744E-03  0.000000E+00  1.364750E-02 -1.927824E-03 -4.151831E-16  8.365831E-01  0.000000E+00
  2.354800E-02 -5.183727E-03  5.000000E-01  2.378743E-02 -5.317098E-03  0.000000E+00  1.362831E-02 -1.801358E-03  1.499448E-15  7.962382E-01  0.000000E+00
  2.860130E-02 -5.831466E-03  5.000000E-01  2.889176E-02 -5.971379E-03  0.000000E+00  1.379463E-02 -1.713720E-03  1.041168E-15  7.570382E-01  0.000000E+00
  3.416500E-02 -6.500865E-03  5.000000E-01  3.451165E-02 -6.647537E-03  0.000000E+00  1.407495E-02 -1.645233E-03  3.594221E-16  7.203390E-01  0.000000E+00
  4.024810E-02 -7.191094E-03  5.000000E-01  4.065618E-02 -7.344737E-03  0.000000E+00  1.439424E-02 -1.588784E-03  2.625188E-17  6.870702E-01  0.000000E+00
  4.686030E-02 -7.900911E-03  5.000000E-01  4.733516E-02 -8.061722E-03  0.000000E+00  1.469707E-02 -1.540050E-03 -4.753425E-17  6.567967E-01  0.000000E+00
  5.401090E-02 -8.632058E-03  5.000000E-01  5.455797E-02 -8.800253E-03  0.000000E+00  1.495734E-02 -1.502283E-03 -3.092777E-17  6.292405E-01  0.000000E+00
  6.170850E-02 -9.391337E-03  5.000000E-01  6.233331E-02 -9.567200E-03  0.000000E+00  1.516978E-02 -1.475616E-03 -9.535093E-18  6.038054E-01  0.000000E+00
  6.996310E-02 -1.018335E-02  5.000000E-01  7.067128E-02 -1.036721E-02  0.000000E+00  1.533607E-02 -1.455459E-03 -7.965848E-19  5.797017E-01  0.000000E+00
  7.878500E-02 -1.101146E-02  5.000000E-01  7.958227E-02 -1.120368E-02  0.000000E+00  1.546456E-02 -1.442932E-03  2.520974E-18  5.568653E-01  0.000000E+00
  8.818390E-02 -1.188298E-02  5.000000E-01  8.907609E-02 -1.208400E-02  0.000000E+00  1.556867E-02 -1.441676E-03  2.279521E-18  5.353021E-01  0.000000E+00
  9.816930E-02 -1.280640E-02  5.000000E-01  9.916233E-02 -1.301675E-02  0.000000E+00  1.566229E-02 -1.453140E-03  7.918673E-20  5.145558E-01  0.000000E+00
  1.087500E-01 -1.379119E-02  5.000000E-01  1.098499E-01 -1.401149E-02  0.000000E+00  1.576273E-02 -1.480744E-03 -7.870028E-19  4.942254E-01  0.000000E+00
  1.199340E-01 -1.485126E-02  5.000000E-01  1.211468E-01 -1.508226E-02  0.000000E+00  1.589233E-02 -1.528254E-03 -1.897363E-18  4.738097E-01  0.000000E+00
  1.317280E-01 -1.600151E-02  5.000000E-01  1.330599E-01 -1.624413E-02  0.000000E+00  1.607608E-02 -1.597182E-03 -3.550914E-18  4.524507E-01  0.000000E+00
  1.441380E-01 -1.725669E-02  5.000000E-01  1.455953E-01 -1.751198E-02  0.000000E+00  1.634126E-02 -1.690288E-03 -3.060100E-18  4.293134E-01  0.000000E+00
  1.441380E-01 -1.725669E-02  5.000000E-01  1.455953E-01 -1.751198E-02  0.000000E+00  1.634126E-02 -1.690288E-03 -3.060100E-18  4.293134E-01  0.000000E+00
  1.571670E-01 -1.863353E-02  5.000000E-01  1.587558E-01 -1.890273E-02  0.000000E+00  1.671134E-02 -1.808721E-03 -3.819798E-18  4.033604E-01  0.000000E+00
  1.708170E-01 -2.014499E-02  5.000000E-01  1.725437E-01 -2.042946E-02  0.000000E+00  1.719641E-02 -1.946802E-03 -5.481102E-18  3.731939E-01  0.000000E+00
  1.850860E-01 -2.179473E-02  5.000000E-01  1.869568E-01 -2.209585E-02  0.000000E+00  1.779022E-02 -2.090188E-03 -4.609480E-18  3.375472E-01  0.000000E+00
  1.999720E-01 -2.357105E-02  5.000000E-01  2.019931E-01 -2.389011E-02  0.000000E+00  1.847218E-02 -2.212267E-03 -1.810332E-18  2.952966E-01  0.000000E+00
  2.154670E-01 -2.543401E-02  5.000000E-01  2.176446E-01 -2.577189E-02  0.000000E+00  1.922522E-02 -2.290536E-03 -1.670932E-18  2.463078E-01  0.000000E+00
  2.315610E-01 -2.733401E-02  5.000000E-01  2.339011E-01 -2.769108E-02  0.000000E+00  2.006167E-02 -2.330388E-03 -1.381228E-18  1.921747E-01  0.000000E+00
  2.482400E-01 -2.924015E-02  5.000000E-01  2.507486E-01 -2.961647E-02  0.000000E+00  2.100657E-02 -2.334434E-03  2.332728E-18  1.330139E-01  0.000000E+00
  2.654840E-01 -3.110490E-02  5.000000E-01  2.681667E-01 -3.150005E-02  0.000000E+00  2.207940E-02 -2.279152E-03  3.130908E-18  6.654329E-02  0.000000E+00
  2.832720E-01 -3.285879E-02  5.000000E-01  2.861344E-01 -3.327165E-02  0.000000E+00  2.330827E-02 -2.135326E-03  1.019297E-18 -8.874494E-03  0.000000E+00
  3.015770E-01 -3.441542E-02  5.000000E-01  3.046242E-01 -3.484401E-02  0.000000E+00  2.471895E-02 -1.875059E-03  2.925632E-19 -9.328384E-02  0.000000E+00
  3.203660E-01 -3.567861E-02  5.000000E-01  3.236030E-01 -3.611995E-02  0.000000E+00  2.626533E-02 -1.468500E-03  1.250478E-18 -1.853848E-01  0.000000E+00
  3.396030E-01 -3.655052E-02  5.000000E-01  3.430343E-01 -3.700067E-02  0.000000E+00  2.768274E-02 -8.717152E-04 -3.984168E-19 -2.829519E-01  0.000000E+00
  3.592490E-01 -3.691382E-02  5.000000E-01  3.628787E-01 -3.736764E-02  0.000000E+00  2.834583E-02 -5.337597E-05 -1.530765E-18 -3.804448E-01  0.000000E+00
  3.792580E-01 -3.662641E-02  5.000000E-01  3.830897E-01 -3.707732E-02  0.000000E+00  2.736182E-02  9.061592E-04 -1.291663E-18 -4.624788E-01  0.000000E+00
  3.995810E-01 -3.554306E-02  5.000000E-01  4.036180E-01 -3.598302E-02  0.000000E+00  2.407564E-02  1.767314E-03 -1.985796E-18 -5.015075E-01  0.000000E+00
  4.201670E-01 -3.351763E-02  5.000000E-01  4.244119E-01 -3.393714E-02  0.000000E+00  1.874402E-02  2.236073E-03 -2.129845E-18 -4.689192E-01  0.000000E+00
  4.409600E-01 -3.040096E-02  5.000000E-01  4.454149E-01 -3.078900E-02  0.000000E+00  1.270331E-02  2.150553E-03 -1.196650E-19 -3.546174E-01  0.000000E+00
  4.619030E-01 -2.615630E-02  5.000000E-01  4.665694E-01 -2.650148E-02  0.000000E+00  7.558125E-03  1.625723E-03 -7.148582E-19 -1.780774E-01  0.000000E+00
  4.829360E-01 -2.115588E-02  5.000000E-01  4.878148E-01 -2.145056E-02  0.000000E+00  4.128082E-03  1.009798E-03 -2.153786E-18  1.067360E-02  0.000000E+00
  5.039990E-01 -1.587805E-02  5.000000E-01  5.090905E-01 -1.611942E-02  0.000000E+00  2.307928E-03  5.776912E-04  6.803387E-19  1.613918E-01  0.000000E+00
  5.250310E-01 -1.081241E-02  5.000000E-01  5.303349E-01 -1.100262E-02  0.000000E+00  1.673735E-03  3.769813E-04  4.483032E-18  2.606560E-01  0.000000E+00
  5.459710E-01 -6.444407E-03  5.000000E-01  5.514864E-01 -6.590509E-03  0.000000E+00  1.913925E-03  3.400196E-04  4.867109E-18  3.226404E-01  0.000000E+00
  5.667600E-01 -3.177559E-03  5.000000E-01  5.724853E-01 -3.290669E-03  0.000000E+00  2.827239E-03  3.618403E-04 -1.016039E-19  3.575034E-01  0.000000E+00
  4.704230E-01  5.381435E-02  5.000000E-01  4.751754E-01  5.427680E-02  0.000000E+00  4.939368E-03  7.154957E-04  1.523648E-17 -6.387781E-01  0.000000E+00
  4.494880E-01  5.132861E-02  5.000000E-01  4.540290E-01  5.176596E-02  0.000000E+00  4.015085E-03  3.063978E-04  7.474740E-18 -8.156913E-01  0.000000E+00
  4.286690E-01  5.050005E-02  5.000000E-01  4.329997E-01  5.092903E-02  0.000000E+00  5.816499E-03 -3.661626E-05 -2.582642E-18 -1.032704E+00  0.000000E+00
  4.080230E-01  5.122362E-02  5.000000E-01  4.121452E-01  5.165991E-02  0.000000E+00  1.082252E-02 -6.430763E-04 -2.017015E-17 -1.216458E+00  0.000000E+00
  3.876050E-01  5.277517E-02  5.000000E-01  3.915210E-01  5.322713E-02  0.000000E+00  1.778331E-02 -1.402183E-03 -3.986409E-17 -1.317084E+00  0.000000E+00
  3.674690E-01  5.444310E-02  5.000000E-01  3.711817E-01  5.491190E-02  0.000000E+00  2.400331E-02 -1.626912E-03 -4.653602E-17 -1.321738E+00  0.000000E+00
  3.476650E-01  5.557130E-02  5.000000E-01  3.511777E-01  5.605150E-02  0.000000E+00  2.767995E-02 -7.380683E-04 -3.635780E-17 -1.236212E+00  0.000000E+00
  3.282390E-01  5.557467E-02  5.000000E-01  3.315555E-01  5.605490E-02  0.000000E+00  2.882576E-02  1.078947E-03 -2.063252E-17 -1.081063E+00  0.000000E+00
  3.092330E-01  5.415432E-02  5.000000E-01  3.123576E-01  5.462020E-02  0.000000E+00  2.784370E-02  2.823496E-03 -7.764301E-18 -9.071200E-01  0.000000E+00
  2.906860E-01  5.172029E-02  5.000000E-01  2.936233E-01  5.216159E-02  0.000000E+00  2.532929E-02  3.694113E-03  4.517000E-19 -7.692955E-01  0.000000E+00
  2.726330E-01  4.877229E-02  5.000000E-01  2.753879E-01  4.918382E-02  0.000000E+00  2.230942E-02  3.755116E-03  5.029194E-18 -6.919509E-01  0.000000E+00
  2.551020E-01  4.570809E-02  5.000000E-01  2.576799E-01  4.608868E-02  0.000000E+00  1.968186E-02  3.398332E-03  6.118464E-18 -6.779522E-01  0.000000E+00
  2.381210E-01  4.280789E-02  5.000000E-01  2.405274E-01  4.315918E-02  0.000000E+00  1.804999E-02  2.954493E-03  4.862558E-18 -7.174357E-01  0.000000E+00
  2.217090E-01  4.024018E-02  5.000000E-01  2.239497E-01  4.056554E-02  0.000000E+00  1.771011E-02  2.588057E-03  5.617922E-18 -7.920708E-01  0.000000E+00
  2.058840E-01  3.808862E-02  5.000000E-01  2.079648E-01  3.839226E-02  0.000000E+00  1.865638E-02  2.349236E-03  8.607273E-18 -8.781683E-01  0.000000E+00
  1.906600E-01  3.632216E-02  5.000000E-01  1.925871E-01  3.660796E-02  0.000000E+00  2.055480E-02  2.265353E-03  1.647216E-17 -9.521113E-01  0.000000E+00
  1.760460E-01  3.479786E-02  5.000000E-01  1.778255E-01  3.506827E-02  0.000000E+00  2.275217E-02  2.325670E-03  3.326738E-17 -1.001775E+00  0.000000E+00
  1.620500E-01  3.339736E-02  5.000000E-01  1.636882E-01  3.365362E-02  0.000000E+00  2.459255E-02  2.478273E-03  6.444014E-17 -1.028384E+00  0.000000E+00
  1.486750E-01  3.204069E-02  5.000000E-01  1.501781E-01  3.228325E-02  0.000000E+00  2.578791E-02  2.684229E-03  1.188459E-16 -1.038206E+00  0.000000E+00
  1.359210E-01  3.067921E-02  5.000000E-01  1.372953E-01  3.090802E-02  0.000000E+00  2.642173E-02  2.924497E-03  2.075727E-16 -1.037652E+00  0.000000E+00
  1.237890E-01  2.928825E-02  5.000000E-01  1.250408E-01  2.950301E-02  0.000000E+00  2.673442E-02  3.194512E-03  3.507583E-16 -1.031361E+00  0.000000E+00
  1.122730E-01  2.785628E-02  5.000000E-01  1.134085E-01  2.805658E-02  0.000000E+00  2.693097E-02  3.495196E-03  5.858410E-16 -1.022225E+00  0.000000E+00
  1.013710E-01  2.638200E-02  5.000000E-01  1.023964E-01  2.656741E-02  0.000000E+00  2.711345E-02  3.824241E-03  9.758463E-16 -1.012087E+00  0.000000E+00
  9.107400E-02  2.487001E-02  5.000000E-01  9.199537E-02  2.504015E-02  0.000000E+00  2.731087E-02  4.180179E-03  1.622311E-15 -1.001955E+00  0.000000E+00
  9.107400E-02  2.487001E-02  5.000000E-01  9.199537E-02  2.504015E-02  0.000000E+00  2.731087E-02  4.180179E-03  1.622311E-15 -1.001955E+00  0.000000E+00
  8.137660E-02  2.332584E-02  5.000000E-01  8.220004E-02  2.348039E-02  0.000000E+00  2.751597E-02  4.559127E-03  2.691222E-15 -9.925684E-01  0.000000E+00
  7.227050E-02  2.175849E-02  5.000000E-01  7.300198E-02  2.189721E-02  0.000000E+00  2.771399E-02  4.954470E-03  4.462660E-15 -9.847144E-01  0.000000E+00
  6.374670E-02  2.017842E-02  5.000000E-01  6.439210E-02  2.030118E-02  0.000000E+00  2.790454E-02  5.368183E-03  7.423065E-15 -9.788216E-01  0.000000E+00
  5.579720E-02  1.859379E-02  5.000000E-01  5.636231E-02  1.870055E-02  0.000000E+00  2.808740E-02  5.799924E-03  1.242012E-14 -9.755172E-01  0.000000E+00
  4.841260E-02  1.701611E-02  5.000000E-01  4.890314E-02  1.710694E-02  0.000000E+00  2.826529E-02  6.249722E-03  2.092586E-14 -9.755181E-01  0.000000E+00
  4.158390E-02  1.545567E-02  5.000000E-01  4.200547E-02  1.553073E-02  0.000000E+00  2.844999E-02  6.729870E-03  3.537738E-14 -9.790226E-01  0.000000E+00
  3.530370E-02  1.391983E-02  5.000000E-01  3.566185E-02  1.397938E-02  0.000000E+00  2.863594E-02  7.242795E-03  5.938932E-14 -9.866864E-01  0.000000E+00
  2.956270E-02  1.241957E-02  5.000000E-01  2.986287E-02  1.246397E-02  0.000000E+00  2.881673E-02  7.793835E-03  9.735420E-14 -9.990972E-01  0.000000E+00
  2.435310E-02  1.096348E-02  5.000000E-01  2.460066E-02  1.099318E-02  0.000000E+00  2.898958E-02  8.411240E-03  1.523712E-13 -1.015719E+00  0.000000E+00
  1.967110E-02  9.555336E-03  5.000000E-01  1.987138E-02  9.570815E-03  0.000000E+00  2.909587E-02  9.092534E-03  2.220490E-13 -1.037005E+00  0.000000E+00
  1.550860E-02  8.205028E-03  5.000000E-01  1.566684E-02  8.206870E-03  0.000000E+00  2.906350E-02  9.831117E-03  2.944686E-13 -1.063477E+00  0.000000E+00
  1.185930E-02  6.920283E-03  5.000000E-01  1.198069E-02  6.909150E-03  0.000000E+00  2.885936E-02  1.067406E-02  3.476361E-13 -1.093373E+00  0.000000E+00
  8.724160E-03  5.703346E-03  5.000000E-01  8.813884E-03  5.679924E-03  0.000000E+00  2.848331E-02  1.164826E-02  3.563558E-13 -1.127130E+00  0.000000E+00
  6.091130E-03  4.567617E-03  5.000000E-01  6.154263E-03  4.532725E-03  0.000000E+00  2.828185E-02  1.301857E-02  3.123770E-13 -1.162220E+00  0.000000E+00
  3.952840E-03  3.522763E-03  5.000000E-01  3.994379E-03  3.477319E-03  0.000000E+00  2.891191E-02  1.564269E-02  2.429355E-13 -1.181122E+00  0.000000E+00
  2.330070E-03  2.566820E-03  5.000000E-01  2.355220E-03  2.511722E-03  0.000000E+00  3.004803E-02  2.015481E-02  1.932082E-13 -1.169702E+00  0.000000E+00
  1.198080E-03  1.723767E-03  5.000000E-01  1.211798E-03  1.660156E-03  0.000000E+00  3.000464E-02  2.602077E-02  1.916034E-13 -1.134516E+00  0.000000E+00
  5.019560E-04  1.028685E-03  5.000000E-01  5.086443E-04  9.580536E-04  0.000000E+00  2.776602E-02  3.264424E-02  2.359848E-13 -1.130804E+00  0.000000E+00
  1.313430E-04  5.074678E-04  5.000000E-01  1.342884E-04  4.315725E-04  0.000000E+00  2.576653E-02  5.185727E-02  3.196115E-13 -1.208827E+00  0.000000E+00
  8.078190E-06  1.870904E-04  5.000000E-01  9.778778E-06  1.079597E-04  0.000000E+00  1.985811E-02  1.274828E-01  4.740326E-13 -1.263932E+00  0.000000E+00
 -1.602820E-06  8.021010E-05  5.000000E-01  0.000000E+00  0.000000E+00  0.000000E+00 -8.948199E-03  2.221867E-01  6.982034E-13 -1.057509E+00  0.000000E+00
  9.141860E-06 -2.785381E-05  5.000000E-01  1.085319E-05 -1.091552E-04  0.000000E+00 -5.069381E-02  1.947707E-01  8.963393E-13 -3.098691E-01  0.000000E+00
  1.696960E-04 -3.388758E-04  5.000000E-01  1.730288E-04 -4.233183E-04  0.000000E+00 -6.436730E-02  8.607846E-02  9.145987E-13  6.981256E-01  0.000000E+00
    1    2
    2    3
    3    4
    4    5
    5    6
    6    7
    7    8
    8    9
    9   10
   10   11
   11   12
   12   13
   13   14
   14   15
   15   16
   16   17
   17   18
   18   19
   19   20
   20   21
   21   22
   22   23
   23   24
   25   26
   26   27
   27   28
   28   29
   29   30
   30   31
   31   32
   32   33
   33   34
   34   35
   35   36
   36   37
   37   38
   38   39
   39   40
   40   41
   41   42
   42   43
   43   44
   44   45
   45   46
   46   47
   47   48
   49   50
   50   51
   51   52
   52   53
   53   54
   54   55
   55   56
   56   57
   57   58
   58   59
   59   60
   60   61
   61   62
   62   63
   63   64
   64   65
   65   66
   66   67
   67   68
   68   69
   69   70
   70   71
   71   72
   73   74
   74   75
   75   76
   76   77
   77   78
   78   79
   79   80
   80   81
   81   82
   82   83
   83   84
   84   85
   85   86
   86   87
   87   88
   88   89
   89   90
   90   91
   91   92
   92   93
   93   94
   94   95
   95   96
   97   98
   98   99
   99  100
  100  101
  101  102
  102  103
  103  104
  104  105
  105  106
  106  107
  107  108
  108  109
  109  110
  110  111
  111  112
  112  113
  113  114
  114  115
  115  116
  116  117
  117  118
  118  119
  119  120
  121  122
  122  123
  123  124
  124  125
  125  126
  126  127
  127  128
  128  129
  129  130
  130  131
  131  132
  132  133
  133  134
  134  135
  135  136
  136  137
  137  138
  138  139
  139  140
  140  141
  141  142
  142  143
  143  144
  145  146
  146  147
  147  148
  148  149
  149  150
  150  151
  151  152
  152  153
  153  154
  154  155
  155  156
  156  157
  157  158
  158  159
  159  160
  160  161
  161  162
  162  163
  163  164
  164  165
  165  166
  166  167
  167  168
  169  170
  170  171
  171  172
  172  173
  173  174
  174  175
  175  176
  176  177
  177  178
  178  179
  179  180
  180  181
  181  182
  182  183
  183  184
  184  185
  185  186
  186  187
  187  188
  188  189
  189  190
  190  191
  191  192
