 Title = "ADflow Slice Data"
Variables =  "CoordinateX"  "CoordinateY"  "CoordinateZ"  "XoC"  "YoC"  "ZoC" "VelocityX" "VelocityY" "VelocityZ" "CoefPressure" "Mach" 
Zone T= "Slice_0001 None Absolute Regular z = 0.50000000"
 Nodes =          192  Elements=          184  ZONETYPE=FELINESEG
 DATAPACKING=POINT
  5.667600E-01 -1.512048E-02  5.000000E-01  5.724853E-01 -1.523443E-02  0.000000E+00  1.341157E-02  1.530155E-03 -1.268891E-18  9.990170E-02  0.000000E+00
  5.873410E-01 -1.275886E-02  5.000000E-01  5.932741E-01 -1.284897E-02  0.000000E+00  1.290490E-02  1.479718E-03 -2.590558E-18  1.228858E-01  0.000000E+00
  6.076580E-01 -1.043114E-02  5.000000E-01  6.137963E-01 -1.049774E-02  0.000000E+00  1.245995E-02  1.418344E-03 -1.941356E-18  1.448401E-01  0.000000E+00
  6.276600E-01 -8.169826E-03  5.000000E-01  6.340003E-01 -8.213591E-03  0.000000E+00  1.207466E-02  1.350247E-03 -1.442230E-18  1.651685E-01  0.000000E+00
  6.472970E-01 -5.999384E-03  5.000000E-01  6.538356E-01 -6.021229E-03  0.000000E+00  1.173965E-02  1.280382E-03 -1.834952E-18  1.835073E-01  0.000000E+00
  6.665260E-01 -3.931677E-03  5.000000E-01  6.732588E-01 -3.932641E-03  0.000000E+00  1.144470E-02  1.211289E-03 -1.607138E-18  2.000641E-01  0.000000E+00
  6.853050E-01 -1.976376E-03  5.000000E-01  6.922274E-01 -1.957594E-03  0.000000E+00  1.118367E-02  1.140441E-03 -1.955060E-18  2.156318E-01  0.000000E+00
  7.035980E-01 -1.506216E-04  5.000000E-01  7.107052E-01 -1.134010E-04  0.000000E+00  1.094644E-02  1.065224E-03 -2.273499E-18  2.305522E-01  0.000000E+00
  7.213750E-01  1.533723E-03  5.000000E-01  7.286617E-01  1.587953E-03  0.000000E+00  1.071024E-02  9.860357E-04 -1.939972E-18  2.444942E-01  0.000000E+00
  7.386080E-01  3.072448E-03  5.000000E-01  7.460687E-01  3.142218E-03  0.000000E+00  1.044605E-02  9.049843E-04 -9.627057E-19  2.573853E-01  0.000000E+00
  7.552750E-01  4.470709E-03  5.000000E-01  7.629040E-01  4.554600E-03  0.000000E+00  1.013574E-02  8.263000E-04 -3.134538E-19  2.696565E-01  0.000000E+00
  7.713580E-01  5.741376E-03  5.000000E-01  7.791495E-01  5.838099E-03  0.000000E+00  9.792078E-03  7.517836E-04 -2.593521E-19  2.818668E-01  0.000000E+00
  7.868410E-01  6.895444E-03  5.000000E-01  7.947888E-01  7.003822E-03  0.000000E+00  9.482024E-03  6.641088E-04 -2.191499E-19  2.957404E-01  0.000000E+00
  8.017160E-01  7.872948E-03  5.000000E-01  8.098140E-01  7.991198E-03  0.000000E+00  9.306726E-03  5.403862E-04 -1.016182E-18  3.116163E-01  0.000000E+00
  8.159740E-01  8.590510E-03  5.000000E-01  8.242160E-01  8.716006E-03  0.000000E+00  9.329841E-03  3.860581E-04 -1.305681E-18  3.245275E-01  0.000000E+00
  8.296120E-01  9.030479E-03  5.000000E-01  8.379918E-01  9.160418E-03  0.000000E+00  9.555163E-03  2.187756E-04 -1.572883E-18  3.296062E-01  0.000000E+00
  8.426300E-01  9.209105E-03  5.000000E-01  8.511412E-01  9.340848E-03  0.000000E+00  9.959283E-03  4.535157E-05 -1.712473E-18  3.267955E-01  0.000000E+00
  8.550290E-01  9.157750E-03  5.000000E-01  8.636654E-01  9.288975E-03  0.000000E+00  1.051394E-02 -1.332188E-04 -5.877819E-19  3.180804E-01  0.000000E+00
  8.668160E-01  8.914136E-03  5.000000E-01  8.755715E-01  9.042900E-03  0.000000E+00  1.119018E-02 -3.157933E-04  1.566442E-19  3.048105E-01  0.000000E+00
  8.779950E-01  8.519518E-03  5.000000E-01  8.868634E-01  8.644297E-03  0.000000E+00  1.195817E-02 -4.998159E-04  4.953380E-21  2.875463E-01  0.000000E+00
  8.885730E-01  8.013166E-03  5.000000E-01  8.975482E-01  8.132832E-03  0.000000E+00  1.278862E-02 -6.827100E-04 -2.095336E-19  2.668761E-01  0.000000E+00
  8.985610E-01  7.428447E-03  5.000000E-01  9.076371E-01  7.542208E-03  0.000000E+00  1.364893E-02 -8.577267E-04  1.560437E-19  2.433214E-01  0.000000E+00
  9.079670E-01  6.799132E-03  5.000000E-01  9.171381E-01  6.906537E-03  0.000000E+00  1.449981E-02 -1.012497E-03  4.526204E-19  2.173439E-01  0.000000E+00
  9.168010E-01  6.157726E-03  5.000000E-01  9.260613E-01  6.258654E-03  0.000000E+00  1.530365E-02 -1.137875E-03  2.081764E-18  1.900013E-01  0.000000E+00
  9.168010E-01  6.157726E-03  5.000000E-01  9.260613E-01  6.258654E-03  0.000000E+00  1.530365E-02 -1.137875E-03  2.081764E-18  1.900013E-01  0.000000E+00
  9.250730E-01  5.529034E-03  5.000000E-01  9.344168E-01  5.623612E-03  0.000000E+00  1.603726E-02 -1.235093E-03  3.502287E-18  1.628182E-01  0.000000E+00
  9.327940E-01  4.927293E-03  5.000000E-01  9.422158E-01  5.015795E-03  0.000000E+00  1.670013E-02 -1.315854E-03  2.734909E-18  1.371080E-01  0.000000E+00
  9.399760E-01  4.355781E-03  5.000000E-01  9.494703E-01  4.438511E-03  0.000000E+00  1.730850E-02 -1.391694E-03  3.204740E-18  1.131396E-01  0.000000E+00
  9.466320E-01  3.815200E-03  5.000000E-01  9.561935E-01  3.892471E-03  0.000000E+00  1.788252E-02 -1.467145E-03  1.000118E-17  9.017535E-02  0.000000E+00
  9.527730E-01  3.306371E-03  5.000000E-01  9.623965E-01  3.378503E-03  0.000000E+00  1.844688E-02 -1.548700E-03  2.376786E-17  6.767573E-02  0.000000E+00
  9.584110E-01  2.827155E-03  5.000000E-01  9.680915E-01  2.894447E-03  0.000000E+00  1.903427E-02 -1.647009E-03  2.426596E-17  4.540837E-02  0.000000E+00
  9.635570E-01  2.374318E-03  5.000000E-01  9.732895E-01  2.437038E-03  0.000000E+00  1.967861E-02 -1.767951E-03 -3.906096E-17  2.265560E-02  0.000000E+00
  9.682220E-01  1.946793E-03  5.000000E-01  9.780016E-01  2.005195E-03  0.000000E+00  2.041202E-02 -1.912162E-03 -1.922977E-16 -1.671207E-03  0.000000E+00
  9.724140E-01  1.545859E-03  5.000000E-01  9.822359E-01  1.600212E-03  0.000000E+00  2.128253E-02 -2.087648E-03 -2.711178E-16 -2.820267E-02  0.000000E+00
  9.761430E-01  1.171440E-03  5.000000E-01  9.860026E-01  1.222012E-03  0.000000E+00  2.237226E-02 -2.311571E-03  1.392496E-16 -5.739109E-02  0.000000E+00
  9.794160E-01  8.242704E-04  5.000000E-01  9.893086E-01  8.713362E-04  0.000000E+00  2.378322E-02 -2.597353E-03  1.186020E-15 -9.031772E-02  0.000000E+00
  9.822400E-01  5.074293E-04  5.000000E-01  9.921611E-01  5.512954E-04  0.000000E+00  2.556634E-02 -2.947188E-03  1.629894E-15 -1.284359E-01  0.000000E+00
  9.846200E-01  2.260650E-04  5.000000E-01  9.945652E-01  2.670896E-04  0.000000E+00  2.759060E-02 -3.347860E-03 -1.452209E-15 -1.720946E-01  0.000000E+00
  9.865620E-01 -1.453607E-05  5.000000E-01  9.965268E-01  2.405876E-05  0.000000E+00  2.940960E-02 -3.711581E-03 -9.591792E-15 -2.194034E-01  0.000000E+00
  9.880680E-01 -2.086060E-04  5.000000E-01  9.980480E-01 -1.719711E-04  0.000000E+00  2.987558E-02 -3.826698E-03 -1.552531E-14 -2.766123E-01  0.000000E+00
  9.891420E-01 -3.514239E-04  5.000000E-01  9.991328E-01 -3.162313E-04  0.000000E+00  2.812838E-02 -3.911132E-03  3.950599E-15 -3.434968E-01  0.000000E+00
  9.897860E-01 -4.389487E-04  5.000000E-01  9.997833E-01 -4.046399E-04  0.000000E+00  3.788608E-02 -4.013264E-03  7.276628E-14 -2.893915E-01  0.000000E+00
  9.900000E-01 -4.683023E-04  5.000000E-01  9.999995E-01 -4.342900E-04  0.000000E+00  2.618839E-02  5.267624E-03  6.971729E-14 -5.820158E-01  0.000000E+00
  9.900000E-01 -1.843754E-04  5.000000E-01  9.999995E-01 -1.474957E-04  0.000000E+00  1.229773E-03 -7.885237E-03  1.033149E-14 -8.088091E-01  0.000000E+00
  9.900000E-01  9.955150E-05  5.000000E-01  9.999995E-01  1.392985E-04  0.000000E+00 -4.468907E-04 -2.274866E-02 -2.386806E-16 -6.283589E-01  0.000000E+00
  9.900000E-01  3.834784E-04  5.000000E-01  9.999995E-01  4.260927E-04  0.000000E+00 -1.435991E-04 -8.862974E-03 -2.409763E-15 -6.283149E-01  0.000000E+00
  9.900000E-01  6.674053E-04  5.000000E-01  9.999995E-01  7.128869E-04  0.000000E+00  4.646600E-04 -5.229927E-03  9.708484E-16 -6.881955E-01  0.000000E+00
  9.900000E-01  9.513321E-04  5.000000E-01  9.999995E-01  9.996811E-04  0.000000E+00  6.797350E-03 -6.632425E-03  5.201315E-15 -6.299444E-01  0.000000E+00
  9.900000E-01  9.513321E-04  5.000000E-01  9.999995E-01  9.996811E-04  0.000000E+00  6.797350E-03 -6.632425E-03  5.201315E-15 -6.299444E-01  0.000000E+00
  9.897890E-01  1.017904E-03  5.000000E-01  9.997864E-01  1.066925E-03  0.000000E+00  9.015783E-03 -3.469591E-03  5.662505E-15 -5.523840E-01  0.000000E+00
  9.891540E-01  1.218674E-03  5.000000E-01  9.991450E-01  1.269723E-03  0.000000E+00  4.567788E-03 -1.351283E-03  3.078440E-15 -5.709864E-01  0.000000E+00
  9.880950E-01  1.555408E-03  5.000000E-01  9.980753E-01  1.609857E-03  0.000000E+00  3.024805E-03 -9.609283E-04  9.122137E-16 -5.705465E-01  0.000000E+00
  9.866100E-01  2.031333E-03  5.000000E-01  9.965753E-01  2.090589E-03  0.000000E+00  1.983769E-03 -6.497832E-04  1.080526E-16 -5.626466E-01  0.000000E+00
  9.846960E-01  2.650662E-03  5.000000E-01  9.946419E-01  2.716173E-03  0.000000E+00  9.959147E-04 -3.234650E-04  7.436622E-17 -5.590088E-01  0.000000E+00
  9.823490E-01  3.418251E-03  5.000000E-01  9.922712E-01  3.491514E-03  0.000000E+00  1.849890E-04 -5.918665E-05  1.431781E-16 -5.580293E-01  0.000000E+00
  9.795670E-01  4.338749E-03  5.000000E-01  9.894611E-01  4.421307E-03  0.000000E+00 -4.278273E-04  1.427309E-04  1.058970E-16 -5.582712E-01  0.000000E+00
  9.763420E-01  5.417935E-03  5.000000E-01  9.862036E-01  5.511391E-03  0.000000E+00 -8.715971E-04  2.932865E-04  2.547910E-17 -5.597159E-01  0.000000E+00
  9.726710E-01  6.659543E-03  5.000000E-01  9.824955E-01  6.765539E-03  0.000000E+00 -1.170629E-03  3.977044E-04 -2.390943E-17 -5.622496E-01  0.000000E+00
  9.685460E-01  8.066753E-03  5.000000E-01  9.783288E-01  8.186960E-03  0.000000E+00 -1.342205E-03  4.594681E-04 -3.276403E-17 -5.654530E-01  0.000000E+00
  9.639600E-01  9.641707E-03  5.000000E-01  9.736965E-01  9.777819E-03  0.000000E+00 -1.402962E-03  4.831434E-04 -2.052322E-17 -5.688181E-01  0.000000E+00
  9.589060E-01  1.138655E-02  5.000000E-01  9.685915E-01  1.154029E-02  0.000000E+00 -1.373314E-03  4.750012E-04 -7.210657E-18 -5.718691E-01  0.000000E+00
  9.533750E-01  1.330247E-02  5.000000E-01  9.630046E-01  1.347555E-02  0.000000E+00 -1.279128E-03  4.433688E-04 -3.757720E-19 -5.742422E-01  0.000000E+00
  9.473580E-01  1.538821E-02  5.000000E-01  9.569269E-01  1.558236E-02  0.000000E+00 -1.150233E-03  3.983968E-04  2.236219E-18 -5.757523E-01  0.000000E+00
  9.408450E-01  1.764045E-02  5.000000E-01  9.503481E-01  1.785734E-02  0.000000E+00 -1.016842E-03  3.507832E-04  2.255729E-18 -5.764289E-01  0.000000E+00
  9.338260E-01  2.005389E-02  5.000000E-01  9.432582E-01  2.029516E-02  0.000000E+00 -9.056524E-04  3.100230E-04  2.111605E-18 -5.765004E-01  0.000000E+00
  9.262910E-01  2.262009E-02  5.000000E-01  9.356471E-01  2.288727E-02  0.000000E+00 -8.372426E-04  2.831448E-04  1.990624E-18 -5.763193E-01  0.000000E+00
  9.182290E-01  2.532623E-02  5.000000E-01  9.275037E-01  2.562074E-02  0.000000E+00 -8.255174E-04  2.742301E-04 -7.541929E-21 -5.762562E-01  0.000000E+00
  9.096280E-01  2.815459E-02  5.000000E-01  9.188158E-01  2.847766E-02  0.000000E+00 -8.781594E-04  2.845193E-04 -1.060240E-18 -5.766717E-01  0.000000E+00
  9.004770E-01  3.108169E-02  5.000000E-01  9.095724E-01  3.143433E-02  0.000000E+00 -9.969931E-04  3.126331E-04  4.290421E-20 -5.778808E-01  0.000000E+00
  8.907650E-01  3.407661E-02  5.000000E-01  8.997623E-01  3.445948E-02  0.000000E+00 -1.179227E-03  3.542510E-04 -6.258163E-19 -5.799688E-01  0.000000E+00
  8.804800E-01  3.709794E-02  5.000000E-01  8.893735E-01  3.751133E-02  0.000000E+00 -1.418020E-03  4.017074E-04 -9.268139E-19 -5.828361E-01  0.000000E+00
  8.696090E-01  4.008992E-02  5.000000E-01  8.783927E-01  4.053352E-02  0.000000E+00 -1.699084E-03  4.455629E-04  4.677673E-19 -5.864175E-01  0.000000E+00
  8.696090E-01  4.008992E-02  5.000000E-01  8.783927E-01  4.053352E-02  0.000000E+00 -1.699084E-03  4.455629E-04  4.677673E-19 -5.864175E-01  0.000000E+00
  8.581400E-01  4.298048E-02  5.000000E-01  8.668079E-01  4.345328E-02  0.000000E+00 -2.002390E-03  4.768938E-04  4.860539E-20 -5.897242E-01  0.000000E+00
  8.460600E-01  4.568544E-02  5.000000E-01  8.546059E-01  4.618556E-02  0.000000E+00 -2.310176E-03  4.855453E-04 -1.223102E-18 -5.905556E-01  0.000000E+00
  8.333640E-01  4.812494E-02  5.000000E-01  8.417817E-01  4.864969E-02  0.000000E+00 -2.567391E-03  4.509347E-04 -1.144254E-18 -5.921092E-01  0.000000E+00
  8.200460E-01  5.022339E-02  5.000000E-01  8.283292E-01  5.076934E-02  0.000000E+00 -2.540686E-03  3.448758E-04 -6.875036E-19 -6.136434E-01  0.000000E+00
  8.061050E-01  5.191337E-02  5.000000E-01  8.142474E-01  5.247638E-02  0.000000E+00 -1.648402E-03  1.621538E-04  1.425624E-19 -6.843964E-01  0.000000E+00
  7.915460E-01  5.316914E-02  5.000000E-01  7.995413E-01  5.374483E-02  0.000000E+00  9.920027E-04 -5.248167E-05  2.602452E-18 -8.103894E-01  0.000000E+00
  7.763770E-01  5.402990E-02  5.000000E-01  7.842191E-01  5.461428E-02  0.000000E+00  5.990568E-03 -2.164680E-04  2.410638E-18 -9.517070E-01  0.000000E+00
  7.606070E-01  5.456497E-02  5.000000E-01  7.682899E-01  5.515475E-02  0.000000E+00  1.260885E-02 -2.327142E-04 -2.701165E-18 -1.050189E+00  0.000000E+00
  7.442510E-01  5.478166E-02  5.000000E-01  7.517687E-01  5.537364E-02  0.000000E+00  1.845418E-02 -4.500330E-05 -6.270207E-18 -1.081605E+00  0.000000E+00
  7.273250E-01  5.469784E-02  5.000000E-01  7.346718E-01  5.528897E-02  0.000000E+00  2.145711E-02  2.561520E-04 -6.374692E-18 -1.067299E+00  0.000000E+00
  7.098490E-01  5.436597E-02  5.000000E-01  7.170193E-01  5.495375E-02  0.000000E+00  2.167912E-02  4.875044E-04 -6.548082E-18 -1.042305E+00  0.000000E+00
  6.918480E-01  5.388212E-02  5.000000E-01  6.988365E-01  5.446501E-02  0.000000E+00  2.053772E-02  5.377984E-04 -9.245079E-18 -1.031202E+00  0.000000E+00
  6.733520E-01  5.339641E-02  5.000000E-01  6.801537E-01  5.397439E-02  0.000000E+00  1.933124E-02  3.966340E-04 -1.232436E-17 -1.044709E+00  0.000000E+00
  6.543930E-01  5.310838E-02  5.000000E-01  6.610032E-01  5.368346E-02  0.000000E+00  1.875479E-02  1.294719E-04 -1.340468E-17 -1.079359E+00  0.000000E+00
  6.350090E-01  5.313768E-02  5.000000E-01  6.414235E-01  5.371306E-02  0.000000E+00  1.903448E-02 -1.467304E-04 -1.132878E-17 -1.119798E+00  0.000000E+00
  6.152440E-01  5.341706E-02  5.000000E-01  6.214589E-01  5.399525E-02  0.000000E+00  1.996353E-02 -3.485298E-04 -5.085217E-18 -1.151512E+00  0.000000E+00
  5.951420E-01  5.383649E-02  5.000000E-01  6.011539E-01  5.441892E-02  0.000000E+00  2.108739E-02 -4.394156E-04  1.028858E-18 -1.167540E+00  0.000000E+00
  5.747530E-01  5.426559E-02  5.000000E-01  5.805590E-01  5.485235E-02  0.000000E+00  2.203831E-02 -3.838856E-04  2.289307E-18 -1.165422E+00  0.000000E+00
  5.541290E-01  5.455963E-02  5.000000E-01  5.597267E-01  5.514936E-02  0.000000E+00  2.264722E-02 -1.703896E-04 -2.339407E-18 -1.146593E+00  0.000000E+00
  5.333260E-01  5.458098E-02  5.000000E-01  5.387136E-01  5.517093E-02  0.000000E+00  2.285294E-02  1.288183E-04 -8.913814E-18 -1.118453E+00  0.000000E+00
  5.124010E-01  5.431899E-02  5.000000E-01  5.175773E-01  5.490629E-02  0.000000E+00  2.270598E-02  4.073246E-04 -1.222255E-17 -1.090539E+00  0.000000E+00
  4.914140E-01  5.382372E-02  5.000000E-01  4.963783E-01  5.440602E-02  0.000000E+00  2.238996E-02  6.211328E-04 -1.028192E-17 -1.068259E+00  0.000000E+00
  4.704230E-01  5.315103E-02  5.000000E-01  4.751754E-01  5.372654E-02  0.000000E+00  2.208366E-02  7.683895E-04 -6.556320E-18 -1.053659E+00  0.000000E+00
  1.696960E-04 -4.809999E-04  5.000000E-01  1.730287E-04 -4.471159E-04  0.000000E+00 -6.436955E-02  9.282100E-02 -7.569032E-14  5.409111E-01  0.000000E+00
  8.054360E-04 -9.781836E-04  5.000000E-01  8.151890E-04 -9.493205E-04  0.000000E+00 -4.693417E-02  3.286230E-02 -5.231316E-14  1.106832E+00  0.000000E+00
  1.973980E-03 -1.585095E-03  5.000000E-01  1.995534E-03 -1.562361E-03  0.000000E+00 -2.105155E-02  1.047949E-02 -2.488017E-14  1.176614E+00  0.000000E+00
  3.614630E-03 -2.299717E-03  5.000000E-01  3.652753E-03 -2.284200E-03  0.000000E+00 -4.055477E-03  1.772904E-03 -6.299554E-15  1.152925E+00  0.000000E+00
  5.721210E-03 -3.130478E-03  5.000000E-01  5.780607E-03 -3.123351E-03  0.000000E+00  5.020195E-03 -1.863725E-03  1.750428E-15  1.122580E+00  0.000000E+00
  8.297500E-03 -4.074897E-03  5.000000E-01  8.382914E-03 -4.077307E-03  0.000000E+00  9.329710E-03 -3.267901E-03  2.690335E-15  1.078245E+00  0.000000E+00
  1.136560E-02 -5.113369E-03  5.000000E-01  1.148200E-02 -5.126266E-03  0.000000E+00  1.109805E-02 -3.619074E-03  1.132685E-15  1.023816E+00  0.000000E+00
  1.493280E-02 -6.234645E-03  5.000000E-01  1.508522E-02 -6.258867E-03  0.000000E+00  1.169359E-02 -3.584616E-03 -9.702037E-17  9.693049E-01  0.000000E+00
  1.899460E-02 -7.447038E-03  5.000000E-01  1.918804E-02 -7.483503E-03  0.000000E+00  1.195000E-02 -3.514686E-03 -4.011879E-16  9.186120E-01  0.000000E+00
  2.354800E-02 -8.766597E-03  5.000000E-01  2.378743E-02 -8.816388E-03  0.000000E+00  1.228444E-02 -3.506726E-03 -2.264132E-16  8.687308E-01  0.000000E+00
  2.860130E-02 -1.018883E-02  5.000000E-01  2.889176E-02 -1.025299E-02  0.000000E+00  1.281561E-02 -3.545724E-03 -8.858239E-18  8.170156E-01  0.000000E+00
  3.416500E-02 -1.170266E-02  5.000000E-01  3.451165E-02 -1.178210E-02  0.000000E+00  1.352505E-02 -3.613132E-03  9.875276E-17  7.646904E-01  0.000000E+00
  4.024810E-02 -1.329889E-02  5.000000E-01  4.065618E-02 -1.339445E-02  0.000000E+00  1.435412E-02 -3.689745E-03  1.104392E-16  7.126664E-01  0.000000E+00
  4.686030E-02 -1.496523E-02  5.000000E-01  4.733516E-02 -1.507762E-02  0.000000E+00  1.523842E-02 -3.755729E-03  8.001011E-17  6.607275E-01  0.000000E+00
  5.401090E-02 -1.668999E-02  5.000000E-01  5.455797E-02 -1.681980E-02  0.000000E+00  1.613121E-02 -3.802688E-03  4.680090E-17  6.089425E-01  0.000000E+00
  6.170850E-02 -1.846454E-02  5.000000E-01  6.233331E-02 -1.861227E-02  0.000000E+00  1.700688E-02 -3.822300E-03  2.424523E-17  5.569392E-01  0.000000E+00
  6.996310E-02 -2.027456E-02  5.000000E-01  7.067127E-02 -2.044057E-02  0.000000E+00  1.785169E-02 -3.802060E-03  1.226160E-17  5.040143E-01  0.000000E+00
  7.878500E-02 -2.210043E-02  5.000000E-01  7.958226E-02 -2.228488E-02  0.000000E+00  1.866250E-02 -3.738350E-03  9.103302E-18  4.503651E-01  0.000000E+00
  8.818390E-02 -2.392300E-02  5.000000E-01  8.907608E-02 -2.412585E-02  0.000000E+00  1.944075E-02 -3.631261E-03  1.086863E-17  3.964262E-01  0.000000E+00
  9.816930E-02 -2.571973E-02  5.000000E-01  9.916232E-02 -2.594073E-02  0.000000E+00  2.018098E-02 -3.476142E-03  1.437321E-17  3.422581E-01  0.000000E+00
  1.087500E-01 -2.746376E-02  5.000000E-01  1.098499E-01 -2.770237E-02  0.000000E+00  2.086702E-02 -3.269509E-03  1.907014E-17  2.882827E-01  0.000000E+00
  1.199340E-01 -2.912776E-02  5.000000E-01  1.211468E-01 -2.938317E-02  0.000000E+00  2.146401E-02 -3.006346E-03  2.492510E-17  2.352040E-01  0.000000E+00
  1.317280E-01 -3.067967E-02  5.000000E-01  1.330599E-01 -3.095076E-02  0.000000E+00  2.191133E-02 -2.677817E-03  2.504067E-17  1.838701E-01  0.000000E+00
  1.441380E-01 -3.208213E-02  5.000000E-01  1.455952E-01 -3.236739E-02  0.000000E+00  2.213781E-02 -2.283885E-03  1.887569E-17  1.360649E-01  0.000000E+00
  1.441380E-01 -3.208213E-02  5.000000E-01  1.455952E-01 -3.236739E-02  0.000000E+00  2.213781E-02 -2.283885E-03  1.887569E-17  1.360649E-01  0.000000E+00
  1.571670E-01 -3.329869E-02  5.000000E-01  1.587558E-01 -3.359623E-02  0.000000E+00  2.209230E-02 -1.838257E-03  2.453085E-17  9.436499E-02  0.000000E+00
  1.708170E-01 -3.429443E-02  5.000000E-01  1.725437E-01 -3.460202E-02  0.000000E+00  2.178432E-02 -1.370628E-03  3.937788E-17  6.150221E-02  0.000000E+00
  1.850860E-01 -3.504563E-02  5.000000E-01  1.869568E-01 -3.536081E-02  0.000000E+00  2.131771E-02 -9.339521E-04  4.043542E-17  3.982694E-02  0.000000E+00
  1.999720E-01 -3.556088E-02  5.000000E-01  2.019931E-01 -3.588127E-02  0.000000E+00  2.087301E-02 -5.965116E-04  2.918965E-17  3.007343E-02  0.000000E+00
  2.154670E-01 -3.590576E-02  5.000000E-01  2.176446E-01 -3.622963E-02  0.000000E+00  2.059324E-02 -3.846826E-04  1.847657E-17  2.787355E-02  0.000000E+00
  2.315610E-01 -3.615043E-02  5.000000E-01  2.339011E-01 -3.647676E-02  0.000000E+00  2.046595E-02 -2.365964E-04  9.705329E-18  2.315082E-02  0.000000E+00
  2.482400E-01 -3.628654E-02  5.000000E-01  2.507486E-01 -3.661425E-02  0.000000E+00  2.039662E-02 -8.602217E-05  2.431979E-18  1.042573E-02  0.000000E+00
  2.654840E-01 -3.629210E-02  5.000000E-01  2.681667E-01 -3.661986E-02  0.000000E+00  2.031818E-02  8.201995E-05 -1.093495E-18 -7.148148E-03  0.000000E+00
  2.832720E-01 -3.614163E-02  5.000000E-01  2.861343E-01 -3.646788E-02  0.000000E+00  2.019322E-02  2.652191E-04 -1.593852E-18 -2.454248E-02  0.000000E+00
  3.015770E-01 -3.581385E-02  5.000000E-01  3.046242E-01 -3.613679E-02  0.000000E+00  2.000607E-02  4.541844E-04 -2.987655E-18 -3.834898E-02  0.000000E+00
  3.203660E-01 -3.529544E-02  5.000000E-01  3.236030E-01 -3.561314E-02  0.000000E+00  1.975477E-02  6.385404E-04 -3.646591E-18 -4.741641E-02  0.000000E+00
  3.396030E-01 -3.458111E-02  5.000000E-01  3.430342E-01 -3.489160E-02  0.000000E+00  1.944269E-02  8.117372E-04 -4.563214E-18 -5.208723E-02  0.000000E+00
  3.592490E-01 -3.366888E-02  5.000000E-01  3.628786E-01 -3.397015E-02  0.000000E+00  1.907276E-02  9.717498E-04 -6.062516E-18 -5.313464E-02  0.000000E+00
  3.792580E-01 -3.255754E-02  5.000000E-01  3.830897E-01 -3.284759E-02  0.000000E+00  1.864794E-02  1.117320E-03 -6.812689E-18 -5.094317E-02  0.000000E+00
  3.995810E-01 -3.124887E-02  5.000000E-01  4.036179E-01 -3.152571E-02  0.000000E+00  1.817215E-02  1.246072E-03 -8.495690E-18 -4.542899E-02  0.000000E+00
  4.201670E-01 -2.974886E-02  5.000000E-01  4.244118E-01 -3.001055E-02  0.000000E+00  1.764828E-02  1.356312E-03 -9.202118E-18 -3.650160E-02  0.000000E+00
  4.409600E-01 -2.806549E-02  5.000000E-01  4.454148E-01 -2.831018E-02  0.000000E+00  1.707874E-02  1.447485E-03 -9.289805E-18 -2.427693E-02  0.000000E+00
  4.619030E-01 -2.620826E-02  5.000000E-01  4.665693E-01 -2.643420E-02  0.000000E+00  1.647121E-02  1.517661E-03 -9.120417E-18 -8.844128E-03  0.000000E+00
  4.829360E-01 -2.419455E-02  5.000000E-01  4.878147E-01 -2.440014E-02  0.000000E+00  1.584006E-02  1.564316E-03 -6.879014E-18  9.616705E-03  0.000000E+00
  5.039990E-01 -2.204820E-02  5.000000E-01  5.090904E-01 -2.223212E-02  0.000000E+00  1.520236E-02  1.586683E-03 -5.158335E-18  3.056572E-02  0.000000E+00
  5.250310E-01 -1.979895E-02  5.000000E-01  5.303348E-01 -1.996016E-02  0.000000E+00  1.457501E-02  1.586175E-03 -3.603286E-18  5.317780E-02  0.000000E+00
  5.459710E-01 -1.747928E-02  5.000000E-01  5.514863E-01 -1.761706E-02  0.000000E+00  1.397298E-02  1.566357E-03 -1.230034E-18  7.650931E-02  0.000000E+00
  5.667600E-01 -1.512048E-02  5.000000E-01  5.724853E-01 -1.523443E-02  0.000000E+00  1.341157E-02  1.530155E-03 -1.268891E-18  9.990170E-02  0.000000E+00
  4.704230E-01  5.315103E-02  5.000000E-01  4.751754E-01  5.372654E-02  0.000000E+00  2.208366E-02  7.683895E-04 -6.556320E-18 -1.053659E+00  0.000000E+00
  4.494880E-01  5.236156E-02  5.000000E-01  4.540289E-01  5.292909E-02  0.000000E+00  2.188899E-02  8.562656E-04 -4.640293E-18 -1.046918E+00  0.000000E+00
  4.286690E-01  5.151585E-02  5.000000E-01  4.329997E-01  5.207484E-02  0.000000E+00  2.185888E-02  9.112103E-04 -5.347923E-18 -1.045630E+00  0.000000E+00
  4.080230E-01  5.063468E-02  5.000000E-01  4.121452E-01  5.118477E-02  0.000000E+00  2.200118E-02  9.725718E-04 -8.490670E-18 -1.045765E+00  0.000000E+00
  3.876050E-01  4.970314E-02  5.000000E-01  3.915210E-01  5.024382E-02  0.000000E+00  2.225414E-02  1.058216E-03 -1.170884E-17 -1.044713E+00  0.000000E+00
  3.674690E-01  4.870791E-02  5.000000E-01  3.711816E-01  4.923855E-02  0.000000E+00  2.252968E-02  1.165177E-03 -1.309725E-17 -1.041799E+00  0.000000E+00
  3.476650E-01  4.763900E-02  5.000000E-01  3.511776E-01  4.815884E-02  0.000000E+00  2.277224E-02  1.289136E-03 -1.316084E-17 -1.037083E+00  0.000000E+00
  3.282390E-01  4.648873E-02  5.000000E-01  3.315555E-01  4.699696E-02  0.000000E+00  2.296515E-02  1.427291E-03 -1.267473E-17 -1.030917E+00  0.000000E+00
  3.092330E-01  4.525195E-02  5.000000E-01  3.123575E-01  4.574769E-02  0.000000E+00  2.311088E-02  1.574484E-03 -1.190702E-17 -1.023942E+00  0.000000E+00
  2.906860E-01  4.393162E-02  5.000000E-01  2.936232E-01  4.441402E-02  0.000000E+00  2.321912E-02  1.725604E-03 -1.164323E-17 -1.016788E+00  0.000000E+00
  2.726330E-01  4.253336E-02  5.000000E-01  2.753879E-01  4.300164E-02  0.000000E+00  2.330223E-02  1.879813E-03 -1.192694E-17 -1.009718E+00  0.000000E+00
  2.551020E-01  4.106266E-02  5.000000E-01  2.576799E-01  4.151609E-02  0.000000E+00  2.336859E-02  2.038213E-03 -1.233267E-17 -1.002732E+00  0.000000E+00
  2.381210E-01  3.952547E-02  5.000000E-01  2.405274E-01  3.996338E-02  0.000000E+00  2.342413E-02  2.204207E-03 -1.198309E-17 -9.956809E-01  0.000000E+00
  2.217090E-01  3.792397E-02  5.000000E-01  2.239496E-01  3.834570E-02  0.000000E+00  2.346859E-02  2.379022E-03 -1.149074E-17 -9.888692E-01  0.000000E+00
  2.058840E-01  3.626068E-02  5.000000E-01  2.079648E-01  3.666561E-02  0.000000E+00  2.348224E-02  2.541411E-03 -1.327816E-17 -9.845078E-01  0.000000E+00
  1.906600E-01  3.456317E-02  5.000000E-01  1.925871E-01  3.495096E-02  0.000000E+00  2.345742E-02  2.655135E-03 -1.632749E-17 -9.859882E-01  0.000000E+00
  1.760460E-01  3.288185E-02  5.000000E-01  1.778255E-01  3.325266E-02  0.000000E+00  2.346106E-02  2.724899E-03 -2.191760E-17 -9.938280E-01  0.000000E+00
  1.620500E-01  3.124083E-02  5.000000E-01  1.636881E-01  3.159507E-02  0.000000E+00  2.358445E-02  2.792806E-03 -3.129245E-17 -1.005272E+00  0.000000E+00
  1.486750E-01  2.964229E-02  5.000000E-01  1.501781E-01  2.998038E-02  0.000000E+00  2.384844E-02  2.888489E-03 -4.580938E-17 -1.017407E+00  0.000000E+00
  1.359210E-01  2.807805E-02  5.000000E-01  1.372953E-01  2.840035E-02  0.000000E+00  2.420283E-02  3.019847E-03 -7.134429E-17 -1.028484E+00  0.000000E+00
  1.237890E-01  2.653930E-02  5.000000E-01  1.250407E-01  2.684606E-02  0.000000E+00  2.457714E-02  3.184258E-03 -1.135490E-16 -1.037862E+00  0.000000E+00
  1.122730E-01  2.501652E-02  5.000000E-01  1.134084E-01  2.530790E-02  0.000000E+00  2.491995E-02  3.376564E-03 -1.834299E-16 -1.045638E+00  0.000000E+00
  1.013710E-01  2.350407E-02  5.000000E-01  1.023964E-01  2.378017E-02  0.000000E+00  2.520851E-02  3.590277E-03 -3.000099E-16 -1.052422E+00  0.000000E+00
  9.107400E-02  2.199992E-02  5.000000E-01  9.199536E-02  2.226083E-02  0.000000E+00  2.544646E-02  3.824605E-03 -4.971375E-16 -1.058789E+00  0.000000E+00
  9.107400E-02  2.199992E-02  5.000000E-01  9.199536E-02  2.226083E-02  0.000000E+00  2.544646E-02  3.824605E-03 -4.971375E-16 -1.058789E+00  0.000000E+00
  8.137660E-02  2.050183E-02  5.000000E-01  8.220003E-02  2.074762E-02  0.000000E+00  2.564187E-02  4.077915E-03 -8.359074E-16 -1.065485E+00  0.000000E+00
  7.227050E-02  1.901222E-02  5.000000E-01  7.300197E-02  1.924296E-02  0.000000E+00  2.579911E-02  4.344275E-03 -1.422934E-15 -1.073526E+00  0.000000E+00
  6.374670E-02  1.753619E-02  5.000000E-01  6.439209E-02  1.775203E-02  0.000000E+00  2.592899E-02  4.624811E-03 -2.444630E-15 -1.083580E+00  0.000000E+00
  5.579720E-02  1.607706E-02  5.000000E-01  5.636231E-02  1.627816E-02  0.000000E+00  2.603213E-02  4.915687E-03 -4.208653E-15 -1.096557E+00  0.000000E+00
  4.841260E-02  1.464335E-02  5.000000E-01  4.890313E-02  1.482997E-02  0.000000E+00  2.610668E-02  5.211643E-03 -7.185360E-15 -1.113446E+00  0.000000E+00
  4.158390E-02  1.324287E-02  5.000000E-01  4.200547E-02  1.341535E-02  0.000000E+00  2.615780E-02  5.519133E-03 -1.198750E-14 -1.134638E+00  0.000000E+00
  3.530370E-02  1.188049E-02  5.000000E-01  3.566185E-02  1.203921E-02  0.000000E+00  2.616653E-02  5.832842E-03 -1.919975E-14 -1.160972E+00  0.000000E+00
  2.956270E-02  1.056572E-02  5.000000E-01  2.986287E-02  1.071117E-02  0.000000E+00  2.610567E-02  6.147951E-03 -2.895867E-14 -1.193114E+00  0.000000E+00
  2.435310E-02  9.305106E-03  5.000000E-01  2.460066E-02  9.437819E-03  0.000000E+00  2.593525E-02  6.476337E-03 -4.016997E-14 -1.230475E+00  0.000000E+00
  1.967110E-02  8.099124E-03  5.000000E-01  1.987137E-02  8.219658E-03  0.000000E+00  2.552076E-02  6.788605E-03 -4.975899E-14 -1.273366E+00  0.000000E+00
  1.550860E-02  6.954945E-03  5.000000E-01  1.566684E-02  7.063924E-03  0.000000E+00  2.468437E-02  7.036313E-03 -5.327377E-14 -1.322094E+00  0.000000E+00
  1.185930E-02  5.876229E-03  5.000000E-01  1.198068E-02  5.974314E-03  0.000000E+00  2.332843E-02  7.212198E-03 -4.754986E-14 -1.374808E+00  0.000000E+00
  8.724160E-03  4.859163E-03  5.000000E-01  8.813883E-03  4.946977E-03  0.000000E+00  2.157881E-02  7.343879E-03 -3.380963E-14 -1.431050E+00  0.000000E+00
  6.091130E-03  3.911941E-03  5.000000E-01  6.154263E-03  3.990189E-03  0.000000E+00  2.032376E-02  7.820683E-03 -1.828798E-14 -1.486225E+00  0.000000E+00
  3.952840E-03  3.037284E-03  5.000000E-01  3.994378E-03  3.106699E-03  0.000000E+00  2.113554E-02  9.733977E-03 -6.732124E-15 -1.523401E+00  0.000000E+00
  2.330070E-03  2.222407E-03  5.000000E-01  2.355220E-03  2.283592E-03  0.000000E+00  2.423880E-02  1.419534E-02  1.216782E-15 -1.531087E+00  0.000000E+00
  1.198080E-03  1.485422E-03  5.000000E-01  1.211798E-03  1.539164E-03  0.000000E+00  2.759961E-02  2.139016E-02  4.762130E-15 -1.519247E+00  0.000000E+00
  5.019560E-04  8.593900E-04  5.000000E-01  5.086442E-04  9.068105E-04  0.000000E+00  3.041167E-02  3.350380E-02 -6.503844E-15 -1.530791E+00  0.000000E+00
  1.313430E-04  3.762258E-04  5.000000E-01  1.342884E-04  4.187669E-04  0.000000E+00  3.506352E-02  7.036307E-02 -3.737253E-14 -1.566087E+00  0.000000E+00
  8.078190E-06  6.807509E-05  5.000000E-01  9.778777E-06  1.075042E-04  0.000000E+00  3.054283E-02  1.732849E-01 -5.722997E-14 -1.484757E+00  0.000000E+00
 -1.602820E-06 -3.835429E-05  5.000000E-01  0.000000E+00  0.000000E+00  0.000000E+00 -4.944379E-03  2.521463E-01 -6.406357E-14 -1.190862E+00  0.000000E+00
  9.141860E-06 -1.484052E-04  5.000000E-01  1.085319E-05 -1.111623E-04  0.000000E+00 -4.976281E-02  1.967992E-01 -7.721207E-14 -4.687320E-01  0.000000E+00
  1.696960E-04 -4.809999E-04  5.000000E-01  1.730287E-04 -4.471159E-04  0.000000E+00 -6.436955E-02  9.282100E-02 -7.569032E-14  5.409111E-01  0.000000E+00
    1    2
    2    3
    3    4
    4    5
    5    6
    6    7
    7    8
    8    9
    9   10
   10   11
   11   12
   12   13
   13   14
   14   15
   15   16
   16   17
   17   18
   18   19
   19   20
   20   21
   21   22
   22   23
   23   24
   25   26
   26   27
   27   28
   28   29
   29   30
   30   31
   31   32
   32   33
   33   34
   34   35
   35   36
   36   37
   37   38
   38   39
   39   40
   40   41
   41   42
   42   43
   43   44
   44   45
   45   46
   46   47
   47   48
   49   50
   50   51
   51   52
   52   53
   53   54
   54   55
   55   56
   56   57
   57   58
   58   59
   59   60
   60   61
   61   62
   62   63
   63   64
   64   65
   65   66
   66   67
   67   68
   68   69
   69   70
   70   71
   71   72
   73   74
   74   75
   75   76
   76   77
   77   78
   78   79
   79   80
   80   81
   81   82
   82   83
   83   84
   84   85
   85   86
   86   87
   87   88
   88   89
   89   90
   90   91
   91   92
   92   93
   93   94
   94   95
   95   96
   97   98
   98   99
   99  100
  100  101
  101  102
  102  103
  103  104
  104  105
  105  106
  106  107
  107  108
  108  109
  109  110
  110  111
  111  112
  112  113
  113  114
  114  115
  115  116
  116  117
  117  118
  118  119
  119  120
  121  122
  122  123
  123  124
  124  125
  125  126
  126  127
  127  128
  128  129
  129  130
  130  131
  131  132
  132  133
  133  134
  134  135
  135  136
  136  137
  137  138
  138  139
  139  140
  140  141
  141  142
  142  143
  143  144
  145  146
  146  147
  147  148
  148  149
  149  150
  150  151
  151  152
  152  153
  153  154
  154  155
  155  156
  156  157
  157  158
  158  159
  159  160
  160  161
  161  162
  162  163
  163  164
  164  165
  165  166
  166  167
  167  168
  169  170
  170  171
  171  172
  172  173
  173  174
  174  175
  175  176
  176  177
  177  178
  178  179
  179  180
  180  181
  181  182
  182  183
  183  184
  184  185
  185  186
  186  187
  187  188
  188  189
  189  190
  190  191
  191  192
