 Title = "ADflow Slice Data"
Variables =  "CoordinateX"  "CoordinateY"  "CoordinateZ"  "XoC"  "YoC"  "ZoC" "VelocityX" "VelocityY" "VelocityZ" "CoefPressure" "Mach" 
Zone T= "Slice_0001 None Absolute Regular z = 0.50000000"
 Nodes =          192  Elements=          184  ZONETYPE=FELINESEG
 DATAPACKING=POINT
  5.667600E-01 -1.513021E-02  5.000000E-01  5.724853E-01 -1.524435E-02  0.000000E+00  1.341257E-02  1.531040E-03 -7.723836E-19  9.970521E-02  0.000000E+00
  5.873410E-01 -1.276717E-02  5.000000E-01  5.932741E-01 -1.285744E-02  0.000000E+00  1.290413E-02  1.480602E-03 -4.292773E-19  1.227472E-01  0.000000E+00
  6.076580E-01 -1.043779E-02  5.000000E-01  6.137963E-01 -1.050454E-02  0.000000E+00  1.245763E-02  1.419115E-03 -3.948137E-19  1.447698E-01  0.000000E+00
  6.276600E-01 -8.174791E-03  5.000000E-01  6.340003E-01 -8.218690E-03  0.000000E+00  1.207122E-02  1.350843E-03 -2.477828E-19  1.651608E-01  0.000000E+00
  6.472970E-01 -6.002823E-03  5.000000E-01  6.538356E-01 -6.024787E-03  0.000000E+00  1.173563E-02  1.280772E-03  1.821687E-19  1.835477E-01  0.000000E+00
  6.665260E-01 -3.933902E-03  5.000000E-01  6.732588E-01 -3.934973E-03  0.000000E+00  1.144060E-02  1.211477E-03 -6.814577E-19  2.001346E-01  0.000000E+00
  6.853050E-01 -1.977753E-03  5.000000E-01  6.922274E-01 -1.959069E-03  0.000000E+00  1.117989E-02  1.140477E-03 -1.358818E-18  2.157133E-01  0.000000E+00
  7.035980E-01 -1.514461E-04  5.000000E-01  7.107052E-01 -1.143186E-04  0.000000E+00  1.094317E-02  1.065173E-03 -1.166212E-19  2.306303E-01  0.000000E+00
  7.213750E-01  1.533236E-03  5.000000E-01  7.286617E-01  1.587377E-03  0.000000E+00  1.070754E-02  9.859479E-04  6.432762E-19  2.445628E-01  0.000000E+00
  7.386080E-01  3.072156E-03  5.000000E-01  7.460687E-01  3.141838E-03  0.000000E+00  1.044390E-02  9.048890E-04  1.373509E-19  2.574436E-01  0.000000E+00
  7.552750E-01  4.470522E-03  5.000000E-01  7.629040E-01  4.554326E-03  0.000000E+00  1.013407E-02  8.262133E-04 -8.200281E-19  2.697053E-01  0.000000E+00
  7.713580E-01  5.741246E-03  5.000000E-01  7.791495E-01  5.837883E-03  0.000000E+00  9.790792E-03  7.517130E-04 -1.765811E-18  2.819070E-01  0.000000E+00
  7.868410E-01  6.895350E-03  5.000000E-01  7.947888E-01  7.003642E-03  0.000000E+00  9.481029E-03  6.640576E-04 -1.193849E-18  2.957731E-01  0.000000E+00
  8.017160E-01  7.872880E-03  5.000000E-01  8.098140E-01  7.991044E-03  0.000000E+00  9.305935E-03  5.403542E-04 -6.269290E-19  3.116433E-01  0.000000E+00
  8.159740E-01  8.590461E-03  5.000000E-01  8.242160E-01  8.715872E-03  0.000000E+00  9.329187E-03  3.860419E-04 -1.491636E-18  3.245510E-01  0.000000E+00
  8.296120E-01  9.030444E-03  5.000000E-01  8.379918E-01  9.160298E-03  0.000000E+00  9.554599E-03  2.187711E-04 -1.577042E-18  3.296275E-01  0.000000E+00
  8.426300E-01  9.209080E-03  5.000000E-01  8.511412E-01  9.340738E-03  0.000000E+00  9.958777E-03  4.535563E-05 -5.805043E-19  3.268152E-01  0.000000E+00
  8.550290E-01  9.157732E-03  5.000000E-01  8.636654E-01  9.288872E-03  0.000000E+00  1.051347E-02 -1.332082E-04  3.444415E-19  3.180984E-01  0.000000E+00
  8.668160E-01  8.914123E-03  5.000000E-01  8.755715E-01  9.042802E-03  0.000000E+00  1.118975E-02 -3.157775E-04  1.178328E-18  3.048269E-01  0.000000E+00
  8.779950E-01  8.519509E-03  5.000000E-01  8.868634E-01  8.644203E-03  0.000000E+00  1.195778E-02 -4.997963E-04  6.954128E-19  2.875614E-01  0.000000E+00
  8.885730E-01  8.013160E-03  5.000000E-01  8.975482E-01  8.132741E-03  0.000000E+00  1.278826E-02 -6.826879E-04  3.053180E-19  2.668906E-01  0.000000E+00
  8.985610E-01  7.428442E-03  5.000000E-01  9.076371E-01  7.542118E-03  0.000000E+00  1.364859E-02 -8.577032E-04  8.561271E-19  2.433356E-01  0.000000E+00
  9.079670E-01  6.799129E-03  5.000000E-01  9.171381E-01  6.906449E-03  0.000000E+00  1.449950E-02 -1.012473E-03  1.687210E-18  2.173582E-01  0.000000E+00
  9.168010E-01  6.157724E-03  5.000000E-01  9.260613E-01  6.258567E-03  0.000000E+00  1.530336E-02 -1.137852E-03  1.667452E-18  1.900153E-01  0.000000E+00
  9.168010E-01  6.157724E-03  5.000000E-01  9.260613E-01  6.258567E-03  0.000000E+00  1.530336E-02 -1.137852E-03  1.667452E-18  1.900153E-01  0.000000E+00
  9.250730E-01  5.529032E-03  5.000000E-01  9.344168E-01  5.623526E-03  0.000000E+00  1.603699E-02 -1.235072E-03  7.896146E-19  1.628313E-01  0.000000E+00
  9.327940E-01  4.927292E-03  5.000000E-01  9.422158E-01  5.015709E-03  0.000000E+00  1.669989E-02 -1.315834E-03  8.442527E-20  1.371200E-01  0.000000E+00
  9.399760E-01  4.355780E-03  5.000000E-01  9.494703E-01  4.438426E-03  0.000000E+00  1.730829E-02 -1.391677E-03 -4.852132E-19  1.131503E-01  0.000000E+00
  9.466320E-01  3.815199E-03  5.000000E-01  9.561935E-01  3.892386E-03  0.000000E+00  1.788235E-02 -1.467130E-03  3.134301E-18  9.018494E-02  0.000000E+00
  9.527730E-01  3.306371E-03  5.000000E-01  9.623965E-01  3.378418E-03  0.000000E+00  1.844674E-02 -1.548689E-03  1.314949E-17  6.768459E-02  0.000000E+00
  9.584110E-01  2.827154E-03  5.000000E-01  9.680915E-01  2.894362E-03  0.000000E+00  1.903418E-02 -1.647000E-03  1.397182E-17  4.541688E-02  0.000000E+00
  9.635570E-01  2.374318E-03  5.000000E-01  9.732895E-01  2.436953E-03  0.000000E+00  1.967854E-02 -1.767944E-03 -3.062194E-17  2.266399E-02  0.000000E+00
  9.682220E-01  1.946793E-03  5.000000E-01  9.780016E-01  2.005110E-03  0.000000E+00  2.041198E-02 -1.912157E-03 -1.304754E-16 -1.662930E-03  0.000000E+00
  9.724140E-01  1.545859E-03  5.000000E-01  9.822359E-01  1.600127E-03  0.000000E+00  2.128250E-02 -2.087645E-03 -1.426802E-16 -2.819467E-02  0.000000E+00
  9.761430E-01  1.171440E-03  5.000000E-01  9.860026E-01  1.221927E-03  0.000000E+00  2.237224E-02 -2.311569E-03  2.859593E-16 -5.738358E-02  0.000000E+00
  9.794160E-01  8.242704E-04  5.000000E-01  9.893086E-01  8.712515E-04  0.000000E+00  2.378321E-02 -2.597352E-03  1.304189E-15 -9.031088E-02  0.000000E+00
  9.822400E-01  5.074293E-04  5.000000E-01  9.921611E-01  5.512107E-04  0.000000E+00  2.556634E-02 -2.947188E-03  1.689308E-15 -1.284297E-01  0.000000E+00
  9.846200E-01  2.260650E-04  5.000000E-01  9.945652E-01  2.670050E-04  0.000000E+00  2.759059E-02 -3.347860E-03 -2.060567E-15 -1.720891E-01  0.000000E+00
  9.865620E-01 -1.453607E-05  5.000000E-01  9.965268E-01  2.397407E-05  0.000000E+00  2.940960E-02 -3.711581E-03 -1.280048E-14 -2.193982E-01  0.000000E+00
  9.880680E-01 -2.086060E-04  5.000000E-01  9.980480E-01 -1.720557E-04  0.000000E+00  2.987557E-02 -3.826696E-03 -2.157790E-14 -2.766073E-01  0.000000E+00
  9.891420E-01 -3.514239E-04  5.000000E-01  9.991328E-01 -3.163160E-04  0.000000E+00  2.812836E-02 -3.911129E-03  7.889920E-15 -3.434918E-01  0.000000E+00
  9.897860E-01 -4.389487E-04  5.000000E-01  9.997833E-01 -4.047246E-04  0.000000E+00  3.788605E-02 -4.013262E-03  1.185742E-13 -2.893861E-01  0.000000E+00
  9.900000E-01 -4.683023E-04  5.000000E-01  9.999995E-01 -4.343746E-04  0.000000E+00  2.618837E-02  5.267622E-03  1.090364E-13 -5.820106E-01  0.000000E+00
  9.900000E-01 -1.843754E-04  5.000000E-01  9.999995E-01 -1.475804E-04  0.000000E+00  1.229768E-03 -7.885243E-03  1.245894E-14 -8.088041E-01  0.000000E+00
  9.900000E-01  9.955150E-05  5.000000E-01  9.999995E-01  1.392138E-04  0.000000E+00 -4.468893E-04 -2.274866E-02  2.333773E-15 -6.283535E-01  0.000000E+00
  9.900000E-01  3.834784E-04  5.000000E-01  9.999995E-01  4.260080E-04  0.000000E+00 -1.435987E-04 -8.862953E-03 -2.658577E-16 -6.283096E-01  0.000000E+00
  9.900000E-01  6.674053E-04  5.000000E-01  9.999995E-01  7.128022E-04  0.000000E+00  4.646594E-04 -5.229907E-03  1.432055E-15 -6.881905E-01  0.000000E+00
  9.900000E-01  9.513321E-04  5.000000E-01  9.999995E-01  9.995965E-04  0.000000E+00  6.797352E-03 -6.632420E-03  3.881870E-15 -6.299392E-01  0.000000E+00
  9.900000E-01  9.513321E-04  5.000000E-01  9.999995E-01  9.995965E-04  0.000000E+00  6.797352E-03 -6.632420E-03  3.881870E-15 -6.299392E-01  0.000000E+00
  9.897890E-01  1.017904E-03  5.000000E-01  9.997864E-01  1.066840E-03  0.000000E+00  9.015787E-03 -3.469592E-03  4.079421E-15 -5.523787E-01  0.000000E+00
  9.891540E-01  1.218674E-03  5.000000E-01  9.991450E-01  1.269638E-03  0.000000E+00  4.567797E-03 -1.351285E-03  2.475759E-15 -5.709812E-01  0.000000E+00
  9.880950E-01  1.555408E-03  5.000000E-01  9.980753E-01  1.609773E-03  0.000000E+00  3.024820E-03 -9.609331E-04  1.075202E-15 -5.705412E-01  0.000000E+00
  9.866100E-01  2.031333E-03  5.000000E-01  9.965753E-01  2.090504E-03  0.000000E+00  1.983787E-03 -6.497891E-04  3.652216E-16 -5.626413E-01  0.000000E+00
  9.846960E-01  2.650662E-03  5.000000E-01  9.946419E-01  2.716088E-03  0.000000E+00  9.959333E-04 -3.234711E-04  1.256094E-16 -5.590034E-01  0.000000E+00
  9.823490E-01  3.418251E-03  5.000000E-01  9.922712E-01  3.491429E-03  0.000000E+00  1.850063E-04 -5.919237E-05  5.770440E-17 -5.580239E-01  0.000000E+00
  9.795670E-01  4.338749E-03  5.000000E-01  9.894611E-01  4.421222E-03  0.000000E+00 -4.278118E-04  1.427257E-04  2.227322E-17 -5.582658E-01  0.000000E+00
  9.763420E-01  5.417935E-03  5.000000E-01  9.862036E-01  5.511306E-03  0.000000E+00 -8.715835E-04  2.932818E-04 -3.168954E-18 -5.597104E-01  0.000000E+00
  9.726710E-01  6.659543E-03  5.000000E-01  9.824955E-01  6.765454E-03  0.000000E+00 -1.170616E-03  3.977001E-04 -1.332462E-17 -5.622441E-01  0.000000E+00
  9.685460E-01  8.066753E-03  5.000000E-01  9.783288E-01  8.186875E-03  0.000000E+00 -1.342193E-03  4.594639E-04 -1.130418E-17 -5.654475E-01  0.000000E+00
  9.639600E-01  9.641707E-03  5.000000E-01  9.736965E-01  9.777734E-03  0.000000E+00 -1.402949E-03  4.831387E-04 -5.504655E-18 -5.688125E-01  0.000000E+00
  9.589060E-01  1.138655E-02  5.000000E-01  9.685915E-01  1.154020E-02  0.000000E+00 -1.373298E-03  4.749954E-04 -1.780605E-18 -5.718633E-01  0.000000E+00
  9.533750E-01  1.330247E-02  5.000000E-01  9.630046E-01  1.347547E-02  0.000000E+00 -1.279106E-03  4.433612E-04 -1.555905E-19 -5.742363E-01  0.000000E+00
  9.473580E-01  1.538821E-02  5.000000E-01  9.569269E-01  1.558227E-02  0.000000E+00 -1.150204E-03  3.983867E-04  9.230139E-19 -5.757463E-01  0.000000E+00
  9.408450E-01  1.764045E-02  5.000000E-01  9.503481E-01  1.785726E-02  0.000000E+00 -1.016805E-03  3.507704E-04  1.701465E-18 -5.764229E-01  0.000000E+00
  9.338260E-01  2.005389E-02  5.000000E-01  9.432582E-01  2.029507E-02  0.000000E+00 -9.056078E-04  3.100078E-04  1.031211E-18 -5.764942E-01  0.000000E+00
  9.262910E-01  2.262009E-02  5.000000E-01  9.356471E-01  2.288719E-02  0.000000E+00 -8.371934E-04  2.831281E-04  4.148389E-20 -5.763131E-01  0.000000E+00
  9.182290E-01  2.532622E-02  5.000000E-01  9.275037E-01  2.562065E-02  0.000000E+00 -8.254694E-04  2.742142E-04 -1.033467E-19 -5.762501E-01  0.000000E+00
  9.096280E-01  2.815458E-02  5.000000E-01  9.188158E-01  2.847757E-02  0.000000E+00 -8.781213E-04  2.845069E-04 -3.173386E-19 -5.766657E-01  0.000000E+00
  9.004770E-01  3.108169E-02  5.000000E-01  9.095724E-01  3.143423E-02  0.000000E+00 -9.969751E-04  3.126273E-04 -1.293613E-19 -5.778750E-01  0.000000E+00
  8.907650E-01  3.407660E-02  5.000000E-01  8.997623E-01  3.445939E-02  0.000000E+00 -1.179238E-03  3.542540E-04  1.047393E-18 -5.799632E-01  0.000000E+00
  8.804800E-01  3.709793E-02  5.000000E-01  8.893735E-01  3.751123E-02  0.000000E+00 -1.418066E-03  4.017195E-04  1.456292E-18 -5.828307E-01  0.000000E+00
  8.696090E-01  4.008990E-02  5.000000E-01  8.783927E-01  4.053342E-02  0.000000E+00 -1.699162E-03  4.455820E-04  8.841861E-19 -5.864125E-01  0.000000E+00
  8.696090E-01  4.008990E-02  5.000000E-01  8.783927E-01  4.053342E-02  0.000000E+00 -1.699162E-03  4.455820E-04  8.841861E-19 -5.864125E-01  0.000000E+00
  8.581400E-01  4.298045E-02  5.000000E-01  8.668079E-01  4.345316E-02  0.000000E+00 -2.002493E-03  4.769167E-04  1.131710E-18 -5.897192E-01  0.000000E+00
  8.460600E-01  4.568540E-02  5.000000E-01  8.546059E-01  4.618543E-02  0.000000E+00 -2.310291E-03  4.855675E-04  4.833131E-19 -5.905499E-01  0.000000E+00
  8.333640E-01  4.812489E-02  5.000000E-01  8.417817E-01  4.864955E-02  0.000000E+00 -2.567498E-03  4.509489E-04 -1.326215E-19 -5.921031E-01  0.000000E+00
  8.200460E-01  5.022331E-02  5.000000E-01  8.283292E-01  5.076917E-02  0.000000E+00 -2.540716E-03  3.448727E-04 -2.823682E-19 -6.136419E-01  0.000000E+00
  8.061050E-01  5.191326E-02  5.000000E-01  8.142474E-01  5.247618E-02  0.000000E+00 -1.648185E-03  1.621287E-04 -3.579130E-20 -6.844071E-01  0.000000E+00
  7.915460E-01  5.316897E-02  5.000000E-01  7.995413E-01  5.374458E-02  0.000000E+00  9.927226E-04 -5.252018E-05  1.254637E-18 -8.104123E-01  0.000000E+00
  7.763770E-01  5.402966E-02  5.000000E-01  7.842191E-01  5.461396E-02  0.000000E+00  5.991884E-03 -2.164871E-04  9.882287E-19 -9.517307E-01  0.000000E+00
  7.606070E-01  5.456464E-02  5.000000E-01  7.682899E-01  5.515434E-02  0.000000E+00  1.261040E-02 -2.326676E-04 -1.028948E-18 -1.050201E+00  0.000000E+00
  7.442510E-01  5.478122E-02  5.000000E-01  7.517687E-01  5.537310E-02  0.000000E+00  1.845534E-02 -4.487029E-05 -4.979497E-18 -1.081600E+00  0.000000E+00
  7.273250E-01  5.469726E-02  5.000000E-01  7.346718E-01  5.528829E-02  0.000000E+00  2.145761E-02  2.563453E-04 -1.040749E-17 -1.067282E+00  0.000000E+00
  7.098490E-01  5.436522E-02  5.000000E-01  7.170193E-01  5.495291E-02  0.000000E+00  2.167920E-02  4.877132E-04 -1.398696E-17 -1.042284E+00  0.000000E+00
  6.918480E-01  5.388120E-02  5.000000E-01  6.988365E-01  5.446399E-02  0.000000E+00  2.053773E-02  5.379940E-04 -1.418466E-17 -1.031181E+00  0.000000E+00
  6.733520E-01  5.339532E-02  5.000000E-01  6.801537E-01  5.397320E-02  0.000000E+00  1.933140E-02  3.968008E-04 -1.139636E-17 -1.044691E+00  0.000000E+00
  6.543930E-01  5.310714E-02  5.000000E-01  6.610032E-01  5.368212E-02  0.000000E+00  1.875514E-02  1.296035E-04 -7.840405E-18 -1.079346E+00  0.000000E+00
  6.350090E-01  5.313632E-02  5.000000E-01  6.414235E-01  5.371160E-02  0.000000E+00  1.903502E-02 -1.466147E-04 -5.409211E-18 -1.119787E+00  0.000000E+00
  6.152440E-01  5.341557E-02  5.000000E-01  6.214589E-01  5.399366E-02  0.000000E+00  1.996420E-02 -3.483814E-04 -4.358473E-18 -1.151497E+00  0.000000E+00
  5.951420E-01  5.383481E-02  5.000000E-01  6.011539E-01  5.441714E-02  0.000000E+00  2.108810E-02 -4.391632E-04 -4.570820E-18 -1.167514E+00  0.000000E+00
  5.747530E-01  5.426359E-02  5.000000E-01  5.805590E-01  5.485025E-02  0.000000E+00  2.203891E-02 -3.834412E-04 -5.603555E-18 -1.165375E+00  0.000000E+00
  5.541290E-01  5.455711E-02  5.000000E-01  5.597267E-01  5.514673E-02  0.000000E+00  2.264755E-02 -1.696757E-04 -6.553054E-18 -1.146518E+00  0.000000E+00
  5.333260E-01  5.457768E-02  5.000000E-01  5.387136E-01  5.516751E-02  0.000000E+00  2.285279E-02  1.297848E-04 -6.615122E-18 -1.118349E+00  0.000000E+00
  5.124010E-01  5.431470E-02  5.000000E-01  5.175773E-01  5.490187E-02  0.000000E+00  2.270515E-02  4.084077E-04 -6.591334E-18 -1.090417E+00  0.000000E+00
  4.914140E-01  5.381838E-02  5.000000E-01  4.963783E-01  5.440054E-02  0.000000E+00  2.238838E-02  6.221587E-04 -6.453816E-18 -1.068135E+00  0.000000E+00
  4.704230E-01  5.314473E-02  5.000000E-01  4.751754E-01  5.372009E-02  0.000000E+00  2.208147E-02  7.691986E-04 -6.418306E-18 -1.053555E+00  0.000000E+00
  1.696960E-04 -4.808997E-04  5.000000E-01  1.730287E-04 -4.470993E-04  0.000000E+00 -6.437161E-02  9.281844E-02 -6.585964E-14  5.409684E-01  0.000000E+00
  8.054360E-04 -9.780257E-04  5.000000E-01  8.151890E-04 -9.492457E-04  0.000000E+00 -4.693435E-02  3.285831E-02 -5.056250E-14  1.106874E+00  0.000000E+00
  1.973980E-03 -1.584829E-03  5.000000E-01  1.995534E-03 -1.562178E-03  0.000000E+00 -2.105010E-02  1.047686E-02 -2.784205E-14  1.176622E+00  0.000000E+00
  3.614630E-03 -2.299297E-03  5.000000E-01  3.652753E-03 -2.283860E-03  0.000000E+00 -4.053572E-03  1.771731E-03 -9.916370E-15  1.152912E+00  0.000000E+00
  5.721210E-03 -3.129853E-03  5.000000E-01  5.780607E-03 -3.122804E-03  0.000000E+00  5.022023E-03 -1.863924E-03 -5.870899E-16  1.122556E+00  0.000000E+00
  8.297500E-03 -4.074016E-03  5.000000E-01  8.382914E-03 -4.076502E-03  0.000000E+00  9.331294E-03 -3.267526E-03  2.127871E-15  1.078215E+00  0.000000E+00
  1.136560E-02 -5.112178E-03  5.000000E-01  1.148200E-02 -5.125148E-03  0.000000E+00  1.109933E-02 -3.618368E-03  1.812188E-15  1.023783E+00  0.000000E+00
  1.493280E-02 -6.233092E-03  5.000000E-01  1.508522E-02 -6.257382E-03  0.000000E+00  1.169455E-02 -3.583722E-03  8.382615E-16  9.692728E-01  0.000000E+00
  1.899460E-02 -7.445071E-03  5.000000E-01  1.918804E-02 -7.481601E-03  0.000000E+00  1.195066E-02 -3.513669E-03  1.594422E-16  9.185844E-01  0.000000E+00
  2.354800E-02 -8.764169E-03  5.000000E-01  2.378743E-02 -8.814021E-03  0.000000E+00  1.228482E-02 -3.505600E-03 -9.327613E-17  8.687102E-01  0.000000E+00
  2.860130E-02 -1.018590E-02  5.000000E-01  2.889176E-02 -1.025011E-02  0.000000E+00  1.281569E-02 -3.544485E-03 -9.969424E-17  8.170043E-01  0.000000E+00
  3.416500E-02 -1.169919E-02  5.000000E-01  3.451165E-02 -1.177868E-02  0.000000E+00  1.352481E-02 -3.611775E-03 -4.577950E-17  7.646911E-01  0.000000E+00
  4.024810E-02 -1.329484E-02  5.000000E-01  4.065618E-02 -1.339045E-02  0.000000E+00  1.435351E-02 -3.688275E-03 -1.002407E-17  7.126815E-01  0.000000E+00
  4.686030E-02 -1.496059E-02  5.000000E-01  4.733516E-02 -1.507302E-02  0.000000E+00  1.523739E-02 -3.754160E-03  2.115128E-18  6.607595E-01  0.000000E+00
  5.401090E-02 -1.668476E-02  5.000000E-01  5.455797E-02 -1.681460E-02  0.000000E+00  1.612971E-02 -3.801046E-03  2.726644E-18  6.089940E-01  0.000000E+00
  6.170850E-02 -1.845872E-02  5.000000E-01  6.233331E-02 -1.860647E-02  0.000000E+00  1.700487E-02 -3.820617E-03  1.503166E-18  5.570125E-01  0.000000E+00
  6.996310E-02 -2.026818E-02  5.000000E-01  7.067127E-02 -2.043420E-02  0.000000E+00  1.784912E-02 -3.800379E-03  5.687820E-19  5.041118E-01  0.000000E+00
  7.878500E-02 -2.209352E-02  5.000000E-01  7.958226E-02 -2.227798E-02  0.000000E+00  1.865935E-02 -3.736724E-03 -5.525410E-19  4.504890E-01  0.000000E+00
  8.818390E-02 -2.391564E-02  5.000000E-01  8.907608E-02 -2.411851E-02  0.000000E+00  1.943701E-02 -3.629752E-03 -6.469317E-19  3.965785E-01  0.000000E+00
  9.816930E-02 -2.571202E-02  5.000000E-01  9.916232E-02 -2.593302E-02  0.000000E+00  2.017667E-02 -3.474823E-03 -2.788592E-19  3.424399E-01  0.000000E+00
  1.087500E-01 -2.745581E-02  5.000000E-01  1.098499E-01 -2.769443E-02  0.000000E+00  2.086221E-02 -3.268466E-03 -9.886378E-19  2.884943E-01  0.000000E+00
  1.199340E-01 -2.911974E-02  5.000000E-01  1.211468E-01 -2.937516E-02  0.000000E+00  2.145888E-02 -3.005678E-03 -9.019049E-19  2.354438E-01  0.000000E+00
  1.317280E-01 -3.067178E-02  5.000000E-01  1.330599E-01 -3.094287E-02  0.000000E+00  2.190617E-02 -2.677628E-03  2.473418E-19  1.841337E-01  0.000000E+00
  1.441380E-01 -3.207461E-02  5.000000E-01  1.455952E-01 -3.235987E-02  0.000000E+00  2.213308E-02 -2.284263E-03  7.094324E-19  1.363438E-01  0.000000E+00
  1.441380E-01 -3.207461E-02  5.000000E-01  1.455952E-01 -3.235987E-02  0.000000E+00  2.213308E-02 -2.284263E-03  7.094324E-19  1.363438E-01  0.000000E+00
  1.571670E-01 -3.329181E-02  5.000000E-01  1.587558E-01 -3.358936E-02  0.000000E+00  2.208855E-02 -1.839240E-03  7.912775E-19  9.464530E-02  0.000000E+00
  1.708170E-01 -3.428849E-02  5.000000E-01  1.725437E-01 -3.459610E-02  0.000000E+00  2.178204E-02 -1.372168E-03  1.436897E-18  6.176444E-02  0.000000E+00
  1.850860E-01 -3.504092E-02  5.000000E-01  1.869568E-01 -3.535614E-02  0.000000E+00  2.131713E-02 -9.358990E-04  1.678118E-18  4.004821E-02  0.000000E+00
  1.999720E-01 -3.555766E-02  5.000000E-01  2.019931E-01 -3.587809E-02  0.000000E+00  2.087399E-02 -5.986334E-04  1.678542E-18  3.023226E-02  0.000000E+00
  2.154670E-01 -3.590411E-02  5.000000E-01  2.176446E-01 -3.622805E-02  0.000000E+00  2.059535E-02 -3.867489E-04  1.029334E-18  2.795914E-02  0.000000E+00
  2.315610E-01 -3.615031E-02  5.000000E-01  2.339011E-01 -3.647673E-02  0.000000E+00  2.046878E-02 -2.384829E-04  4.991021E-19  2.317098E-02  0.000000E+00
  2.482400E-01 -3.628785E-02  5.000000E-01  2.507486E-01 -3.661566E-02  0.000000E+00  2.039987E-02 -8.769008E-05  6.633462E-19  1.039817E-02  0.000000E+00
  2.654840E-01 -3.629472E-02  5.000000E-01  2.681667E-01 -3.662260E-02  0.000000E+00  2.032160E-02  8.059160E-05  1.772984E-19 -7.209362E-03  0.000000E+00
  2.832720E-01 -3.614543E-02  5.000000E-01  2.861343E-01 -3.647180E-02  0.000000E+00  2.019660E-02  2.640400E-04 -4.486290E-20 -2.462868E-02  0.000000E+00
  3.015770E-01 -3.581866E-02  5.000000E-01  3.046242E-01 -3.614173E-02  0.000000E+00  2.000922E-02  4.532460E-04  4.399861E-19 -3.845351E-02  0.000000E+00
  3.203660E-01 -3.530110E-02  5.000000E-01  3.236030E-01 -3.561894E-02  0.000000E+00  1.975757E-02  6.378134E-04  6.676952E-19 -4.753209E-02  0.000000E+00
  3.396030E-01 -3.458749E-02  5.000000E-01  3.430342E-01 -3.489813E-02  0.000000E+00  1.944508E-02  8.111765E-04  6.441206E-19 -5.220662E-02  0.000000E+00
  3.592490E-01 -3.367586E-02  5.000000E-01  3.628786E-01 -3.397729E-02  0.000000E+00  1.907480E-02  9.713059E-04  7.198844E-19 -5.325209E-02  0.000000E+00
  3.792580E-01 -3.256505E-02  5.000000E-01  3.830897E-01 -3.285526E-02  0.000000E+00  1.864980E-02  1.116950E-03  3.243096E-19 -5.105642E-02  0.000000E+00
  3.995810E-01 -3.125689E-02  5.000000E-01  4.036179E-01 -3.153389E-02  0.000000E+00  1.817410E-02  1.245745E-03  6.302382E-19 -4.553977E-02  0.000000E+00
  4.201670E-01 -2.975741E-02  5.000000E-01  4.244118E-01 -3.001927E-02  0.000000E+00  1.765069E-02  1.356012E-03  9.908026E-19 -3.661532E-02  0.000000E+00
  4.409600E-01 -2.807465E-02  5.000000E-01  4.454148E-01 -2.831952E-02  0.000000E+00  1.708189E-02  1.447221E-03 -5.435000E-20 -2.440246E-02  0.000000E+00
  4.619030E-01 -2.621813E-02  5.000000E-01  4.665693E-01 -2.644424E-02  0.000000E+00  1.647517E-02  1.517497E-03  3.029908E-19 -8.994077E-03  0.000000E+00
  4.829360E-01 -2.420507E-02  5.000000E-01  4.878147E-01 -2.441086E-02  0.000000E+00  1.584457E-02  1.564340E-03  9.361980E-19  9.432696E-03  0.000000E+00
  5.039990E-01 -2.205918E-02  5.000000E-01  5.090904E-01 -2.224329E-02  0.000000E+00  1.520692E-02  1.586949E-03  1.492861E-19  3.034991E-02  0.000000E+00
  5.250310E-01 -1.981004E-02  5.000000E-01  5.303348E-01 -1.997145E-02  0.000000E+00  1.457896E-02  1.586695E-03 -3.956440E-19  5.294452E-02  0.000000E+00
  5.459710E-01 -1.748998E-02  5.000000E-01  5.514863E-01 -1.762795E-02  0.000000E+00  1.397567E-02  1.567106E-03 -6.689358E-19  7.628052E-02  0.000000E+00
  5.667600E-01 -1.513021E-02  5.000000E-01  5.724853E-01 -1.524435E-02  0.000000E+00  1.341257E-02  1.531040E-03 -7.723836E-19  9.970521E-02  0.000000E+00
  4.704230E-01  5.314473E-02  5.000000E-01  4.751754E-01  5.372009E-02  0.000000E+00  2.208147E-02  7.691986E-04 -6.418306E-18 -1.053555E+00  0.000000E+00
  4.494880E-01  5.235453E-02  5.000000E-01  4.540289E-01  5.292191E-02  0.000000E+00  2.188646E-02  8.567260E-04 -7.010894E-18 -1.046853E+00  0.000000E+00
  4.286690E-01  5.150848E-02  5.000000E-01  4.329997E-01  5.206731E-02  0.000000E+00  2.185643E-02  9.112725E-04 -8.252157E-18 -1.045614E+00  0.000000E+00
  4.080230E-01  5.062734E-02  5.000000E-01  4.121452E-01  5.117728E-02  0.000000E+00  2.199925E-02  9.723065E-04 -1.001170E-17 -1.045794E+00  0.000000E+00
  3.876050E-01  4.969610E-02  5.000000E-01  3.915210E-01  5.023664E-02  0.000000E+00  2.225299E-02  1.057750E-03 -1.141231E-17 -1.044773E+00  0.000000E+00
  3.674690E-01  4.870133E-02  5.000000E-01  3.711816E-01  4.923181E-02  0.000000E+00  2.252927E-02  1.164633E-03 -1.235494E-17 -1.041876E+00  0.000000E+00
  3.476650E-01  4.763289E-02  5.000000E-01  3.511776E-01  4.815259E-02  0.000000E+00  2.277233E-02  1.288627E-03 -1.265213E-17 -1.037161E+00  0.000000E+00
  3.282390E-01  4.648304E-02  5.000000E-01  3.315555E-01  4.699113E-02  0.000000E+00  2.296541E-02  1.426890E-03 -1.261301E-17 -1.030985E+00  0.000000E+00
  3.092330E-01  4.524655E-02  5.000000E-01  3.123575E-01  4.574214E-02  0.000000E+00  2.311097E-02  1.574161E-03 -1.226887E-17 -1.024000E+00  0.000000E+00
  2.906860E-01  4.392646E-02  5.000000E-01  2.936232E-01  4.440872E-02  0.000000E+00  2.321882E-02  1.725250E-03 -1.193817E-17 -1.016845E+00  0.000000E+00
  2.726330E-01  4.252847E-02  5.000000E-01  2.753879E-01  4.299662E-02  0.000000E+00  2.330156E-02  1.879333E-03 -1.235155E-17 -1.009785E+00  0.000000E+00
  2.551020E-01  4.105815E-02  5.000000E-01  2.576799E-01  4.151145E-02  0.000000E+00  2.336780E-02  2.037553E-03 -1.233050E-17 -1.002819E+00  0.000000E+00
  2.381210E-01  3.952145E-02  5.000000E-01  2.405274E-01  3.995923E-02  0.000000E+00  2.342350E-02  2.203349E-03 -1.168613E-17 -9.957945E-01  0.000000E+00
  2.217090E-01  3.792059E-02  5.000000E-01  2.239496E-01  3.834220E-02  0.000000E+00  2.346840E-02  2.377971E-03 -1.193258E-17 -9.890116E-01  0.000000E+00
  2.058840E-01  3.625807E-02  5.000000E-01  2.079648E-01  3.666289E-02  0.000000E+00  2.348269E-02  2.540227E-03 -1.296282E-17 -9.846745E-01  0.000000E+00
  1.906600E-01  3.456143E-02  5.000000E-01  1.925871E-01  3.494911E-02  0.000000E+00  2.345864E-02  2.653950E-03 -1.531916E-17 -9.861659E-01  0.000000E+00
  1.760460E-01  3.288093E-02  5.000000E-01  1.778255E-01  3.325165E-02  0.000000E+00  2.346301E-02  2.723846E-03 -2.088697E-17 -9.940002E-01  0.000000E+00
  1.620500E-01  3.124065E-02  5.000000E-01  1.636881E-01  3.159480E-02  0.000000E+00  2.358690E-02  2.791937E-03 -3.054490E-17 -1.005427E+00  0.000000E+00
  1.486750E-01  2.964272E-02  5.000000E-01  1.501781E-01  2.998073E-02  0.000000E+00  2.385106E-02  2.887806E-03 -4.587990E-17 -1.017537E+00  0.000000E+00
  1.359210E-01  2.807897E-02  5.000000E-01  1.372953E-01  2.840119E-02  0.000000E+00  2.420535E-02  3.019332E-03 -7.009196E-17 -1.028589E+00  0.000000E+00
  1.237890E-01  2.654058E-02  5.000000E-01  1.250407E-01  2.684727E-02  0.000000E+00  2.457942E-02  3.183896E-03 -1.102188E-16 -1.037941E+00  0.000000E+00
  1.122730E-01  2.501807E-02  5.000000E-01  1.134084E-01  2.530939E-02  0.000000E+00  2.492198E-02  3.376346E-03 -1.788211E-16 -1.045693E+00  0.000000E+00
  1.013710E-01  2.350580E-02  5.000000E-01  1.023964E-01  2.378184E-02  0.000000E+00  2.521034E-02  3.590197E-03 -2.948051E-16 -1.052456E+00  0.000000E+00
  9.107400E-02  2.200176E-02  5.000000E-01  9.199536E-02  2.226261E-02  0.000000E+00  2.544815E-02  3.824658E-03 -4.924033E-16 -1.058804E+00  0.000000E+00
  9.107400E-02  2.200176E-02  5.000000E-01  9.199536E-02  2.226261E-02  0.000000E+00  2.544815E-02  3.824658E-03 -4.924033E-16 -1.058804E+00  0.000000E+00
  8.137660E-02  2.050372E-02  5.000000E-01  8.220003E-02  2.074944E-02  0.000000E+00  2.564347E-02  4.078097E-03 -8.318033E-16 -1.065484E+00  0.000000E+00
  7.227050E-02  1.901412E-02  5.000000E-01  7.300197E-02  1.924479E-02  0.000000E+00  2.580067E-02  4.344582E-03 -1.420055E-15 -1.073509E+00  0.000000E+00
  6.374670E-02  1.753806E-02  5.000000E-01  6.439209E-02  1.775383E-02  0.000000E+00  2.593054E-02  4.625241E-03 -2.441291E-15 -1.083550E+00  0.000000E+00
  5.579720E-02  1.607886E-02  5.000000E-01  5.636231E-02  1.627989E-02  0.000000E+00  2.603369E-02  4.916237E-03 -4.197903E-15 -1.096513E+00  0.000000E+00
  4.841260E-02  1.464506E-02  5.000000E-01  4.890313E-02  1.483162E-02  0.000000E+00  2.610828E-02  5.212318E-03 -7.158020E-15 -1.113389E+00  0.000000E+00
  4.158390E-02  1.324448E-02  5.000000E-01  4.200547E-02  1.341689E-02  0.000000E+00  2.615945E-02  5.519938E-03 -1.194287E-14 -1.134568E+00  0.000000E+00
  3.530370E-02  1.188198E-02  5.000000E-01  3.566185E-02  1.204063E-02  0.000000E+00  2.616828E-02  5.833790E-03 -1.915785E-14 -1.160890E+00  0.000000E+00
  2.956270E-02  1.056708E-02  5.000000E-01  2.986287E-02  1.071245E-02  0.000000E+00  2.610758E-02  6.149062E-03 -2.894868E-14 -1.193019E+00  0.000000E+00
  2.435310E-02  9.306315E-03  5.000000E-01  2.460066E-02  9.438955E-03  0.000000E+00  2.593739E-02  6.477641E-03 -4.019939E-14 -1.230368E+00  0.000000E+00
  1.967110E-02  8.100184E-03  5.000000E-01  1.987137E-02  8.220644E-03  0.000000E+00  2.552327E-02  6.790147E-03 -4.981478E-14 -1.273247E+00  0.000000E+00
  1.550860E-02  6.955852E-03  5.000000E-01  1.566684E-02  7.064756E-03  0.000000E+00  2.468739E-02  7.038141E-03 -5.334595E-14 -1.321963E+00  0.000000E+00
  1.185930E-02  5.876985E-03  5.000000E-01  1.198068E-02  5.974993E-03  0.000000E+00  2.333204E-02  7.214354E-03 -4.748870E-14 -1.374666E+00  0.000000E+00
  8.724160E-03  4.859772E-03  5.000000E-01  8.813883E-03  4.947508E-03  0.000000E+00  2.158286E-02  7.346333E-03 -3.302818E-14 -1.430899E+00  0.000000E+00
  6.091130E-03  3.912413E-03  5.000000E-01  6.154263E-03  3.990581E-03  0.000000E+00  2.032762E-02  7.823267E-03 -1.634969E-14 -1.486069E+00  0.000000E+00
  3.952840E-03  3.037632E-03  5.000000E-01  3.994378E-03  3.106966E-03  0.000000E+00  2.113816E-02  9.736391E-03 -6.058660E-15 -1.523241E+00  0.000000E+00
  2.330070E-03  2.222653E-03  5.000000E-01  2.355220E-03  2.283756E-03  0.000000E+00  2.423930E-02  1.419712E-02 -5.510421E-15 -1.530926E+00  0.000000E+00
  1.198080E-03  1.485591E-03  5.000000E-01  1.211798E-03  1.539251E-03  0.000000E+00  2.759784E-02  2.139064E-02 -1.136004E-14 -1.519083E+00  0.000000E+00
  5.019560E-04  8.595102E-04  5.000000E-01  5.086442E-04  9.068472E-04  0.000000E+00  3.040762E-02  3.350114E-02 -1.971771E-14 -1.530636E+00  0.000000E+00
  1.313430E-04  3.763188E-04  5.000000E-01  1.342884E-04  4.187762E-04  0.000000E+00  3.505715E-02  7.035217E-02 -2.935962E-14 -1.565972E+00  0.000000E+00
  8.078190E-06  6.815929E-05  5.000000E-01  9.778777E-06  1.075046E-04  0.000000E+00  3.053745E-02  1.732705E-01 -4.093613E-14 -1.484718E+00  0.000000E+00
 -1.602820E-06 -3.827046E-05  5.000000E-01  0.000000E+00  0.000000E+00  0.000000E+00 -4.945933E-03  2.521412E-01 -5.222517E-14 -1.190851E+00  0.000000E+00
  9.141860E-06 -1.483200E-04  5.000000E-01  1.085319E-05 -1.111609E-04  0.000000E+00 -4.976408E-02  1.967998E-01 -6.330583E-14 -4.686918E-01  0.000000E+00
  1.696960E-04 -4.808997E-04  5.000000E-01  1.730287E-04 -4.470993E-04  0.000000E+00 -6.437161E-02  9.281844E-02 -6.585964E-14  5.409684E-01  0.000000E+00
    1    2
    2    3
    3    4
    4    5
    5    6
    6    7
    7    8
    8    9
    9   10
   10   11
   11   12
   12   13
   13   14
   14   15
   15   16
   16   17
   17   18
   18   19
   19   20
   20   21
   21   22
   22   23
   23   24
   25   26
   26   27
   27   28
   28   29
   29   30
   30   31
   31   32
   32   33
   33   34
   34   35
   35   36
   36   37
   37   38
   38   39
   39   40
   40   41
   41   42
   42   43
   43   44
   44   45
   45   46
   46   47
   47   48
   49   50
   50   51
   51   52
   52   53
   53   54
   54   55
   55   56
   56   57
   57   58
   58   59
   59   60
   60   61
   61   62
   62   63
   63   64
   64   65
   65   66
   66   67
   67   68
   68   69
   69   70
   70   71
   71   72
   73   74
   74   75
   75   76
   76   77
   77   78
   78   79
   79   80
   80   81
   81   82
   82   83
   83   84
   84   85
   85   86
   86   87
   87   88
   88   89
   89   90
   90   91
   91   92
   92   93
   93   94
   94   95
   95   96
   97   98
   98   99
   99  100
  100  101
  101  102
  102  103
  103  104
  104  105
  105  106
  106  107
  107  108
  108  109
  109  110
  110  111
  111  112
  112  113
  113  114
  114  115
  115  116
  116  117
  117  118
  118  119
  119  120
  121  122
  122  123
  123  124
  124  125
  125  126
  126  127
  127  128
  128  129
  129  130
  130  131
  131  132
  132  133
  133  134
  134  135
  135  136
  136  137
  137  138
  138  139
  139  140
  140  141
  141  142
  142  143
  143  144
  145  146
  146  147
  147  148
  148  149
  149  150
  150  151
  151  152
  152  153
  153  154
  154  155
  155  156
  156  157
  157  158
  158  159
  159  160
  160  161
  161  162
  162  163
  163  164
  164  165
  165  166
  166  167
  167  168
  169  170
  170  171
  171  172
  172  173
  173  174
  174  175
  175  176
  176  177
  177  178
  178  179
  179  180
  180  181
  181  182
  182  183
  183  184
  184  185
  185  186
  186  187
  187  188
  188  189
  189  190
  190  191
  191  192
