 Title = "ADflow Slice Data"
Variables =  "CoordinateX"  "CoordinateY"  "CoordinateZ"  "XoC"  "YoC"  "ZoC" "VelocityX" "VelocityY" "VelocityZ" "CoefPressure" "Mach" 
Zone T= "Slice_0001 None Absolute Regular z = 0.50000000"
 Nodes =          192  Elements=          184  ZONETYPE=FELINESEG
 DATAPACKING=POINT
  5.667600E-01 -1.509658E-02  5.000000E-01  5.724853E-01 -1.521026E-02  0.000000E+00  1.341179E-02  1.528238E-03  1.274880E-18  1.002603E-01  0.000000E+00
  5.873410E-01 -1.273820E-02  5.000000E-01  5.932741E-01 -1.282806E-02  0.000000E+00  1.290820E-02  1.477991E-03  1.493258E-18  1.231303E-01  0.000000E+00
  6.076580E-01 -1.041392E-02  5.000000E-01  6.137963E-01 -1.048030E-02  0.000000E+00  1.246568E-02  1.416888E-03  1.435481E-18  1.449746E-01  0.000000E+00
  6.276600E-01 -8.155981E-03  5.000000E-01  6.340003E-01 -8.199563E-03  0.000000E+00  1.208205E-02  1.349099E-03  1.752619E-19  1.652063E-01  0.000000E+00
  6.472970E-01 -5.988635E-03  5.000000E-01  6.538356E-01 -6.010329E-03  0.000000E+00  1.174791E-02  1.279555E-03  5.931317E-20  1.834676E-01  0.000000E+00
  6.665260E-01 -3.923548E-03  5.000000E-01  6.732588E-01 -3.924386E-03  0.000000E+00  1.145310E-02  1.210766E-03  1.058807E-18  1.999696E-01  0.000000E+00
  6.853050E-01 -1.970307E-03  5.000000E-01  6.922274E-01 -1.951420E-03  0.000000E+00  1.119169E-02  1.140161E-03  8.166798E-19  2.155074E-01  0.000000E+00
  7.035980E-01 -1.461269E-04  5.000000E-01  7.107052E-01 -1.088180E-04  0.000000E+00  1.095378E-02  1.065102E-03 -5.240343E-19  2.304188E-01  0.000000E+00
  7.213750E-01  1.537036E-03  5.000000E-01  7.286617E-01  1.591343E-03  0.000000E+00  1.071677E-02  9.860084E-04 -7.673902E-19  2.443637E-01  0.000000E+00
  7.386080E-01  3.074884E-03  5.000000E-01  7.460687E-01  3.144722E-03  0.000000E+00  1.045175E-02  9.050086E-04 -7.047615E-20  2.572629E-01  0.000000E+00
  7.552750E-01  4.472496E-03  5.000000E-01  7.629040E-01  4.556448E-03  0.000000E+00  1.014063E-02  8.263498E-04 -2.814425E-19  2.695446E-01  0.000000E+00
  7.713580E-01  5.742682E-03  5.000000E-01  7.791495E-01  5.839461E-03  0.000000E+00  9.796221E-03  7.518427E-04  6.736360E-20  2.817663E-01  0.000000E+00
  7.868410E-01  6.896393E-03  5.000000E-01  7.947888E-01  7.004823E-03  0.000000E+00  9.485528E-03  6.641615E-04  7.747237E-19  2.956513E-01  0.000000E+00
  8.017160E-01  7.873633E-03  5.000000E-01  8.098140E-01  7.991933E-03  0.000000E+00  9.309717E-03  5.404157E-04  1.528725E-18  3.115374E-01  0.000000E+00
  8.159740E-01  8.591003E-03  5.000000E-01  8.242160E-01  8.716547E-03  0.000000E+00  9.332444E-03  3.860567E-04  1.743737E-18  3.244570E-01  0.000000E+00
  8.296120E-01  9.030833E-03  5.000000E-01  8.379918E-01  9.160819E-03  0.000000E+00  9.557475E-03  2.187451E-04  2.097958E-18  3.295424E-01  0.000000E+00
  8.426300E-01  9.209360E-03  5.000000E-01  8.511412E-01  9.341148E-03  0.000000E+00  9.961370E-03  4.529615E-05  1.834212E-18  3.267370E-01  0.000000E+00
  8.550290E-01  9.157933E-03  5.000000E-01  8.636654E-01  9.289202E-03  0.000000E+00  1.051584E-02 -1.332946E-04  8.959891E-19  3.180266E-01  0.000000E+00
  8.668160E-01  8.914266E-03  5.000000E-01  8.755715E-01  9.043075E-03  0.000000E+00  1.119193E-02 -3.158847E-04  4.962256E-19  3.047603E-01  0.000000E+00
  8.779950E-01  8.519611E-03  5.000000E-01  8.868634E-01  8.644434E-03  0.000000E+00  1.195978E-02 -4.999182E-04  2.716128E-19  2.874985E-01  0.000000E+00
  8.885730E-01  8.013232E-03  5.000000E-01  8.975482E-01  8.132941E-03  0.000000E+00  1.279011E-02 -6.828187E-04 -2.050016E-19  2.668296E-01  0.000000E+00
  8.985610E-01  7.428493E-03  5.000000E-01  9.076371E-01  7.542297E-03  0.000000E+00  1.365032E-02 -8.578380E-04 -2.670646E-19  2.432756E-01  0.000000E+00
  9.079670E-01  6.799164E-03  5.000000E-01  9.171381E-01  6.906613E-03  0.000000E+00  1.450111E-02 -1.012607E-03  1.285438E-18  2.172990E-01  0.000000E+00
  9.168010E-01  6.157749E-03  5.000000E-01  9.260613E-01  6.258720E-03  0.000000E+00  1.530486E-02 -1.137980E-03  1.727726E-18  1.899578E-01  0.000000E+00
  9.168010E-01  6.157749E-03  5.000000E-01  9.260613E-01  6.258720E-03  0.000000E+00  1.530486E-02 -1.137980E-03  1.727726E-18  1.899578E-01  0.000000E+00
  9.250730E-01  5.529049E-03  5.000000E-01  9.344168E-01  5.623671E-03  0.000000E+00  1.603838E-02 -1.235191E-03  9.710718E-19  1.627767E-01  0.000000E+00
  9.327940E-01  4.927304E-03  5.000000E-01  9.422158E-01  5.015848E-03  0.000000E+00  1.670115E-02 -1.315943E-03  6.652432E-19  1.370689E-01  0.000000E+00
  9.399760E-01  4.355788E-03  5.000000E-01  9.494703E-01  4.438561E-03  0.000000E+00  1.730942E-02 -1.391774E-03  6.760500E-19  1.131029E-01  0.000000E+00
  9.466320E-01  3.815204E-03  5.000000E-01  9.561935E-01  3.892518E-03  0.000000E+00  1.788333E-02 -1.467217E-03  7.557852E-19  9.014068E-02  0.000000E+00
  9.527730E-01  3.306374E-03  5.000000E-01  9.623965E-01  3.378549E-03  0.000000E+00  1.844759E-02 -1.548765E-03  4.039009E-19  6.764283E-02  0.000000E+00
  9.584110E-01  2.827156E-03  5.000000E-01  9.680915E-01  2.894492E-03  0.000000E+00  1.903490E-02 -1.647066E-03  2.144504E-19  4.537713E-02  0.000000E+00
  9.635570E-01  2.374319E-03  5.000000E-01  9.732895E-01  2.437082E-03  0.000000E+00  1.967916E-02 -1.768003E-03  1.170841E-18  2.262609E-02  0.000000E+00
  9.682220E-01  1.946794E-03  5.000000E-01  9.780016E-01  2.005239E-03  0.000000E+00  2.041250E-02 -1.912208E-03  3.910954E-18 -1.698820E-03  0.000000E+00
  9.724140E-01  1.545859E-03  5.000000E-01  9.822359E-01  1.600255E-03  0.000000E+00  2.128295E-02 -2.087690E-03  3.578329E-18 -2.822830E-02  0.000000E+00
  9.761430E-01  1.171440E-03  5.000000E-01  9.860026E-01  1.222055E-03  0.000000E+00  2.237263E-02 -2.311610E-03 -1.053970E-17 -5.741485E-02  0.000000E+00
  9.794160E-01  8.242705E-04  5.000000E-01  9.893086E-01  8.713792E-04  0.000000E+00  2.378357E-02 -2.597391E-03 -4.371334E-17 -9.033998E-02  0.000000E+00
  9.822400E-01  5.074293E-04  5.000000E-01  9.921611E-01  5.513384E-04  0.000000E+00  2.556668E-02 -2.947228E-03 -6.022360E-17 -1.284572E-01  0.000000E+00
  9.846200E-01  2.260650E-04  5.000000E-01  9.945652E-01  2.671326E-04  0.000000E+00  2.759098E-02 -3.347906E-03  4.924873E-17 -1.721159E-01  0.000000E+00
  9.865620E-01 -1.453606E-05  5.000000E-01  9.965268E-01  2.410170E-05  0.000000E+00  2.941009E-02 -3.711644E-03  3.842669E-16 -2.194254E-01  0.000000E+00
  9.880680E-01 -2.086060E-04  5.000000E-01  9.980480E-01 -1.719281E-04  0.000000E+00  2.987627E-02 -3.826787E-03  6.753009E-16 -2.766357E-01  0.000000E+00
  9.891420E-01 -3.514239E-04  5.000000E-01  9.991328E-01 -3.161884E-04  0.000000E+00  2.812933E-02 -3.911260E-03 -2.906684E-16 -3.435225E-01  0.000000E+00
  9.897860E-01 -4.389487E-04  5.000000E-01  9.997833E-01 -4.045970E-04  0.000000E+00  3.788739E-02 -4.013405E-03 -4.078539E-15 -2.894223E-01  0.000000E+00
  9.900000E-01 -4.683023E-04  5.000000E-01  9.999995E-01 -4.342470E-04  0.000000E+00  2.618923E-02  5.267580E-03 -3.480646E-15 -5.820501E-01  0.000000E+00
  9.900000E-01 -1.843754E-04  5.000000E-01  9.999995E-01 -1.474528E-04  0.000000E+00  1.229841E-03 -7.885393E-03  1.212754E-15 -8.088447E-01  0.000000E+00
  9.900000E-01  9.955150E-05  5.000000E-01  9.999995E-01  1.393414E-04  0.000000E+00 -4.469079E-04 -2.274895E-02  3.198162E-15 -6.283946E-01  0.000000E+00
  9.900000E-01  3.834784E-04  5.000000E-01  9.999995E-01  4.261356E-04  0.000000E+00 -1.436086E-04 -8.863072E-03  3.957552E-15 -6.283494E-01  0.000000E+00
  9.900000E-01  6.674053E-04  5.000000E-01  9.999995E-01  7.129299E-04  0.000000E+00  4.646735E-04 -5.229980E-03  3.783833E-15 -6.882304E-01  0.000000E+00
  9.900000E-01  9.513321E-04  5.000000E-01  9.999995E-01  9.997241E-04  0.000000E+00  6.797556E-03 -6.632567E-03  3.413598E-15 -6.299790E-01  0.000000E+00
  9.900000E-01  9.513321E-04  5.000000E-01  9.999995E-01  9.997241E-04  0.000000E+00  6.797556E-03 -6.632567E-03  3.413598E-15 -6.299790E-01  0.000000E+00
  9.897890E-01  1.017904E-03  5.000000E-01  9.997864E-01  1.066968E-03  0.000000E+00  9.016077E-03 -3.469696E-03  2.848893E-15 -5.524179E-01  0.000000E+00
  9.891540E-01  1.218674E-03  5.000000E-01  9.991450E-01  1.269766E-03  0.000000E+00  4.567963E-03 -1.351336E-03  1.880165E-15 -5.710199E-01  0.000000E+00
  9.880950E-01  1.555408E-03  5.000000E-01  9.980753E-01  1.609900E-03  0.000000E+00  3.024923E-03 -9.609660E-04  1.043798E-15 -5.705796E-01  0.000000E+00
  9.866100E-01  2.031333E-03  5.000000E-01  9.965753E-01  2.090632E-03  0.000000E+00  1.983846E-03 -6.498081E-04  5.072282E-16 -5.626796E-01  0.000000E+00
  9.846960E-01  2.650662E-03  5.000000E-01  9.946419E-01  2.716216E-03  0.000000E+00  9.959579E-04 -3.234790E-04  2.183583E-16 -5.590416E-01  0.000000E+00
  9.823490E-01  3.418252E-03  5.000000E-01  9.922712E-01  3.491557E-03  0.000000E+00  1.850009E-04 -5.919047E-05  7.531666E-17 -5.580619E-01  0.000000E+00
  9.795670E-01  4.338749E-03  5.000000E-01  9.894611E-01  4.421350E-03  0.000000E+00 -4.278492E-04  1.427383E-04  8.968728E-18 -5.583038E-01  0.000000E+00
  9.763420E-01  5.417935E-03  5.000000E-01  9.862036E-01  5.511434E-03  0.000000E+00 -8.716576E-04  2.933069E-04 -1.502202E-17 -5.597484E-01  0.000000E+00
  9.726710E-01  6.659544E-03  5.000000E-01  9.824955E-01  6.765582E-03  0.000000E+00 -1.170733E-03  3.977398E-04 -1.666242E-17 -5.622824E-01  0.000000E+00
  9.685460E-01  8.066753E-03  5.000000E-01  9.783288E-01  8.187003E-03  0.000000E+00 -1.342355E-03  4.595196E-04 -1.043909E-17 -5.654862E-01  0.000000E+00
  9.639600E-01  9.641708E-03  5.000000E-01  9.736965E-01  9.777863E-03  0.000000E+00 -1.403156E-03  4.832105E-04 -4.078206E-18 -5.688519E-01  0.000000E+00
  9.589060E-01  1.138655E-02  5.000000E-01  9.685915E-01  1.154033E-02  0.000000E+00 -1.373546E-03  4.750817E-04 -5.950485E-19 -5.719037E-01  0.000000E+00
  9.533750E-01  1.330247E-02  5.000000E-01  9.630046E-01  1.347560E-02  0.000000E+00 -1.279386E-03  4.434586E-04 -5.875605E-20 -5.742777E-01  0.000000E+00
  9.473580E-01  1.538822E-02  5.000000E-01  9.569269E-01  1.558241E-02  0.000000E+00 -1.150502E-03  3.984906E-04 -4.698275E-19 -5.757887E-01  0.000000E+00
  9.408450E-01  1.764046E-02  5.000000E-01  9.503481E-01  1.785739E-02  0.000000E+00 -1.017106E-03  3.508751E-04 -1.898687E-18 -5.764660E-01  0.000000E+00
  9.338260E-01  2.005391E-02  5.000000E-01  9.432582E-01  2.029521E-02  0.000000E+00 -9.058951E-04  3.101069E-04 -1.780721E-18 -5.765378E-01  0.000000E+00
  9.262910E-01  2.262011E-02  5.000000E-01  9.356471E-01  2.288734E-02  0.000000E+00 -8.374446E-04  2.832140E-04  1.057983E-19 -5.763566E-01  0.000000E+00
  9.182290E-01  2.532626E-02  5.000000E-01  9.275037E-01  2.562081E-02  0.000000E+00 -8.256560E-04  2.742776E-04 -3.669321E-19 -5.762932E-01  0.000000E+00
  9.096280E-01  2.815463E-02  5.000000E-01  9.188158E-01  2.847775E-02  0.000000E+00 -8.782089E-04  2.845375E-04 -3.676235E-19 -5.767077E-01  0.000000E+00
  9.004770E-01  3.108176E-02  5.000000E-01  9.095724E-01  3.143443E-02  0.000000E+00 -9.969273E-04  3.126152E-04  6.000898E-20 -5.779157E-01  0.000000E+00
  8.907650E-01  3.407670E-02  5.000000E-01  8.997623E-01  3.445962E-02  0.000000E+00 -1.179024E-03  3.541949E-04 -2.374335E-18 -5.800024E-01  0.000000E+00
  8.804800E-01  3.709808E-02  5.000000E-01  8.893735E-01  3.751151E-02  0.000000E+00 -1.417676E-03  4.016187E-04 -3.134088E-18 -5.828682E-01  0.000000E+00
  8.696090E-01  4.009012E-02  5.000000E-01  8.783927E-01  4.053376E-02  0.000000E+00 -1.698625E-03  4.454523E-04 -1.557599E-18 -5.864483E-01  0.000000E+00
  8.696090E-01  4.009012E-02  5.000000E-01  8.783927E-01  4.053376E-02  0.000000E+00 -1.698625E-03  4.454523E-04 -1.557599E-18 -5.864483E-01  0.000000E+00
  8.581400E-01  4.298076E-02  5.000000E-01  8.668079E-01  4.345361E-02  0.000000E+00 -2.001859E-03  4.767746E-04 -1.291799E-18 -5.897576E-01  0.000000E+00
  8.460600E-01  4.568585E-02  5.000000E-01  8.546059E-01  4.618601E-02  0.000000E+00 -2.309613E-03  4.854479E-04 -1.117918E-18 -5.905968E-01  0.000000E+00
  8.333640E-01  4.812552E-02  5.000000E-01  8.417817E-01  4.865032E-02  0.000000E+00 -2.566996E-03  4.509250E-04 -1.695408E-18 -5.921414E-01  0.000000E+00
  8.200460E-01  5.022422E-02  5.000000E-01  8.283292E-01  5.077021E-02  0.000000E+00 -2.541234E-03  3.450333E-04 -1.667548E-18 -6.136092E-01  0.000000E+00
  8.061050E-01  5.191455E-02  5.000000E-01  8.142474E-01  5.247761E-02  0.000000E+00 -1.651599E-03  1.625008E-04 -1.169658E-19 -6.842393E-01  0.000000E+00
  7.915460E-01  5.317081E-02  5.000000E-01  7.995413E-01  5.374656E-02  0.000000E+00  9.838849E-04 -5.204667E-05  2.252214E-19 -8.101391E-01  0.000000E+00
  7.763770E-01  5.403225E-02  5.000000E-01  7.842191E-01  5.461670E-02  0.000000E+00  5.976955E-03 -2.162611E-04  5.801424E-19 -9.514888E-01  0.000000E+00
  7.606070E-01  5.456824E-02  5.000000E-01  7.682899E-01  5.515810E-02  0.000000E+00  1.259341E-02 -2.331863E-04 -8.892291E-19 -1.050120E+00  0.000000E+00
  7.442510E-01  5.478613E-02  5.000000E-01  7.517687E-01  5.537819E-02  0.000000E+00  1.844297E-02 -4.637471E-05 -6.062570E-18 -1.081704E+00  0.000000E+00
  7.273250E-01  5.470379E-02  5.000000E-01  7.346718E-01  5.529502E-02  0.000000E+00  2.145324E-02  2.541137E-04 -1.098174E-17 -1.067519E+00  0.000000E+00
  7.098490E-01  5.437369E-02  5.000000E-01  7.170193E-01  5.496159E-02  0.000000E+00  2.168104E-02  4.852147E-04 -1.363823E-17 -1.042596E+00  0.000000E+00
  6.918480E-01  5.389189E-02  5.000000E-01  6.988365E-01  5.447493E-02  0.000000E+00  2.054245E-02  5.354884E-04 -1.423790E-17 -1.031532E+00  0.000000E+00
  6.733520E-01  5.340845E-02  5.000000E-01  6.801537E-01  5.398660E-02  0.000000E+00  1.933690E-02  3.943350E-04 -1.198986E-17 -1.045055E+00  0.000000E+00
  6.543930E-01  5.312283E-02  5.000000E-01  6.610032E-01  5.369810E-02  0.000000E+00  1.876071E-02  1.271545E-04 -8.322434E-18 -1.079700E+00  0.000000E+00
  6.350090E-01  5.315455E-02  5.000000E-01  6.414235E-01  5.373013E-02  0.000000E+00  1.904062E-02 -1.490524E-04 -5.689957E-18 -1.120111E+00  0.000000E+00
  6.152440E-01  5.343619E-02  5.000000E-01  6.214589E-01  5.401462E-02  0.000000E+00  1.996988E-02 -3.507467E-04 -4.556366E-18 -1.151778E+00  0.000000E+00
  5.951420E-01  5.385757E-02  5.000000E-01  6.011539E-01  5.444025E-02  0.000000E+00  2.109383E-02 -4.413137E-04 -4.829827E-18 -1.167742E+00  0.000000E+00
  5.747530E-01  5.428811E-02  5.000000E-01  5.805590E-01  5.487515E-02  0.000000E+00  2.204466E-02 -3.851832E-04 -5.328642E-18 -1.165543E+00  0.000000E+00
  5.541290E-01  5.458292E-02  5.000000E-01  5.597267E-01  5.517293E-02  0.000000E+00  2.265334E-02 -1.708100E-04 -5.525125E-18 -1.146616E+00  0.000000E+00
  5.333260E-01  5.460420E-02  5.000000E-01  5.387136E-01  5.519442E-02  0.000000E+00  2.285851E-02  1.294339E-04 -6.206906E-18 -1.118363E+00  0.000000E+00
  5.124010E-01  5.434121E-02  5.000000E-01  5.175773E-01  5.492878E-02  0.000000E+00  2.271048E-02  4.089738E-04 -6.067129E-18 -1.090327E+00  0.000000E+00
  4.914140E-01  5.384403E-02  5.000000E-01  4.963783E-01  5.442657E-02  0.000000E+00  2.239276E-02  6.237354E-04 -5.922908E-18 -1.067919E+00  0.000000E+00
  4.704230E-01  5.316851E-02  5.000000E-01  4.751754E-01  5.374423E-02  0.000000E+00  2.208418E-02  7.718642E-04 -6.736603E-18 -1.053190E+00  0.000000E+00
  1.696960E-04 -4.810510E-04  5.000000E-01  1.730287E-04 -4.471245E-04  0.000000E+00 -6.436736E-02  9.282108E-02 -6.644552E-14  5.409209E-01  0.000000E+00
  8.054360E-04 -9.782642E-04  5.000000E-01  8.151890E-04 -9.493590E-04  0.000000E+00 -4.693246E-02  3.286329E-02 -5.160048E-14  1.106829E+00  0.000000E+00
  1.973980E-03 -1.585230E-03  5.000000E-01  1.995534E-03 -1.562455E-03  0.000000E+00 -2.105081E-02  1.048011E-02 -2.843561E-14  1.176613E+00  0.000000E+00
  3.614630E-03 -2.299931E-03  5.000000E-01  3.652753E-03 -2.284373E-03  0.000000E+00 -4.055237E-03  1.772996E-03 -9.795912E-15  1.152926E+00  0.000000E+00
  5.721210E-03 -3.130794E-03  5.000000E-01  5.780607E-03 -3.123627E-03  0.000000E+00  5.020246E-03 -1.863992E-03 -1.238451E-16  1.122581E+00  0.000000E+00
  8.297500E-03 -4.075341E-03  5.000000E-01  8.382914E-03 -4.077712E-03  0.000000E+00  9.329750E-03 -3.268375E-03  2.438074E-15  1.078245E+00  0.000000E+00
  1.136560E-02 -5.113963E-03  5.000000E-01  1.148200E-02 -5.126824E-03  0.000000E+00  1.109819E-02 -3.619661E-03  1.818354E-15  1.023812E+00  0.000000E+00
  1.493280E-02 -6.235413E-03  5.000000E-01  1.508522E-02 -6.259599E-03  0.000000E+00  1.169389E-02 -3.585268E-03  7.048846E-16  9.692966E-01  0.000000E+00
  1.899460E-02 -7.447998E-03  5.000000E-01  1.918804E-02 -7.484430E-03  0.000000E+00  1.195049E-02 -3.515387E-03  6.260018E-17  9.185978E-01  0.000000E+00
  2.354800E-02 -8.767765E-03  5.000000E-01  2.378743E-02 -8.817525E-03  0.000000E+00  1.228514E-02 -3.507475E-03 -1.179875E-16  8.687095E-01  0.000000E+00
  2.860130E-02 -1.019022E-02  5.000000E-01  2.889176E-02 -1.025435E-02  0.000000E+00  1.281655E-02 -3.546521E-03 -9.353084E-17  8.169857E-01  0.000000E+00
  3.416500E-02 -1.170427E-02  5.000000E-01  3.451165E-02 -1.178369E-02  0.000000E+00  1.352625E-02 -3.613971E-03 -3.527286E-17  7.646505E-01  0.000000E+00
  4.024810E-02 -1.330073E-02  5.000000E-01  4.065618E-02 -1.339626E-02  0.000000E+00  1.435559E-02 -3.690613E-03 -1.974129E-18  7.126151E-01  0.000000E+00
  4.686030E-02 -1.496728E-02  5.000000E-01  4.733516E-02 -1.507964E-02  0.000000E+00  1.524018E-02 -3.756605E-03  7.361222E-18  6.606634E-01  0.000000E+00
  5.401090E-02 -1.669222E-02  5.000000E-01  5.455797E-02 -1.682201E-02  0.000000E+00  1.613326E-02 -3.803546E-03  6.631282E-18  6.088646E-01  0.000000E+00
  6.170850E-02 -1.846693E-02  5.000000E-01  6.233331E-02 -1.861464E-02  0.000000E+00  1.700923E-02 -3.823108E-03  2.860043E-18  5.568465E-01  0.000000E+00
  6.996310E-02 -2.027706E-02  5.000000E-01  7.067127E-02 -2.044305E-02  0.000000E+00  1.785433E-02 -3.802778E-03  7.577716E-19  5.039059E-01  0.000000E+00
  7.878500E-02 -2.210297E-02  5.000000E-01  7.958226E-02 -2.228740E-02  0.000000E+00  1.866541E-02 -3.738935E-03  1.420903E-18  4.502407E-01  0.000000E+00
  8.818390E-02 -2.392550E-02  5.000000E-01  8.907608E-02 -2.412833E-02  0.000000E+00  1.944389E-02 -3.631665E-03  1.660569E-18  3.962861E-01  0.000000E+00
  9.816930E-02 -2.572209E-02  5.000000E-01  9.916232E-02 -2.594307E-02  0.000000E+00  2.018428E-02 -3.476310E-03  1.739299E-18  3.421036E-01  0.000000E+00
  1.087500E-01 -2.746585E-02  5.000000E-01  1.098499E-01 -2.770444E-02  0.000000E+00  2.087033E-02 -3.269382E-03  1.378239E-18  2.881166E-01  0.000000E+00
  1.199340E-01 -2.912944E-02  5.000000E-01  1.211468E-01 -2.938483E-02  0.000000E+00  2.146711E-02 -3.005864E-03  4.269281E-19  2.350313E-01  0.000000E+00
  1.317280E-01 -3.068077E-02  5.000000E-01  1.330599E-01 -3.095183E-02  0.000000E+00  2.191385E-02 -2.676932E-03  7.161081E-19  1.836985E-01  0.000000E+00
  1.441380E-01 -3.208249E-02  5.000000E-01  1.455952E-01 -3.236770E-02  0.000000E+00  2.213930E-02 -2.282587E-03  6.604969E-19  1.359056E-01  0.000000E+00
  1.441380E-01 -3.208249E-02  5.000000E-01  1.455952E-01 -3.236770E-02  0.000000E+00  2.213930E-02 -2.282587E-03  6.604969E-19  1.359056E-01  0.000000E+00
  1.571670E-01 -3.329812E-02  5.000000E-01  1.587558E-01 -3.359561E-02  0.000000E+00  2.209235E-02 -1.836609E-03 -2.022977E-20  9.423270E-02  0.000000E+00
  1.708170E-01 -3.429277E-02  5.000000E-01  1.725437E-01 -3.460031E-02  0.000000E+00  2.178276E-02 -1.368786E-03  2.738255E-19  6.141350E-02  0.000000E+00
  1.850860E-01 -3.504281E-02  5.000000E-01  1.869568E-01 -3.535791E-02  0.000000E+00  2.131484E-02 -9.321624E-04  1.027074E-18  3.979544E-02  0.000000E+00
  1.999720E-01 -3.555694E-02  5.000000E-01  2.019931E-01 -3.587725E-02  0.000000E+00  2.086973E-02 -5.950750E-04  8.445393E-19  3.010314E-02  0.000000E+00
  2.154670E-01 -3.590099E-02  5.000000E-01  2.176446E-01 -3.622477E-02  0.000000E+00  2.059079E-02 -3.838439E-04  9.935803E-19  2.794844E-02  0.000000E+00
  2.315610E-01 -3.614529E-02  5.000000E-01  2.339011E-01 -3.647154E-02  0.000000E+00  2.046553E-02 -2.363907E-04  6.402119E-19  2.322827E-02  0.000000E+00
  2.482400E-01 -3.628147E-02  5.000000E-01  2.507486E-01 -3.660909E-02  0.000000E+00  2.039904E-02 -8.627798E-05 -6.467150E-19  1.045244E-02  0.000000E+00
  2.654840E-01 -3.628739E-02  5.000000E-01  2.681667E-01 -3.661507E-02  0.000000E+00  2.032364E-02  8.159634E-05 -1.343143E-18 -7.214442E-03  0.000000E+00
  2.832720E-01 -3.613735E-02  5.000000E-01  2.861343E-01 -3.646351E-02  0.000000E+00  2.020102E-02  2.650157E-04 -7.154440E-19 -2.472448E-02  0.000000E+00
  3.015770E-01 -3.580970E-02  5.000000E-01  3.046242E-01 -3.613255E-02  0.000000E+00  2.001445E-02  4.546395E-04 -2.474557E-20 -3.864361E-02  0.000000E+00
  3.203660E-01 -3.529065E-02  5.000000E-01  3.236030E-01 -3.560826E-02  0.000000E+00  1.976119E-02  6.400479E-04 -1.944300E-19 -4.778782E-02  0.000000E+00
  3.396030E-01 -3.457441E-02  5.000000E-01  3.430342E-01 -3.488479E-02  0.000000E+00  1.944470E-02  8.143724E-04 -5.031916E-19 -5.245392E-02  0.000000E+00
  3.592490E-01 -3.365891E-02  5.000000E-01  3.628786E-01 -3.396004E-02  0.000000E+00  1.906899E-02  9.751046E-04 -1.610774E-19 -5.338043E-02  0.000000E+00
  3.792580E-01 -3.254339E-02  5.000000E-01  3.830897E-01 -3.283326E-02  0.000000E+00  1.863835E-02  1.120773E-03  4.106402E-19 -5.097160E-02  0.000000E+00
  3.995810E-01 -3.123016E-02  5.000000E-01  4.036179E-01 -3.150676E-02  0.000000E+00  1.815783E-02  1.249062E-03  1.105154E-19 -4.520251E-02  0.000000E+00
  4.201670E-01 -2.972576E-02  5.000000E-01  4.244118E-01 -2.998717E-02  0.000000E+00  1.763113E-02  1.358401E-03 -5.689075E-19 -3.603841E-02  0.000000E+00
  4.409600E-01 -2.803879E-02  5.000000E-01  4.454148E-01 -2.828317E-02  0.000000E+00  1.706099E-02  1.448412E-03 -1.218826E-19 -2.363582E-02  0.000000E+00
  4.619030E-01 -2.617926E-02  5.000000E-01  4.665693E-01 -2.640486E-02  0.000000E+00  1.645476E-02  1.517471E-03  1.466834E-18 -8.114202E-03  0.000000E+00
  4.829360E-01 -2.416453E-02  5.000000E-01  4.878147E-01 -2.436978E-02  0.000000E+00  1.582614E-02  1.563284E-03  2.043390E-18  1.034442E-02  0.000000E+00
  5.039990E-01 -2.201832E-02  5.000000E-01  5.090904E-01 -2.220189E-02  0.000000E+00  1.519170E-02  1.585104E-03  1.391502E-18  3.123057E-02  0.000000E+00
  5.250310E-01 -1.977025E-02  5.000000E-01  5.303348E-01 -1.993112E-02  0.000000E+00  1.456798E-02  1.584298E-03  9.919216E-19  5.375054E-02  0.000000E+00
  5.459710E-01 -1.745262E-02  5.000000E-01  5.514863E-01 -1.759008E-02  0.000000E+00  1.396967E-02  1.564379E-03  9.712559E-19  7.697826E-02  0.000000E+00
  5.667600E-01 -1.509658E-02  5.000000E-01  5.724853E-01 -1.521026E-02  0.000000E+00  1.341179E-02  1.528238E-03  1.274880E-18  1.002603E-01  0.000000E+00
  4.704230E-01  5.316851E-02  5.000000E-01  4.751754E-01  5.374423E-02  0.000000E+00  2.208418E-02  7.718642E-04 -6.736603E-18 -1.053190E+00  0.000000E+00
  4.494880E-01  5.237531E-02  5.000000E-01  4.540289E-01  5.294303E-02  0.000000E+00  2.188673E-02  8.605322E-04 -7.461828E-18 -1.046328E+00  0.000000E+00
  4.286690E-01  5.152503E-02  5.000000E-01  4.329997E-01  5.208416E-02  0.000000E+00  2.185335E-02  9.159975E-04 -8.927239E-18 -1.044957E+00  0.000000E+00
  4.080230E-01  5.063889E-02  5.000000E-01  4.121452E-01  5.118907E-02  0.000000E+00  2.199205E-02  9.772545E-04 -1.052968E-17 -1.045085E+00  0.000000E+00
  3.876050E-01  4.970279E-02  5.000000E-01  3.915210E-01  5.024352E-02  0.000000E+00  2.224189E-02  1.061987E-03 -1.138783E-17 -1.044129E+00  0.000000E+00
  3.674690E-01  4.870415E-02  5.000000E-01  3.711816E-01  4.923480E-02  0.000000E+00  2.251580E-02  1.167237E-03 -1.195998E-17 -1.041420E+00  0.000000E+00
  3.476650E-01  4.763366E-02  5.000000E-01  3.511776E-01  4.815349E-02  0.000000E+00  2.275882E-02  1.288763E-03 -1.260987E-17 -1.037004E+00  0.000000E+00
  3.282390E-01  4.648423E-02  5.000000E-01  3.315555E-01  4.699245E-02  0.000000E+00  2.295459E-02  1.424122E-03 -1.276823E-17 -1.031189E+00  0.000000E+00
  3.092330E-01  4.525081E-02  5.000000E-01  3.123575E-01  4.574657E-02  0.000000E+00  2.310596E-02  1.569169E-03 -1.246437E-17 -1.024517E+00  0.000000E+00
  2.906860E-01  4.393526E-02  5.000000E-01  2.936232E-01  4.441774E-02  0.000000E+00  2.322172E-02  1.719581E-03 -1.215628E-17 -1.017532E+00  0.000000E+00
  2.726330E-01  4.254206E-02  5.000000E-01  2.753879E-01  4.301047E-02  0.000000E+00  2.331194E-02  1.874396E-03 -1.194209E-17 -1.010477E+00  0.000000E+00
  2.551020E-01  4.107581E-02  5.000000E-01  2.576799E-01  4.152941E-02  0.000000E+00  2.338311E-02  2.034271E-03 -1.221616E-17 -1.003375E+00  0.000000E+00
  2.381210E-01  3.954189E-02  5.000000E-01  2.405274E-01  3.998000E-02  0.000000E+00  2.344040E-02  2.202202E-03 -1.239796E-17 -9.961136E-01  0.000000E+00
  2.217090E-01  3.794219E-02  5.000000E-01  2.239496E-01  3.836414E-02  0.000000E+00  2.348390E-02  2.379104E-03 -1.163213E-17 -9.890372E-01  0.000000E+00
  2.058840E-01  3.627914E-02  5.000000E-01  2.079648E-01  3.668430E-02  0.000000E+00  2.349448E-02  2.543347E-03 -1.228848E-17 -9.844082E-01  0.000000E+00
  1.906600E-01  3.458058E-02  5.000000E-01  1.925871E-01  3.496859E-02  0.000000E+00  2.346515E-02  2.658218E-03 -1.567155E-17 -9.856752E-01  0.000000E+00
  1.760460E-01  3.289748E-02  5.000000E-01  1.778255E-01  3.326850E-02  0.000000E+00  2.346395E-02  2.728366E-03 -2.060175E-17 -9.933835E-01  0.000000E+00
  1.620500E-01  3.125441E-02  5.000000E-01  1.636881E-01  3.160883E-02  0.000000E+00  2.358344E-02  2.796239E-03 -2.947984E-17 -1.004768E+00  0.000000E+00
  1.486750E-01  2.965380E-02  5.000000E-01  1.501781E-01  2.999205E-02  0.000000E+00  2.384506E-02  2.891753E-03 -4.523809E-17 -1.016893E+00  0.000000E+00
  1.359210E-01  2.808761E-02  5.000000E-01  1.372953E-01  2.841005E-02  0.000000E+00  2.419852E-02  3.022921E-03 -7.031006E-17 -1.027990E+00  0.000000E+00
  1.237890E-01  2.654710E-02  5.000000E-01  1.250407E-01  2.685398E-02  0.000000E+00  2.457281E-02  3.187138E-03 -1.112655E-16 -1.037402E+00  0.000000E+00
  1.122730E-01  2.502277E-02  5.000000E-01  1.134084E-01  2.531426E-02  0.000000E+00  2.491598E-02  3.379230E-03 -1.791125E-16 -1.045218E+00  0.000000E+00
  1.013710E-01  2.350898E-02  5.000000E-01  1.023964E-01  2.378518E-02  0.000000E+00  2.520495E-02  3.592699E-03 -2.939967E-16 -1.052044E+00  0.000000E+00
  9.107400E-02  2.200370E-02  5.000000E-01  9.199536E-02  2.226470E-02  0.000000E+00  2.544322E-02  3.826757E-03 -4.918766E-16 -1.058451E+00  0.000000E+00
  9.107400E-02  2.200370E-02  5.000000E-01  9.199536E-02  2.226470E-02  0.000000E+00  2.544322E-02  3.826757E-03 -4.918766E-16 -1.058451E+00  0.000000E+00
  8.137660E-02  2.050466E-02  5.000000E-01  8.220003E-02  2.075052E-02  0.000000E+00  2.563885E-02  4.079783E-03 -8.328066E-16 -1.065187E+00  0.000000E+00
  7.227050E-02  1.901428E-02  5.000000E-01  7.300197E-02  1.924508E-02  0.000000E+00  2.579629E-02  4.345860E-03 -1.421433E-15 -1.073265E+00  0.000000E+00
  6.374670E-02  1.753762E-02  5.000000E-01  6.439209E-02  1.775351E-02  0.000000E+00  2.592636E-02  4.626124E-03 -2.441831E-15 -1.083355E+00  0.000000E+00
  5.579720E-02  1.607798E-02  5.000000E-01  5.636231E-02  1.627913E-02  0.000000E+00  2.602970E-02  4.916744E-03 -4.199226E-15 -1.096365E+00  0.000000E+00
  4.841260E-02  1.464388E-02  5.000000E-01  4.890313E-02  1.483055E-02  0.000000E+00  2.610446E-02  5.212464E-03 -7.164626E-15 -1.113285E+00  0.000000E+00
  4.158390E-02  1.324310E-02  5.000000E-01  4.200547E-02  1.341563E-02  0.000000E+00  2.615581E-02  5.519735E-03 -1.196091E-14 -1.134506E+00  0.000000E+00
  3.530370E-02  1.188051E-02  5.000000E-01  3.566185E-02  1.203927E-02  0.000000E+00  2.616476E-02  5.833240E-03 -1.918593E-14 -1.160868E+00  0.000000E+00
  2.956270E-02  1.056559E-02  5.000000E-01  2.986287E-02  1.071107E-02  0.000000E+00  2.610412E-02  6.148160E-03 -2.896937E-14 -1.193035E+00  0.000000E+00
  2.435310E-02  9.304876E-03  5.000000E-01  2.460066E-02  9.437629E-03  0.000000E+00  2.593389E-02  6.476365E-03 -4.019141E-14 -1.230419E+00  0.000000E+00
  1.967110E-02  8.098845E-03  5.000000E-01  1.987137E-02  8.219419E-03  0.000000E+00  2.551956E-02  6.788460E-03 -4.978963E-14 -1.273331E+00  0.000000E+00
  1.550860E-02  6.954652E-03  5.000000E-01  1.566684E-02  7.063671E-03  0.000000E+00  2.468328E-02  7.035999E-03 -5.336225E-14 -1.322076E+00  0.000000E+00
  1.185930E-02  5.875950E-03  5.000000E-01  1.198068E-02  5.974075E-03  0.000000E+00  2.332741E-02  7.211727E-03 -4.760031E-14 -1.374806E+00  0.000000E+00
  8.724160E-03  4.858915E-03  5.000000E-01  8.813883E-03  4.946770E-03  0.000000E+00  2.157788E-02  7.343284E-03 -3.317598E-14 -1.431061E+00  0.000000E+00
  6.091130E-03  3.911736E-03  5.000000E-01  6.154263E-03  3.990024E-03  0.000000E+00  2.032306E-02  7.820036E-03 -1.633042E-14 -1.486245E+00  0.000000E+00
  3.952840E-03  3.037125E-03  5.000000E-01  3.994378E-03  3.106581E-03  0.000000E+00  2.113540E-02  9.733426E-03 -5.775982E-15 -1.523426E+00  0.000000E+00
  2.330070E-03  2.222290E-03  5.000000E-01  2.355220E-03  2.283517E-03  0.000000E+00  2.423963E-02  1.419517E-02 -5.302071E-15 -1.531115E+00  0.000000E+00
  1.198080E-03  1.485339E-03  5.000000E-01  1.211798E-03  1.539124E-03  0.000000E+00  2.760151E-02  2.139082E-02 -1.166486E-14 -1.519273E+00  0.000000E+00
  5.019560E-04  8.593302E-04  5.000000E-01  5.086442E-04  9.067930E-04  0.000000E+00  3.041430E-02  3.350572E-02 -2.029274E-14 -1.530810E+00  0.000000E+00
  1.313430E-04  3.761790E-04  5.000000E-01  1.342884E-04  4.187626E-04  0.000000E+00  3.506622E-02  7.036682E-02 -2.940032E-14 -1.566092E+00  0.000000E+00
  8.078190E-06  6.803248E-05  5.000000E-01  9.778777E-06  1.075041E-04  0.000000E+00  3.054429E-02  1.732891E-01 -4.076841E-14 -1.484749E+00  0.000000E+00
 -1.602820E-06 -3.839679E-05  5.000000E-01  0.000000E+00  0.000000E+00  0.000000E+00 -4.943999E-03  2.521478E-01 -5.221571E-14 -1.190841E+00  0.000000E+00
  9.141860E-06 -1.484484E-04  5.000000E-01  1.085319E-05 -1.111630E-04  0.000000E+00 -4.976159E-02  1.967985E-01 -6.328447E-14 -4.687065E-01  0.000000E+00
  1.696960E-04 -4.810510E-04  5.000000E-01  1.730287E-04 -4.471245E-04  0.000000E+00 -6.436736E-02  9.282108E-02 -6.644552E-14  5.409209E-01  0.000000E+00
    1    2
    2    3
    3    4
    4    5
    5    6
    6    7
    7    8
    8    9
    9   10
   10   11
   11   12
   12   13
   13   14
   14   15
   15   16
   16   17
   17   18
   18   19
   19   20
   20   21
   21   22
   22   23
   23   24
   25   26
   26   27
   27   28
   28   29
   29   30
   30   31
   31   32
   32   33
   33   34
   34   35
   35   36
   36   37
   37   38
   38   39
   39   40
   40   41
   41   42
   42   43
   43   44
   44   45
   45   46
   46   47
   47   48
   49   50
   50   51
   51   52
   52   53
   53   54
   54   55
   55   56
   56   57
   57   58
   58   59
   59   60
   60   61
   61   62
   62   63
   63   64
   64   65
   65   66
   66   67
   67   68
   68   69
   69   70
   70   71
   71   72
   73   74
   74   75
   75   76
   76   77
   77   78
   78   79
   79   80
   80   81
   81   82
   82   83
   83   84
   84   85
   85   86
   86   87
   87   88
   88   89
   89   90
   90   91
   91   92
   92   93
   93   94
   94   95
   95   96
   97   98
   98   99
   99  100
  100  101
  101  102
  102  103
  103  104
  104  105
  105  106
  106  107
  107  108
  108  109
  109  110
  110  111
  111  112
  112  113
  113  114
  114  115
  115  116
  116  117
  117  118
  118  119
  119  120
  121  122
  122  123
  123  124
  124  125
  125  126
  126  127
  127  128
  128  129
  129  130
  130  131
  131  132
  132  133
  133  134
  134  135
  135  136
  136  137
  137  138
  138  139
  139  140
  140  141
  141  142
  142  143
  143  144
  145  146
  146  147
  147  148
  148  149
  149  150
  150  151
  151  152
  152  153
  153  154
  154  155
  155  156
  156  157
  157  158
  158  159
  159  160
  160  161
  161  162
  162  163
  163  164
  164  165
  165  166
  166  167
  167  168
  169  170
  170  171
  171  172
  172  173
  173  174
  174  175
  175  176
  176  177
  177  178
  178  179
  179  180
  180  181
  181  182
  182  183
  183  184
  184  185
  185  186
  186  187
  187  188
  188  189
  189  190
  190  191
  191  192
