 Title = "ADflow Slice Data"
Variables =  "CoordinateX"  "CoordinateY"  "CoordinateZ"  "XoC"  "YoC"  "ZoC" "VelocityX" "VelocityY" "VelocityZ" "CoefPressure" "Mach" 
Zone T= "Slice_0001 None Absolute Regular z = 0.50000000"
 Nodes =          192  Elements=          184  ZONETYPE=FELINESEG
 DATAPACKING=POINT
  5.667600E-01 -1.510606E-02  5.000000E-01  5.724853E-01 -1.521972E-02  0.000000E+00  1.340893E-02  1.528795E-03 -4.152427E-19  1.002510E-01  0.000000E+00
  5.873410E-01 -1.274654E-02  5.000000E-01  5.932741E-01 -1.283637E-02  0.000000E+00  1.290546E-02  1.478310E-03  2.471126E-20  1.231424E-01  0.000000E+00
  6.076580E-01 -1.042140E-02  5.000000E-01  6.137963E-01 -1.048775E-02  0.000000E+00  1.246337E-02  1.417098E-03  7.961868E-19  1.449823E-01  0.000000E+00
  6.276600E-01 -8.162777E-03  5.000000E-01  6.340003E-01 -8.206319E-03  0.000000E+00  1.208017E-02  1.349287E-03  3.825964E-19  1.652041E-01  0.000000E+00
  6.472970E-01 -5.994805E-03  5.000000E-01  6.538356E-01 -6.016453E-03  0.000000E+00  1.174627E-02  1.279769E-03 -3.148143E-19  1.834585E-01  0.000000E+00
  6.665260E-01 -3.929045E-03  5.000000E-01  6.732588E-01 -3.929831E-03  0.000000E+00  1.145147E-02  1.211023E-03  6.964356E-19  1.999591E-01  0.000000E+00
  6.853050E-01 -1.975046E-03  5.000000E-01  6.922274E-01 -1.956099E-03  0.000000E+00  1.118990E-02  1.140443E-03  9.829868E-19  2.155029E-01  0.000000E+00
  7.035980E-01 -1.500790E-04  5.000000E-01  7.107052E-01 -1.127018E-04  0.000000E+00  1.095177E-02  1.065376E-03 -1.208446E-19  2.304262E-01  0.000000E+00
  7.213750E-01  1.533844E-03  5.000000E-01  7.286617E-01  1.588227E-03  0.000000E+00  1.071456E-02  9.862514E-04 -5.820417E-19  2.443850E-01  0.000000E+00
  7.386080E-01  3.072386E-03  5.000000E-01  7.460687E-01  3.142306E-03  0.000000E+00  1.044942E-02  9.052077E-04  2.417602E-19  2.572967E-01  0.000000E+00
  7.552750E-01  4.470598E-03  5.000000E-01  7.629040E-01  4.554639E-03  0.000000E+00  1.013829E-02  8.264992E-04  4.341934E-19  2.695876E-01  0.000000E+00
  7.713580E-01  5.741278E-03  5.000000E-01  7.791495E-01  5.838152E-03  0.000000E+00  9.793974E-03  7.519427E-04  3.052834E-20  2.818146E-01  0.000000E+00
  7.868410E-01  6.895373E-03  5.000000E-01  7.947888E-01  7.003901E-03  0.000000E+00  9.483444E-03  6.642233E-04  8.547831E-19  2.957004E-01  0.000000E+00
  8.017160E-01  7.872897E-03  5.000000E-01  8.098140E-01  7.991297E-03  0.000000E+00  9.307826E-03  5.404609E-04  1.691725E-18  3.115837E-01  0.000000E+00
  8.159740E-01  8.590473E-03  5.000000E-01  8.242160E-01  8.716120E-03  0.000000E+00  9.330742E-03  3.861032E-04  8.004903E-19  3.244987E-01  0.000000E+00
  8.296120E-01  9.030452E-03  5.000000E-01  8.379918E-01  9.160543E-03  0.000000E+00  9.555943E-03  2.188001E-04 -1.737732E-18  3.295802E-01  0.000000E+00
  8.426300E-01  9.209086E-03  5.000000E-01  8.511412E-01  9.340980E-03  0.000000E+00  9.959986E-03  4.536096E-05 -1.701235E-18  3.267723E-01  0.000000E+00
  8.550290E-01  9.157737E-03  5.000000E-01  8.636654E-01  9.289113E-03  0.000000E+00  1.051458E-02 -1.332215E-04  1.977403E-19  3.180603E-01  0.000000E+00
  8.668160E-01  8.914126E-03  5.000000E-01  8.755715E-01  9.043042E-03  0.000000E+00  1.119077E-02 -3.158056E-04  2.656224E-19  3.047931E-01  0.000000E+00
  8.779950E-01  8.519511E-03  5.000000E-01  8.868634E-01  8.644442E-03  0.000000E+00  1.195871E-02 -4.998354E-04  1.559972E-19  2.875306E-01  0.000000E+00
  8.885730E-01  8.013162E-03  5.000000E-01  8.975482E-01  8.132978E-03  0.000000E+00  1.278910E-02 -6.827341E-04  9.489418E-19  2.668610E-01  0.000000E+00
  8.985610E-01  7.428444E-03  5.000000E-01  9.076371E-01  7.542355E-03  0.000000E+00  1.364936E-02 -8.577532E-04  1.506724E-18  2.433060E-01  0.000000E+00
  9.079670E-01  6.799130E-03  5.000000E-01  9.171381E-01  6.906686E-03  0.000000E+00  1.450021E-02 -1.012524E-03  1.390363E-18  2.173282E-01  0.000000E+00
  9.168010E-01  6.157725E-03  5.000000E-01  9.260613E-01  6.258804E-03  0.000000E+00  1.530402E-02 -1.137902E-03  9.587146E-19  1.899856E-01  0.000000E+00
  9.168010E-01  6.157725E-03  5.000000E-01  9.260613E-01  6.258804E-03  0.000000E+00  1.530402E-02 -1.137902E-03  9.587146E-19  1.899856E-01  0.000000E+00
  9.250730E-01  5.529033E-03  5.000000E-01  9.344168E-01  5.623763E-03  0.000000E+00  1.603761E-02 -1.235119E-03  5.432860E-19  1.628029E-01  0.000000E+00
  9.327940E-01  4.927293E-03  5.000000E-01  9.422158E-01  5.015946E-03  0.000000E+00  1.670045E-02 -1.315878E-03  4.137941E-19  1.370937E-01  0.000000E+00
  9.399760E-01  4.355781E-03  5.000000E-01  9.494703E-01  4.438662E-03  0.000000E+00  1.730879E-02 -1.391716E-03  3.998985E-19  1.131266E-01  0.000000E+00
  9.466320E-01  3.815200E-03  5.000000E-01  9.561935E-01  3.892622E-03  0.000000E+00  1.788278E-02 -1.467165E-03  3.490528E-19  9.016357E-02  0.000000E+00
  9.527730E-01  3.306371E-03  5.000000E-01  9.623965E-01  3.378654E-03  0.000000E+00  1.844710E-02 -1.548719E-03  1.207951E-20  6.766503E-02  0.000000E+00
  9.584110E-01  2.827154E-03  5.000000E-01  9.680915E-01  2.894598E-03  0.000000E+00  1.903446E-02 -1.647025E-03  6.585033E-19  4.539856E-02  0.000000E+00
  9.635570E-01  2.374318E-03  5.000000E-01  9.732895E-01  2.437189E-03  0.000000E+00  1.967877E-02 -1.767965E-03  3.882835E-18  2.264648E-02  0.000000E+00
  9.682220E-01  1.946793E-03  5.000000E-01  9.780016E-01  2.005346E-03  0.000000E+00  2.041215E-02 -1.912174E-03  1.097865E-17 -1.679764E-03  0.000000E+00
  9.724140E-01  1.545859E-03  5.000000E-01  9.822359E-01  1.600363E-03  0.000000E+00  2.128263E-02 -2.087658E-03  1.193396E-17 -2.821074E-02  0.000000E+00
  9.761430E-01  1.171440E-03  5.000000E-01  9.860026E-01  1.222163E-03  0.000000E+00  2.237234E-02 -2.311580E-03 -2.583675E-17 -5.739871E-02  0.000000E+00
  9.794160E-01  8.242704E-04  5.000000E-01  9.893086E-01  8.714875E-04  0.000000E+00  2.378329E-02 -2.597361E-03 -1.156369E-16 -9.032493E-02  0.000000E+00
  9.822400E-01  5.074293E-04  5.000000E-01  9.921611E-01  5.514467E-04  0.000000E+00  2.556640E-02 -2.947195E-03 -1.507915E-16 -1.284427E-01  0.000000E+00
  9.846200E-01  2.260650E-04  5.000000E-01  9.945652E-01  2.672409E-04  0.000000E+00  2.759066E-02 -3.347867E-03  1.609460E-16 -1.721011E-01  0.000000E+00
  9.865620E-01 -1.453606E-05  5.000000E-01  9.965268E-01  2.421004E-05  0.000000E+00  2.940966E-02 -3.711589E-03  1.049337E-15 -2.194097E-01  0.000000E+00
  9.880680E-01 -2.086060E-04  5.000000E-01  9.980480E-01 -1.718198E-04  0.000000E+00  2.987566E-02 -3.826707E-03  1.770030E-15 -2.766184E-01  0.000000E+00
  9.891420E-01 -3.514239E-04  5.000000E-01  9.991328E-01 -3.160800E-04  0.000000E+00  2.812847E-02 -3.911144E-03 -6.893486E-16 -3.435028E-01  0.000000E+00
  9.897860E-01 -4.389487E-04  5.000000E-01  9.997833E-01 -4.044887E-04  0.000000E+00  3.788620E-02 -4.013277E-03 -9.966234E-15 -2.893980E-01  0.000000E+00
  9.900000E-01 -4.683023E-04  5.000000E-01  9.999995E-01 -4.341387E-04  0.000000E+00  2.618846E-02  5.267612E-03 -8.766860E-15 -5.820220E-01  0.000000E+00
  9.900000E-01 -1.843754E-04  5.000000E-01  9.999995E-01 -1.473445E-04  0.000000E+00  1.229779E-03 -7.885257E-03  4.090519E-16 -8.088150E-01  0.000000E+00
  9.900000E-01  9.955150E-05  5.000000E-01  9.999995E-01  1.394498E-04  0.000000E+00 -4.468923E-04 -2.274870E-02  2.584320E-15 -6.283652E-01  0.000000E+00
  9.900000E-01  3.834784E-04  5.000000E-01  9.999995E-01  4.262440E-04  0.000000E+00 -1.435996E-04 -8.863014E-03  3.816026E-15 -6.283210E-01  0.000000E+00
  9.900000E-01  6.674053E-04  5.000000E-01  9.999995E-01  7.130382E-04  0.000000E+00  4.646604E-04 -5.229951E-03  3.972777E-15 -6.882013E-01  0.000000E+00
  9.900000E-01  9.513321E-04  5.000000E-01  9.999995E-01  9.998324E-04  0.000000E+00  6.797344E-03 -6.632428E-03  3.701561E-15 -6.299503E-01  0.000000E+00
  9.900000E-01  9.513321E-04  5.000000E-01  9.999995E-01  9.998324E-04  0.000000E+00  6.797344E-03 -6.632428E-03  3.701561E-15 -6.299503E-01  0.000000E+00
  9.897890E-01  1.017904E-03  5.000000E-01  9.997864E-01  1.067076E-03  0.000000E+00  9.015769E-03 -3.469586E-03  3.049532E-15 -5.523902E-01  0.000000E+00
  9.891540E-01  1.218674E-03  5.000000E-01  9.991450E-01  1.269874E-03  0.000000E+00  4.567772E-03 -1.351278E-03  1.928395E-15 -5.709925E-01  0.000000E+00
  9.880950E-01  1.555408E-03  5.000000E-01  9.980753E-01  1.610008E-03  0.000000E+00  3.024783E-03 -9.609215E-04  1.012729E-15 -5.705526E-01  0.000000E+00
  9.866100E-01  2.031333E-03  5.000000E-01  9.965753E-01  2.090740E-03  0.000000E+00  1.983744E-03 -6.497752E-04  4.744039E-16 -5.626528E-01  0.000000E+00
  9.846960E-01  2.650662E-03  5.000000E-01  9.946419E-01  2.716324E-03  0.000000E+00  9.958897E-04 -3.234569E-04  2.075155E-16 -5.590150E-01  0.000000E+00
  9.823490E-01  3.418251E-03  5.000000E-01  9.922712E-01  3.491665E-03  0.000000E+00  1.849650E-04 -5.917877E-05  7.731743E-17 -5.580356E-01  0.000000E+00
  9.795670E-01  4.338749E-03  5.000000E-01  9.894611E-01  4.421458E-03  0.000000E+00 -4.278493E-04  1.427382E-04  1.210046E-17 -5.582776E-01  0.000000E+00
  9.763420E-01  5.417935E-03  5.000000E-01  9.862036E-01  5.511542E-03  0.000000E+00 -8.716169E-04  2.932931E-04 -1.409226E-17 -5.597223E-01  0.000000E+00
  9.726710E-01  6.659543E-03  5.000000E-01  9.824955E-01  6.765690E-03  0.000000E+00 -1.170646E-03  3.977104E-04 -1.744244E-17 -5.622561E-01  0.000000E+00
  9.685460E-01  8.066753E-03  5.000000E-01  9.783288E-01  8.187111E-03  0.000000E+00 -1.342221E-03  4.594735E-04 -1.198545E-17 -5.654595E-01  0.000000E+00
  9.639600E-01  9.641707E-03  5.000000E-01  9.736965E-01  9.777970E-03  0.000000E+00 -1.402977E-03  4.831485E-04 -6.516831E-18 -5.688246E-01  0.000000E+00
  9.589060E-01  1.138655E-02  5.000000E-01  9.685915E-01  1.154044E-02  0.000000E+00 -1.373329E-03  4.750060E-04 -2.497634E-18 -5.718756E-01  0.000000E+00
  9.533750E-01  1.330247E-02  5.000000E-01  9.630046E-01  1.347570E-02  0.000000E+00 -1.279141E-03  4.433735E-04 -9.236039E-21 -5.742487E-01  0.000000E+00
  9.473580E-01  1.538821E-02  5.000000E-01  9.569269E-01  1.558251E-02  0.000000E+00 -1.150246E-03  3.984013E-04  7.127636E-19 -5.757589E-01  0.000000E+00
  9.408450E-01  1.764045E-02  5.000000E-01  9.503481E-01  1.785749E-02  0.000000E+00 -1.016854E-03  3.507876E-04  5.363613E-19 -5.764355E-01  0.000000E+00
  9.338260E-01  2.005389E-02  5.000000E-01  9.432582E-01  2.029531E-02  0.000000E+00 -9.056652E-04  3.100274E-04  2.466461E-19 -5.765071E-01  0.000000E+00
  9.262910E-01  2.262009E-02  5.000000E-01  9.356471E-01  2.288742E-02  0.000000E+00 -8.372560E-04  2.831493E-04 -3.500873E-19 -5.763260E-01  0.000000E+00
  9.182290E-01  2.532623E-02  5.000000E-01  9.275037E-01  2.562088E-02  0.000000E+00 -8.255320E-04  2.742349E-04 -1.284443E-18 -5.762630E-01  0.000000E+00
  9.096280E-01  2.815459E-02  5.000000E-01  9.188158E-01  2.847781E-02  0.000000E+00 -8.781755E-04  2.845245E-04 -1.312888E-18 -5.766786E-01  0.000000E+00
  9.004770E-01  3.108169E-02  5.000000E-01  9.095724E-01  3.143447E-02  0.000000E+00 -9.970104E-04  3.126384E-04 -9.259266E-19 -5.778878E-01  0.000000E+00
  8.907650E-01  3.407660E-02  5.000000E-01  8.997623E-01  3.445963E-02  0.000000E+00 -1.179243E-03  3.542557E-04  4.826167E-19 -5.799758E-01  0.000000E+00
  8.804800E-01  3.709793E-02  5.000000E-01  8.893735E-01  3.751147E-02  0.000000E+00 -1.418032E-03  4.017106E-04  8.728621E-19 -5.828431E-01  0.000000E+00
  8.696090E-01  4.008990E-02  5.000000E-01  8.783927E-01  4.053366E-02  0.000000E+00 -1.699088E-03  4.455633E-04  8.432513E-20 -5.864243E-01  0.000000E+00
  8.696090E-01  4.008990E-02  5.000000E-01  8.783927E-01  4.053366E-02  0.000000E+00 -1.699088E-03  4.455633E-04  8.432513E-20 -5.864243E-01  0.000000E+00
  8.581400E-01  4.298046E-02  5.000000E-01  8.668079E-01  4.345341E-02  0.000000E+00 -2.002381E-03  4.768898E-04 -4.909582E-19 -5.897307E-01  0.000000E+00
  8.460600E-01  4.568541E-02  5.000000E-01  8.546059E-01  4.618568E-02  0.000000E+00 -2.310145E-03  4.855359E-04 -2.225870E-19 -5.905622E-01  0.000000E+00
  8.333640E-01  4.812490E-02  5.000000E-01  8.417817E-01  4.864980E-02  0.000000E+00 -2.567326E-03  4.509204E-04  1.070321E-18 -5.921161E-01  0.000000E+00
  8.200460E-01  5.022333E-02  5.000000E-01  8.283292E-01  5.076942E-02  0.000000E+00 -2.540589E-03  3.448597E-04  8.263337E-19 -6.136490E-01  0.000000E+00
  8.061050E-01  5.191328E-02  5.000000E-01  8.142474E-01  5.247644E-02  0.000000E+00 -1.648318E-03  1.621432E-04  9.048732E-21 -6.843978E-01  0.000000E+00
  7.915460E-01  5.316901E-02  5.000000E-01  7.995413E-01  5.374485E-02  0.000000E+00  9.919504E-04 -5.247519E-05  5.229500E-19 -8.103837E-01  0.000000E+00
  7.763770E-01  5.402972E-02  5.000000E-01  7.842191E-01  5.461425E-02  0.000000E+00  5.990162E-03 -2.164317E-04  4.841935E-19 -9.516948E-01  0.000000E+00
  7.606070E-01  5.456473E-02  5.000000E-01  7.682899E-01  5.515466E-02  0.000000E+00  1.260789E-02 -2.326590E-04 -1.876689E-18 -1.050176E+00  0.000000E+00
  7.442510E-01  5.478138E-02  5.000000E-01  7.517687E-01  5.537350E-02  0.000000E+00  1.845272E-02 -4.499494E-05 -5.786637E-18 -1.081599E+00  0.000000E+00
  7.273250E-01  5.469759E-02  5.000000E-01  7.346718E-01  5.528886E-02  0.000000E+00  2.145551E-02  2.560139E-04 -1.102683E-17 -1.067311E+00  0.000000E+00
  7.098490E-01  5.436588E-02  5.000000E-01  7.170193E-01  5.495381E-02  0.000000E+00  2.167774E-02  4.871389E-04 -1.418957E-17 -1.042347E+00  0.000000E+00
  6.918480E-01  5.388242E-02  5.000000E-01  6.988365E-01  5.446546E-02  0.000000E+00  2.053681E-02  5.371530E-04 -1.429973E-17 -1.031288E+00  0.000000E+00
  6.733520E-01  5.339743E-02  5.000000E-01  6.801537E-01  5.397557E-02  0.000000E+00  1.933102E-02  3.956579E-04 -1.154889E-17 -1.044848E+00  0.000000E+00
  6.543930E-01  5.311056E-02  5.000000E-01  6.610032E-01  5.368581E-02  0.000000E+00  1.875554E-02  1.281339E-04 -7.011811E-18 -1.079550E+00  0.000000E+00
  6.350090E-01  5.314145E-02  5.000000E-01  6.414235E-01  5.371701E-02  0.000000E+00  1.903657E-02 -1.483642E-04 -4.166695E-18 -1.120020E+00  0.000000E+00
  6.152440E-01  5.342257E-02  5.000000E-01  6.214589E-01  5.400097E-02  0.000000E+00  1.996705E-02 -3.502585E-04 -3.495822E-18 -1.151728E+00  0.000000E+00
  5.951420E-01  5.384359E-02  5.000000E-01  6.011539E-01  5.442624E-02  0.000000E+00  2.109195E-02 -4.408999E-04 -4.450790E-18 -1.167709E+00  0.000000E+00
  5.747530E-01  5.427379E-02  5.000000E-01  5.805590E-01  5.486078E-02  0.000000E+00  2.204321E-02 -3.846686E-04 -5.630311E-18 -1.165503E+00  0.000000E+00
  5.541290E-01  5.456806E-02  5.000000E-01  5.597267E-01  5.515803E-02  0.000000E+00  2.265170E-02 -1.700326E-04 -6.519341E-18 -1.146550E+00  0.000000E+00
  5.333260E-01  5.458848E-02  5.000000E-01  5.387136E-01  5.517865E-02  0.000000E+00  2.285610E-02  1.304002E-04 -6.934978E-18 -1.118276E+00  0.000000E+00
  5.124010E-01  5.432454E-02  5.000000E-01  5.175773E-01  5.491204E-02  0.000000E+00  2.270694E-02  4.097611E-04 -6.463010E-18 -1.090254E+00  0.000000E+00
  4.914140E-01  5.382672E-02  5.000000E-01  4.963783E-01  5.440920E-02  0.000000E+00  2.238832E-02  6.238990E-04 -6.109695E-18 -1.067913E+00  0.000000E+00
  4.704230E-01  5.315128E-02  5.000000E-01  4.751754E-01  5.372694E-02  0.000000E+00  2.207963E-02  7.710074E-04 -6.732480E-18 -1.053307E+00  0.000000E+00
  1.696960E-04 -4.811797E-04  5.000000E-01  1.730287E-04 -4.471461E-04  0.000000E+00 -6.436746E-02  9.282741E-02 -6.650524E-14  5.407522E-01  0.000000E+00
  8.054360E-04 -9.784677E-04  5.000000E-01  8.151890E-04 -9.494562E-04  0.000000E+00 -4.693617E-02  3.287108E-02 -5.111289E-14  1.106730E+00  0.000000E+00
  1.973980E-03 -1.585575E-03  5.000000E-01  1.995534E-03 -1.562695E-03  0.000000E+00 -2.105633E-02  1.048533E-02 -2.807027E-14  1.176596E+00  0.000000E+00
  3.614630E-03 -2.300482E-03  5.000000E-01  3.652753E-03 -2.284821E-03  0.000000E+00 -4.060699E-03  1.775776E-03 -9.866569E-15  1.152958E+00  0.000000E+00
  5.721210E-03 -3.131621E-03  5.000000E-01  5.780607E-03 -3.124354E-03  0.000000E+00  5.015439E-03 -1.862841E-03 -4.152672E-16  1.122641E+00  0.000000E+00
  8.297500E-03 -4.076519E-03  5.000000E-01  8.382914E-03 -4.078795E-03  0.000000E+00  9.325577E-03 -3.268203E-03  2.232166E-15  1.078326E+00  0.000000E+00
  1.136560E-02 -5.115577E-03  5.000000E-01  1.148200E-02 -5.128346E-03  0.000000E+00  1.109454E-02 -3.620064E-03  1.776952E-15  1.023909E+00  0.000000E+00
  1.493280E-02 -6.237549E-03  5.000000E-01  1.508522E-02 -6.261648E-03  0.000000E+00  1.169063E-02 -3.585999E-03  7.452753E-16  9.694016E-01  0.000000E+00
  1.899460E-02 -7.450745E-03  5.000000E-01  1.918804E-02 -7.487096E-03  0.000000E+00  1.194748E-02 -3.516319E-03  1.111711E-16  9.187063E-01  0.000000E+00
  2.354800E-02 -8.771214E-03  5.000000E-01  2.378743E-02 -8.820900E-03  0.000000E+00  1.228229E-02 -3.508573E-03 -8.387182E-17  8.688181E-01  0.000000E+00
  2.860130E-02 -1.019446E-02  5.000000E-01  2.889176E-02 -1.025852E-02  0.000000E+00  1.281385E-02 -3.547805E-03 -7.429510E-17  8.170917E-01  0.000000E+00
  3.416500E-02 -1.170940E-02  5.000000E-01  3.451165E-02 -1.178876E-02  0.000000E+00  1.352377E-02 -3.615476E-03 -3.032366E-17  7.647511E-01  0.000000E+00
  4.024810E-02 -1.330684E-02  5.000000E-01  4.065618E-02 -1.340233E-02  0.000000E+00  1.435343E-02 -3.692371E-03 -6.981978E-18  7.127067E-01  0.000000E+00
  4.686030E-02 -1.497445E-02  5.000000E-01  4.733516E-02 -1.508679E-02  0.000000E+00  1.523845E-02 -3.758634E-03 -3.748869E-19  6.607426E-01  0.000000E+00
  5.401090E-02 -1.670055E-02  5.000000E-01  5.455797E-02 -1.683032E-02  0.000000E+00  1.613206E-02 -3.805849E-03  5.707255E-19  6.089276E-01  0.000000E+00
  6.170850E-02 -1.847649E-02  5.000000E-01  6.233331E-02 -1.862419E-02  0.000000E+00  1.700865E-02 -3.825674E-03  3.094271E-19  5.568892E-01  0.000000E+00
  6.996310E-02 -2.028792E-02  5.000000E-01  7.067127E-02 -2.045391E-02  0.000000E+00  1.785444E-02 -3.805584E-03 -8.321468E-19  5.039239E-01  0.000000E+00
  7.878500E-02 -2.211519E-02  5.000000E-01  7.958226E-02 -2.229964E-02  0.000000E+00  1.866631E-02 -3.741951E-03 -1.212421E-18  4.502287E-01  0.000000E+00
  8.818390E-02 -2.393913E-02  5.000000E-01  8.907608E-02 -2.414199E-02  0.000000E+00  1.944569E-02 -3.634853E-03 -7.570989E-19  3.962381E-01  0.000000E+00
  9.816930E-02 -2.573716E-02  5.000000E-01  9.916232E-02 -2.595818E-02  0.000000E+00  2.018711E-02 -3.479621E-03 -7.292162E-19  3.420125E-01  0.000000E+00
  1.087500E-01 -2.748236E-02  5.000000E-01  1.098499E-01 -2.772100E-02  0.000000E+00  2.087438E-02 -3.272751E-03 -6.995315E-19  2.879743E-01  0.000000E+00
  1.199340E-01 -2.914736E-02  5.000000E-01  1.211468E-01 -2.940282E-02  0.000000E+00  2.147257E-02 -3.009203E-03 -6.429926E-19  2.348285E-01  0.000000E+00
  1.317280E-01 -3.070004E-02  5.000000E-01  1.330599E-01 -3.097119E-02  0.000000E+00  2.192092E-02 -2.680108E-03 -4.369754E-19  1.834256E-01  0.000000E+00
  1.441380E-01 -3.210297E-02  5.000000E-01  1.455952E-01 -3.238828E-02  0.000000E+00  2.214805E-02 -2.285414E-03 -3.876782E-19  1.355539E-01  0.000000E+00
  1.441380E-01 -3.210297E-02  5.000000E-01  1.455952E-01 -3.238828E-02  0.000000E+00  2.214805E-02 -2.285414E-03 -3.876782E-19  1.355539E-01  0.000000E+00
  1.571670E-01 -3.331960E-02  5.000000E-01  1.587558E-01 -3.361720E-02  0.000000E+00  2.210257E-02 -1.838850E-03 -5.598823E-19  9.379769E-02  0.000000E+00
  1.708170E-01 -3.431494E-02  5.000000E-01  1.725437E-01 -3.462259E-02  0.000000E+00  2.179384E-02 -1.370182E-03 -8.469867E-21  6.089876E-02  0.000000E+00
  1.850860E-01 -3.506518E-02  5.000000E-01  1.869568E-01 -3.538040E-02  0.000000E+00  2.132575E-02 -9.324824E-04  1.061991E-18  3.921830E-02  0.000000E+00
  1.999720E-01 -3.557887E-02  5.000000E-01  2.019931E-01 -3.589928E-02  0.000000E+00  2.087904E-02 -5.941631E-04  5.428879E-19  2.949802E-02  0.000000E+00
  2.154670E-01 -3.592161E-02  5.000000E-01  2.176446E-01 -3.624549E-02  0.000000E+00  2.059693E-02 -3.816523E-04 -8.352777E-19  2.736757E-02  0.000000E+00
  2.315610E-01 -3.616365E-02  5.000000E-01  2.339011E-01 -3.648996E-02  0.000000E+00  2.046692E-02 -2.330334E-04 -1.695214E-19  2.273779E-02  0.000000E+00
  2.482400E-01 -3.629666E-02  5.000000E-01  2.507486E-01 -3.662432E-02  0.000000E+00  2.039446E-02 -8.206416E-05  9.663067E-19  1.012055E-02  0.000000E+00
  2.654840E-01 -3.629873E-02  5.000000E-01  2.681667E-01 -3.662641E-02  0.000000E+00  2.031269E-02  8.615799E-05  6.953611E-19 -7.328775E-03  0.000000E+00
  2.832720E-01 -3.614456E-02  5.000000E-01  2.861343E-01 -3.647068E-02  0.000000E+00  2.018475E-02  2.692348E-04  4.676127E-19 -2.458066E-02  0.000000E+00
  3.015770E-01 -3.581309E-02  5.000000E-01  3.046242E-01 -3.613587E-02  0.000000E+00  1.999569E-02  4.577207E-04  3.697216E-19 -3.823564E-02  0.000000E+00
  3.203660E-01 -3.529136E-02  5.000000E-01  3.236030E-01 -3.560887E-02  0.000000E+00  1.974409E-02  6.412570E-04  7.448440E-20 -4.716334E-02  0.000000E+00
  3.396030E-01 -3.457447E-02  5.000000E-01  3.430342E-01 -3.488474E-02  0.000000E+00  1.943332E-02  8.134941E-04  1.620746E-19 -5.173931E-02  0.000000E+00
  3.592490E-01 -3.366055E-02  5.000000E-01  3.628786E-01 -3.396159E-02  0.000000E+00  1.906563E-02  9.727170E-04 -4.306106E-19 -5.276364E-02  0.000000E+00
  3.792580E-01 -3.254817E-02  5.000000E-01  3.830897E-01 -3.283798E-02  0.000000E+00  1.864310E-02  1.117811E-03 -2.050705E-19 -5.061220E-02  0.000000E+00
  3.995810E-01 -3.123887E-02  5.000000E-01  4.036179E-01 -3.151546E-02  0.000000E+00  1.816890E-02  1.246369E-03 -4.003388E-20 -4.516615E-02  0.000000E+00
  4.201670E-01 -2.973833E-02  5.000000E-01  4.244118E-01 -2.999976E-02  0.000000E+00  1.764539E-02  1.356634E-03 -3.820262E-19 -3.630092E-02  0.000000E+00
  4.409600E-01 -2.805420E-02  5.000000E-01  4.454148E-01 -2.829863E-02  0.000000E+00  1.707490E-02  1.447935E-03  5.507585E-19 -2.410736E-02  0.000000E+00
  4.619030E-01 -2.619580E-02  5.000000E-01  4.665693E-01 -2.642146E-02  0.000000E+00  1.646568E-02  1.518134E-03  2.616096E-19 -8.655554E-03  0.000000E+00
  4.829360E-01 -2.418072E-02  5.000000E-01  4.878147E-01 -2.438603E-02  0.000000E+00  1.583291E-02  1.564576E-03 -9.538020E-19  9.869317E-03  0.000000E+00
  5.039990E-01 -2.203316E-02  5.000000E-01  5.090904E-01 -2.221678E-02  0.000000E+00  1.519442E-02  1.586554E-03 -5.695619E-19  3.089363E-02  0.000000E+00
  5.250310E-01 -1.978321E-02  5.000000E-01  5.303348E-01 -1.994410E-02  0.000000E+00  1.456757E-02  1.585578E-03  6.223054E-20  5.355862E-02  0.000000E+00
  5.459710E-01 -1.746365E-02  5.000000E-01  5.514863E-01 -1.760112E-02  0.000000E+00  1.396743E-02  1.565301E-03 -1.876801E-19  7.690132E-02  0.000000E+00
  5.667600E-01 -1.510606E-02  5.000000E-01  5.724853E-01 -1.521972E-02  0.000000E+00  1.340893E-02  1.528795E-03 -4.152427E-19  1.002510E-01  0.000000E+00
  4.704230E-01  5.315128E-02  5.000000E-01  4.751754E-01  5.372694E-02  0.000000E+00  2.207963E-02  7.710074E-04 -6.732480E-18 -1.053307E+00  0.000000E+00
  4.494880E-01  5.235930E-02  5.000000E-01  4.540289E-01  5.292696E-02  0.000000E+00  2.188323E-02  8.583442E-04 -7.756198E-18 -1.046614E+00  0.000000E+00
  4.286690E-01  5.151170E-02  5.000000E-01  4.329997E-01  5.207080E-02  0.000000E+00  2.185242E-02  9.125359E-04 -9.238627E-18 -1.045412E+00  0.000000E+00
  4.080230E-01  5.062939E-02  5.000000E-01  4.121452E-01  5.117959E-02  0.000000E+00  2.199517E-02  9.731569E-04 -1.010396E-17 -1.045645E+00  0.000000E+00
  3.876050E-01  4.969740E-02  5.000000E-01  3.915210E-01  5.023818E-02  0.000000E+00  2.224941E-02  1.058170E-03 -1.110405E-17 -1.044686E+00  0.000000E+00
  3.674690E-01  4.870230E-02  5.000000E-01  3.711816E-01  4.923303E-02  0.000000E+00  2.252655E-02  1.164598E-03 -1.239921E-17 -1.041854E+00  0.000000E+00
  3.476650E-01  4.763399E-02  5.000000E-01  3.511776E-01  4.815394E-02  0.000000E+00  2.277068E-02  1.288116E-03 -1.216913E-17 -1.037206E+00  0.000000E+00
  3.282390E-01  4.648472E-02  5.000000E-01  3.315555E-01  4.699306E-02  0.000000E+00  2.296497E-02  1.425946E-03 -1.194434E-17 -1.031091E+00  0.000000E+00
  3.092330E-01  4.524918E-02  5.000000E-01  3.123575E-01  4.574504E-02  0.000000E+00  2.311198E-02  1.573014E-03 -1.203199E-17 -1.024143E+00  0.000000E+00
  2.906860E-01  4.393012E-02  5.000000E-01  2.936232E-01  4.441266E-02  0.000000E+00  2.322134E-02  1.724260E-03 -1.157218E-17 -1.016987E+00  0.000000E+00
  2.726330E-01  4.253297E-02  5.000000E-01  2.753879E-01  4.300140E-02  0.000000E+00  2.330522E-02  1.878799E-03 -1.180033E-17 -1.009887E+00  0.000000E+00
  2.551020E-01  4.106309E-02  5.000000E-01  2.576799E-01  4.151668E-02  0.000000E+00  2.337185E-02  2.037651E-03 -1.153735E-17 -1.002851E+00  0.000000E+00
  2.381210E-01  3.952634E-02  5.000000E-01  2.405274E-01  3.996441E-02  0.000000E+00  2.342710E-02  2.204150E-03 -1.138211E-17 -9.957354E-01  0.000000E+00
  2.217090E-01  3.792489E-02  5.000000E-01  2.239496E-01  3.834678E-02  0.000000E+00  2.347081E-02  2.379465E-03 -1.196973E-17 -9.888541E-01  0.000000E+00
  2.058840E-01  3.626126E-02  5.000000E-01  2.079648E-01  3.666635E-02  0.000000E+00  2.348332E-02  2.542253E-03 -1.235462E-17 -9.844299E-01  0.000000E+00
  1.906600E-01  3.456313E-02  5.000000E-01  1.925871E-01  3.495107E-02  0.000000E+00  2.345708E-02  2.656141E-03 -1.488397E-17 -9.858696E-01  0.000000E+00
  1.760460E-01  3.288109E-02  5.000000E-01  1.778255E-01  3.325205E-02  0.000000E+00  2.345931E-02  2.725831E-03 -2.134063E-17 -9.936965E-01  0.000000E+00
  1.620500E-01  3.123940E-02  5.000000E-01  1.636881E-01  3.159377E-02  0.000000E+00  2.358166E-02  2.793549E-03 -3.112384E-17 -1.005150E+00  0.000000E+00
  1.486750E-01  2.964028E-02  5.000000E-01  1.501781E-01  2.997851E-02  0.000000E+00  2.384514E-02  2.889026E-03 -4.567730E-17 -1.017306E+00  0.000000E+00
  1.359210E-01  2.807559E-02  5.000000E-01  1.372953E-01  2.839802E-02  0.000000E+00  2.419946E-02  3.020192E-03 -7.027910E-17 -1.028411E+00  0.000000E+00
  1.237890E-01  2.653651E-02  5.000000E-01  1.250407E-01  2.684339E-02  0.000000E+00  2.457394E-02  3.184429E-03 -1.116029E-16 -1.037816E+00  0.000000E+00
  1.122730E-01  2.501350E-02  5.000000E-01  1.134084E-01  2.530500E-02  0.000000E+00  2.491698E-02  3.376570E-03 -1.809714E-16 -1.045619E+00  0.000000E+00
  1.013710E-01  2.350091E-02  5.000000E-01  1.023964E-01  2.377713E-02  0.000000E+00  2.520572E-02  3.590120E-03 -2.983498E-16 -1.052428E+00  0.000000E+00
  9.107400E-02  2.199669E-02  5.000000E-01  9.199536E-02  2.225773E-02  0.000000E+00  2.544376E-02  3.824283E-03 -4.984158E-16 -1.058817E+00  0.000000E+00
  9.107400E-02  2.199669E-02  5.000000E-01  9.199536E-02  2.225773E-02  0.000000E+00  2.544376E-02  3.824283E-03 -4.984158E-16 -1.058817E+00  0.000000E+00
  8.137660E-02  2.049860E-02  5.000000E-01  8.220003E-02  2.074450E-02  0.000000E+00  2.563917E-02  4.077427E-03 -8.406716E-16 -1.065535E+00  0.000000E+00
  7.227050E-02  1.900904E-02  5.000000E-01  7.300197E-02  1.923990E-02  0.000000E+00  2.579635E-02  4.343616E-03 -1.433023E-15 -1.073596E+00  0.000000E+00
  6.374670E-02  1.753310E-02  5.000000E-01  6.439209E-02  1.774905E-02  0.000000E+00  2.592612E-02  4.623974E-03 -2.464067E-15 -1.083670E+00  0.000000E+00
  5.579720E-02  1.607408E-02  5.000000E-01  5.636231E-02  1.627530E-02  0.000000E+00  2.602910E-02  4.914660E-03 -4.241083E-15 -1.096666E+00  0.000000E+00
  4.841260E-02  1.464052E-02  5.000000E-01  4.890313E-02  1.482726E-02  0.000000E+00  2.610345E-02  5.210410E-03 -7.233240E-15 -1.113575E+00  0.000000E+00
  4.158390E-02  1.324021E-02  5.000000E-01  4.200547E-02  1.341282E-02  0.000000E+00  2.615431E-02  5.517666E-03 -1.205731E-14 -1.134788E+00  0.000000E+00
  3.530370E-02  1.187802E-02  5.000000E-01  3.566185E-02  1.203687E-02  0.000000E+00  2.616271E-02  5.831106E-03 -1.930934E-14 -1.161144E+00  0.000000E+00
  2.956270E-02  1.056347E-02  5.000000E-01  2.986287E-02  1.070904E-02  0.000000E+00  2.610141E-02  6.145896E-03 -2.913513E-14 -1.193309E+00  0.000000E+00
  2.435310E-02  9.303076E-03  5.000000E-01  2.460066E-02  9.435919E-03  0.000000E+00  2.593037E-02  6.473886E-03 -4.043303E-14 -1.230694E+00  0.000000E+00
  1.967110E-02  8.097333E-03  5.000000E-01  1.987137E-02  8.218000E-03  0.000000E+00  2.551499E-02  6.785656E-03 -5.010969E-14 -1.273610E+00  0.000000E+00
  1.550860E-02  6.953400E-03  5.000000E-01  1.566684E-02  7.062515E-03  0.000000E+00  2.467738E-02  7.032736E-03 -5.367125E-14 -1.322361E+00  0.000000E+00
  1.185930E-02  5.874934E-03  5.000000E-01  1.198068E-02  5.973157E-03  0.000000E+00  2.332000E-02  7.207868E-03 -4.773542E-14 -1.375100E+00  0.000000E+00
  8.724160E-03  4.858112E-03  5.000000E-01  8.813883E-03  4.946067E-03  0.000000E+00  2.156922E-02  7.338807E-03 -3.306336E-14 -1.431363E+00  0.000000E+00
  6.091130E-03  3.911123E-03  5.000000E-01  6.154263E-03  3.989514E-03  0.000000E+00  2.031423E-02  7.815149E-03 -1.616836E-14 -1.486553E+00  0.000000E+00
  3.952840E-03  3.036676E-03  5.000000E-01  3.994378E-03  3.106236E-03  0.000000E+00  2.112809E-02  9.728491E-03 -5.891335E-15 -1.523737E+00  0.000000E+00
  2.330070E-03  2.221975E-03  5.000000E-01  2.355220E-03  2.283307E-03  0.000000E+00  2.423514E-02  1.419063E-02 -5.614198E-15 -1.531434E+00  0.000000E+00
  1.198080E-03  1.485122E-03  5.000000E-01  1.211798E-03  1.539013E-03  0.000000E+00  2.760017E-02  2.138735E-02 -1.166271E-14 -1.519608E+00  0.000000E+00
  5.019560E-04  8.591767E-04  5.000000E-01  5.086442E-04  9.067463E-04  0.000000E+00  3.041719E-02  3.350699E-02 -1.993753E-14 -1.531148E+00  0.000000E+00
  1.313430E-04  3.760602E-04  5.000000E-01  1.342884E-04  4.187509E-04  0.000000E+00  3.507512E-02  7.038433E-02 -2.950974E-14 -1.566362E+00  0.000000E+00
  8.078190E-06  6.792481E-05  5.000000E-01  9.778777E-06  1.075037E-04  0.000000E+00  3.055400E-02  1.733143E-01 -4.120903E-14 -1.484862E+00  0.000000E+00
 -1.602820E-06 -3.850405E-05  5.000000E-01  0.000000E+00  0.000000E+00  0.000000E+00 -4.940999E-03  2.521561E-01 -5.254740E-14 -1.190919E+00  0.000000E+00
  9.141860E-06 -1.485575E-04  5.000000E-01  1.085319E-05 -1.111649E-04  0.000000E+00 -4.976121E-02  1.967983E-01 -6.374021E-14 -4.688693E-01  0.000000E+00
  1.696960E-04 -4.811797E-04  5.000000E-01  1.730287E-04 -4.471461E-04  0.000000E+00 -6.436746E-02  9.282741E-02 -6.650524E-14  5.407522E-01  0.000000E+00
    1    2
    2    3
    3    4
    4    5
    5    6
    6    7
    7    8
    8    9
    9   10
   10   11
   11   12
   12   13
   13   14
   14   15
   15   16
   16   17
   17   18
   18   19
   19   20
   20   21
   21   22
   22   23
   23   24
   25   26
   26   27
   27   28
   28   29
   29   30
   30   31
   31   32
   32   33
   33   34
   34   35
   35   36
   36   37
   37   38
   38   39
   39   40
   40   41
   41   42
   42   43
   43   44
   44   45
   45   46
   46   47
   47   48
   49   50
   50   51
   51   52
   52   53
   53   54
   54   55
   55   56
   56   57
   57   58
   58   59
   59   60
   60   61
   61   62
   62   63
   63   64
   64   65
   65   66
   66   67
   67   68
   68   69
   69   70
   70   71
   71   72
   73   74
   74   75
   75   76
   76   77
   77   78
   78   79
   79   80
   80   81
   81   82
   82   83
   83   84
   84   85
   85   86
   86   87
   87   88
   88   89
   89   90
   90   91
   91   92
   92   93
   93   94
   94   95
   95   96
   97   98
   98   99
   99  100
  100  101
  101  102
  102  103
  103  104
  104  105
  105  106
  106  107
  107  108
  108  109
  109  110
  110  111
  111  112
  112  113
  113  114
  114  115
  115  116
  116  117
  117  118
  118  119
  119  120
  121  122
  122  123
  123  124
  124  125
  125  126
  126  127
  127  128
  128  129
  129  130
  130  131
  131  132
  132  133
  133  134
  134  135
  135  136
  136  137
  137  138
  138  139
  139  140
  140  141
  141  142
  142  143
  143  144
  145  146
  146  147
  147  148
  148  149
  149  150
  150  151
  151  152
  152  153
  153  154
  154  155
  155  156
  156  157
  157  158
  158  159
  159  160
  160  161
  161  162
  162  163
  163  164
  164  165
  165  166
  166  167
  167  168
  169  170
  170  171
  171  172
  172  173
  173  174
  174  175
  175  176
  176  177
  177  178
  178  179
  179  180
  180  181
  181  182
  182  183
  183  184
  184  185
  185  186
  186  187
  187  188
  188  189
  189  190
  190  191
  191  192
