 Title = "ADflow Slice Data"
Variables =  "CoordinateX"  "CoordinateY"  "CoordinateZ"  "XoC"  "YoC"  "ZoC" "VelocityX" "VelocityY" "VelocityZ" "CoefPressure" "Mach" 
Zone T= "Slice_0001 None Absolute Regular z = 0.50000000"
 Nodes =          192  Elements=          184  ZONETYPE=FELINESEG
 DATAPACKING=POINT
  5.667600E-01 -1.510684E-02  5.000000E-01  5.724853E-01 -1.522050E-02  0.000000E+00  1.340849E-02  1.528837E-03  2.129098E-18  1.002571E-01  0.000000E+00
  5.873410E-01 -1.274721E-02  5.000000E-01  5.932741E-01 -1.283704E-02  0.000000E+00  1.290504E-02  1.478319E-03  2.253759E-18  1.231500E-01  0.000000E+00
  6.076580E-01 -1.042200E-02  5.000000E-01  6.137963E-01 -1.048835E-02  0.000000E+00  1.246302E-02  1.417094E-03  7.386459E-19  1.449869E-01  0.000000E+00
  6.276600E-01 -8.163334E-03  5.000000E-01  6.340003E-01 -8.206872E-03  0.000000E+00  1.207991E-02  1.349282E-03 -4.515576E-19  1.652041E-01  0.000000E+00
  6.472970E-01 -5.995323E-03  5.000000E-01  6.538356E-01 -6.016967E-03  0.000000E+00  1.174609E-02  1.279774E-03 -7.045365E-19  1.834552E-01  0.000000E+00
  6.665260E-01 -3.929517E-03  5.000000E-01  6.732588E-01 -3.930299E-03  0.000000E+00  1.145134E-02  1.211042E-03 -1.470115E-18  1.999554E-01  0.000000E+00
  6.853050E-01 -1.975461E-03  5.000000E-01  6.922274E-01 -1.956508E-03  0.000000E+00  1.118978E-02  1.140469E-03 -2.157561E-18  2.155019E-01  0.000000E+00
  7.035980E-01 -1.504293E-04  5.000000E-01  7.107052E-01 -1.130459E-04  0.000000E+00  1.095162E-02  1.065403E-03 -1.856388E-18  2.304294E-01  0.000000E+00
  7.213750E-01  1.533559E-03  5.000000E-01  7.286617E-01  1.587948E-03  0.000000E+00  1.071438E-02  9.862730E-04 -1.046270E-18  2.443911E-01  0.000000E+00
  7.386080E-01  3.072161E-03  5.000000E-01  7.460687E-01  3.142089E-03  0.000000E+00  1.044920E-02  9.052222E-04 -4.733273E-19  2.573031E-01  0.000000E+00
  7.552750E-01  4.470427E-03  5.000000E-01  7.629040E-01  4.554476E-03  0.000000E+00  1.013805E-02  8.265077E-04 -7.753446E-19  2.695923E-01  0.000000E+00
  7.713580E-01  5.741152E-03  5.000000E-01  7.791495E-01  5.838033E-03  0.000000E+00  9.793740E-03  7.519478E-04 -1.403339E-18  2.818170E-01  0.000000E+00
  7.868410E-01  6.895281E-03  5.000000E-01  7.947888E-01  7.003818E-03  0.000000E+00  9.483239E-03  6.642276E-04 -1.388175E-18  2.957017E-01  0.000000E+00
  8.017160E-01  7.872830E-03  5.000000E-01  8.098140E-01  7.991239E-03  0.000000E+00  9.307656E-03  5.404661E-04 -5.075352E-19  3.115855E-01  0.000000E+00
  8.159740E-01  8.590425E-03  5.000000E-01  8.242160E-01  8.716081E-03  0.000000E+00  9.330601E-03  3.861093E-04  5.745275E-20  3.245021E-01  0.000000E+00
  8.296120E-01  9.030418E-03  5.000000E-01  8.379918E-01  9.160518E-03  0.000000E+00  9.555819E-03  2.188063E-04 -5.097194E-19  3.295848E-01  0.000000E+00
  8.426300E-01  9.209062E-03  5.000000E-01  8.511412E-01  9.340965E-03  0.000000E+00  9.959868E-03  4.536684E-05 -6.650894E-19  3.267773E-01  0.000000E+00
  8.550290E-01  9.157719E-03  5.000000E-01  8.636654E-01  9.289104E-03  0.000000E+00  1.051447E-02 -1.332156E-04 -3.556470E-19  3.180646E-01  0.000000E+00
  8.668160E-01  8.914114E-03  5.000000E-01  8.755715E-01  9.043039E-03  0.000000E+00  1.119066E-02 -3.157991E-04 -3.523166E-19  3.047962E-01  0.000000E+00
  8.779950E-01  8.519502E-03  5.000000E-01  8.868634E-01  8.644442E-03  0.000000E+00  1.195861E-02 -4.998283E-04 -1.983141E-19  2.875329E-01  0.000000E+00
  8.885730E-01  8.013155E-03  5.000000E-01  8.975482E-01  8.132982E-03  0.000000E+00  1.278902E-02 -6.827267E-04  4.474578E-19  2.668631E-01  0.000000E+00
  8.985610E-01  7.428439E-03  5.000000E-01  9.076371E-01  7.542361E-03  0.000000E+00  1.364929E-02 -8.577460E-04  1.355069E-18  2.433085E-01  0.000000E+00
  9.079670E-01  6.799127E-03  5.000000E-01  9.171381E-01  6.906693E-03  0.000000E+00  1.450014E-02 -1.012517E-03  1.559606E-18  2.173312E-01  0.000000E+00
  9.168010E-01  6.157723E-03  5.000000E-01  9.260613E-01  6.258811E-03  0.000000E+00  1.530396E-02 -1.137895E-03  1.838755E-18  1.899890E-01  0.000000E+00
  9.168010E-01  6.157723E-03  5.000000E-01  9.260613E-01  6.258811E-03  0.000000E+00  1.530396E-02 -1.137895E-03  1.838755E-18  1.899890E-01  0.000000E+00
  9.250730E-01  5.529031E-03  5.000000E-01  9.344168E-01  5.623771E-03  0.000000E+00  1.603754E-02 -1.235113E-03  2.964131E-18  1.628063E-01  0.000000E+00
  9.327940E-01  4.927292E-03  5.000000E-01  9.422158E-01  5.015954E-03  0.000000E+00  1.670039E-02 -1.315872E-03  3.163228E-18  1.370968E-01  0.000000E+00
  9.399760E-01  4.355780E-03  5.000000E-01  9.494703E-01  4.438671E-03  0.000000E+00  1.730873E-02 -1.391711E-03  2.087876E-18  1.131292E-01  0.000000E+00
  9.466320E-01  3.815199E-03  5.000000E-01  9.561935E-01  3.892631E-03  0.000000E+00  1.788272E-02 -1.467160E-03 -5.249223E-19  9.016561E-02  0.000000E+00
  9.527730E-01  3.306371E-03  5.000000E-01  9.623965E-01  3.378664E-03  0.000000E+00  1.844705E-02 -1.548714E-03 -6.399478E-18  6.766667E-02  0.000000E+00
  9.584110E-01  2.827154E-03  5.000000E-01  9.680915E-01  2.894608E-03  0.000000E+00  1.903442E-02 -1.647021E-03 -2.093535E-17  4.539999E-02  0.000000E+00
  9.635570E-01  2.374318E-03  5.000000E-01  9.732895E-01  2.437198E-03  0.000000E+00  1.967874E-02 -1.767962E-03 -5.279081E-17  2.264788E-02  0.000000E+00
  9.682220E-01  1.946793E-03  5.000000E-01  9.780016E-01  2.005356E-03  0.000000E+00  2.041212E-02 -1.912171E-03 -1.001056E-16 -1.678269E-03  0.000000E+00
  9.724140E-01  1.545859E-03  5.000000E-01  9.822359E-01  1.600373E-03  0.000000E+00  2.128261E-02 -2.087656E-03 -1.072467E-16 -2.820911E-02  0.000000E+00
  9.761430E-01  1.171440E-03  5.000000E-01  9.860026E-01  1.222173E-03  0.000000E+00  2.237232E-02 -2.311577E-03  5.224694E-17 -5.739695E-02  0.000000E+00
  9.794160E-01  8.242704E-04  5.000000E-01  9.893086E-01  8.714971E-04  0.000000E+00  2.378327E-02 -2.597358E-03  4.252117E-16 -9.032309E-02  0.000000E+00
  9.822400E-01  5.074293E-04  5.000000E-01  9.921611E-01  5.514563E-04  0.000000E+00  2.556638E-02 -2.947192E-03  6.459494E-16 -1.284408E-01  0.000000E+00
  9.846200E-01  2.260650E-04  5.000000E-01  9.945652E-01  2.672506E-04  0.000000E+00  2.759062E-02 -3.347863E-03 -1.582805E-16 -1.720993E-01  0.000000E+00
  9.865620E-01 -1.453606E-05  5.000000E-01  9.965268E-01  2.421968E-05  0.000000E+00  2.940962E-02 -3.711584E-03 -2.466251E-15 -2.194078E-01  0.000000E+00
  9.880680E-01 -2.086060E-04  5.000000E-01  9.980480E-01 -1.718101E-04  0.000000E+00  2.987560E-02 -3.826701E-03 -4.260287E-15 -2.766165E-01  0.000000E+00
  9.891420E-01 -3.514239E-04  5.000000E-01  9.991328E-01 -3.160704E-04  0.000000E+00  2.812840E-02 -3.911136E-03  9.495501E-16 -3.435008E-01  0.000000E+00
  9.897860E-01 -4.389487E-04  5.000000E-01  9.997833E-01 -4.044790E-04  0.000000E+00  3.788611E-02 -4.013267E-03  2.005752E-14 -2.893956E-01  0.000000E+00
  9.900000E-01 -4.683023E-04  5.000000E-01  9.999995E-01 -4.341291E-04  0.000000E+00  2.618841E-02  5.267606E-03  1.935942E-14 -5.820194E-01  0.000000E+00
  9.900000E-01 -1.843754E-04  5.000000E-01  9.999995E-01 -1.473348E-04  0.000000E+00  1.229774E-03 -7.885255E-03  4.275373E-15 -8.088122E-01  0.000000E+00
  9.900000E-01  9.955150E-05  5.000000E-01  9.999995E-01  1.394594E-04  0.000000E+00 -4.468914E-04 -2.274867E-02  2.992087E-15 -6.283623E-01  0.000000E+00
  9.900000E-01  3.834784E-04  5.000000E-01  9.999995E-01  4.262536E-04  0.000000E+00 -1.435988E-04 -8.862992E-03  2.479031E-15 -6.283182E-01  0.000000E+00
  9.900000E-01  6.674053E-04  5.000000E-01  9.999995E-01  7.130478E-04  0.000000E+00  4.646601E-04 -5.229939E-03  2.846061E-15 -6.881987E-01  0.000000E+00
  9.900000E-01  9.513321E-04  5.000000E-01  9.999995E-01  9.998420E-04  0.000000E+00  6.797341E-03 -6.632422E-03  3.573625E-15 -6.299476E-01  0.000000E+00
  9.900000E-01  9.513321E-04  5.000000E-01  9.999995E-01  9.998420E-04  0.000000E+00  6.797341E-03 -6.632422E-03  3.573625E-15 -6.299476E-01  0.000000E+00
  9.897890E-01  1.017904E-03  5.000000E-01  9.997864E-01  1.067086E-03  0.000000E+00  9.015767E-03 -3.469585E-03  3.360833E-15 -5.523875E-01  0.000000E+00
  9.891540E-01  1.218674E-03  5.000000E-01  9.991450E-01  1.269884E-03  0.000000E+00  4.567774E-03 -1.351278E-03  2.090965E-15 -5.709898E-01  0.000000E+00
  9.880950E-01  1.555408E-03  5.000000E-01  9.980753E-01  1.610018E-03  0.000000E+00  3.024788E-03 -9.609228E-04  9.817833E-16 -5.705499E-01  0.000000E+00
  9.866100E-01  2.031333E-03  5.000000E-01  9.965753E-01  2.090750E-03  0.000000E+00  1.983750E-03 -6.497771E-04  3.958975E-16 -5.626501E-01  0.000000E+00
  9.846960E-01  2.650662E-03  5.000000E-01  9.946419E-01  2.716334E-03  0.000000E+00  9.958962E-04 -3.234590E-04  1.644125E-16 -5.590123E-01  0.000000E+00
  9.823490E-01  3.418251E-03  5.000000E-01  9.922712E-01  3.491674E-03  0.000000E+00  1.849723E-04 -5.918115E-05  7.049942E-17 -5.580329E-01  0.000000E+00
  9.795670E-01  4.338749E-03  5.000000E-01  9.894611E-01  4.421468E-03  0.000000E+00 -4.278410E-04  1.427355E-04  1.897843E-17 -5.582748E-01  0.000000E+00
  9.763420E-01  5.417935E-03  5.000000E-01  9.862036E-01  5.511552E-03  0.000000E+00 -8.716068E-04  2.932897E-04 -8.907813E-18 -5.597195E-01  0.000000E+00
  9.726710E-01  6.659543E-03  5.000000E-01  9.824955E-01  6.765700E-03  0.000000E+00 -1.170633E-03  3.977060E-04 -1.731350E-17 -5.622533E-01  0.000000E+00
  9.685460E-01  8.066753E-03  5.000000E-01  9.783288E-01  8.187120E-03  0.000000E+00 -1.342204E-03  4.594679E-04 -1.376604E-17 -5.654567E-01  0.000000E+00
  9.639600E-01  9.641707E-03  5.000000E-01  9.736965E-01  9.777980E-03  0.000000E+00 -1.402956E-03  4.831414E-04 -7.168471E-18 -5.688217E-01  0.000000E+00
  9.589060E-01  1.138655E-02  5.000000E-01  9.685915E-01  1.154045E-02  0.000000E+00 -1.373304E-03  4.749975E-04 -2.897261E-18 -5.718726E-01  0.000000E+00
  9.533750E-01  1.330247E-02  5.000000E-01  9.630046E-01  1.347571E-02  0.000000E+00 -1.279113E-03  4.433637E-04 -2.845493E-19 -5.742456E-01  0.000000E+00
  9.473580E-01  1.538821E-02  5.000000E-01  9.569269E-01  1.558252E-02  0.000000E+00 -1.150215E-03  3.983906E-04  8.167372E-19 -5.757557E-01  0.000000E+00
  9.408450E-01  1.764045E-02  5.000000E-01  9.503481E-01  1.785750E-02  0.000000E+00 -1.016822E-03  3.507766E-04  2.840394E-19 -5.764323E-01  0.000000E+00
  9.338260E-01  2.005389E-02  5.000000E-01  9.432582E-01  2.029531E-02  0.000000E+00 -9.056332E-04  3.100164E-04 -2.895358E-19 -5.765037E-01  0.000000E+00
  9.262910E-01  2.262009E-02  5.000000E-01  9.356471E-01  2.288743E-02  0.000000E+00 -8.372255E-04  2.831388E-04 -7.361399E-19 -5.763226E-01  0.000000E+00
  9.182290E-01  2.532622E-02  5.000000E-01  9.275037E-01  2.562089E-02  0.000000E+00 -8.255051E-04  2.742258E-04 -1.710838E-18 -5.762597E-01  0.000000E+00
  9.096280E-01  2.815458E-02  5.000000E-01  9.188158E-01  2.847781E-02  0.000000E+00 -8.781545E-04  2.845174E-04 -1.719557E-18 -5.766753E-01  0.000000E+00
  9.004770E-01  3.108168E-02  5.000000E-01  9.095724E-01  3.143448E-02  0.000000E+00 -9.969983E-04  3.126343E-04 -6.429717E-19 -5.778845E-01  0.000000E+00
  8.907650E-01  3.407659E-02  5.000000E-01  8.997623E-01  3.445963E-02  0.000000E+00 -1.179243E-03  3.542552E-04 -6.801850E-19 -5.799726E-01  0.000000E+00
  8.804800E-01  3.709792E-02  5.000000E-01  8.893735E-01  3.751147E-02  0.000000E+00 -1.418046E-03  4.017134E-04 -5.927693E-19 -5.828400E-01  0.000000E+00
  8.696090E-01  4.008988E-02  5.000000E-01  8.783927E-01  4.053365E-02  0.000000E+00 -1.699113E-03  4.455683E-04  1.012133E-18 -5.864215E-01  0.000000E+00
  8.696090E-01  4.008988E-02  5.000000E-01  8.783927E-01  4.053365E-02  0.000000E+00 -1.699113E-03  4.455683E-04  1.012133E-18 -5.864215E-01  0.000000E+00
  8.581400E-01  4.298043E-02  5.000000E-01  8.668079E-01  4.345339E-02  0.000000E+00 -2.002411E-03  4.768957E-04  1.721714E-18 -5.897280E-01  0.000000E+00
  8.460600E-01  4.568537E-02  5.000000E-01  8.546059E-01  4.618565E-02  0.000000E+00 -2.310173E-03  4.855402E-04  8.622913E-20 -5.905589E-01  0.000000E+00
  8.333640E-01  4.812484E-02  5.000000E-01  8.417817E-01  4.864975E-02  0.000000E+00 -2.567338E-03  4.509179E-04 -2.344224E-18 -5.921130E-01  0.000000E+00
  8.200460E-01  5.022325E-02  5.000000E-01  8.283292E-01  5.076935E-02  0.000000E+00 -2.540526E-03  3.448438E-04 -2.927631E-18 -6.136508E-01  0.000000E+00
  8.061050E-01  5.191317E-02  5.000000E-01  8.142474E-01  5.247634E-02  0.000000E+00 -1.648036E-03  1.621120E-04 -1.200317E-19 -6.844096E-01  0.000000E+00
  7.915460E-01  5.316885E-02  5.000000E-01  7.995413E-01  5.374470E-02  0.000000E+00  9.926404E-04 -5.251206E-05  4.072205E-18 -8.104035E-01  0.000000E+00
  7.763770E-01  5.402949E-02  5.000000E-01  7.842191E-01  5.461403E-02  0.000000E+00  5.991290E-03 -2.164447E-04  4.472215E-18 -9.517118E-01  0.000000E+00
  7.606070E-01  5.456441E-02  5.000000E-01  7.682899E-01  5.515435E-02  0.000000E+00  1.260911E-02 -2.326092E-04 -3.174973E-19 -1.050180E+00  0.000000E+00
  7.442510E-01  5.478095E-02  5.000000E-01  7.517687E-01  5.537308E-02  0.000000E+00  1.845349E-02 -4.487001E-05 -5.411292E-18 -1.081589E+00  0.000000E+00
  7.273250E-01  5.469703E-02  5.000000E-01  7.346718E-01  5.528831E-02  0.000000E+00  2.145562E-02  2.561833E-04 -8.683593E-18 -1.067292E+00  0.000000E+00
  7.098490E-01  5.436518E-02  5.000000E-01  7.170193E-01  5.495311E-02  0.000000E+00  2.167739E-02  4.873090E-04 -1.001736E-17 -1.042325E+00  0.000000E+00
  6.918480E-01  5.388157E-02  5.000000E-01  6.988365E-01  5.446461E-02  0.000000E+00  2.053630E-02  5.372990E-04 -9.638330E-18 -1.031267E+00  0.000000E+00
  6.733520E-01  5.339644E-02  5.000000E-01  6.801537E-01  5.397459E-02  0.000000E+00  1.933052E-02  3.957721E-04 -8.409122E-18 -1.044831E+00  0.000000E+00
  6.543930E-01  5.310947E-02  5.000000E-01  6.610032E-01  5.368472E-02  0.000000E+00  1.875513E-02  1.282152E-04 -7.390387E-18 -1.079538E+00  0.000000E+00
  6.350090E-01  5.314029E-02  5.000000E-01  6.414235E-01  5.371585E-02  0.000000E+00  1.903627E-02 -1.483097E-04 -7.830238E-18 -1.120013E+00  0.000000E+00
  6.152440E-01  5.342137E-02  5.000000E-01  6.214589E-01  5.399977E-02  0.000000E+00  1.996686E-02 -3.502191E-04 -8.921883E-18 -1.151724E+00  0.000000E+00
  5.951420E-01  5.384236E-02  5.000000E-01  6.011539E-01  5.442501E-02  0.000000E+00  2.109184E-02 -4.408595E-04 -8.826948E-18 -1.167706E+00  0.000000E+00
  5.747530E-01  5.427252E-02  5.000000E-01  5.805590E-01  5.485951E-02  0.000000E+00  2.204312E-02 -3.846061E-04 -6.512994E-18 -1.165497E+00  0.000000E+00
  5.541290E-01  5.456672E-02  5.000000E-01  5.597267E-01  5.515668E-02  0.000000E+00  2.265158E-02 -1.699293E-04 -3.364482E-18 -1.146540E+00  0.000000E+00
  5.333260E-01  5.458702E-02  5.000000E-01  5.387136E-01  5.517719E-02  0.000000E+00  2.285587E-02  1.305348E-04 -2.383809E-18 -1.118263E+00  0.000000E+00
  5.124010E-01  5.432295E-02  5.000000E-01  5.175773E-01  5.491045E-02  0.000000E+00  2.270656E-02  4.098825E-04 -5.485435E-18 -1.090242E+00  0.000000E+00
  4.914140E-01  5.382502E-02  5.000000E-01  4.963783E-01  5.440750E-02  0.000000E+00  2.238783E-02  6.239543E-04 -9.908177E-18 -1.067907E+00  0.000000E+00
  4.704230E-01  5.314956E-02  5.000000E-01  4.751754E-01  5.372522E-02  0.000000E+00  2.207912E-02  7.709492E-04 -1.135840E-17 -1.053315E+00  0.000000E+00
  1.696960E-04 -4.811911E-04  5.000000E-01  1.730287E-04 -4.471481E-04  0.000000E+00 -6.436750E-02  9.282801E-02 -7.968111E-14  5.407363E-01  0.000000E+00
  8.054360E-04 -9.784858E-04  5.000000E-01  8.151890E-04 -9.494648E-04  0.000000E+00 -4.693653E-02  3.287179E-02 -5.456813E-14  1.106720E+00  0.000000E+00
  1.973980E-03 -1.585606E-03  5.000000E-01  1.995534E-03 -1.562716E-03  0.000000E+00 -2.105685E-02  1.048581E-02 -2.252898E-14  1.176594E+00  0.000000E+00
  3.614630E-03 -2.300531E-03  5.000000E-01  3.652753E-03 -2.284861E-03  0.000000E+00 -4.061215E-03  1.776036E-03 -1.075213E-15  1.152961E+00  0.000000E+00
  5.721210E-03 -3.131695E-03  5.000000E-01  5.780607E-03 -3.124419E-03  0.000000E+00  5.014987E-03 -1.862729E-03  6.753567E-15  1.122647E+00  0.000000E+00
  8.297500E-03 -4.076625E-03  5.000000E-01  8.382914E-03 -4.078891E-03  0.000000E+00  9.325187E-03 -3.268181E-03  5.789947E-15  1.078333E+00  0.000000E+00
  1.136560E-02 -5.115721E-03  5.000000E-01  1.148200E-02 -5.128482E-03  0.000000E+00  1.109420E-02 -3.620096E-03  2.345183E-15  1.023918E+00  0.000000E+00
  1.493280E-02 -6.237740E-03  5.000000E-01  1.508522E-02 -6.261831E-03  0.000000E+00  1.169033E-02 -3.586062E-03 -5.954594E-17  9.694115E-01  0.000000E+00
  1.899460E-02 -7.450990E-03  5.000000E-01  1.918804E-02 -7.487334E-03  0.000000E+00  1.194720E-02 -3.516401E-03 -8.614597E-16  9.187165E-01  0.000000E+00
  2.354800E-02 -8.771522E-03  5.000000E-01  2.378743E-02 -8.821202E-03  0.000000E+00  1.228203E-02 -3.508670E-03 -7.516301E-16  8.688284E-01  0.000000E+00
  2.860130E-02 -1.019484E-02  5.000000E-01  2.889176E-02 -1.025890E-02  0.000000E+00  1.281360E-02 -3.547919E-03 -3.963315E-16  8.171019E-01  0.000000E+00
  3.416500E-02 -1.170986E-02  5.000000E-01  3.451165E-02 -1.178922E-02  0.000000E+00  1.352353E-02 -3.615609E-03 -1.112146E-16  7.647608E-01  0.000000E+00
  4.024810E-02 -1.330739E-02  5.000000E-01  4.065618E-02 -1.340287E-02  0.000000E+00  1.435322E-02 -3.692527E-03  3.617541E-17  7.127157E-01  0.000000E+00
  4.686030E-02 -1.497510E-02  5.000000E-01  4.733516E-02 -1.508743E-02  0.000000E+00  1.523827E-02 -3.758814E-03  8.110280E-17  6.607505E-01  0.000000E+00
  5.401090E-02 -1.670131E-02  5.000000E-01  5.455797E-02 -1.683107E-02  0.000000E+00  1.613192E-02 -3.806053E-03  7.590332E-17  6.089341E-01  0.000000E+00
  6.170850E-02 -1.847736E-02  5.000000E-01  6.233331E-02 -1.862505E-02  0.000000E+00  1.700856E-02 -3.825902E-03  5.685119E-17  5.568941E-01  0.000000E+00
  6.996310E-02 -2.028891E-02  5.000000E-01  7.067127E-02 -2.045490E-02  0.000000E+00  1.785442E-02 -3.805836E-03  4.092037E-17  5.039266E-01  0.000000E+00
  7.878500E-02 -2.211630E-02  5.000000E-01  7.958226E-02 -2.230075E-02  0.000000E+00  1.866636E-02 -3.742224E-03  3.050000E-17  4.502287E-01  0.000000E+00
  8.818390E-02 -2.394037E-02  5.000000E-01  8.907608E-02 -2.414324E-02  0.000000E+00  1.944583E-02 -3.635146E-03  2.235603E-17  3.962350E-01  0.000000E+00
  9.816930E-02 -2.573853E-02  5.000000E-01  9.916232E-02 -2.595956E-02  0.000000E+00  2.018736E-02 -3.479930E-03  1.667966E-17  3.420054E-01  0.000000E+00
  1.087500E-01 -2.748387E-02  5.000000E-01  1.098499E-01 -2.772252E-02  0.000000E+00  2.087476E-02 -3.273072E-03  1.371054E-17  2.879625E-01  0.000000E+00
  1.199340E-01 -2.914901E-02  5.000000E-01  1.211468E-01 -2.940448E-02  0.000000E+00  2.147311E-02 -3.009526E-03  1.034673E-17  2.348112E-01  0.000000E+00
  1.317280E-01 -3.070182E-02  5.000000E-01  1.330599E-01 -3.097297E-02  0.000000E+00  2.192162E-02 -2.680419E-03  8.638747E-18  1.834017E-01  0.000000E+00
  1.441380E-01 -3.210487E-02  5.000000E-01  1.455952E-01 -3.239019E-02  0.000000E+00  2.214892E-02 -2.285696E-03  8.764517E-18  1.355226E-01  0.000000E+00
  1.441380E-01 -3.210487E-02  5.000000E-01  1.455952E-01 -3.239019E-02  0.000000E+00  2.214892E-02 -2.285696E-03  8.764517E-18  1.355226E-01  0.000000E+00
  1.571670E-01 -3.332161E-02  5.000000E-01  1.587558E-01 -3.361921E-02  0.000000E+00  2.210358E-02 -1.839079E-03  1.038376E-17  9.375827E-02  0.000000E+00
  1.708170E-01 -3.431701E-02  5.000000E-01  1.725437E-01 -3.462467E-02  0.000000E+00  2.179494E-02 -1.370332E-03  1.380729E-17  6.085140E-02  0.000000E+00
  1.850860E-01 -3.506728E-02  5.000000E-01  1.869568E-01 -3.538252E-02  0.000000E+00  2.132681E-02 -9.325291E-04  1.391982E-17  3.916444E-02  0.000000E+00
  1.999720E-01 -3.558094E-02  5.000000E-01  2.019931E-01 -3.590137E-02  0.000000E+00  2.087995E-02 -5.940900E-04  1.219590E-17  2.944083E-02  0.000000E+00
  2.154670E-01 -3.592357E-02  5.000000E-01  2.176446E-01 -3.624746E-02  0.000000E+00  2.059752E-02 -3.814531E-04  9.720483E-18  2.731208E-02  0.000000E+00
  2.315610E-01 -3.616539E-02  5.000000E-01  2.339011E-01 -3.649172E-02  0.000000E+00  2.046705E-02 -2.327187E-04  6.431738E-18  2.269064E-02  0.000000E+00
  2.482400E-01 -3.629810E-02  5.000000E-01  2.507486E-01 -3.662577E-02  0.000000E+00  2.039402E-02 -8.166472E-05  4.359823E-18  1.008868E-02  0.000000E+00
  2.654840E-01 -3.629981E-02  5.000000E-01  2.681667E-01 -3.662750E-02  0.000000E+00  2.031164E-02  8.659182E-05  3.087913E-18 -7.339376E-03  0.000000E+00
  2.832720E-01 -3.614524E-02  5.000000E-01  2.861343E-01 -3.647137E-02  0.000000E+00  2.018320E-02  2.696347E-04  3.022901E-18 -2.456592E-02  0.000000E+00
  3.015770E-01 -3.581341E-02  5.000000E-01  3.046242E-01 -3.613619E-02  0.000000E+00  1.999390E-02  4.580078E-04  3.677230E-18 -3.819503E-02  0.000000E+00
  3.203660E-01 -3.529144E-02  5.000000E-01  3.236030E-01 -3.560894E-02  0.000000E+00  1.974247E-02  6.413583E-04  4.136790E-18 -4.710178E-02  0.000000E+00
  3.396030E-01 -3.457451E-02  5.000000E-01  3.430342E-01 -3.488477E-02  0.000000E+00  1.943227E-02  8.133889E-04  3.970359E-18 -5.166968E-02  0.000000E+00
  3.592490E-01 -3.366076E-02  5.000000E-01  3.628786E-01 -3.396179E-02  0.000000E+00  1.906537E-02  9.724648E-04  3.518723E-18 -5.270496E-02  0.000000E+00
  3.792580E-01 -3.254872E-02  5.000000E-01  3.830897E-01 -3.283852E-02  0.000000E+00  1.864365E-02  1.117508E-03  3.005750E-18 -5.058043E-02  0.000000E+00
  3.995810E-01 -3.123982E-02  5.000000E-01  4.036179E-01 -3.151640E-02  0.000000E+00  1.817007E-02  1.246102E-03  2.203304E-18 -4.516753E-02  0.000000E+00
  4.201670E-01 -2.973965E-02  5.000000E-01  4.244118E-01 -3.000109E-02  0.000000E+00  1.764687E-02  1.356470E-03  4.959840E-19 -3.633238E-02  0.000000E+00
  4.409600E-01 -2.805580E-02  5.000000E-01  4.454148E-01 -2.830023E-02  0.000000E+00  1.707632E-02  1.447911E-03 -1.790115E-18 -2.415920E-02  0.000000E+00
  4.619030E-01 -2.619748E-02  5.000000E-01  4.665693E-01 -2.642314E-02  0.000000E+00  1.646676E-02  1.518230E-03 -3.738012E-18 -8.713105E-03  0.000000E+00
  4.829360E-01 -2.418232E-02  5.000000E-01  4.878147E-01 -2.438763E-02  0.000000E+00  1.583353E-02  1.564735E-03 -4.009917E-18  9.820298E-03  0.000000E+00
  5.039990E-01 -2.203457E-02  5.000000E-01  5.090904E-01 -2.221819E-02  0.000000E+00  1.519459E-02  1.586722E-03 -3.453622E-18  3.086070E-02  0.000000E+00
  5.250310E-01 -1.978439E-02  5.000000E-01  5.303348E-01 -1.994528E-02  0.000000E+00  1.456739E-02  1.585718E-03 -3.268842E-18  5.354270E-02  0.000000E+00
  5.459710E-01 -1.746460E-02  5.000000E-01  5.514863E-01 -1.760207E-02  0.000000E+00  1.396705E-02  1.565392E-03 -6.802890E-19  7.689929E-02  0.000000E+00
  5.667600E-01 -1.510684E-02  5.000000E-01  5.724853E-01 -1.522050E-02  0.000000E+00  1.340849E-02  1.528837E-03  2.129098E-18  1.002571E-01  0.000000E+00
  4.704230E-01  5.314956E-02  5.000000E-01  4.751754E-01  5.372522E-02  0.000000E+00  2.207912E-02  7.709492E-04 -1.135840E-17 -1.053315E+00  0.000000E+00
  4.494880E-01  5.235768E-02  5.000000E-01  4.540289E-01  5.292533E-02  0.000000E+00  2.188283E-02  8.581353E-04 -9.982953E-18 -1.046641E+00  0.000000E+00
  4.286690E-01  5.151034E-02  5.000000E-01  4.329997E-01  5.206944E-02  0.000000E+00  2.185230E-02  9.121802E-04 -7.817304E-18 -1.045459E+00  0.000000E+00
  4.080230E-01  5.062844E-02  5.000000E-01  4.121452E-01  5.117863E-02  0.000000E+00  2.199548E-02  9.727228E-04 -7.695452E-18 -1.045704E+00  0.000000E+00
  3.876050E-01  4.969689E-02  5.000000E-01  3.915210E-01  5.023767E-02  0.000000E+00  2.225018E-02  1.057757E-03 -9.493878E-18 -1.044745E+00  0.000000E+00
  3.674690E-01  4.870217E-02  5.000000E-01  3.711816E-01  4.923291E-02  0.000000E+00  2.252766E-02  1.164304E-03 -1.169105E-17 -1.041901E+00  0.000000E+00
  3.476650E-01  4.763411E-02  5.000000E-01  3.511776E-01  4.815406E-02  0.000000E+00  2.277189E-02  1.288031E-03 -1.281450E-17 -1.037229E+00  0.000000E+00
  3.282390E-01  4.648487E-02  5.000000E-01  3.315555E-01  4.699321E-02  0.000000E+00  2.296604E-02  1.426123E-03 -1.213525E-17 -1.031082E+00  0.000000E+00
  3.092330E-01  4.524911E-02  5.000000E-01  3.123575E-01  4.574498E-02  0.000000E+00  2.311260E-02  1.573408E-03 -1.161478E-17 -1.024105E+00  0.000000E+00
  2.906860E-01  4.392969E-02  5.000000E-01  2.936232E-01  4.441224E-02  0.000000E+00  2.322131E-02  1.724746E-03 -1.119750E-17 -1.016930E+00  0.000000E+00
  2.726330E-01  4.253213E-02  5.000000E-01  2.753879E-01  4.300056E-02  0.000000E+00  2.330455E-02  1.879261E-03 -1.156022E-17 -1.009826E+00  0.000000E+00
  2.551020E-01  4.106187E-02  5.000000E-01  2.576799E-01  4.151545E-02  0.000000E+00  2.337072E-02  2.038009E-03 -1.249497E-17 -1.002795E+00  0.000000E+00
  2.381210E-01  3.952483E-02  5.000000E-01  2.405274E-01  3.996288E-02  0.000000E+00  2.342576E-02  2.204360E-03 -1.282266E-17 -9.956953E-01  0.000000E+00
  2.217090E-01  3.792319E-02  5.000000E-01  2.239496E-01  3.834507E-02  0.000000E+00  2.346949E-02  2.379510E-03 -1.235196E-17 -9.888343E-01  0.000000E+00
  2.058840E-01  3.625949E-02  5.000000E-01  2.079648E-01  3.666457E-02  0.000000E+00  2.348218E-02  2.542146E-03 -1.280484E-17 -9.844314E-01  0.000000E+00
  1.906600E-01  3.456140E-02  5.000000E-01  1.925871E-01  3.494934E-02  0.000000E+00  2.345625E-02  2.655930E-03 -1.535577E-17 -9.858889E-01  0.000000E+00
  1.760460E-01  3.287948E-02  5.000000E-01  1.778255E-01  3.325042E-02  0.000000E+00  2.345882E-02  2.725573E-03 -2.040046E-17 -9.937280E-01  0.000000E+00
  1.620500E-01  3.123792E-02  5.000000E-01  1.636881E-01  3.159229E-02  0.000000E+00  2.358148E-02  2.793276E-03 -3.025511E-17 -1.005188E+00  0.000000E+00
  1.486750E-01  2.963896E-02  5.000000E-01  1.501781E-01  2.997718E-02  0.000000E+00  2.384515E-02  2.888751E-03 -4.625632E-17 -1.017347E+00  0.000000E+00
  1.359210E-01  2.807442E-02  5.000000E-01  1.372953E-01  2.839684E-02  0.000000E+00  2.419958E-02  3.019919E-03 -7.144845E-17 -1.028453E+00  0.000000E+00
  1.237890E-01  2.653547E-02  5.000000E-01  1.250407E-01  2.684236E-02  0.000000E+00  2.457408E-02  3.184160E-03 -1.111499E-16 -1.037858E+00  0.000000E+00
  1.122730E-01  2.501260E-02  5.000000E-01  1.134084E-01  2.530410E-02  0.000000E+00  2.491711E-02  3.376307E-03 -1.775034E-16 -1.045659E+00  0.000000E+00
  1.013710E-01  2.350013E-02  5.000000E-01  1.023964E-01  2.377636E-02  0.000000E+00  2.520582E-02  3.589865E-03 -2.904064E-16 -1.052466E+00  0.000000E+00
  9.107400E-02  2.199602E-02  5.000000E-01  9.199536E-02  2.225706E-02  0.000000E+00  2.544383E-02  3.824039E-03 -4.852710E-16 -1.058853E+00  0.000000E+00
  9.107400E-02  2.199602E-02  5.000000E-01  9.199536E-02  2.225706E-02  0.000000E+00  2.544383E-02  3.824039E-03 -4.852710E-16 -1.058853E+00  0.000000E+00
  8.137660E-02  2.049802E-02  5.000000E-01  8.220003E-02  2.074393E-02  0.000000E+00  2.563921E-02  4.077194E-03 -8.276223E-16 -1.065569E+00  0.000000E+00
  7.227050E-02  1.900854E-02  5.000000E-01  7.300197E-02  1.923941E-02  0.000000E+00  2.579636E-02  4.343395E-03 -1.431883E-15 -1.073628E+00  0.000000E+00
  6.374670E-02  1.753267E-02  5.000000E-01  6.439209E-02  1.774863E-02  0.000000E+00  2.592610E-02  4.623765E-03 -2.496106E-15 -1.083700E+00  0.000000E+00
  5.579720E-02  1.607371E-02  5.000000E-01  5.636231E-02  1.627494E-02  0.000000E+00  2.602906E-02  4.914460E-03 -4.326974E-15 -1.096695E+00  0.000000E+00
  4.841260E-02  1.464020E-02  5.000000E-01  4.890313E-02  1.482696E-02  0.000000E+00  2.610337E-02  5.210214E-03 -7.344775E-15 -1.113603E+00  0.000000E+00
  4.158390E-02  1.323995E-02  5.000000E-01  4.200547E-02  1.341256E-02  0.000000E+00  2.615419E-02  5.517472E-03 -1.203788E-14 -1.134815E+00  0.000000E+00
  3.530370E-02  1.187780E-02  5.000000E-01  3.566185E-02  1.203665E-02  0.000000E+00  2.616253E-02  5.830907E-03 -1.886588E-14 -1.161170E+00  0.000000E+00
  2.956270E-02  1.056327E-02  5.000000E-01  2.986287E-02  1.070885E-02  0.000000E+00  2.610117E-02  6.145686E-03 -2.812103E-14 -1.193335E+00  0.000000E+00
  2.435310E-02  9.302912E-03  5.000000E-01  2.460066E-02  9.435764E-03  0.000000E+00  2.593005E-02  6.473657E-03 -3.947198E-14 -1.230720E+00  0.000000E+00
  1.967110E-02  8.097196E-03  5.000000E-01  1.987137E-02  8.217871E-03  0.000000E+00  2.551457E-02  6.785397E-03 -5.086227E-14 -1.273636E+00  0.000000E+00
  1.550860E-02  6.953288E-03  5.000000E-01  1.566684E-02  7.062411E-03  0.000000E+00  2.467684E-02  7.032436E-03 -5.743446E-14 -1.322388E+00  0.000000E+00
  1.185930E-02  5.874843E-03  5.000000E-01  1.198068E-02  5.973075E-03  0.000000E+00  2.331932E-02  7.207515E-03 -5.249717E-14 -1.375127E+00  0.000000E+00
  8.724160E-03  4.858041E-03  5.000000E-01  8.813883E-03  4.946004E-03  0.000000E+00  2.156843E-02  7.338398E-03 -3.279211E-14 -1.431391E+00  0.000000E+00
  6.091130E-03  3.911068E-03  5.000000E-01  6.154263E-03  3.989468E-03  0.000000E+00  2.031341E-02  7.814700E-03 -6.889981E-15 -1.486581E+00  0.000000E+00
  3.952840E-03  3.036637E-03  5.000000E-01  3.994378E-03  3.106206E-03  0.000000E+00  2.112739E-02  9.728030E-03  6.335786E-15 -1.523766E+00  0.000000E+00
  2.330070E-03  2.221947E-03  5.000000E-01  2.355220E-03  2.283288E-03  0.000000E+00  2.423468E-02  1.419019E-02 -9.457607E-16 -1.531464E+00  0.000000E+00
  1.198080E-03  1.485103E-03  5.000000E-01  1.211798E-03  1.539003E-03  0.000000E+00  2.759998E-02  2.138699E-02 -1.582697E-14 -1.519639E+00  0.000000E+00
  5.019560E-04  8.591630E-04  5.000000E-01  5.086442E-04  9.067421E-04  0.000000E+00  3.041739E-02  3.350705E-02 -2.678912E-14 -1.531179E+00  0.000000E+00
  1.313430E-04  3.760497E-04  5.000000E-01  1.342884E-04  4.187499E-04  0.000000E+00  3.507589E-02  7.038587E-02 -3.478940E-14 -1.566387E+00  0.000000E+00
  8.078190E-06  6.791523E-05  5.000000E-01  9.778777E-06  1.075036E-04  0.000000E+00  3.055488E-02  1.733166E-01 -3.444495E-14 -1.484873E+00  0.000000E+00
 -1.602820E-06 -3.851359E-05  5.000000E-01  0.000000E+00  0.000000E+00  0.000000E+00 -4.940722E-03  2.521568E-01 -4.774365E-14 -1.190927E+00  0.000000E+00
  9.141860E-06 -1.485672E-04  5.000000E-01  1.085319E-05 -1.111650E-04  0.000000E+00 -4.976120E-02  1.967983E-01 -7.620109E-14 -4.688851E-01  0.000000E+00
  1.696960E-04 -4.811911E-04  5.000000E-01  1.730287E-04 -4.471481E-04  0.000000E+00 -6.436750E-02  9.282801E-02 -7.968111E-14  5.407363E-01  0.000000E+00
    1    2
    2    3
    3    4
    4    5
    5    6
    6    7
    7    8
    8    9
    9   10
   10   11
   11   12
   12   13
   13   14
   14   15
   15   16
   16   17
   17   18
   18   19
   19   20
   20   21
   21   22
   22   23
   23   24
   25   26
   26   27
   27   28
   28   29
   29   30
   30   31
   31   32
   32   33
   33   34
   34   35
   35   36
   36   37
   37   38
   38   39
   39   40
   40   41
   41   42
   42   43
   43   44
   44   45
   45   46
   46   47
   47   48
   49   50
   50   51
   51   52
   52   53
   53   54
   54   55
   55   56
   56   57
   57   58
   58   59
   59   60
   60   61
   61   62
   62   63
   63   64
   64   65
   65   66
   66   67
   67   68
   68   69
   69   70
   70   71
   71   72
   73   74
   74   75
   75   76
   76   77
   77   78
   78   79
   79   80
   80   81
   81   82
   82   83
   83   84
   84   85
   85   86
   86   87
   87   88
   88   89
   89   90
   90   91
   91   92
   92   93
   93   94
   94   95
   95   96
   97   98
   98   99
   99  100
  100  101
  101  102
  102  103
  103  104
  104  105
  105  106
  106  107
  107  108
  108  109
  109  110
  110  111
  111  112
  112  113
  113  114
  114  115
  115  116
  116  117
  117  118
  118  119
  119  120
  121  122
  122  123
  123  124
  124  125
  125  126
  126  127
  127  128
  128  129
  129  130
  130  131
  131  132
  132  133
  133  134
  134  135
  135  136
  136  137
  137  138
  138  139
  139  140
  140  141
  141  142
  142  143
  143  144
  145  146
  146  147
  147  148
  148  149
  149  150
  150  151
  151  152
  152  153
  153  154
  154  155
  155  156
  156  157
  157  158
  158  159
  159  160
  160  161
  161  162
  162  163
  163  164
  164  165
  165  166
  166  167
  167  168
  169  170
  170  171
  171  172
  172  173
  173  174
  174  175
  175  176
  176  177
  177  178
  178  179
  179  180
  180  181
  181  182
  182  183
  183  184
  184  185
  185  186
  186  187
  187  188
  188  189
  189  190
  190  191
  191  192
