 Title = "ADflow Slice Data"
Variables =  "CoordinateX"  "CoordinateY"  "CoordinateZ"  "XoC"  "YoC"  "ZoC" "VelocityX" "VelocityY" "VelocityZ" "CoefPressure" "Mach" 
Zone T= "Slice_0001 None Absolute Regular z = 0.50000000"
 Nodes =          192  Elements=          184  ZONETYPE=FELINESEG
 DATAPACKING=POINT
  5.667600E-01 -1.510696E-02  5.000000E-01  5.724853E-01 -1.522062E-02  0.000000E+00  1.340856E-02  1.528844E-03 -7.287145E-18  1.002523E-01  0.000000E+00
  5.873410E-01 -1.274733E-02  5.000000E-01  5.932741E-01 -1.283716E-02  0.000000E+00  1.290511E-02  1.478333E-03  9.521155E-18  1.231465E-01  0.000000E+00
  6.076580E-01 -1.042211E-02  5.000000E-01  6.137963E-01 -1.048846E-02  0.000000E+00  1.246308E-02  1.417110E-03  9.272227E-18  1.449854E-01  0.000000E+00
  6.276600E-01 -8.163430E-03  5.000000E-01  6.340003E-01 -8.206968E-03  0.000000E+00  1.207994E-02  1.349297E-03  6.281418E-18  1.652046E-01  0.000000E+00
  6.472970E-01 -5.995404E-03  5.000000E-01  6.538356E-01 -6.017047E-03  0.000000E+00  1.174610E-02  1.279784E-03  2.751769E-18  1.834567E-01  0.000000E+00
  6.665260E-01 -3.929584E-03  5.000000E-01  6.732588E-01 -3.930364E-03  0.000000E+00  1.145132E-02  1.211045E-03  3.696952E-18  1.999566E-01  0.000000E+00
  6.853050E-01 -1.975514E-03  5.000000E-01  6.922274E-01 -1.956561E-03  0.000000E+00  1.118974E-02  1.140469E-03  5.557337E-18  2.155020E-01  0.000000E+00
  7.035980E-01 -1.504713E-04  5.000000E-01  7.107052E-01 -1.130872E-04  0.000000E+00  1.095158E-02  1.065402E-03  3.291617E-18  2.304281E-01  0.000000E+00
  7.213750E-01  1.533526E-03  5.000000E-01  7.286617E-01  1.587916E-03  0.000000E+00  1.071434E-02  9.862741E-04 -8.760172E-19  2.443892E-01  0.000000E+00
  7.386080E-01  3.072136E-03  5.000000E-01  7.460687E-01  3.142065E-03  0.000000E+00  1.044917E-02  9.052256E-04 -2.777873E-18  2.573015E-01  0.000000E+00
  7.552750E-01  4.470409E-03  5.000000E-01  7.629040E-01  4.554458E-03  0.000000E+00  1.013803E-02  8.265124E-04  4.667837E-19  2.695917E-01  0.000000E+00
  7.713580E-01  5.741138E-03  5.000000E-01  7.791495E-01  5.838021E-03  0.000000E+00  9.793730E-03  7.519516E-04  7.053351E-18  2.818178E-01  0.000000E+00
  7.868410E-01  6.895271E-03  5.000000E-01  7.947888E-01  7.003809E-03  0.000000E+00  9.483226E-03  6.642290E-04  2.100474E-17  2.957035E-01  0.000000E+00
  8.017160E-01  7.872823E-03  5.000000E-01  8.098140E-01  7.991233E-03  0.000000E+00  9.307636E-03  5.404652E-04  4.137891E-17  3.115874E-01  0.000000E+00
  8.159740E-01  8.590420E-03  5.000000E-01  8.242160E-01  8.716077E-03  0.000000E+00  9.330571E-03  3.861073E-04  4.883236E-17  3.245034E-01  0.000000E+00
  8.296120E-01  9.030414E-03  5.000000E-01  8.379918E-01  9.160515E-03  0.000000E+00  9.555782E-03  2.188048E-04  3.670668E-17  3.295854E-01  0.000000E+00
  8.426300E-01  9.209059E-03  5.000000E-01  8.511412E-01  9.340964E-03  0.000000E+00  9.959830E-03  4.536696E-05  2.139434E-17  3.267771E-01  0.000000E+00
  8.550290E-01  9.157717E-03  5.000000E-01  8.636654E-01  9.289104E-03  0.000000E+00  1.051443E-02 -1.332138E-04  1.475335E-17  3.180641E-01  0.000000E+00
  8.668160E-01  8.914112E-03  5.000000E-01  8.755715E-01  9.043038E-03  0.000000E+00  1.119063E-02 -3.157964E-04  1.479881E-17  3.047958E-01  0.000000E+00
  8.779950E-01  8.519501E-03  5.000000E-01  8.868634E-01  8.644443E-03  0.000000E+00  1.195859E-02 -4.998257E-04  1.725593E-17  2.875328E-01  0.000000E+00
  8.885730E-01  8.013154E-03  5.000000E-01  8.975482E-01  8.132982E-03  0.000000E+00  1.278900E-02 -6.827248E-04  2.179995E-17  2.668633E-01  0.000000E+00
  8.985610E-01  7.428439E-03  5.000000E-01  9.076371E-01  7.542361E-03  0.000000E+00  1.364928E-02 -8.577448E-04  2.945280E-17  2.433090E-01  0.000000E+00
  9.079670E-01  6.799126E-03  5.000000E-01  9.171381E-01  6.906693E-03  0.000000E+00  1.450013E-02 -1.012517E-03  2.333400E-17  2.173318E-01  0.000000E+00
  9.168010E-01  6.157723E-03  5.000000E-01  9.260613E-01  6.258812E-03  0.000000E+00  1.530394E-02 -1.137895E-03  2.260424E-17  1.899895E-01  0.000000E+00
  9.168010E-01  6.157723E-03  5.000000E-01  9.260613E-01  6.258812E-03  0.000000E+00  1.530394E-02 -1.137895E-03  2.260424E-17  1.899895E-01  0.000000E+00
  9.250730E-01  5.529031E-03  5.000000E-01  9.344168E-01  5.623772E-03  0.000000E+00  1.603753E-02 -1.235113E-03  2.604893E-17  1.628067E-01  0.000000E+00
  9.327940E-01  4.927292E-03  5.000000E-01  9.422158E-01  5.015955E-03  0.000000E+00  1.670037E-02 -1.315871E-03  2.085399E-17  1.370971E-01  0.000000E+00
  9.399760E-01  4.355780E-03  5.000000E-01  9.494703E-01  4.438672E-03  0.000000E+00  1.730871E-02 -1.391709E-03  2.580360E-17  1.131293E-01  0.000000E+00
  9.466320E-01  3.815199E-03  5.000000E-01  9.561935E-01  3.892632E-03  0.000000E+00  1.788270E-02 -1.467159E-03  3.398975E-17  9.016577E-02  0.000000E+00
  9.527730E-01  3.306371E-03  5.000000E-01  9.623965E-01  3.378665E-03  0.000000E+00  1.844704E-02 -1.548713E-03  4.405482E-17  6.766685E-02  0.000000E+00
  9.584110E-01  2.827154E-03  5.000000E-01  9.680915E-01  2.894609E-03  0.000000E+00  1.903441E-02 -1.647020E-03  5.063561E-17  4.540019E-02  0.000000E+00
  9.635570E-01  2.374318E-03  5.000000E-01  9.732895E-01  2.437200E-03  0.000000E+00  1.967873E-02 -1.767961E-03  3.785745E-17  2.264808E-02  0.000000E+00
  9.682220E-01  1.946793E-03  5.000000E-01  9.780016E-01  2.005357E-03  0.000000E+00  2.041212E-02 -1.912170E-03 -1.673666E-17 -1.678096E-03  0.000000E+00
  9.724140E-01  1.545859E-03  5.000000E-01  9.822359E-01  1.600374E-03  0.000000E+00  2.128260E-02 -2.087655E-03 -1.298118E-16 -2.820899E-02  0.000000E+00
  9.761430E-01  1.171440E-03  5.000000E-01  9.860026E-01  1.222174E-03  0.000000E+00  2.237231E-02 -2.311577E-03 -3.366881E-16 -5.739691E-02  0.000000E+00
  9.794160E-01  8.242704E-04  5.000000E-01  9.893086E-01  8.714983E-04  0.000000E+00  2.378326E-02 -2.597358E-03 -8.647006E-16 -9.032312E-02  0.000000E+00
  9.822400E-01  5.074293E-04  5.000000E-01  9.921611E-01  5.514575E-04  0.000000E+00  2.556637E-02 -2.947192E-03 -2.478151E-15 -1.284409E-01  0.000000E+00
  9.846200E-01  2.260650E-04  5.000000E-01  9.945652E-01  2.672518E-04  0.000000E+00  2.759062E-02 -3.347863E-03 -6.702478E-15 -1.720994E-01  0.000000E+00
  9.865620E-01 -1.453606E-05  5.000000E-01  9.965268E-01  2.422087E-05  0.000000E+00  2.940962E-02 -3.711583E-03 -1.584902E-14 -2.194079E-01  0.000000E+00
  9.880680E-01 -2.086060E-04  5.000000E-01  9.980480E-01 -1.718089E-04  0.000000E+00  2.987560E-02 -3.826700E-03 -3.391778E-14 -2.766166E-01  0.000000E+00
  9.891420E-01 -3.514239E-04  5.000000E-01  9.991328E-01 -3.160692E-04  0.000000E+00  2.812840E-02 -3.911135E-03 -9.454180E-14 -3.435009E-01  0.000000E+00
  9.897860E-01 -4.389487E-04  5.000000E-01  9.997833E-01 -4.044778E-04  0.000000E+00  3.788610E-02 -4.013268E-03 -2.656740E-13 -2.893958E-01  0.000000E+00
  9.900000E-01 -4.683023E-04  5.000000E-01  9.999995E-01 -4.341279E-04  0.000000E+00  2.618841E-02  5.267613E-03  1.203387E-14 -5.820196E-01  0.000000E+00
  9.900000E-01 -1.843754E-04  5.000000E-01  9.999995E-01 -1.473336E-04  0.000000E+00  1.229778E-03 -7.885242E-03  9.531137E-14 -8.088125E-01  0.000000E+00
  9.900000E-01  9.955150E-05  5.000000E-01  9.999995E-01  1.394606E-04  0.000000E+00 -4.468896E-04 -2.274866E-02 -1.814306E-13 -6.283626E-01  0.000000E+00
  9.900000E-01  3.834784E-04  5.000000E-01  9.999995E-01  4.262548E-04  0.000000E+00 -1.435995E-04 -8.862988E-03 -8.798573E-14 -6.283186E-01  0.000000E+00
  9.900000E-01  6.674053E-04  5.000000E-01  9.999995E-01  7.130490E-04  0.000000E+00  4.646598E-04 -5.229937E-03 -2.036832E-14 -6.881990E-01  0.000000E+00
  9.900000E-01  9.513321E-04  5.000000E-01  9.999995E-01  9.998432E-04  0.000000E+00  6.797342E-03 -6.632423E-03 -8.438350E-15 -6.299479E-01  0.000000E+00
  9.900000E-01  9.513321E-04  5.000000E-01  9.999995E-01  9.998432E-04  0.000000E+00  6.797342E-03 -6.632423E-03 -8.438350E-15 -6.299479E-01  0.000000E+00
  9.897890E-01  1.017904E-03  5.000000E-01  9.997864E-01  1.067087E-03  0.000000E+00  9.015768E-03 -3.469585E-03 -6.062879E-15 -5.523878E-01  0.000000E+00
  9.891540E-01  1.218674E-03  5.000000E-01  9.991450E-01  1.269885E-03  0.000000E+00  4.567773E-03 -1.351277E-03 -9.703795E-16 -5.709901E-01  0.000000E+00
  9.880950E-01  1.555408E-03  5.000000E-01  9.980753E-01  1.610019E-03  0.000000E+00  3.024785E-03 -9.609216E-04 -6.430050E-16 -5.705502E-01  0.000000E+00
  9.866100E-01  2.031333E-03  5.000000E-01  9.965753E-01  2.090751E-03  0.000000E+00  1.983747E-03 -6.497757E-04 -2.407974E-16 -5.626504E-01  0.000000E+00
  9.846960E-01  2.650662E-03  5.000000E-01  9.946419E-01  2.716335E-03  0.000000E+00  9.958922E-04 -3.234574E-04  2.075226E-16 -5.590126E-01  0.000000E+00
  9.823490E-01  3.418251E-03  5.000000E-01  9.922712E-01  3.491676E-03  0.000000E+00  1.849678E-04 -5.917944E-05  1.842281E-16 -5.580332E-01  0.000000E+00
  9.795670E-01  4.338749E-03  5.000000E-01  9.894611E-01  4.421469E-03  0.000000E+00 -4.278456E-04  1.427372E-04  1.130797E-16 -5.582751E-01  0.000000E+00
  9.763420E-01  5.417935E-03  5.000000E-01  9.862036E-01  5.511553E-03  0.000000E+00 -8.716111E-04  2.932914E-04  7.411866E-17 -5.597198E-01  0.000000E+00
  9.726710E-01  6.659543E-03  5.000000E-01  9.824955E-01  6.765701E-03  0.000000E+00 -1.170637E-03  3.977075E-04  5.127947E-17 -5.622536E-01  0.000000E+00
  9.685460E-01  8.066753E-03  5.000000E-01  9.783288E-01  8.187122E-03  0.000000E+00 -1.342207E-03  4.594691E-04  3.368498E-17 -5.654570E-01  0.000000E+00
  9.639600E-01  9.641707E-03  5.000000E-01  9.736965E-01  9.777981E-03  0.000000E+00 -1.402958E-03  4.831422E-04  1.792980E-17 -5.688220E-01  0.000000E+00
  9.589060E-01  1.138655E-02  5.000000E-01  9.685915E-01  1.154045E-02  0.000000E+00 -1.373304E-03  4.749979E-04  3.510548E-18 -5.718729E-01  0.000000E+00
  9.533750E-01  1.330247E-02  5.000000E-01  9.630046E-01  1.347571E-02  0.000000E+00 -1.279112E-03  4.433636E-04 -5.327740E-18 -5.742459E-01  0.000000E+00
  9.473580E-01  1.538821E-02  5.000000E-01  9.569269E-01  1.558252E-02  0.000000E+00 -1.150212E-03  3.983899E-04 -4.299833E-18 -5.757559E-01  0.000000E+00
  9.408450E-01  1.764045E-02  5.000000E-01  9.503481E-01  1.785750E-02  0.000000E+00 -1.016818E-03  3.507753E-04  6.808216E-18 -5.764324E-01  0.000000E+00
  9.338260E-01  2.005389E-02  5.000000E-01  9.432582E-01  2.029532E-02  0.000000E+00 -9.056272E-04  3.100146E-04  2.680108E-17 -5.765039E-01  0.000000E+00
  9.262910E-01  2.262009E-02  5.000000E-01  9.356471E-01  2.288743E-02  0.000000E+00 -8.372188E-04  2.831367E-04  5.137918E-17 -5.763228E-01  0.000000E+00
  9.182290E-01  2.532622E-02  5.000000E-01  9.275037E-01  2.562089E-02  0.000000E+00 -8.254985E-04  2.742238E-04  7.469992E-17 -5.762598E-01  0.000000E+00
  9.096280E-01  2.815458E-02  5.000000E-01  9.188158E-01  2.847781E-02  0.000000E+00 -8.781500E-04  2.845163E-04  1.002510E-16 -5.766754E-01  0.000000E+00
  9.004770E-01  3.108168E-02  5.000000E-01  9.095724E-01  3.143448E-02  0.000000E+00 -9.969978E-04  3.126347E-04  1.393326E-16 -5.778847E-01  0.000000E+00
  8.907650E-01  3.407659E-02  5.000000E-01  8.997623E-01  3.445963E-02  0.000000E+00 -1.179248E-03  3.542578E-04  1.603735E-16 -5.799729E-01  0.000000E+00
  8.804800E-01  3.709791E-02  5.000000E-01  8.893735E-01  3.751146E-02  0.000000E+00 -1.418058E-03  4.017182E-04 -2.528951E-17 -5.828403E-01  0.000000E+00
  8.696090E-01  4.008988E-02  5.000000E-01  8.783927E-01  4.053365E-02  0.000000E+00 -1.699133E-03  4.455750E-04 -5.952059E-17 -5.864217E-01  0.000000E+00
  8.696090E-01  4.008988E-02  5.000000E-01  8.783927E-01  4.053365E-02  0.000000E+00 -1.699133E-03  4.455750E-04 -5.952059E-17 -5.864217E-01  0.000000E+00
  8.581400E-01  4.298043E-02  5.000000E-01  8.668079E-01  4.345339E-02  0.000000E+00 -2.002439E-03  4.769032E-04 -4.045931E-17 -5.897278E-01  0.000000E+00
  8.460600E-01  4.568537E-02  5.000000E-01  8.546059E-01  4.618564E-02  0.000000E+00 -2.310209E-03  4.855463E-04 -8.251151E-17 -5.905583E-01  0.000000E+00
  8.333640E-01  4.812484E-02  5.000000E-01  8.417817E-01  4.864975E-02  0.000000E+00 -2.567376E-03  4.509199E-04 -8.957349E-17 -5.921125E-01  0.000000E+00
  8.200460E-01  5.022324E-02  5.000000E-01  8.283292E-01  5.076934E-02  0.000000E+00 -2.540546E-03  3.448410E-04 -3.708171E-16 -6.136520E-01  0.000000E+00
  8.061050E-01  5.191316E-02  5.000000E-01  8.142474E-01  5.247632E-02  0.000000E+00 -1.648001E-03  1.621075E-04 -4.889352E-16 -6.844142E-01  0.000000E+00
  7.915460E-01  5.316883E-02  5.000000E-01  7.995413E-01  5.374468E-02  0.000000E+00  9.927855E-04 -5.251531E-05 -1.350689E-16 -8.104108E-01  0.000000E+00
  7.763770E-01  5.402947E-02  5.000000E-01  7.842191E-01  5.461401E-02  0.000000E+00  5.991565E-03 -2.164460E-04  2.391785E-16 -9.517187E-01  0.000000E+00
  7.606070E-01  5.456438E-02  5.000000E-01  7.682899E-01  5.515432E-02  0.000000E+00  1.260943E-02 -2.326068E-04  1.770187E-16 -1.050184E+00  0.000000E+00
  7.442510E-01  5.478091E-02  5.000000E-01  7.517687E-01  5.537304E-02  0.000000E+00  1.845373E-02 -4.486014E-05 -5.338527E-17 -1.081589E+00  0.000000E+00
  7.273250E-01  5.469697E-02  5.000000E-01  7.346718E-01  5.528825E-02  0.000000E+00  2.145570E-02  2.562004E-04 -3.309171E-17 -1.067290E+00  0.000000E+00
  7.098490E-01  5.436510E-02  5.000000E-01  7.170193E-01  5.495303E-02  0.000000E+00  2.167737E-02  4.873283E-04  1.545890E-16 -1.042322E+00  0.000000E+00
  6.918480E-01  5.388147E-02  5.000000E-01  6.988365E-01  5.446452E-02  0.000000E+00  2.053624E-02  5.373173E-04  2.315143E-16 -1.031263E+00  0.000000E+00
  6.733520E-01  5.339633E-02  5.000000E-01  6.801537E-01  5.397447E-02  0.000000E+00  1.933046E-02  3.957884E-04  1.730628E-16 -1.044828E+00  0.000000E+00
  6.543930E-01  5.310934E-02  5.000000E-01  6.610032E-01  5.368459E-02  0.000000E+00  1.875508E-02  1.282291E-04  9.616729E-17 -1.079536E+00  0.000000E+00
  6.350090E-01  5.314015E-02  5.000000E-01  6.414235E-01  5.371571E-02  0.000000E+00  1.903621E-02 -1.482990E-04  5.122073E-17 -1.120011E+00  0.000000E+00
  6.152440E-01  5.342122E-02  5.000000E-01  6.214589E-01  5.399961E-02  0.000000E+00  1.996679E-02 -3.502130E-04  2.163795E-17 -1.151723E+00  0.000000E+00
  5.951420E-01  5.384221E-02  5.000000E-01  6.011539E-01  5.442486E-02  0.000000E+00  2.109176E-02 -4.408605E-04 -2.022541E-17 -1.167706E+00  0.000000E+00
  5.747530E-01  5.427237E-02  5.000000E-01  5.805590E-01  5.485936E-02  0.000000E+00  2.204304E-02 -3.846169E-04 -8.326278E-17 -1.165499E+00  0.000000E+00
  5.541290E-01  5.456659E-02  5.000000E-01  5.597267E-01  5.515655E-02  0.000000E+00  2.265150E-02 -1.699520E-04 -1.216780E-16 -1.146543E+00  0.000000E+00
  5.333260E-01  5.458692E-02  5.000000E-01  5.387136E-01  5.517709E-02  0.000000E+00  2.285581E-02  1.305020E-04 -8.174916E-17 -1.118267E+00  0.000000E+00
  5.124010E-01  5.432288E-02  5.000000E-01  5.175773E-01  5.491038E-02  0.000000E+00  2.270653E-02  4.098460E-04 -8.501489E-18 -1.090246E+00  0.000000E+00
  4.914140E-01  5.382499E-02  5.000000E-01  4.963783E-01  5.440746E-02  0.000000E+00  2.238783E-02  6.239215E-04  1.779047E-17 -1.067911E+00  0.000000E+00
  4.704230E-01  5.314956E-02  5.000000E-01  4.751754E-01  5.372521E-02  0.000000E+00  2.207915E-02  7.709268E-04 -4.706312E-18 -1.053318E+00  0.000000E+00
  1.696960E-04 -4.811925E-04  5.000000E-01  1.730287E-04 -4.471483E-04  0.000000E+00 -6.436747E-02  9.282804E-02 -7.459115E-13  5.407351E-01  0.000000E+00
  8.054360E-04 -9.784880E-04  5.000000E-01  8.151890E-04 -9.494659E-04  0.000000E+00 -4.693653E-02  3.287185E-02 -3.277755E-13  1.106720E+00  0.000000E+00
  1.973980E-03 -1.585609E-03  5.000000E-01  1.995534E-03 -1.562719E-03  0.000000E+00 -2.105688E-02  1.048585E-02 -2.255537E-14  1.176594E+00  0.000000E+00
  3.614630E-03 -2.300537E-03  5.000000E-01  3.652753E-03 -2.284866E-03  0.000000E+00 -4.061248E-03  1.776055E-03  4.196405E-14  1.152961E+00  0.000000E+00
  5.721210E-03 -3.131704E-03  5.000000E-01  5.780607E-03 -3.124427E-03  0.000000E+00  5.014956E-03 -1.862725E-03  3.190114E-14  1.122647E+00  0.000000E+00
  8.297500E-03 -4.076637E-03  5.000000E-01  8.382914E-03 -4.078903E-03  0.000000E+00  9.325161E-03 -3.268185E-03  1.676435E-14  1.078334E+00  0.000000E+00
  1.136560E-02 -5.115739E-03  5.000000E-01  1.148200E-02 -5.128498E-03  0.000000E+00  1.109418E-02 -3.620106E-03  7.934889E-15  1.023918E+00  0.000000E+00
  1.493280E-02 -6.237763E-03  5.000000E-01  1.508522E-02 -6.261853E-03  0.000000E+00  1.169031E-02 -3.586075E-03  3.231836E-15  9.694123E-01  0.000000E+00
  1.899460E-02 -7.451019E-03  5.000000E-01  1.918804E-02 -7.487362E-03  0.000000E+00  1.194719E-02 -3.516415E-03  9.576081E-16  9.187173E-01  0.000000E+00
  2.354800E-02 -8.771558E-03  5.000000E-01  2.378743E-02 -8.821237E-03  0.000000E+00  1.228202E-02 -3.508687E-03  1.177252E-16  8.688291E-01  0.000000E+00
  2.860130E-02 -1.019489E-02  5.000000E-01  2.889176E-02 -1.025894E-02  0.000000E+00  1.281360E-02 -3.547938E-03 -5.904771E-17  8.171025E-01  0.000000E+00
  3.416500E-02 -1.170992E-02  5.000000E-01  3.451165E-02 -1.178927E-02  0.000000E+00  1.352354E-02 -3.615630E-03 -4.502944E-17  7.647613E-01  0.000000E+00
  4.024810E-02 -1.330745E-02  5.000000E-01  4.065618E-02 -1.340293E-02  0.000000E+00  1.435323E-02 -3.692550E-03 -1.885564E-17  7.127160E-01  0.000000E+00
  4.686030E-02 -1.497517E-02  5.000000E-01  4.733516E-02 -1.508750E-02  0.000000E+00  1.523828E-02 -3.758839E-03 -6.614006E-18  6.607506E-01  0.000000E+00
  5.401090E-02 -1.670139E-02  5.000000E-01  5.455797E-02 -1.683115E-02  0.000000E+00  1.613194E-02 -3.806079E-03  1.226832E-18  6.089340E-01  0.000000E+00
  6.170850E-02 -1.847745E-02  5.000000E-01  6.233331E-02 -1.862514E-02  0.000000E+00  1.700858E-02 -3.825929E-03  1.537351E-17  5.568937E-01  0.000000E+00
  6.996310E-02 -2.028901E-02  5.000000E-01  7.067127E-02 -2.045500E-02  0.000000E+00  1.785444E-02 -3.805863E-03  4.014955E-17  5.039259E-01  0.000000E+00
  7.878500E-02 -2.211641E-02  5.000000E-01  7.958226E-02 -2.230086E-02  0.000000E+00  1.866639E-02 -3.742251E-03  7.419966E-17  4.502277E-01  0.000000E+00
  8.818390E-02 -2.394049E-02  5.000000E-01  8.907608E-02 -2.414336E-02  0.000000E+00  1.944586E-02 -3.635171E-03  1.147153E-16  3.962336E-01  0.000000E+00
  9.816930E-02 -2.573866E-02  5.000000E-01  9.916232E-02 -2.595969E-02  0.000000E+00  2.018740E-02 -3.479953E-03  1.568928E-16  3.420036E-01  0.000000E+00
  1.087500E-01 -2.748401E-02  5.000000E-01  1.098499E-01 -2.772266E-02  0.000000E+00  2.087480E-02 -3.273091E-03  1.803890E-16  2.879603E-01  0.000000E+00
  1.199340E-01 -2.914915E-02  5.000000E-01  1.211468E-01 -2.940462E-02  0.000000E+00  2.147314E-02 -3.009541E-03  1.639829E-16  2.348085E-01  0.000000E+00
  1.317280E-01 -3.070197E-02  5.000000E-01  1.330599E-01 -3.097312E-02  0.000000E+00  2.192166E-02 -2.680429E-03  7.917579E-17  1.833986E-01  0.000000E+00
  1.441380E-01 -3.210502E-02  5.000000E-01  1.455952E-01 -3.239034E-02  0.000000E+00  2.214895E-02 -2.285700E-03  1.409050E-16  1.355191E-01  0.000000E+00
  1.441380E-01 -3.210502E-02  5.000000E-01  1.455952E-01 -3.239034E-02  0.000000E+00  2.214895E-02 -2.285700E-03  1.409050E-16  1.355191E-01  0.000000E+00
  1.571670E-01 -3.332175E-02  5.000000E-01  1.587558E-01 -3.361936E-02  0.000000E+00  2.210361E-02 -1.839076E-03  1.059064E-16  9.375448E-02  0.000000E+00
  1.708170E-01 -3.431715E-02  5.000000E-01  1.725437E-01 -3.462482E-02  0.000000E+00  2.179495E-02 -1.370321E-03 -4.150397E-18  6.084755E-02  0.000000E+00
  1.850860E-01 -3.506742E-02  5.000000E-01  1.869568E-01 -3.538265E-02  0.000000E+00  2.132682E-02 -9.325133E-04  1.134481E-16  3.916083E-02  0.000000E+00
  1.999720E-01 -3.558106E-02  5.000000E-01  2.019931E-01 -3.590149E-02  0.000000E+00  2.087994E-02 -5.940703E-04  1.891148E-16  2.943775E-02  0.000000E+00
  2.154670E-01 -3.592368E-02  5.000000E-01  2.176446E-01 -3.624756E-02  0.000000E+00  2.059750E-02 -3.814315E-04  1.719006E-16  2.730977E-02  0.000000E+00
  2.315610E-01 -3.616548E-02  5.000000E-01  2.339011E-01 -3.649181E-02  0.000000E+00  2.046703E-02 -2.326964E-04  1.172559E-16  2.268916E-02  0.000000E+00
  2.482400E-01 -3.629817E-02  5.000000E-01  2.507486E-01 -3.662584E-02  0.000000E+00  2.039399E-02 -8.164231E-05  7.267165E-17  1.008795E-02  0.000000E+00
  2.654840E-01 -3.629986E-02  5.000000E-01  2.681667E-01 -3.662755E-02  0.000000E+00  2.031161E-02  8.661373E-05  4.160345E-17 -7.339425E-03  0.000000E+00
  2.832720E-01 -3.614528E-02  5.000000E-01  2.861343E-01 -3.647140E-02  0.000000E+00  2.018316E-02  2.696554E-04  1.539692E-17 -2.456535E-02  0.000000E+00
  3.015770E-01 -3.581343E-02  5.000000E-01  3.046242E-01 -3.613620E-02  0.000000E+00  1.999385E-02  4.580264E-04 -9.684631E-18 -3.819390E-02  0.000000E+00
  3.203660E-01 -3.529143E-02  5.000000E-01  3.236030E-01 -3.560893E-02  0.000000E+00  1.974243E-02  6.413741E-04 -3.089137E-17 -4.710014E-02  0.000000E+00
  3.396030E-01 -3.457449E-02  5.000000E-01  3.430342E-01 -3.488475E-02  0.000000E+00  1.943222E-02  8.134013E-04 -4.312229E-17 -5.166752E-02  0.000000E+00
  3.592490E-01 -3.366073E-02  5.000000E-01  3.628786E-01 -3.396176E-02  0.000000E+00  1.906533E-02  9.724732E-04 -4.365613E-17 -5.270226E-02  0.000000E+00
  3.792580E-01 -3.254868E-02  5.000000E-01  3.830897E-01 -3.283848E-02  0.000000E+00  1.864362E-02  1.117511E-03 -3.041817E-17 -5.057716E-02  0.000000E+00
  3.995810E-01 -3.123977E-02  5.000000E-01  4.036179E-01 -3.151636E-02  0.000000E+00  1.817006E-02  1.246101E-03 -4.739505E-18 -4.516374E-02  0.000000E+00
  4.201670E-01 -2.973962E-02  5.000000E-01  4.244118E-01 -3.000105E-02  0.000000E+00  1.764687E-02  1.356463E-03  2.029131E-17 -3.632835E-02  0.000000E+00
  4.409600E-01 -2.805577E-02  5.000000E-01  4.454148E-01 -2.830020E-02  0.000000E+00  1.707635E-02  1.447897E-03  2.389481E-17 -2.415541E-02  0.000000E+00
  4.619030E-01 -2.619748E-02  5.000000E-01  4.665693E-01 -2.642314E-02  0.000000E+00  1.646680E-02  1.518212E-03 -1.195209E-18 -8.710320E-03  0.000000E+00
  4.829360E-01 -2.418235E-02  5.000000E-01  4.878147E-01 -2.438766E-02  0.000000E+00  1.583359E-02  1.564716E-03 -3.575272E-17  9.821281E-03  0.000000E+00
  5.039990E-01 -2.203463E-02  5.000000E-01  5.090904E-01 -2.221825E-02  0.000000E+00  1.519466E-02  1.586705E-03 -5.785221E-17  3.085945E-02  0.000000E+00
  5.250310E-01 -1.978447E-02  5.000000E-01  5.303348E-01 -1.994537E-02  0.000000E+00  1.456747E-02  1.585707E-03 -5.655948E-17  5.353934E-02  0.000000E+00
  5.459710E-01 -1.746471E-02  5.000000E-01  5.514863E-01 -1.760218E-02  0.000000E+00  1.396713E-02  1.565390E-03 -3.624147E-17  7.689456E-02  0.000000E+00
  5.667600E-01 -1.510696E-02  5.000000E-01  5.724853E-01 -1.522062E-02  0.000000E+00  1.340856E-02  1.528844E-03 -7.287145E-18  1.002523E-01  0.000000E+00
  4.704230E-01  5.314956E-02  5.000000E-01  4.751754E-01  5.372521E-02  0.000000E+00  2.207915E-02  7.709268E-04 -4.706312E-18 -1.053318E+00  0.000000E+00
  4.494880E-01  5.235769E-02  5.000000E-01  4.540289E-01  5.292534E-02  0.000000E+00  2.188288E-02  8.581286E-04 -2.391046E-17 -1.046642E+00  0.000000E+00
  4.286690E-01  5.151035E-02  5.000000E-01  4.329997E-01  5.206945E-02  0.000000E+00  2.185236E-02  9.121906E-04 -2.005369E-17 -1.045458E+00  0.000000E+00
  4.080230E-01  5.062843E-02  5.000000E-01  4.121452E-01  5.117863E-02  0.000000E+00  2.199553E-02  9.727461E-04 -1.186530E-17 -1.045702E+00  0.000000E+00
  3.876050E-01  4.969686E-02  5.000000E-01  3.915210E-01  5.023764E-02  0.000000E+00  2.225021E-02  1.057786E-03 -1.283451E-17 -1.044742E+00  0.000000E+00
  3.674690E-01  4.870211E-02  5.000000E-01  3.711816E-01  4.923285E-02  0.000000E+00  2.252766E-02  1.164331E-03 -2.953141E-17 -1.041898E+00  0.000000E+00
  3.476650E-01  4.763403E-02  5.000000E-01  3.511776E-01  4.815398E-02  0.000000E+00  2.277187E-02  1.288049E-03 -5.553424E-17 -1.037227E+00  0.000000E+00
  3.282390E-01  4.648477E-02  5.000000E-01  3.315555E-01  4.699312E-02  0.000000E+00  2.296599E-02  1.426126E-03 -6.830339E-17 -1.031082E+00  0.000000E+00
  3.092330E-01  4.524902E-02  5.000000E-01  3.123575E-01  4.574489E-02  0.000000E+00  2.311255E-02  1.573396E-03 -5.305657E-17 -1.024106E+00  0.000000E+00
  2.906860E-01  4.392962E-02  5.000000E-01  2.936232E-01  4.441216E-02  0.000000E+00  2.322126E-02  1.724726E-03 -2.421404E-17 -1.016932E+00  0.000000E+00
  2.726330E-01  4.253207E-02  5.000000E-01  2.753879E-01  4.300050E-02  0.000000E+00  2.330451E-02  1.879237E-03 -2.519659E-18 -1.009828E+00  0.000000E+00
  2.551020E-01  4.106183E-02  5.000000E-01  2.576799E-01  4.151541E-02  0.000000E+00  2.337070E-02  2.037987E-03  7.180656E-18 -1.002798E+00  0.000000E+00
  2.381210E-01  3.952479E-02  5.000000E-01  2.405274E-01  3.996285E-02  0.000000E+00  2.342575E-02  2.204343E-03  9.501502E-18 -9.956975E-01  0.000000E+00
  2.217090E-01  3.792316E-02  5.000000E-01  2.239496E-01  3.834505E-02  0.000000E+00  2.346949E-02  2.379500E-03  3.229908E-18 -9.888358E-01  0.000000E+00
  2.058840E-01  3.625947E-02  5.000000E-01  2.079648E-01  3.666455E-02  0.000000E+00  2.348220E-02  2.542143E-03 -1.303236E-17 -9.844321E-01  0.000000E+00
  1.906600E-01  3.456139E-02  5.000000E-01  1.925871E-01  3.494932E-02  0.000000E+00  2.345627E-02  2.655932E-03 -2.755420E-17 -9.858890E-01  0.000000E+00
  1.760460E-01  3.287946E-02  5.000000E-01  1.778255E-01  3.325041E-02  0.000000E+00  2.345884E-02  2.725578E-03 -3.432474E-17 -9.937277E-01  0.000000E+00
  1.620500E-01  3.123790E-02  5.000000E-01  1.636881E-01  3.159227E-02  0.000000E+00  2.358149E-02  2.793281E-03 -4.097837E-17 -1.005188E+00  0.000000E+00
  1.486750E-01  2.963893E-02  5.000000E-01  1.501781E-01  2.997716E-02  0.000000E+00  2.384515E-02  2.888755E-03 -5.504233E-17 -1.017347E+00  0.000000E+00
  1.359210E-01  2.807439E-02  5.000000E-01  1.372953E-01  2.839681E-02  0.000000E+00  2.419957E-02  3.019921E-03 -8.111376E-17 -1.028453E+00  0.000000E+00
  1.237890E-01  2.653545E-02  5.000000E-01  1.250407E-01  2.684233E-02  0.000000E+00  2.457406E-02  3.184160E-03 -1.256365E-16 -1.037858E+00  0.000000E+00
  1.122730E-01  2.501257E-02  5.000000E-01  1.134084E-01  2.530408E-02  0.000000E+00  2.491709E-02  3.376305E-03 -1.998625E-16 -1.045659E+00  0.000000E+00
  1.013710E-01  2.350010E-02  5.000000E-01  1.023964E-01  2.377633E-02  0.000000E+00  2.520579E-02  3.589862E-03 -3.157890E-16 -1.052466E+00  0.000000E+00
  9.107400E-02  2.199599E-02  5.000000E-01  9.199536E-02  2.225703E-02  0.000000E+00  2.544380E-02  3.824034E-03 -5.256980E-16 -1.058854E+00  0.000000E+00
  9.107400E-02  2.199599E-02  5.000000E-01  9.199536E-02  2.225703E-02  0.000000E+00  2.544380E-02  3.824034E-03 -5.256980E-16 -1.058854E+00  0.000000E+00
  8.137660E-02  2.049799E-02  5.000000E-01  8.220003E-02  2.074390E-02  0.000000E+00  2.563917E-02  4.077187E-03 -8.862478E-16 -1.065570E+00  0.000000E+00
  7.227050E-02  1.900851E-02  5.000000E-01  7.300197E-02  1.923938E-02  0.000000E+00  2.579633E-02  4.343387E-03 -1.493569E-15 -1.073629E+00  0.000000E+00
  6.374670E-02  1.753264E-02  5.000000E-01  6.439209E-02  1.774861E-02  0.000000E+00  2.592607E-02  4.623755E-03 -2.541079E-15 -1.083701E+00  0.000000E+00
  5.579720E-02  1.607369E-02  5.000000E-01  5.636231E-02  1.627492E-02  0.000000E+00  2.602902E-02  4.914449E-03 -4.317929E-15 -1.096696E+00  0.000000E+00
  4.841260E-02  1.464018E-02  5.000000E-01  4.890313E-02  1.482693E-02  0.000000E+00  2.610334E-02  5.210202E-03 -7.288137E-15 -1.113604E+00  0.000000E+00
  4.158390E-02  1.323992E-02  5.000000E-01  4.200547E-02  1.341254E-02  0.000000E+00  2.615416E-02  5.517458E-03 -1.210039E-14 -1.134816E+00  0.000000E+00
  3.530370E-02  1.187778E-02  5.000000E-01  3.566185E-02  1.203663E-02  0.000000E+00  2.616250E-02  5.830892E-03 -1.951258E-14 -1.161172E+00  0.000000E+00
  2.956270E-02  1.056325E-02  5.000000E-01  2.986287E-02  1.070884E-02  0.000000E+00  2.610114E-02  6.145669E-03 -3.015483E-14 -1.193336E+00  0.000000E+00
  2.435310E-02  9.302896E-03  5.000000E-01  2.460066E-02  9.435748E-03  0.000000E+00  2.593001E-02  6.473637E-03 -4.384066E-14 -1.230722E+00  0.000000E+00
  1.967110E-02  8.097181E-03  5.000000E-01  1.987137E-02  8.217858E-03  0.000000E+00  2.551453E-02  6.785374E-03 -5.817992E-14 -1.273638E+00  0.000000E+00
  1.550860E-02  6.953275E-03  5.000000E-01  1.566684E-02  7.062399E-03  0.000000E+00  2.467678E-02  7.032408E-03 -6.684620E-14 -1.322390E+00  0.000000E+00
  1.185930E-02  5.874833E-03  5.000000E-01  1.198068E-02  5.973066E-03  0.000000E+00  2.331925E-02  7.207480E-03 -5.861117E-14 -1.375129E+00  0.000000E+00
  8.724160E-03  4.858032E-03  5.000000E-01  8.813883E-03  4.945997E-03  0.000000E+00  2.156835E-02  7.338357E-03 -1.898620E-14 -1.431394E+00  0.000000E+00
  6.091130E-03  3.911061E-03  5.000000E-01  6.154263E-03  3.989462E-03  0.000000E+00  2.031333E-02  7.814655E-03  6.412514E-14 -1.486584E+00  0.000000E+00
  3.952840E-03  3.036632E-03  5.000000E-01  3.994378E-03  3.106202E-03  0.000000E+00  2.112734E-02  9.727988E-03  1.847259E-13 -1.523769E+00  0.000000E+00
  2.330070E-03  2.221943E-03  5.000000E-01  2.355220E-03  2.283286E-03  0.000000E+00  2.423467E-02  1.419016E-02  2.341670E-13 -1.531466E+00  0.000000E+00
  1.198080E-03  1.485100E-03  5.000000E-01  1.211798E-03  1.539002E-03  0.000000E+00  2.760001E-02  2.138699E-02  4.581661E-16 -1.519642E+00  0.000000E+00
  5.019560E-04  8.591613E-04  5.000000E-01  5.086442E-04  9.067416E-04  0.000000E+00  3.041746E-02  3.350710E-02  2.610668E-13 -1.531182E+00  0.000000E+00
  1.313430E-04  3.760484E-04  5.000000E-01  1.342884E-04  4.187498E-04  0.000000E+00  3.507600E-02  7.038606E-02  5.220654E-12 -1.566389E+00  0.000000E+00
  8.078190E-06  6.791404E-05  5.000000E-01  9.778777E-06  1.075036E-04  0.000000E+00  3.055498E-02  1.733168E-01  9.653072E-12 -1.484874E+00  0.000000E+00
 -1.602820E-06 -3.851477E-05  5.000000E-01  0.000000E+00  0.000000E+00  0.000000E+00 -4.940692E-03  2.521569E-01  4.550349E-12 -1.190927E+00  0.000000E+00
  9.141860E-06 -1.485684E-04  5.000000E-01  1.085319E-05 -1.111650E-04  0.000000E+00 -4.976118E-02  1.967983E-01 -7.129572E-13 -4.688860E-01  0.000000E+00
  1.696960E-04 -4.811925E-04  5.000000E-01  1.730287E-04 -4.471483E-04  0.000000E+00 -6.436747E-02  9.282804E-02 -7.459115E-13  5.407351E-01  0.000000E+00
    1    2
    2    3
    3    4
    4    5
    5    6
    6    7
    7    8
    8    9
    9   10
   10   11
   11   12
   12   13
   13   14
   14   15
   15   16
   16   17
   17   18
   18   19
   19   20
   20   21
   21   22
   22   23
   23   24
   25   26
   26   27
   27   28
   28   29
   29   30
   30   31
   31   32
   32   33
   33   34
   34   35
   35   36
   36   37
   37   38
   38   39
   39   40
   40   41
   41   42
   42   43
   43   44
   44   45
   45   46
   46   47
   47   48
   49   50
   50   51
   51   52
   52   53
   53   54
   54   55
   55   56
   56   57
   57   58
   58   59
   59   60
   60   61
   61   62
   62   63
   63   64
   64   65
   65   66
   66   67
   67   68
   68   69
   69   70
   70   71
   71   72
   73   74
   74   75
   75   76
   76   77
   77   78
   78   79
   79   80
   80   81
   81   82
   82   83
   83   84
   84   85
   85   86
   86   87
   87   88
   88   89
   89   90
   90   91
   91   92
   92   93
   93   94
   94   95
   95   96
   97   98
   98   99
   99  100
  100  101
  101  102
  102  103
  103  104
  104  105
  105  106
  106  107
  107  108
  108  109
  109  110
  110  111
  111  112
  112  113
  113  114
  114  115
  115  116
  116  117
  117  118
  118  119
  119  120
  121  122
  122  123
  123  124
  124  125
  125  126
  126  127
  127  128
  128  129
  129  130
  130  131
  131  132
  132  133
  133  134
  134  135
  135  136
  136  137
  137  138
  138  139
  139  140
  140  141
  141  142
  142  143
  143  144
  145  146
  146  147
  147  148
  148  149
  149  150
  150  151
  151  152
  152  153
  153  154
  154  155
  155  156
  156  157
  157  158
  158  159
  159  160
  160  161
  161  162
  162  163
  163  164
  164  165
  165  166
  166  167
  167  168
  169  170
  170  171
  171  172
  172  173
  173  174
  174  175
  175  176
  176  177
  177  178
  178  179
  179  180
  180  181
  181  182
  182  183
  183  184
  184  185
  185  186
  186  187
  187  188
  188  189
  189  190
  190  191
  191  192
