 Title = "ADflow Slice Data"
Variables =  "CoordinateX"  "CoordinateY"  "CoordinateZ"  "XoC"  "YoC"  "ZoC" "VelocityX" "VelocityY" "VelocityZ" "CoefPressure" "Mach" 
Zone T= "Slice_0001 None Absolute Regular z = 0.50000000"
 Nodes =          192  Elements=          184  ZONETYPE=FELINESEG
 DATAPACKING=POINT
  5.667600E-01 -2.169098E-02  5.000000E-01  5.724852E-01 -2.183546E-02  0.000000E+00  1.507072E-02  2.038716E-03  6.321248E-19 -1.400865E-01  0.000000E+00
  5.873410E-01 -1.853124E-02  5.000000E-01  5.932741E-01 -1.864382E-02  0.000000E+00  1.238814E-02  2.006051E-03  1.793911E-19 -6.243962E-02  0.000000E+00
  6.076580E-01 -1.502737E-02  5.000000E-01  6.137963E-01 -1.510456E-02  0.000000E+00  1.011436E-02  1.778124E-03 -7.151627E-19  3.911197E-02  0.000000E+00
  6.276600E-01 -1.145292E-02  5.000000E-01  6.340003E-01 -1.149402E-02  0.000000E+00  8.513524E-03  1.504641E-03 -9.291727E-20  1.310638E-01  0.000000E+00
  6.472970E-01 -8.048880E-03  5.000000E-01  6.538356E-01 -8.055594E-03  0.000000E+00  7.584760E-03  1.259923E-03  1.188714E-18  1.983221E-01  0.000000E+00
  6.665260E-01 -5.012576E-03  5.000000E-01  6.732588E-01 -4.988628E-03  0.000000E+00  7.208366E-03  1.066421E-03  1.158830E-18  2.415688E-01  0.000000E+00
  6.853050E-01 -2.427415E-03  5.000000E-01  6.922274E-01 -2.377360E-03  0.000000E+00  7.215384E-03  9.275561E-04  4.996523E-19  2.660406E-01  0.000000E+00
  7.035980E-01 -2.390294E-04  5.000000E-01  7.107051E-01 -1.668735E-04  0.000000E+00  7.434235E-03  8.319517E-04  3.389001E-19  2.783510E-01  0.000000E+00
  7.213750E-01  1.621628E-03  5.000000E-01  7.286617E-01  1.712574E-03  0.000000E+00  7.721903E-03  7.607569E-04  1.123832E-18  2.850221E-01  0.000000E+00
  7.386080E-01  3.219619E-03  5.000000E-01  7.460687E-01  3.326703E-03  0.000000E+00  7.970204E-03  7.021967E-04 -9.087654E-20  2.897511E-01  0.000000E+00
  7.552750E-01  4.613688E-03  5.000000E-01  7.629040E-01  4.734851E-03  0.000000E+00  8.113799E-03  6.525461E-04  3.386227E-20  2.942352E-01  0.000000E+00
  7.713580E-01  5.854688E-03  5.000000E-01  7.791494E-01  5.988383E-03  0.000000E+00  8.141592E-03  6.091752E-04  5.630247E-19  2.993723E-01  0.000000E+00
  7.868410E-01  6.978150E-03  5.000000E-01  7.947888E-01  7.123191E-03  0.000000E+00  8.112340E-03  5.532126E-04  1.588458E-19  3.071531E-01  0.000000E+00
  8.017160E-01  7.932690E-03  5.000000E-01  8.098140E-01  8.087370E-03  0.000000E+00  8.132555E-03  4.605191E-04  1.715319E-19  3.182660E-01  0.000000E+00
  8.159740E-01  8.633535E-03  5.000000E-01  8.242160E-01  8.795294E-03  0.000000E+00  8.284029E-03  3.338568E-04 -1.216767E-18  3.279122E-01  0.000000E+00
  8.296120E-01  9.061425E-03  5.000000E-01  8.379917E-01  9.227505E-03  0.000000E+00  8.592290E-03  1.896863E-04 -7.057870E-19  3.310158E-01  0.000000E+00
  8.426300E-01  9.231338E-03  5.000000E-01  8.511412E-01  9.399134E-03  0.000000E+00  9.051061E-03  3.553250E-05  9.794728E-19  3.271293E-01  0.000000E+00
  8.550290E-01  9.173695E-03  5.000000E-01  8.636654E-01  9.340909E-03  0.000000E+00  9.643676E-03 -1.268072E-04  5.361542E-19  3.178884E-01  0.000000E+00
  8.668160E-01  8.925536E-03  5.000000E-01  8.755714E-01  9.090243E-03  0.000000E+00  1.034855E-02 -2.958126E-04 -2.694482E-19  3.044017E-01  0.000000E+00
  8.779950E-01  8.527634E-03  5.000000E-01  8.868633E-01  8.688322E-03  0.000000E+00  1.114030E-02 -4.687407E-04  3.135164E-19  2.871013E-01  0.000000E+00
  8.885730E-01  8.018909E-03  5.000000E-01  8.975482E-01  8.174460E-03  0.000000E+00  1.199234E-02 -6.427613E-04  7.938644E-19  2.665134E-01  0.000000E+00
  8.985610E-01  7.432479E-03  5.000000E-01  9.076370E-01  7.582108E-03  0.000000E+00  1.287427E-02 -8.111254E-04 -9.914817E-21  2.431171E-01  0.000000E+00
  9.079670E-01  6.801936E-03  5.000000E-01  9.171380E-01  6.945198E-03  0.000000E+00  1.374909E-02 -9.617421E-04 -6.926572E-19  2.173281E-01  0.000000E+00
  9.168010E-01  6.159654E-03  5.000000E-01  9.260612E-01  6.296429E-03  0.000000E+00  1.458106E-02 -1.085464E-03  4.717170E-19  1.901294E-01  0.000000E+00
  9.168010E-01  6.159654E-03  5.000000E-01  9.260612E-01  6.296429E-03  0.000000E+00  1.458106E-02 -1.085464E-03  4.717170E-19  1.901294E-01  0.000000E+00
  9.250730E-01  5.530340E-03  5.000000E-01  9.344168E-01  5.660760E-03  0.000000E+00  1.534768E-02 -1.183017E-03  9.811365E-19  1.629568E-01  0.000000E+00
  9.327940E-01  4.928163E-03  5.000000E-01  9.422158E-01  5.052502E-03  0.000000E+00  1.604768E-02 -1.265258E-03  1.114830E-18  1.370645E-01  0.000000E+00
  9.399760E-01  4.356348E-03  5.000000E-01  9.494703E-01  4.474912E-03  0.000000E+00  1.669587E-02 -1.343071E-03  1.071494E-18  1.127284E-01  0.000000E+00
  9.466320E-01  3.815559E-03  5.000000E-01  9.561935E-01  3.928662E-03  0.000000E+00  1.731115E-02 -1.420759E-03  7.022047E-19  8.926438E-02  0.000000E+00
  9.527730E-01  3.306591E-03  5.000000E-01  9.623965E-01  3.414554E-03  0.000000E+00  1.791685E-02 -1.504584E-03  6.866259E-19  6.618117E-02  0.000000E+00
  9.584110E-01  2.827283E-03  5.000000E-01  9.680915E-01  2.930405E-03  0.000000E+00  1.854409E-02 -1.604890E-03  1.042930E-19  4.327986E-02  0.000000E+00
  9.635570E-01  2.374389E-03  5.000000E-01  9.732894E-01  2.472937E-03  0.000000E+00  1.922527E-02 -1.727449E-03  2.339298E-18  1.988293E-02  0.000000E+00
  9.682220E-01  1.946828E-03  5.000000E-01  9.780015E-01  2.041058E-03  0.000000E+00  1.999122E-02 -1.872913E-03  7.306193E-18 -5.047226E-03  0.000000E+00
  9.724140E-01  1.545873E-03  5.000000E-01  9.822359E-01  1.636055E-03  0.000000E+00  2.088830E-02 -2.049106E-03  8.716282E-18 -3.209341E-02  0.000000E+00
  9.761430E-01  1.171443E-03  5.000000E-01  9.860025E-01  1.257843E-03  0.000000E+00  2.199604E-02 -2.272793E-03 -1.558919E-17 -6.165615E-02  0.000000E+00
  9.794160E-01  8.242683E-04  5.000000E-01  9.893086E-01  9.071622E-04  0.000000E+00  2.341233E-02 -2.556897E-03 -8.303789E-17 -9.474199E-02  0.000000E+00
  9.822400E-01  5.074253E-04  5.000000E-01  9.921611E-01  5.871195E-04  0.000000E+00  2.518137E-02 -2.902879E-03 -1.295250E-16 -1.327073E-01  0.000000E+00
  9.846200E-01  2.260609E-04  5.000000E-01  9.945651E-01  3.029137E-04  0.000000E+00  2.716342E-02 -3.296116E-03  9.265533E-17 -1.757924E-01  0.000000E+00
  9.865620E-01 -1.453950E-05  5.000000E-01  9.965267E-01  5.988345E-05  0.000000E+00  2.890285E-02 -3.647016E-03  9.006861E-16 -2.221217E-01  0.000000E+00
  9.880680E-01 -2.086086E-04  5.000000E-01  9.980480E-01 -1.361455E-04  0.000000E+00  2.924795E-02 -3.745198E-03  1.776585E-15 -2.780519E-01  0.000000E+00
  9.891420E-01 -3.514258E-04  5.000000E-01  9.991328E-01 -2.804050E-04  0.000000E+00  2.736678E-02 -3.807516E-03 -5.220180E-16 -3.428838E-01  0.000000E+00
  9.897860E-01 -4.389501E-04  5.000000E-01  9.997833E-01 -3.688132E-04  0.000000E+00  3.687603E-02 -3.902087E-03 -1.126669E-14 -2.862851E-01  0.000000E+00
  9.900000E-01 -4.683035E-04  5.000000E-01  9.999995E-01 -3.984630E-04  0.000000E+00  2.554209E-02  5.262212E-03 -9.641590E-15 -5.740288E-01  0.000000E+00
  9.900000E-01 -1.843764E-04  5.000000E-01  9.999995E-01 -1.116686E-04  0.000000E+00  1.187077E-03 -7.754003E-03  1.186960E-15 -7.976895E-01  0.000000E+00
  9.900000E-01  9.955068E-05  5.000000E-01  9.999995E-01  1.751258E-04  0.000000E+00 -4.368003E-04 -2.241752E-02  2.769681E-15 -6.188204E-01  0.000000E+00
  9.900000E-01  3.834778E-04  5.000000E-01  9.999995E-01  4.619202E-04  0.000000E+00 -1.395011E-04 -8.671711E-03  3.386129E-15 -6.196879E-01  0.000000E+00
  9.900000E-01  6.674049E-04  5.000000E-01  9.999995E-01  7.487147E-04  0.000000E+00  4.588860E-04 -5.123723E-03  3.228695E-15 -6.793204E-01  0.000000E+00
  9.900000E-01  9.513320E-04  5.000000E-01  9.999995E-01  1.035509E-03  0.000000E+00  6.704468E-03 -6.542825E-03  2.910816E-15 -6.214987E-01  0.000000E+00
  9.900000E-01  9.513320E-04  5.000000E-01  9.999995E-01  1.035509E-03  0.000000E+00  6.704468E-03 -6.542825E-03  2.910816E-15 -6.214987E-01  0.000000E+00
  9.897890E-01  1.017903E-03  5.000000E-01  9.997863E-01  1.102753E-03  0.000000E+00  8.891528E-03 -3.425346E-03  2.423472E-15 -5.446137E-01  0.000000E+00
  9.891540E-01  1.218673E-03  5.000000E-01  9.991449E-01  1.305550E-03  0.000000E+00  4.522207E-03 -1.337355E-03  1.592340E-15 -5.633237E-01  0.000000E+00
  9.880950E-01  1.555406E-03  5.000000E-01  9.980752E-01  1.645684E-03  0.000000E+00  3.028501E-03 -9.621203E-04  8.790993E-16 -5.629257E-01  0.000000E+00
  9.866100E-01  2.031331E-03  5.000000E-01  9.965752E-01  2.126415E-03  0.000000E+00  2.022454E-03 -6.622082E-04  4.238840E-16 -5.549941E-01  0.000000E+00
  9.846960E-01  2.650660E-03  5.000000E-01  9.946419E-01  2.751999E-03  0.000000E+00  1.058067E-03 -3.436842E-04  1.805989E-16 -5.512606E-01  0.000000E+00
  9.823490E-01  3.418250E-03  5.000000E-01  9.922712E-01  3.527340E-03  0.000000E+00  2.601909E-04 -8.392854E-05  6.150539E-17 -5.501241E-01  0.000000E+00
  9.795670E-01  4.338750E-03  5.000000E-01  9.894611E-01  4.457136E-03  0.000000E+00 -3.485533E-04  1.163570E-04  6.292577E-18 -5.501658E-01  0.000000E+00
  9.763420E-01  5.417942E-03  5.000000E-01  9.862035E-01  5.547227E-03  0.000000E+00 -7.957554E-04  2.677830E-04 -1.366671E-17 -5.513951E-01  0.000000E+00
  9.726710E-01  6.659564E-03  5.000000E-01  9.824955E-01  6.801387E-03  0.000000E+00 -1.104299E-03  3.751862E-04 -1.564004E-17 -5.537285E-01  0.000000E+00
  9.685460E-01  8.066797E-03  5.000000E-01  9.783288E-01  8.222832E-03  0.000000E+00 -1.289881E-03  4.415683E-04 -1.054104E-17 -5.567775E-01  0.000000E+00
  9.639600E-01  9.641793E-03  5.000000E-01  9.736965E-01  9.813733E-03  0.000000E+00 -1.367127E-03  4.708133E-04 -4.795287E-18 -5.600610E-01  0.000000E+00
  9.589060E-01  1.138671E-02  5.000000E-01  9.685915E-01  1.157627E-02  0.000000E+00 -1.354014E-03  4.683380E-04 -1.125111E-18 -5.631161E-01  0.000000E+00
  9.533750E-01  1.330274E-02  5.000000E-01  9.630046E-01  1.351165E-02  0.000000E+00 -1.273916E-03  4.415829E-04  2.121441E-19 -5.655713E-01  0.000000E+00
  9.473580E-01  1.538865E-02  5.000000E-01  9.569268E-01  1.561863E-02  0.000000E+00 -1.154646E-03  3.999618E-04  1.108986E-18 -5.672112E-01  0.000000E+00
  9.408450E-01  1.764115E-02  5.000000E-01  9.503481E-01  1.789388E-02  0.000000E+00 -1.025251E-03  3.537386E-04  1.310201E-18 -5.680211E-01  0.000000E+00
  9.338260E-01  2.005499E-02  5.000000E-01  9.432582E-01  2.033209E-02  0.000000E+00 -9.121373E-04  3.123135E-04 -3.892918E-21 -5.681874E-01  0.000000E+00
  9.262910E-01  2.262178E-02  5.000000E-01  9.356471E-01  2.292480E-02  0.000000E+00 -8.361718E-04  2.828762E-04 -4.953183E-19 -5.680349E-01  0.000000E+00
  9.182290E-01  2.532878E-02  5.000000E-01  9.275037E-01  2.565914E-02  0.000000E+00 -8.118465E-04  2.698372E-04 -5.619642E-19 -5.679181E-01  0.000000E+00
  9.096280E-01  2.815839E-02  5.000000E-01  9.188158E-01  2.851733E-02  0.000000E+00 -8.476993E-04  2.748541E-04 -8.702409E-19 -5.681872E-01  0.000000E+00
  9.004770E-01  3.108731E-02  5.000000E-01  9.095724E-01  3.147583E-02  0.000000E+00 -9.466289E-04  2.970552E-04 -1.372230E-18 -5.691831E-01  0.000000E+00
  8.907650E-01  3.408483E-02  5.000000E-01  8.997623E-01  3.450361E-02  0.000000E+00 -1.106989E-03  3.329420E-04 -3.048825E-18 -5.710599E-01  0.000000E+00
  8.804800E-01  3.710987E-02  5.000000E-01  8.893734E-01  3.755921E-02  0.000000E+00 -1.324168E-03  3.759727E-04 -1.132108E-18 -5.737017E-01  0.000000E+00
  8.696090E-01  4.010715E-02  5.000000E-01  8.783927E-01  4.058676E-02  0.000000E+00 -1.588173E-03  4.172774E-04  2.387409E-18 -5.770354E-01  0.000000E+00
  8.696090E-01  4.010715E-02  5.000000E-01  8.783927E-01  4.058676E-02  0.000000E+00 -1.588173E-03  4.172774E-04  2.387409E-18 -5.770354E-01  0.000000E+00
  8.581400E-01  4.300525E-02  5.000000E-01  8.668078E-01  4.351413E-02  0.000000E+00 -1.880885E-03  4.476741E-04  1.558359E-18 -5.806543E-01  0.000000E+00
  8.460600E-01  4.572092E-02  5.000000E-01  8.546058E-01  4.625722E-02  0.000000E+00 -2.182337E-03  4.592238E-04 -1.023151E-19 -5.828138E-01  0.000000E+00
  8.333640E-01  4.817562E-02  5.000000E-01  8.417816E-01  4.873671E-02  0.000000E+00 -2.460601E-03  4.383032E-04  2.069700E-19 -5.833806E-01  0.000000E+00
  8.200460E-01  5.029563E-02  5.000000E-01  8.283291E-01  5.087813E-02  0.000000E+00 -2.582708E-03  3.610073E-04 -1.188023E-18 -5.937319E-01  0.000000E+00
  8.061050E-01  5.201609E-02  5.000000E-01  8.142473E-01  5.261596E-02  0.000000E+00 -2.145487E-03  2.158902E-04 -1.079592E-18 -6.410406E-01  0.000000E+00
  7.915460E-01  5.331470E-02  5.000000E-01  7.995413E-01  5.392769E-02  0.000000E+00 -3.874620E-04  3.056886E-05  2.123152E-18 -7.459402E-01  0.000000E+00
  7.763770E-01  5.423488E-02  5.000000E-01  7.842191E-01  5.485716E-02  0.000000E+00  3.539246E-03 -1.401491E-04  2.392260E-18 -8.885488E-01  0.000000E+00
  7.606070E-01  5.484906E-02  5.000000E-01  7.682899E-01  5.547754E-02  0.000000E+00  9.603764E-03 -2.176938E-04 -1.256110E-18 -1.012349E+00  0.000000E+00
  7.442510E-01  5.516388E-02  5.000000E-01  7.517687E-01  5.579554E-02  0.000000E+00  1.603217E-02 -1.241918E-04 -7.246146E-18 -1.074960E+00  0.000000E+00
  7.273250E-01  5.519464E-02  5.000000E-01  7.346718E-01  5.582661E-02  0.000000E+00  2.038744E-02  1.100748E-04 -1.254386E-17 -1.081601E+00  0.000000E+00
  7.098490E-01  5.498927E-02  5.000000E-01  7.170193E-01  5.561917E-02  0.000000E+00  2.177413E-02  3.322763E-04 -1.537736E-17 -1.065329E+00  0.000000E+00
  6.918480E-01  5.463706E-02  5.000000E-01  6.988365E-01  5.526340E-02  0.000000E+00  2.118531E-02  4.028188E-04 -1.461830E-17 -1.055694E+00  0.000000E+00
  6.733520E-01  5.427923E-02  5.000000E-01  6.801537E-01  5.490196E-02  0.000000E+00  2.007286E-02  2.815473E-04 -1.101571E-17 -1.067209E+00  0.000000E+00
  6.543930E-01  5.410524E-02  5.000000E-01  6.610032E-01  5.472621E-02  0.000000E+00  1.940113E-02  2.908700E-05 -5.997196E-18 -1.098142E+00  0.000000E+00
  6.350090E-01  5.422742E-02  5.000000E-01  6.414235E-01  5.484962E-02  0.000000E+00  1.955656E-02 -2.300270E-04 -2.055835E-18 -1.133943E+00  0.000000E+00
  6.152440E-01  5.457274E-02  5.000000E-01  6.214589E-01  5.519843E-02  0.000000E+00  2.038520E-02 -4.025205E-04  3.731220E-19 -1.160098E+00  0.000000E+00
  5.951420E-01  5.501838E-02  5.000000E-01  6.011539E-01  5.564857E-02  0.000000E+00  2.142712E-02 -4.414660E-04  1.214940E-18 -1.168961E+00  0.000000E+00
  5.747530E-01  5.541377E-02  5.000000E-01  5.805590E-01  5.604796E-02  0.000000E+00  2.229090E-02 -3.029988E-04  1.239507E-18 -1.157224E+00  0.000000E+00
  5.541290E-01  5.558797E-02  5.000000E-01  5.597267E-01  5.622391E-02  0.000000E+00  2.278098E-02  2.163460E-05  1.150531E-18 -1.126255E+00  0.000000E+00
  5.333260E-01  5.537946E-02  5.000000E-01  5.387136E-01  5.601330E-02  0.000000E+00  2.279997E-02  4.238340E-04  1.543413E-18 -1.086033E+00  0.000000E+00
  5.124010E-01  5.480392E-02  5.000000E-01  5.175773E-01  5.543194E-02  0.000000E+00  2.239193E-02  7.483979E-04  7.374708E-19 -1.050479E+00  0.000000E+00
  4.914140E-01  5.396965E-02  5.000000E-01  4.963783E-01  5.458925E-02  0.000000E+00  2.179662E-02  9.331806E-04 -1.154375E-18 -1.028404E+00  0.000000E+00
  4.704230E-01  5.300024E-02  5.000000E-01  4.751753E-01  5.361005E-02  0.000000E+00  2.127284E-02  9.805472E-04 -2.456914E-18 -1.023628E+00  0.000000E+00
  1.696960E-04 -5.222983E-04  5.000000E-01  1.730287E-04 -4.530032E-04  0.000000E+00 -6.295082E-02  9.305346E-02 -7.622754E-14  5.432708E-01  0.000000E+00
  8.054360E-04 -1.041288E-03  5.000000E-01  8.151890E-04 -9.772336E-04  0.000000E+00 -4.584302E-02  3.365333E-02 -5.889373E-14  1.102526E+00  0.000000E+00
  1.973980E-03 -1.687452E-03  5.000000E-01  1.995534E-03 -1.629923E-03  0.000000E+00 -2.060114E-02  1.094132E-02 -3.237831E-14  1.175455E+00  0.000000E+00
  3.614630E-03 -2.455279E-03  5.000000E-01  3.652753E-03 -2.405504E-03  0.000000E+00 -3.883332E-03  1.828679E-03 -1.110545E-14  1.153378E+00  0.000000E+00
  5.721210E-03 -3.351077E-03  5.000000E-01  5.780607E-03 -3.310349E-03  0.000000E+00  5.145375E-03 -2.062385E-03 -7.874103E-17  1.121938E+00  0.000000E+00
  8.297500E-03 -4.370013E-03  5.000000E-01  8.382914E-03 -4.339575E-03  0.000000E+00  9.518586E-03 -3.596491E-03  2.823317E-15  1.075064E+00  0.000000E+00
  1.136560E-02 -5.490079E-03  5.000000E-01  1.148200E-02 -5.470953E-03  0.000000E+00  1.140973E-02 -4.007016E-03  2.084831E-15  1.016933E+00  0.000000E+00
  1.493280E-02 -6.696442E-03  5.000000E-01  1.508522E-02 -6.689499E-03  0.000000E+00  1.215817E-02 -3.996501E-03  7.933003E-16  9.576244E-01  0.000000E+00
  1.899460E-02 -7.992658E-03  5.000000E-01  1.918804E-02 -7.998805E-03  0.000000E+00  1.258161E-02 -3.935855E-03  5.913199E-17  9.012182E-01  0.000000E+00
  2.354800E-02 -9.389139E-03  5.000000E-01  2.378743E-02 -9.409388E-03  0.000000E+00  1.309200E-02 -3.929631E-03 -1.385401E-16  8.448103E-01  0.000000E+00
  2.860130E-02 -1.087522E-02  5.000000E-01  2.889176E-02 -1.091047E-02  0.000000E+00  1.380738E-02 -3.960199E-03 -1.045609E-16  7.857664E-01  0.000000E+00
  3.416500E-02 -1.243271E-02  5.000000E-01  3.451165E-02 -1.248370E-02  0.000000E+00  1.470700E-02 -4.003370E-03 -3.899914E-17  7.254000E-01  0.000000E+00
  4.024810E-02 -1.404417E-02  5.000000E-01  4.065618E-02 -1.411143E-02  0.000000E+00  1.572636E-02 -4.033430E-03 -2.814523E-18  6.648045E-01  0.000000E+00
  4.686030E-02 -1.568789E-02  5.000000E-01  4.733515E-02 -1.577175E-02  0.000000E+00  1.679246E-02 -4.024442E-03  7.721318E-18  6.040085E-01  0.000000E+00
  5.401090E-02 -1.734146E-02  5.000000E-01  5.455797E-02 -1.744202E-02  0.000000E+00  1.784858E-02 -3.963580E-03  6.053738E-18  5.433970E-01  0.000000E+00
  6.170850E-02 -1.898401E-02  5.000000E-01  6.233330E-02 -1.910116E-02  0.000000E+00  1.885627E-02 -3.838472E-03  1.346879E-18  4.830156E-01  0.000000E+00
  6.996310E-02 -2.058761E-02  5.000000E-01  7.067126E-02 -2.072095E-02  0.000000E+00  1.978336E-02 -3.632638E-03 -1.576771E-19  4.227779E-01  0.000000E+00
  7.878500E-02 -2.211775E-02  5.000000E-01  7.958226E-02 -2.226654E-02  0.000000E+00  2.059959E-02 -3.339841E-03 -6.587180E-21  3.638210E-01  0.000000E+00
  8.818390E-02 -2.353903E-02  5.000000E-01  8.907607E-02 -2.370218E-02  0.000000E+00  2.126344E-02 -2.959247E-03 -6.286648E-19  3.079341E-01  0.000000E+00
  9.816930E-02 -2.481183E-02  5.000000E-01  9.916231E-02 -2.498783E-02  0.000000E+00  2.170291E-02 -2.489157E-03  5.670101E-19  2.570397E-01  0.000000E+00
  1.087500E-01 -2.589228E-02  5.000000E-01  1.098499E-01 -2.607919E-02  0.000000E+00  2.181067E-02 -1.938266E-03  2.585310E-18  2.139598E-01  0.000000E+00
  1.199340E-01 -2.673746E-02  5.000000E-01  1.211468E-01 -2.693291E-02  0.000000E+00  2.145066E-02 -1.330408E-03  1.929636E-18  1.822180E-01  0.000000E+00
  1.317280E-01 -2.730441E-02  5.000000E-01  1.330599E-01 -2.750558E-02  0.000000E+00  2.049498E-02 -7.088943E-04  1.032677E-18  1.654810E-01  0.000000E+00
  1.441380E-01 -2.755504E-02  5.000000E-01  1.455952E-01 -2.775874E-02  0.000000E+00  1.891011E-02 -1.438922E-04  1.476540E-18  1.674198E-01  0.000000E+00
  1.441380E-01 -2.755504E-02  5.000000E-01  1.455952E-01 -2.775874E-02  0.000000E+00  1.891011E-02 -1.438922E-04  1.476540E-18  1.674198E-01  0.000000E+00
  1.571670E-01 -2.747145E-02  5.000000E-01  1.587558E-01 -2.767431E-02  0.000000E+00  1.684730E-02  2.861704E-04  1.620375E-18  1.902784E-01  0.000000E+00
  1.708170E-01 -2.707243E-02  5.000000E-01  1.725437E-01 -2.727126E-02  0.000000E+00  1.466823E-02  5.265929E-04  1.228058E-18  2.328592E-01  0.000000E+00
  1.850860E-01 -2.644767E-02  5.000000E-01  1.869568E-01 -2.664019E-02  0.000000E+00  1.286696E-02  5.550828E-04  5.895074E-19  2.893795E-01  0.000000E+00
  1.999720E-01 -2.581077E-02  5.000000E-01  2.019931E-01 -2.599686E-02  0.000000E+00  1.192463E-02  3.551295E-04 -4.825494E-20  3.498606E-01  0.000000E+00
  2.154670E-01 -2.555259E-02  5.000000E-01  2.176446E-01 -2.573607E-02  0.000000E+00  1.212402E-02 -8.249811E-05  5.603173E-19  3.964383E-01  0.000000E+00
  2.315610E-01 -2.602538E-02  5.000000E-01  2.339011E-01 -2.621364E-02  0.000000E+00  1.346488E-02 -7.135364E-04  1.023806E-18  4.044887E-01  0.000000E+00
  2.482400E-01 -2.726167E-02  5.000000E-01  2.507486E-01 -2.746241E-02  0.000000E+00  1.582832E-02 -1.491820E-03  1.924157E-19  3.643451E-01  0.000000E+00
  2.654840E-01 -2.917592E-02  5.000000E-01  2.681667E-01 -2.939599E-02  0.000000E+00  1.902310E-02 -2.348911E-03 -9.034868E-20  2.824644E-01  0.000000E+00
  2.832720E-01 -3.155606E-02  5.000000E-01  2.861343E-01 -3.180017E-02  0.000000E+00  2.256795E-02 -3.037706E-03  2.210286E-19  1.628114E-01  0.000000E+00
  3.015770E-01 -3.403758E-02  5.000000E-01  3.046242E-01 -3.430675E-02  0.000000E+00  2.552069E-02 -3.102774E-03 -7.190655E-19  7.518399E-03  0.000000E+00
  3.203660E-01 -3.609839E-02  5.000000E-01  3.236029E-01 -3.638838E-02  0.000000E+00  2.656015E-02 -2.157369E-03 -2.964437E-18 -1.699122E-01  0.000000E+00
  3.396030E-01 -3.711557E-02  5.000000E-01  3.430342E-01 -3.741583E-02  0.000000E+00  2.490119E-02 -5.817428E-04 -5.314037E-18 -3.175689E-01  0.000000E+00
  3.592490E-01 -3.688815E-02  5.000000E-01  3.628786E-01 -3.718611E-02  0.000000E+00  2.130181E-02  6.823835E-04 -4.890287E-18 -3.664598E-01  0.000000E+00
  3.792580E-01 -3.570087E-02  5.000000E-01  3.830897E-01 -3.598684E-02  0.000000E+00  1.747559E-02  1.256225E-03 -2.328033E-18 -3.013502E-01  0.000000E+00
  3.995810E-01 -3.390949E-02  5.000000E-01  4.036179E-01 -3.417737E-02  0.000000E+00  1.478442E-02  1.368588E-03 -5.350564E-20 -1.695123E-01  0.000000E+00
  4.201670E-01 -3.191430E-02  5.000000E-01  4.244118E-01 -3.216203E-02  0.000000E+00  1.375306E-02  1.259344E-03  1.133689E-18 -3.699979E-02  0.000000E+00
  4.409600E-01 -3.014624E-02  5.000000E-01  4.454148E-01 -3.037611E-02  0.000000E+00  1.423460E-02  1.028998E-03  2.531403E-19  4.640146E-02  0.000000E+00
  4.619030E-01 -2.890625E-02  5.000000E-01  4.665693E-01 -2.912360E-02  0.000000E+00  1.567278E-02  8.030815E-04  4.334769E-19  5.760382E-02  0.000000E+00
  4.829360E-01 -2.799723E-02  5.000000E-01  4.878147E-01 -2.820540E-02  0.000000E+00  1.738240E-02  7.403243E-04  1.880095E-18  7.499778E-03  0.000000E+00
  5.039990E-01 -2.711081E-02  5.000000E-01  5.090904E-01 -2.731003E-02  0.000000E+00  1.866476E-02  9.103856E-04  1.660799E-18 -6.724692E-02  0.000000E+00
  5.250310E-01 -2.594472E-02  5.000000E-01  5.303348E-01 -2.613216E-02  0.000000E+00  1.882556E-02  1.295906E-03  1.675932E-18 -1.323833E-01  0.000000E+00
  5.459710E-01 -2.421135E-02  5.000000E-01  5.514863E-01 -2.438129E-02  0.000000E+00  1.750116E-02  1.758677E-03  1.795726E-18 -1.634223E-01  0.000000E+00
  5.667600E-01 -2.169098E-02  5.000000E-01  5.724852E-01 -2.183546E-02  0.000000E+00  1.507072E-02  2.038716E-03  6.321248E-19 -1.400865E-01  0.000000E+00
  4.704230E-01  5.300024E-02  5.000000E-01  4.751753E-01  5.361005E-02  0.000000E+00  2.127284E-02  9.805472E-04 -2.456914E-18 -1.023628E+00  0.000000E+00
  4.494880E-01  5.202943E-02  5.000000E-01  4.540289E-01  5.262944E-02  0.000000E+00  2.099803E-02  9.088470E-04 -5.683945E-18 -1.035883E+00  0.000000E+00
  4.286690E-01  5.118817E-02  5.000000E-01  4.329997E-01  5.177968E-02  0.000000E+00  2.110537E-02  7.831643E-04 -1.045771E-17 -1.057935E+00  0.000000E+00
  4.080230E-01  5.049348E-02  5.000000E-01  4.121452E-01  5.107797E-02  0.000000E+00  2.163245E-02  7.029786E-04 -1.483533E-17 -1.078096E+00  0.000000E+00
  3.876050E-01  4.985846E-02  5.000000E-01  3.915210E-01  5.043655E-02  0.000000E+00  2.241409E-02  7.196689E-04 -1.793382E-17 -1.088654E+00  0.000000E+00
  3.674690E-01  4.919495E-02  5.000000E-01  3.711816E-01  4.976633E-02  0.000000E+00  2.319347E-02  8.367543E-04 -1.951167E-17 -1.087416E+00  0.000000E+00
  3.476650E-01  4.842227E-02  5.000000E-01  3.511776E-01  4.898585E-02  0.000000E+00  2.379801E-02  1.049743E-03 -1.942120E-17 -1.074707E+00  0.000000E+00
  3.282390E-01  4.747035E-02  5.000000E-01  3.315554E-01  4.802432E-02  0.000000E+00  2.416297E-02  1.340398E-03 -1.850627E-17 -1.052755E+00  0.000000E+00
  3.092330E-01  4.629399E-02  5.000000E-01  3.123575E-01  4.683607E-02  0.000000E+00  2.427754E-02  1.660580E-03 -1.707494E-17 -1.025976E+00  0.000000E+00
  2.906860E-01  4.490263E-02  5.000000E-01  2.936232E-01  4.543067E-02  0.000000E+00  2.418231E-02  1.964777E-03 -1.488225E-17 -9.986917E-01  0.000000E+00
  2.726330E-01  4.332131E-02  5.000000E-01  2.753879E-01  4.383337E-02  0.000000E+00  2.395859E-02  2.240267E-03 -1.289437E-17 -9.730039E-01  0.000000E+00
  2.551020E-01  4.157667E-02  5.000000E-01  2.576799E-01  4.207111E-02  0.000000E+00  2.367257E-02  2.488815E-03 -1.172873E-17 -9.496045E-01  0.000000E+00
  2.381210E-01  3.969510E-02  5.000000E-01  2.405274E-01  4.017055E-02  0.000000E+00  2.336284E-02  2.717363E-03 -1.154829E-17 -9.285371E-01  0.000000E+00
  2.217090E-01  3.769697E-02  5.000000E-01  2.239496E-01  3.815223E-02  0.000000E+00  2.304434E-02  2.930478E-03 -1.088436E-17 -9.103998E-01  0.000000E+00
  2.058840E-01  3.559922E-02  5.000000E-01  2.079648E-01  3.603330E-02  0.000000E+00  2.269775E-02  3.097177E-03 -1.076045E-17 -8.990276E-01  0.000000E+00
  1.906600E-01  3.345778E-02  5.000000E-01  1.925871E-01  3.387024E-02  0.000000E+00  2.231931E-02  3.159665E-03 -1.538102E-17 -9.006926E-01  0.000000E+00
  1.760460E-01  3.137091E-02  5.000000E-01  1.778255E-01  3.176229E-02  0.000000E+00  2.202428E-02  3.128738E-03 -2.480206E-17 -9.167994E-01  0.000000E+00
  1.620500E-01  2.939250E-02  5.000000E-01  1.636881E-01  2.976390E-02  0.000000E+00  2.197408E-02  3.077526E-03 -4.143051E-17 -9.426044E-01  0.000000E+00
  1.486750E-01  2.753777E-02  5.000000E-01  1.501781E-01  2.789044E-02  0.000000E+00  2.222107E-02  3.055352E-03 -6.983630E-17 -9.724805E-01  0.000000E+00
  1.359210E-01  2.580009E-02  5.000000E-01  1.372953E-01  2.613521E-02  0.000000E+00  2.269160E-02  3.075518E-03 -1.170613E-16 -1.002298E+00  0.000000E+00
  1.237890E-01  2.416506E-02  5.000000E-01  1.250407E-01  2.448367E-02  0.000000E+00  2.325658E-02  3.133841E-03 -1.977109E-16 -1.029796E+00  0.000000E+00
  1.122730E-01  2.261400E-02  5.000000E-01  1.134084E-01  2.291695E-02  0.000000E+00  2.380571E-02  3.222967E-03 -3.336998E-16 -1.054215E+00  0.000000E+00
  1.013710E-01  2.113058E-02  5.000000E-01  1.023963E-01  2.141855E-02  0.000000E+00  2.427992E-02  3.336588E-03 -5.612032E-16 -1.075838E+00  0.000000E+00
  9.107400E-02  1.970189E-02  5.000000E-01  9.199536E-02  1.997543E-02  0.000000E+00  2.467157E-02  3.475401E-03 -9.416750E-16 -1.095228E+00  0.000000E+00
  9.107400E-02  1.970189E-02  5.000000E-01  9.199536E-02  1.997543E-02  0.000000E+00  2.467157E-02  3.475401E-03 -9.416750E-16 -1.095228E+00  0.000000E+00
  8.137660E-02  1.831562E-02  5.000000E-01  8.220003E-02  1.857516E-02  0.000000E+00  2.499356E-02  3.640052E-03 -1.578169E-15 -1.113207E+00  0.000000E+00
  7.227050E-02  1.696493E-02  5.000000E-01  7.300197E-02  1.721083E-02  0.000000E+00  2.525937E-02  3.826804E-03 -2.642957E-15 -1.130845E+00  0.000000E+00
  6.374670E-02  1.564679E-02  5.000000E-01  6.439209E-02  1.587937E-02  0.000000E+00  2.548478E-02  4.037126E-03 -4.415712E-15 -1.148898E+00  0.000000E+00
  5.579720E-02  1.435764E-02  5.000000E-01  5.636231E-02  1.457720E-02  0.000000E+00  2.567053E-02  4.266841E-03 -7.325376E-15 -1.168359E+00  0.000000E+00
  4.841260E-02  1.310008E-02  5.000000E-01  4.890313E-02  1.330694E-02  0.000000E+00  2.581211E-02  4.509710E-03 -1.196490E-14 -1.190297E+00  0.000000E+00
  4.158390E-02  1.187703E-02  5.000000E-01  4.200547E-02  1.207154E-02  0.000000E+00  2.591092E-02  4.769984E-03 -1.897833E-14 -1.215212E+00  0.000000E+00
  3.530370E-02  1.068938E-02  5.000000E-01  3.566185E-02  1.087190E-02  0.000000E+00  2.594226E-02  5.040676E-03 -2.869769E-14 -1.244001E+00  0.000000E+00
  2.956270E-02  9.543348E-03  5.000000E-01  2.986287E-02  9.714295E-03  0.000000E+00  2.586691E-02  5.313999E-03 -4.049014E-14 -1.277368E+00  0.000000E+00
  2.435310E-02  8.442855E-03  5.000000E-01  2.460066E-02  8.602687E-03  0.000000E+00  2.561757E-02  5.594289E-03 -5.192809E-14 -1.314827E+00  0.000000E+00
  1.967110E-02  7.386222E-03  5.000000E-01  1.987137E-02  7.535384E-03  0.000000E+00  2.500593E-02  5.840460E-03 -5.853222E-14 -1.356736E+00  0.000000E+00
  1.550860E-02  6.378902E-03  5.000000E-01  1.566684E-02  6.517891E-03  0.000000E+00  2.379638E-02  5.988306E-03 -5.562811E-14 -1.403439E+00  0.000000E+00
  1.185930E-02  5.423192E-03  5.000000E-01  1.198068E-02  5.552530E-03  0.000000E+00  2.192110E-02  6.024849E-03 -4.213515E-14 -1.453179E+00  0.000000E+00
  8.724160E-03  4.513998E-03  5.000000E-01  8.813883E-03  4.634154E-03  0.000000E+00  1.975311E-02  6.032441E-03 -2.298023E-14 -1.505137E+00  0.000000E+00
  6.091130E-03  3.658832E-03  5.000000E-01  6.154262E-03  3.770352E-03  0.000000E+00  1.865547E-02  6.533443E-03 -7.392625E-15 -1.554150E+00  0.000000E+00
  3.952840E-03  2.859853E-03  5.000000E-01  3.994378E-03  2.963304E-03  0.000000E+00  2.053399E-02  8.768102E-03 -2.227407E-15 -1.584014E+00  0.000000E+00
  2.330070E-03  2.102949E-03  5.000000E-01  2.355220E-03  2.198756E-03  0.000000E+00  2.524532E-02  1.393642E-02 -6.593805E-15 -1.584476E+00  0.000000E+00
  1.198080E-03  1.406630E-03  5.000000E-01  1.211798E-03  1.495405E-03  0.000000E+00  2.992869E-02  2.217016E-02 -1.521424E-14 -1.565259E+00  0.000000E+00
  5.019560E-04  8.056740E-04  5.000000E-01  5.086442E-04  8.883801E-04  0.000000E+00  3.336187E-02  3.560064E-02 -2.472359E-14 -1.566859E+00  0.000000E+00
  1.313430E-04  3.358807E-04  5.000000E-01  1.342884E-04  4.138425E-04  0.000000E+00  3.803335E-02  7.460458E-02 -3.518215E-14 -1.586148E+00  0.000000E+00
  8.078190E-06  3.222030E-05  5.000000E-01  9.778777E-06  1.071155E-04  0.000000E+00  3.235330E-02  1.782205E-01 -4.864354E-14 -1.485863E+00  0.000000E+00
 -1.602820E-06 -7.382424E-05  5.000000E-01  0.000000E+00  0.000000E+00  0.000000E+00 -4.547352E-03  2.542741E-01 -6.132521E-14 -1.180130E+00  0.000000E+00
  9.141860E-06 -1.842094E-04  5.000000E-01  1.085319E-05 -1.114999E-04  0.000000E+00 -4.908572E-02  1.966101E-01 -7.318543E-14 -4.567300E-01  0.000000E+00
  1.696960E-04 -5.222983E-04  5.000000E-01  1.730287E-04 -4.530032E-04  0.000000E+00 -6.295082E-02  9.305346E-02 -7.622754E-14  5.432708E-01  0.000000E+00
    1    2
    2    3
    3    4
    4    5
    5    6
    6    7
    7    8
    8    9
    9   10
   10   11
   11   12
   12   13
   13   14
   14   15
   15   16
   16   17
   17   18
   18   19
   19   20
   20   21
   21   22
   22   23
   23   24
   25   26
   26   27
   27   28
   28   29
   29   30
   30   31
   31   32
   32   33
   33   34
   34   35
   35   36
   36   37
   37   38
   38   39
   39   40
   40   41
   41   42
   42   43
   43   44
   44   45
   45   46
   46   47
   47   48
   49   50
   50   51
   51   52
   52   53
   53   54
   54   55
   55   56
   56   57
   57   58
   58   59
   59   60
   60   61
   61   62
   62   63
   63   64
   64   65
   65   66
   66   67
   67   68
   68   69
   69   70
   70   71
   71   72
   73   74
   74   75
   75   76
   76   77
   77   78
   78   79
   79   80
   80   81
   81   82
   82   83
   83   84
   84   85
   85   86
   86   87
   87   88
   88   89
   89   90
   90   91
   91   92
   92   93
   93   94
   94   95
   95   96
   97   98
   98   99
   99  100
  100  101
  101  102
  102  103
  103  104
  104  105
  105  106
  106  107
  107  108
  108  109
  109  110
  110  111
  111  112
  112  113
  113  114
  114  115
  115  116
  116  117
  117  118
  118  119
  119  120
  121  122
  122  123
  123  124
  124  125
  125  126
  126  127
  127  128
  128  129
  129  130
  130  131
  131  132
  132  133
  133  134
  134  135
  135  136
  136  137
  137  138
  138  139
  139  140
  140  141
  141  142
  142  143
  143  144
  145  146
  146  147
  147  148
  148  149
  149  150
  150  151
  151  152
  152  153
  153  154
  154  155
  155  156
  156  157
  157  158
  158  159
  159  160
  160  161
  161  162
  162  163
  163  164
  164  165
  165  166
  166  167
  167  168
  169  170
  170  171
  171  172
  172  173
  173  174
  174  175
  175  176
  176  177
  177  178
  178  179
  179  180
  180  181
  181  182
  182  183
  183  184
  184  185
  185  186
  186  187
  187  188
  188  189
  189  190
  190  191
  191  192
