 Title = "ADflow Slice Data"
Variables =  "CoordinateX"  "CoordinateY"  "CoordinateZ"  "XoC"  "YoC"  "ZoC" "VelocityX" "VelocityY" "VelocityZ" "CoefPressure" "Mach" 
Zone T= "Slice_0001 None Absolute Regular z = 0.50000000"
 Nodes =          192  Elements=          184  ZONETYPE=FELINESEG
 DATAPACKING=POINT
  5.667600E-01 -1.507829E-02  5.000000E-01  5.724853E-01 -1.519193E-02  0.000000E+00  1.339186E-02  1.527254E-03  2.532113E-18  1.011066E-01  0.000000E+00
  5.873410E-01 -1.271887E-02  5.000000E-01  5.932741E-01 -1.280869E-02  0.000000E+00  1.289281E-02  1.476469E-03  1.142229E-18  1.238963E-01  0.000000E+00
  6.076580E-01 -1.039488E-02  5.000000E-01  6.137963E-01 -1.046123E-02  0.000000E+00  1.245478E-02  1.415187E-03  1.592323E-18  1.456141E-01  0.000000E+00
  6.276600E-01 -8.138133E-03  5.000000E-01  6.340003E-01 -8.181684E-03  0.000000E+00  1.207515E-02  1.347439E-03  2.399035E-18  1.657158E-01  0.000000E+00
  6.472970E-01 -5.972501E-03  5.000000E-01  6.538356E-01 -5.994182E-03  0.000000E+00  1.174435E-02  1.278049E-03  3.712851E-19  1.838633E-01  0.000000E+00
  6.665260E-01 -3.909385E-03  5.000000E-01  6.732588E-01 -3.910231E-03  0.000000E+00  1.145221E-02  1.209455E-03 -1.601785E-18  2.002707E-01  0.000000E+00
  6.853050E-01 -1.958204E-03  5.000000E-01  6.922274E-01 -1.939345E-03  0.000000E+00  1.119288E-02  1.139041E-03 -4.659221E-19  2.157302E-01  0.000000E+00
  7.035980E-01 -1.360670E-04  5.000000E-01  7.107052E-01 -9.880691E-05  0.000000E+00  1.095653E-02  1.064160E-03  4.963821E-19  2.305751E-01  0.000000E+00
  7.213750E-01  1.545160E-03  5.000000E-01  7.286617E-01  1.599399E-03  0.000000E+00  1.072063E-02  9.852331E-04 -3.037469E-20  2.444631E-01  0.000000E+00
  7.386080E-01  3.081254E-03  5.000000E-01  7.460687E-01  3.151006E-03  0.000000E+00  1.045633E-02  9.043934E-04 -1.068792E-18  2.573146E-01  0.000000E+00
  7.552750E-01  4.477344E-03  5.000000E-01  7.629040E-01  4.561194E-03  0.000000E+00  1.014556E-02  8.258893E-04 -7.997391E-19  2.695585E-01  0.000000E+00
  7.713580E-01  5.746271E-03  5.000000E-01  7.791495E-01  5.842936E-03  0.000000E+00  9.801193E-03  7.515288E-04 -1.017821E-19  2.817527E-01  0.000000E+00
  7.868410E-01  6.899001E-03  5.000000E-01  7.947888E-01  7.007308E-03  0.000000E+00  9.490297E-03  6.639629E-04  6.367492E-19  2.956209E-01  0.000000E+00
  8.017160E-01  7.875516E-03  5.000000E-01  8.098140E-01  7.993683E-03  0.000000E+00  9.314149E-03  5.402745E-04  1.747448E-18  3.115005E-01  0.000000E+00
  8.159740E-01  8.592357E-03  5.000000E-01  8.242160E-01  8.717765E-03  0.000000E+00  9.336489E-03  3.859235E-04  2.371736E-18  3.244200E-01  0.000000E+00
  8.296120E-01  9.031806E-03  5.000000E-01  8.379918E-01  9.161652E-03  0.000000E+00  9.561133E-03  2.185974E-04  2.897404E-18  3.295068E-01  0.000000E+00
  8.426300E-01  9.210058E-03  5.000000E-01  8.511412E-01  9.341703E-03  0.000000E+00  9.964668E-03  4.512898E-05  1.737497E-18  3.267021E-01  0.000000E+00
  8.550290E-01  9.158433E-03  5.000000E-01  8.636654E-01  9.289557E-03  0.000000E+00  1.051882E-02 -1.334782E-04  9.685904E-19  3.179916E-01  0.000000E+00
  8.668160E-01  8.914623E-03  5.000000E-01  8.755715E-01  9.043285E-03  0.000000E+00  1.119463E-02 -3.160786E-04  6.110789E-19  3.047255E-01  0.000000E+00
  8.779950E-01  8.519865E-03  5.000000E-01  8.868634E-01  8.644540E-03  0.000000E+00  1.196224E-02 -5.001163E-04 -2.347451E-19  2.874646E-01  0.000000E+00
  8.885730E-01  8.013411E-03  5.000000E-01  8.975482E-01  8.132972E-03  0.000000E+00  1.279236E-02 -6.830162E-04 -3.740045E-19  2.667972E-01  0.000000E+00
  8.985610E-01  7.428619E-03  5.000000E-01  9.076371E-01  7.542274E-03  0.000000E+00  1.365237E-02 -8.580303E-04  3.997332E-19  2.432446E-01  0.000000E+00
  9.079670E-01  6.799251E-03  5.000000E-01  9.171381E-01  6.906550E-03  0.000000E+00  1.450299E-02 -1.012789E-03  8.175428E-20  2.172690E-01  0.000000E+00
  9.168010E-01  6.157809E-03  5.000000E-01  9.260613E-01  6.258630E-03  0.000000E+00  1.530658E-02 -1.138150E-03  1.194538E-19  1.899283E-01  0.000000E+00
  9.168010E-01  6.157809E-03  5.000000E-01  9.260613E-01  6.258630E-03  0.000000E+00  1.530658E-02 -1.138150E-03  1.194538E-19  1.899283E-01  0.000000E+00
  9.250730E-01  5.529090E-03  5.000000E-01  9.344168E-01  5.623561E-03  0.000000E+00  1.603996E-02 -1.235346E-03  1.531263E-18  1.627475E-01  0.000000E+00
  9.327940E-01  4.927330E-03  5.000000E-01  9.422158E-01  5.015725E-03  0.000000E+00  1.670261E-02 -1.316084E-03  2.203382E-18  1.370401E-01  0.000000E+00
  9.399760E-01  4.355805E-03  5.000000E-01  9.494703E-01  4.438428E-03  0.000000E+00  1.731077E-02 -1.391903E-03  1.638431E-18  1.130748E-01  0.000000E+00
  9.466320E-01  3.815215E-03  5.000000E-01  9.561935E-01  3.892379E-03  0.000000E+00  1.788460E-02 -1.467335E-03  2.155570E-18  9.011385E-02  0.000000E+00
  9.527730E-01  3.306380E-03  5.000000E-01  9.623965E-01  3.378405E-03  0.000000E+00  1.844878E-02 -1.548875E-03  4.454529E-18  6.761740E-02  0.000000E+00
  9.584110E-01  2.827160E-03  5.000000E-01  9.680915E-01  2.894345E-03  0.000000E+00  1.903601E-02 -1.647170E-03  3.602026E-18  4.535305E-02  0.000000E+00
  9.635570E-01  2.374321E-03  5.000000E-01  9.732895E-01  2.436933E-03  0.000000E+00  1.968021E-02 -1.768102E-03 -7.603908E-18  2.260305E-02  0.000000E+00
  9.682220E-01  1.946795E-03  5.000000E-01  9.780016E-01  2.005089E-03  0.000000E+00  2.041349E-02 -1.912305E-03 -3.313851E-17 -1.721254E-03  0.000000E+00
  9.724140E-01  1.545860E-03  5.000000E-01  9.822359E-01  1.600105E-03  0.000000E+00  2.128389E-02 -2.087785E-03 -3.973280E-17 -2.825056E-02  0.000000E+00
  9.761430E-01  1.171440E-03  5.000000E-01  9.860026E-01  1.221905E-03  0.000000E+00  2.237353E-02 -2.311705E-03  7.006728E-17 -5.743725E-02  0.000000E+00
  9.794160E-01  8.242704E-04  5.000000E-01  9.893086E-01  8.712288E-04  0.000000E+00  2.378445E-02 -2.597489E-03  3.593029E-16 -9.036281E-02  0.000000E+00
  9.822400E-01  5.074292E-04  5.000000E-01  9.921611E-01  5.511879E-04  0.000000E+00  2.556759E-02 -2.947333E-03  5.105831E-16 -1.284809E-01  0.000000E+00
  9.846200E-01  2.260649E-04  5.000000E-01  9.945652E-01  2.669821E-04  0.000000E+00  2.759199E-02 -3.348029E-03 -5.395967E-16 -1.721410E-01  0.000000E+00
  9.865620E-01 -1.453615E-05  5.000000E-01  9.965268E-01  2.395122E-05  0.000000E+00  2.941132E-02 -3.711801E-03 -3.890332E-15 -2.194528E-01  0.000000E+00
  9.880680E-01 -2.086060E-04  5.000000E-01  9.980480E-01 -1.720786E-04  0.000000E+00  2.987791E-02 -3.826999E-03 -7.065567E-15 -2.766660E-01  0.000000E+00
  9.891420E-01 -3.514240E-04  5.000000E-01  9.991328E-01 -3.163388E-04  0.000000E+00  2.813150E-02 -3.911547E-03  2.234389E-15 -3.435581E-01  0.000000E+00
  9.897860E-01 -4.389487E-04  5.000000E-01  9.997833E-01 -4.047474E-04  0.000000E+00  3.789039E-02 -4.013740E-03  4.126008E-14 -2.894674E-01  0.000000E+00
  9.900000E-01 -4.683023E-04  5.000000E-01  9.999995E-01 -4.343974E-04  0.000000E+00  2.619117E-02  5.267570E-03  3.712937E-14 -5.821063E-01  0.000000E+00
  9.900000E-01 -1.843754E-04  5.000000E-01  9.999995E-01 -1.476032E-04  0.000000E+00  1.229983E-03 -7.885720E-03  3.675224E-15 -8.089070E-01  0.000000E+00
  9.900000E-01  9.955148E-05  5.000000E-01  9.999995E-01  1.391910E-04  0.000000E+00 -4.469409E-04 -2.274971E-02  3.132442E-15 -6.284545E-01  0.000000E+00
  9.900000E-01  3.834784E-04  5.000000E-01  9.999995E-01  4.259852E-04  0.000000E+00 -1.436296E-04 -8.863268E-03  3.107110E-15 -6.284064E-01  0.000000E+00
  9.900000E-01  6.674052E-04  5.000000E-01  9.999995E-01  7.127794E-04  0.000000E+00  4.647006E-04 -5.230012E-03  3.266383E-15 -6.882893E-01  0.000000E+00
  9.900000E-01  9.513321E-04  5.000000E-01  9.999995E-01  9.995737E-04  0.000000E+00  6.797997E-03 -6.632838E-03  3.449725E-15 -6.300373E-01  0.000000E+00
  9.900000E-01  9.513321E-04  5.000000E-01  9.999995E-01  9.995737E-04  0.000000E+00  6.797997E-03 -6.632838E-03  3.449725E-15 -6.300373E-01  0.000000E+00
  9.897890E-01  1.017904E-03  5.000000E-01  9.997864E-01  1.066818E-03  0.000000E+00  9.016729E-03 -3.469930E-03  3.047951E-15 -5.524742E-01  0.000000E+00
  9.891540E-01  1.218674E-03  5.000000E-01  9.991450E-01  1.269615E-03  0.000000E+00  4.568418E-03 -1.351476E-03  1.983948E-15 -5.710761E-01  0.000000E+00
  9.880950E-01  1.555408E-03  5.000000E-01  9.980753E-01  1.609750E-03  0.000000E+00  3.025331E-03 -9.610970E-04  1.055038E-15 -5.706351E-01  0.000000E+00
  9.866100E-01  2.031333E-03  5.000000E-01  9.965753E-01  2.090481E-03  0.000000E+00  1.984230E-03 -6.499324E-04  4.876208E-16 -5.627344E-01  0.000000E+00
  9.846960E-01  2.650662E-03  5.000000E-01  9.946419E-01  2.716065E-03  0.000000E+00  9.963193E-04 -3.235963E-04  2.046908E-16 -5.590956E-01  0.000000E+00
  9.823490E-01  3.418251E-03  5.000000E-01  9.922712E-01  3.491406E-03  0.000000E+00  1.853287E-04 -5.929815E-05  7.306542E-17 -5.581151E-01  0.000000E+00
  9.795670E-01  4.338749E-03  5.000000E-01  9.894611E-01  4.421199E-03  0.000000E+00 -4.275782E-04  1.426483E-04  1.127154E-17 -5.583560E-01  0.000000E+00
  9.763420E-01  5.417935E-03  5.000000E-01  9.862036E-01  5.511284E-03  0.000000E+00 -8.714728E-04  2.932450E-04 -1.314568E-17 -5.597999E-01  0.000000E+00
  9.726710E-01  6.659544E-03  5.000000E-01  9.824955E-01  6.765432E-03  0.000000E+00 -1.170660E-03  3.977155E-04 -1.621185E-17 -5.623335E-01  0.000000E+00
  9.685460E-01  8.066755E-03  5.000000E-01  9.783288E-01  8.186854E-03  0.000000E+00 -1.342411E-03  4.595394E-04 -1.055666E-17 -5.655373E-01  0.000000E+00
  9.639600E-01  9.641710E-03  5.000000E-01  9.736965E-01  9.777715E-03  0.000000E+00 -1.403343E-03  4.832755E-04 -5.004690E-18 -5.689038E-01  0.000000E+00
  9.589060E-01  1.138656E-02  5.000000E-01  9.685915E-01  1.154018E-02  0.000000E+00 -1.373848E-03  4.751866E-04 -2.452962E-18 -5.719569E-01  0.000000E+00
  9.533750E-01  1.330248E-02  5.000000E-01  9.630046E-01  1.347546E-02  0.000000E+00 -1.279770E-03  4.435927E-04 -8.653445E-20 -5.743327E-01  0.000000E+00
  9.473580E-01  1.538823E-02  5.000000E-01  9.569269E-01  1.558227E-02  0.000000E+00 -1.150926E-03  3.986387E-04  7.097559E-19 -5.758455E-01  0.000000E+00
  9.408450E-01  1.764048E-02  5.000000E-01  9.503481E-01  1.785727E-02  0.000000E+00 -1.017523E-03  3.510205E-04 -5.554302E-19 -5.765243E-01  0.000000E+00
  9.338260E-01  2.005394E-02  5.000000E-01  9.432582E-01  2.029510E-02  0.000000E+00 -9.062561E-04  3.102323E-04 -1.352338E-18 -5.765969E-01  0.000000E+00
  9.262910E-01  2.262016E-02  5.000000E-01  9.356471E-01  2.288724E-02  0.000000E+00 -8.377002E-04  2.833029E-04 -8.184318E-19 -5.764157E-01  0.000000E+00
  9.182290E-01  2.532634E-02  5.000000E-01  9.275037E-01  2.562074E-02  0.000000E+00 -8.257565E-04  2.743146E-04  9.639863E-19 -5.763513E-01  0.000000E+00
  9.096280E-01  2.815475E-02  5.000000E-01  9.188158E-01  2.847772E-02  0.000000E+00 -8.781080E-04  2.845100E-04  1.710712E-18 -5.767640E-01  0.000000E+00
  9.004770E-01  3.108193E-02  5.000000E-01  9.095724E-01  3.143446E-02  0.000000E+00 -9.965913E-04  3.125172E-04  1.905314E-18 -5.779696E-01  0.000000E+00
  8.907650E-01  3.407696E-02  5.000000E-01  8.997623E-01  3.445973E-02  0.000000E+00 -1.178444E-03  3.540338E-04  1.488402E-18 -5.800540E-01  0.000000E+00
  8.804800E-01  3.709845E-02  5.000000E-01  8.893735E-01  3.751173E-02  0.000000E+00 -1.416896E-03  4.014203E-04 -5.126635E-19 -5.829172E-01  0.000000E+00
  8.696090E-01  4.009065E-02  5.000000E-01  8.783927E-01  4.053416E-02  0.000000E+00 -1.697764E-03  4.452522E-04 -1.077029E-18 -5.864955E-01  0.000000E+00
  8.696090E-01  4.009065E-02  5.000000E-01  8.783927E-01  4.053416E-02  0.000000E+00 -1.697764E-03  4.452522E-04 -1.077029E-18 -5.864955E-01  0.000000E+00
  8.581400E-01  4.298154E-02  5.000000E-01  8.668079E-01  4.345424E-02  0.000000E+00 -2.001065E-03  4.766118E-04 -3.812387E-19 -5.898121E-01  0.000000E+00
  8.460600E-01  4.568696E-02  5.000000E-01  8.546059E-01  4.618699E-02  0.000000E+00 -2.309037E-03  4.853915E-04  2.863575E-19 -5.906672E-01  0.000000E+00
  8.333640E-01  4.812712E-02  5.000000E-01  8.417817E-01  4.865178E-02  0.000000E+00 -2.567135E-03  4.511019E-04 -1.078471E-19 -5.921895E-01  0.000000E+00
  8.200460E-01  5.022650E-02  5.000000E-01  8.283292E-01  5.077236E-02  0.000000E+00 -2.543705E-03  3.455720E-04 -8.796236E-19 -6.135230E-01  0.000000E+00
  8.061050E-01  5.191779E-02  5.000000E-01  8.142474E-01  5.248074E-02  0.000000E+00 -1.659583E-03  1.633753E-04 -8.989100E-19 -6.839321E-01  0.000000E+00
  7.915460E-01  5.317540E-02  5.000000E-01  7.995413E-01  5.375105E-02  0.000000E+00  9.668400E-04 -5.115708E-05 -2.440496E-19 -8.097103E-01  0.000000E+00
  7.763770E-01  5.403873E-02  5.000000E-01  7.842191E-01  5.462309E-02  0.000000E+00  5.951832E-03 -2.161316E-04  3.716857E-20 -9.512031E-01  0.000000E+00
  7.606070E-01  5.457719E-02  5.000000E-01  7.682899E-01  5.516699E-02  0.000000E+00  1.256994E-02 -2.346778E-04 -1.178138E-18 -1.050170E+00  0.000000E+00
  7.442510E-01  5.479797E-02  5.000000E-01  7.517687E-01  5.539000E-02  0.000000E+00  1.843362E-02 -4.940067E-05 -4.271305E-18 -1.082053E+00  0.000000E+00
  7.273250E-01  5.471860E-02  5.000000E-01  7.346718E-01  5.530983E-02  0.000000E+00  2.146185E-02  2.508963E-04 -9.140244E-18 -1.067978E+00  0.000000E+00
  7.098490E-01  5.439101E-02  5.000000E-01  7.170193E-01  5.497893E-02  0.000000E+00  2.170159E-02  4.833983E-04 -1.210364E-17 -1.042960E+00  0.000000E+00
  6.918480E-01  5.391043E-02  5.000000E-01  6.988365E-01  5.449350E-02  0.000000E+00  2.056682E-02  5.360281E-04 -1.256875E-17 -1.031624E+00  0.000000E+00
  6.733520E-01  5.342590E-02  5.000000E-01  6.801537E-01  5.400407E-02  0.000000E+00  1.935939E-02  3.977087E-04 -1.019565E-17 -1.044730E+00  0.000000E+00
  6.543930E-01  5.313569E-02  5.000000E-01  6.610032E-01  5.371093E-02  0.000000E+00  1.877734E-02  1.336454E-04 -6.816054E-18 -1.078892E+00  0.000000E+00
  6.350090E-01  5.315893E-02  5.000000E-01  6.414235E-01  5.373441E-02  0.000000E+00  1.904778E-02 -1.395073E-04 -4.848041E-18 -1.118891E+00  0.000000E+00
  6.152440E-01  5.342931E-02  5.000000E-01  6.214589E-01  5.400752E-02  0.000000E+00  1.996558E-02 -3.387366E-04 -3.877012E-18 -1.150315E+00  0.000000E+00
  5.951420E-01  5.383813E-02  5.000000E-01  6.011539E-01  5.442047E-02  0.000000E+00  2.107900E-02 -4.281589E-04 -4.229525E-18 -1.166247E+00  0.000000E+00
  5.747530E-01  5.425651E-02  5.000000E-01  5.805590E-01  5.484307E-02  0.000000E+00  2.202231E-02 -3.730358E-04 -5.366536E-18 -1.164234E+00  0.000000E+00
  5.541290E-01  5.454146E-02  5.000000E-01  5.597267E-01  5.513090E-02  0.000000E+00  2.262706E-02 -1.621290E-04 -6.188774E-18 -1.145692E+00  0.000000E+00
  5.333260E-01  5.455700E-02  5.000000E-01  5.387136E-01  5.514660E-02  0.000000E+00  2.283248E-02  1.332687E-04 -6.622893E-18 -1.117942E+00  0.000000E+00
  5.124010E-01  5.429254E-02  5.000000E-01  5.175773E-01  5.487947E-02  0.000000E+00  2.268897E-02  4.082827E-04 -6.432636E-18 -1.090411E+00  0.000000E+00
  4.914140E-01  5.379748E-02  5.000000E-01  4.963783E-01  5.437941E-02  0.000000E+00  2.237848E-02  6.196233E-04 -6.133517E-18 -1.068442E+00  0.000000E+00
  4.704230E-01  5.312688E-02  5.000000E-01  4.751754E-01  5.370203E-02  0.000000E+00  2.207804E-02  7.654759E-04 -7.173279E-18 -1.054054E+00  0.000000E+00
  1.696960E-04 -4.808645E-04  5.000000E-01  1.730287E-04 -4.470865E-04  0.000000E+00 -6.437682E-02  9.282132E-02 -6.658917E-14  5.408738E-01  0.000000E+00
  8.054360E-04 -9.779576E-04  5.000000E-01  8.151890E-04 -9.491997E-04  0.000000E+00 -4.693969E-02  3.285935E-02 -5.174036E-14  1.106840E+00  0.000000E+00
  1.973980E-03 -1.584693E-03  5.000000E-01  1.995534E-03 -1.562062E-03  0.000000E+00 -2.105397E-02  1.047745E-02 -2.850790E-14  1.176618E+00  0.000000E+00
  3.614630E-03 -2.299045E-03  5.000000E-01  3.652753E-03 -2.283628E-03  0.000000E+00 -4.056153E-03  1.772539E-03 -9.800423E-15  1.152921E+00  0.000000E+00
  5.721210E-03 -3.129427E-03  5.000000E-01  5.780607E-03 -3.122397E-03  0.000000E+00  5.020242E-03 -1.862785E-03 -9.566296E-17  1.122574E+00  0.000000E+00
  8.297500E-03 -4.073349E-03  5.000000E-01  8.382914E-03 -4.075851E-03  0.000000E+00  9.329784E-03 -3.266080E-03  2.461676E-15  1.078244E+00  0.000000E+00
  1.136560E-02 -5.111201E-03  5.000000E-01  1.148200E-02 -5.124184E-03  0.000000E+00  1.109766E-02 -3.616680E-03  1.820387E-15  1.023826E+00  0.000000E+00
  1.493280E-02 -6.231740E-03  5.000000E-01  1.508522E-02 -6.256039E-03  0.000000E+00  1.169242E-02 -3.581836E-03  6.961158E-16  9.693347E-01  0.000000E+00
  1.899460E-02 -7.443289E-03  5.000000E-01  1.918804E-02 -7.479823E-03  0.000000E+00  1.194785E-02 -3.511589E-03  5.747867E-17  9.186689E-01  0.000000E+00
  2.354800E-02 -8.761912E-03  5.000000E-01  2.378743E-02 -8.811764E-03  0.000000E+00  1.228117E-02 -3.503319E-03 -1.164681E-16  8.688230E-01  0.000000E+00
  2.860130E-02 -1.018315E-02  5.000000E-01  2.889176E-02 -1.024735E-02  0.000000E+00  1.281107E-02 -3.542024E-03 -9.065602E-17  8.171521E-01  0.000000E+00
  3.416500E-02 -1.169595E-02  5.000000E-01  3.451165E-02 -1.177543E-02  0.000000E+00  1.351910E-02 -3.609185E-03 -3.533467E-17  7.648806E-01  0.000000E+00
  4.024810E-02 -1.329117E-02  5.000000E-01  4.065618E-02 -1.338677E-02  0.000000E+00  1.434663E-02 -3.685640E-03 -3.249813E-18  7.129187E-01  0.000000E+00
  4.686030E-02 -1.495659E-02  5.000000E-01  4.733516E-02 -1.506900E-02  0.000000E+00  1.522929E-02 -3.751599E-03  6.245350E-18  6.610498E-01  0.000000E+00
  5.401090E-02 -1.668057E-02  5.000000E-01  5.455797E-02 -1.681039E-02  0.000000E+00  1.612038E-02 -3.798702E-03  6.218981E-18  6.093415E-01  0.000000E+00
  6.170850E-02 -1.845458E-02  5.000000E-01  6.233331E-02 -1.860231E-02  0.000000E+00  1.699434E-02 -3.818658E-03  3.945351E-18  5.574207E-01  0.000000E+00
  6.996310E-02 -2.026437E-02  5.000000E-01  7.067127E-02 -2.043039E-02  0.000000E+00  1.783747E-02 -3.799004E-03  1.639553E-18  5.045827E-01  0.000000E+00
  7.878500E-02 -2.209044E-02  5.000000E-01  7.958226E-02 -2.227489E-02  0.000000E+00  1.864671E-02 -3.736155E-03  1.921822E-18  4.510221E-01  0.000000E+00
  8.818390E-02 -2.391376E-02  5.000000E-01  8.907608E-02 -2.411663E-02  0.000000E+00  1.942363E-02 -3.630236E-03  4.952651E-19  3.971691E-01  0.000000E+00
  9.816930E-02 -2.571192E-02  5.000000E-01  9.916232E-02 -2.593294E-02  0.000000E+00  2.016299E-02 -3.476638E-03 -7.257059E-19  3.430775E-01  0.000000E+00
  1.087500E-01 -2.745819E-02  5.000000E-01  1.098499E-01 -2.769685E-02  0.000000E+00  2.084899E-02 -3.271917E-03  6.126745E-19  2.891601E-01  0.000000E+00
  1.199340E-01 -2.912542E-02  5.000000E-01  1.211468E-01 -2.938092E-02  0.000000E+00  2.144739E-02 -3.011076E-03  5.405490E-19  2.361069E-01  0.000000E+00
  1.317280E-01 -3.068168E-02  5.000000E-01  1.330599E-01 -3.095290E-02  0.000000E+00  2.189835E-02 -2.685228E-03  1.522640E-19  1.847468E-01  0.000000E+00
  1.441380E-01 -3.208978E-02  5.000000E-01  1.455952E-01 -3.237522E-02  0.000000E+00  2.213143E-02 -2.294137E-03  4.354077E-19  1.368387E-01  0.000000E+00
  1.441380E-01 -3.208978E-02  5.000000E-01  1.455952E-01 -3.237522E-02  0.000000E+00  2.213143E-02 -2.294137E-03  4.354077E-19  1.368387E-01  0.000000E+00
  1.571670E-01 -3.331332E-02  5.000000E-01  1.587558E-01 -3.361111E-02  0.000000E+00  2.209564E-02 -1.851111E-03  1.068921E-18  9.493071E-02  0.000000E+00
  1.708170E-01 -3.431736E-02  5.000000E-01  1.725437E-01 -3.462530E-02  0.000000E+00  2.179963E-02 -1.385296E-03  1.012773E-18  6.173297E-02  0.000000E+00
  1.850860E-01 -3.507793E-02  5.000000E-01  1.869568E-01 -3.539354E-02  0.000000E+00  2.134524E-02 -9.490923E-04  1.131403E-18  3.959604E-02  0.000000E+00
  1.999720E-01 -3.560295E-02  5.000000E-01  2.019931E-01 -3.592387E-02  0.000000E+00  2.091054E-02 -6.104298E-04  1.837790E-18  2.928909E-02  0.000000E+00
  2.154670E-01 -3.595675E-02  5.000000E-01  2.176446E-01 -3.628124E-02  0.000000E+00  2.063674E-02 -3.958317E-04  1.148531E-18  2.653168E-02  0.000000E+00
  2.315610E-01 -3.620824E-02  5.000000E-01  2.339011E-01 -3.653527E-02  0.000000E+00  2.051110E-02 -2.441164E-04 -1.803418E-18  2.137123E-02  0.000000E+00
  2.482400E-01 -3.634861E-02  5.000000E-01  2.507486E-01 -3.667706E-02  0.000000E+00  2.043949E-02 -8.964526E-05 -1.790180E-18  8.390292E-03  0.000000E+00
  2.654840E-01 -3.635555E-02  5.000000E-01  2.681667E-01 -3.668407E-02  0.000000E+00  2.035523E-02  8.225785E-05  6.147109E-19 -9.273759E-03  0.000000E+00
  2.832720E-01 -3.620348E-02  5.000000E-01  2.861343E-01 -3.653046E-02  0.000000E+00  2.022168E-02  2.689388E-04  8.529203E-19 -2.661289E-02  0.000000E+00
  3.015770E-01 -3.587124E-02  5.000000E-01  3.046242E-01 -3.619486E-02  0.000000E+00  2.002456E-02  4.606139E-04  4.760995E-20 -4.022662E-02  0.000000E+00
  3.203660E-01 -3.534604E-02  5.000000E-01  3.236030E-01 -3.566436E-02  0.000000E+00  1.976350E-02  6.465983E-04  4.070215E-19 -4.897994E-02  0.000000E+00
  3.396030E-01 -3.462346E-02  5.000000E-01  3.430342E-01 -3.493449E-02  0.000000E+00  1.944283E-02  8.204122E-04  1.002532E-18 -5.326885E-02  0.000000E+00
  3.592490E-01 -3.370212E-02  5.000000E-01  3.628786E-01 -3.400384E-02  0.000000E+00  1.906543E-02  9.804379E-04 -1.109026E-19 -5.393883E-02  0.000000E+00
  3.792580E-01 -3.258103E-02  5.000000E-01  3.830897E-01 -3.287142E-02  0.000000E+00  1.863388E-02  1.125675E-03 -9.543700E-19 -5.140514E-02  0.000000E+00
  3.995810E-01 -3.126217E-02  5.000000E-01  4.036179E-01 -3.153925E-02  0.000000E+00  1.815188E-02  1.253790E-03 -3.159598E-19 -4.557280E-02  0.000000E+00
  4.201670E-01 -2.975178E-02  5.000000E-01  4.244118E-01 -3.001361E-02  0.000000E+00  1.762228E-02  1.363113E-03 -7.419134E-19 -3.633719E-02  0.000000E+00
  4.409600E-01 -2.805810E-02  5.000000E-01  4.454148E-01 -2.830282E-02  0.000000E+00  1.704770E-02  1.453109E-03  1.110991E-19 -2.381172E-02  0.000000E+00
  4.619030E-01 -2.619095E-02  5.000000E-01  4.665693E-01 -2.641682E-02  0.000000E+00  1.643638E-02  1.521849E-03  1.338898E-18 -8.092261E-03  0.000000E+00
  4.829360E-01 -2.416826E-02  5.000000E-01  4.878147E-01 -2.437370E-02  0.000000E+00  1.580334E-02  1.566872E-03 -2.747663E-20  1.062176E-02  0.000000E+00
  5.039990E-01 -2.201444E-02  5.000000E-01  5.090904E-01 -2.219813E-02  0.000000E+00  1.516623E-02  1.587570E-03 -8.762074E-19  3.176099E-02  0.000000E+00
  5.250310E-01 -1.975979E-02  5.000000E-01  5.303348E-01 -1.992070E-02  0.000000E+00  1.454217E-02  1.585503E-03  3.268496E-19  5.447686E-02  0.000000E+00
  5.459710E-01 -1.743720E-02  5.000000E-01  5.514863E-01 -1.757466E-02  0.000000E+00  1.394592E-02  1.564356E-03  2.371253E-18  7.781475E-02  0.000000E+00
  5.667600E-01 -1.507829E-02  5.000000E-01  5.724853E-01 -1.519193E-02  0.000000E+00  1.339186E-02  1.527254E-03  2.532113E-18  1.011066E-01  0.000000E+00
  4.704230E-01  5.312688E-02  5.000000E-01  4.751754E-01  5.370203E-02  0.000000E+00  2.207804E-02  7.654759E-04 -7.173279E-18 -1.054054E+00  0.000000E+00
  4.494880E-01  5.234053E-02  5.000000E-01  4.540289E-01  5.290775E-02  0.000000E+00  2.188842E-02  8.528765E-04 -8.710246E-18 -1.047418E+00  0.000000E+00
  4.286690E-01  5.149815E-02  5.000000E-01  4.329997E-01  5.205686E-02  0.000000E+00  2.186179E-02  9.079304E-04 -8.822884E-18 -1.046152E+00  0.000000E+00
  4.080230E-01  5.062009E-02  5.000000E-01  4.121452E-01  5.116993E-02  0.000000E+00  2.200568E-02  9.695394E-04 -9.148280E-18 -1.046268E+00  0.000000E+00
  3.876050E-01  4.969145E-02  5.000000E-01  3.915210E-01  5.023191E-02  0.000000E+00  2.225884E-02  1.055379E-03 -1.056327E-17 -1.045186E+00  0.000000E+00
  3.674690E-01  4.869890E-02  5.000000E-01  3.711816E-01  4.922933E-02  0.000000E+00  2.253406E-02  1.162507E-03 -1.170145E-17 -1.042243E+00  0.000000E+00
  3.476650E-01  4.763244E-02  5.000000E-01  3.511776E-01  4.815210E-02  0.000000E+00  2.277641E-02  1.286645E-03 -1.303425E-17 -1.037499E+00  0.000000E+00
  3.282390E-01  4.648441E-02  5.000000E-01  3.315555E-01  4.699249E-02  0.000000E+00  2.296943E-02  1.425040E-03 -1.379574E-17 -1.031302E+00  0.000000E+00
  3.092330E-01  4.524961E-02  5.000000E-01  3.123575E-01  4.574522E-02  0.000000E+00  2.311559E-02  1.572642E-03 -1.290597E-17 -1.024280E+00  0.000000E+00
  2.906860E-01  4.393083E-02  5.000000E-01  2.936232E-01  4.441311E-02  0.000000E+00  2.322430E-02  1.724388E-03 -1.295808E-17 -1.017057E+00  0.000000E+00
  2.726330E-01  4.253355E-02  5.000000E-01  2.753879E-01  4.300173E-02  0.000000E+00  2.330747E-02  1.879355E-03 -1.410077E-17 -1.009898E+00  0.000000E+00
  2.551020E-01  4.106323E-02  5.000000E-01  2.576799E-01  4.151656E-02  0.000000E+00  2.337327E-02  2.038540E-03 -1.378619E-17 -1.002812E+00  0.000000E+00
  2.381210E-01  3.952579E-02  5.000000E-01  2.405274E-01  3.996359E-02  0.000000E+00  2.342759E-02  2.205269E-03 -1.314320E-17 -9.956574E-01  0.000000E+00
  2.217090E-01  3.792350E-02  5.000000E-01  2.239496E-01  3.834512E-02  0.000000E+00  2.347035E-02  2.380704E-03 -1.336790E-17 -9.887505E-01  0.000000E+00
  2.058840E-01  3.625894E-02  5.000000E-01  2.079648E-01  3.666375E-02  0.000000E+00  2.348195E-02  2.543459E-03 -1.406132E-17 -9.843193E-01  0.000000E+00
  1.906600E-01  3.455994E-02  5.000000E-01  1.925871E-01  3.494759E-02  0.000000E+00  2.345492E-02  2.657125E-03 -1.561139E-17 -9.857748E-01  0.000000E+00
  1.760460E-01  3.287721E-02  5.000000E-01  1.778255E-01  3.324786E-02  0.000000E+00  2.345667E-02  2.726488E-03 -2.102031E-17 -9.936352E-01  0.000000E+00
  1.620500E-01  3.123503E-02  5.000000E-01  1.636881E-01  3.158910E-02  0.000000E+00  2.357901E-02  2.793895E-03 -3.138741E-17 -1.005129E+00  0.000000E+00
  1.486750E-01  2.963563E-02  5.000000E-01  1.501781E-01  2.997355E-02  0.000000E+00  2.384283E-02  2.889110E-03 -4.631387E-17 -1.017326E+00  0.000000E+00
  1.359210E-01  2.807082E-02  5.000000E-01  1.372953E-01  2.839294E-02  0.000000E+00  2.419766E-02  3.020045E-03 -6.987663E-17 -1.028470E+00  0.000000E+00
  1.237890E-01  2.653177E-02  5.000000E-01  1.250407E-01  2.683834E-02  0.000000E+00  2.457263E-02  3.184055E-03 -1.102511E-16 -1.037912E+00  0.000000E+00
  1.122730E-01  2.500892E-02  5.000000E-01  1.134084E-01  2.530012E-02  0.000000E+00  2.491609E-02  3.375959E-03 -1.793338E-16 -1.045748E+00  0.000000E+00
  1.013710E-01  2.349660E-02  5.000000E-01  1.023964E-01  2.377253E-02  0.000000E+00  2.520520E-02  3.589266E-03 -2.963838E-16 -1.052589E+00  0.000000E+00
  9.107400E-02  2.199277E-02  5.000000E-01  9.199536E-02  2.225350E-02  0.000000E+00  2.544362E-02  3.823193E-03 -4.948428E-16 -1.059009E+00  0.000000E+00
  9.107400E-02  2.199277E-02  5.000000E-01  9.199536E-02  2.225350E-02  0.000000E+00  2.544362E-02  3.823193E-03 -4.948428E-16 -1.059009E+00  0.000000E+00
  8.137660E-02  2.049513E-02  5.000000E-01  8.220003E-02  2.074074E-02  0.000000E+00  2.563949E-02  4.076126E-03 -8.366162E-16 -1.065755E+00  0.000000E+00
  7.227050E-02  1.900610E-02  5.000000E-01  7.300197E-02  1.923667E-02  0.000000E+00  2.579723E-02  4.342151E-03 -1.428169E-15 -1.073840E+00  0.000000E+00
  6.374670E-02  1.753073E-02  5.000000E-01  6.439209E-02  1.774640E-02  0.000000E+00  2.592766E-02  4.622408E-03 -2.451754E-15 -1.083933E+00  0.000000E+00
  5.579720E-02  1.607231E-02  5.000000E-01  5.636231E-02  1.627325E-02  0.000000E+00  2.603137E-02  4.913072E-03 -4.213506E-15 -1.096940E+00  0.000000E+00
  4.841260E-02  1.463934E-02  5.000000E-01  4.890313E-02  1.482581E-02  0.000000E+00  2.610649E-02  5.208893E-03 -7.185017E-15 -1.113850E+00  0.000000E+00
  4.158390E-02  1.323960E-02  5.000000E-01  4.200547E-02  1.341194E-02  0.000000E+00  2.615814E-02  5.516325E-03 -1.198989E-14 -1.135052E+00  0.000000E+00
  3.530370E-02  1.187793E-02  5.000000E-01  3.566185E-02  1.203651E-02  0.000000E+00  2.616732E-02  5.830060E-03 -1.922610E-14 -1.161385E+00  0.000000E+00
  2.956270E-02  1.056381E-02  5.000000E-01  2.986287E-02  1.070913E-02  0.000000E+00  2.610681E-02  6.145287E-03 -2.902007E-14 -1.193514E+00  0.000000E+00
  2.435310E-02  9.303770E-03  5.000000E-01  2.460066E-02  9.436361E-03  0.000000E+00  2.593662E-02  6.473879E-03 -4.024896E-14 -1.230850E+00  0.000000E+00
  1.967110E-02  8.098279E-03  5.000000E-01  1.987137E-02  8.218697E-03  0.000000E+00  2.552227E-02  6.786462E-03 -4.984791E-14 -1.273705E+00  0.000000E+00
  1.550860E-02  6.954493E-03  5.000000E-01  1.566684E-02  7.063360E-03  0.000000E+00  2.468599E-02  7.034615E-03 -5.341394E-14 -1.322387E+00  0.000000E+00
  1.185930E-02  5.876071E-03  5.000000E-01  1.198068E-02  5.974047E-03  0.000000E+00  2.333026E-02  7.211091E-03 -4.763846E-14 -1.375050E+00  0.000000E+00
  8.724160E-03  4.859202E-03  5.000000E-01  8.813883E-03  4.946909E-03  0.000000E+00  2.158111E-02  7.343529E-03 -3.319520E-14 -1.431237E+00  0.000000E+00
  6.091130E-03  3.912091E-03  5.000000E-01  6.154263E-03  3.990233E-03  0.000000E+00  2.032674E-02  7.821208E-03 -1.633092E-14 -1.486356E+00  0.000000E+00
  3.952840E-03  3.037475E-03  5.000000E-01  3.994378E-03  3.106784E-03  0.000000E+00  2.113881E-02  9.735302E-03 -5.770919E-15 -1.523483E+00  0.000000E+00
  2.330070E-03  2.222593E-03  5.000000E-01  2.355220E-03  2.283673E-03  0.000000E+00  2.424106E-02  1.419691E-02 -5.317745E-15 -1.531134E+00  0.000000E+00
  1.198080E-03  1.485580E-03  5.000000E-01  1.211798E-03  1.539217E-03  0.000000E+00  2.759945E-02  2.139074E-02 -1.171546E-14 -1.519274E+00  0.000000E+00
  5.019560E-04  8.595197E-04  5.000000E-01  5.086442E-04  9.068341E-04  0.000000E+00  3.040888E-02  3.350193E-02 -2.035931E-14 -1.530816E+00  0.000000E+00
  1.313430E-04  3.763360E-04  5.000000E-01  1.342884E-04  4.187707E-04  0.000000E+00  3.505978E-02  7.035808E-02 -2.945843E-14 -1.566123E+00  0.000000E+00
  8.078190E-06  6.818016E-05  5.000000E-01  9.778777E-06  1.075029E-04  0.000000E+00  3.054130E-02  1.732798E-01 -4.084997E-14 -1.484803E+00  0.000000E+00
 -1.602820E-06 -3.824791E-05  5.000000E-01  0.000000E+00  0.000000E+00  0.000000E+00 -4.945200E-03  2.521463E-01 -5.231551E-14 -1.190937E+00  0.000000E+00
  9.141860E-06 -1.482953E-04  5.000000E-01  1.085319E-05 -1.111587E-04  0.000000E+00 -4.976743E-02  1.968028E-01 -6.338885E-14 -4.688225E-01  0.000000E+00
  1.696960E-04 -4.808645E-04  5.000000E-01  1.730287E-04 -4.470865E-04  0.000000E+00 -6.437682E-02  9.282132E-02 -6.658917E-14  5.408738E-01  0.000000E+00
    1    2
    2    3
    3    4
    4    5
    5    6
    6    7
    7    8
    8    9
    9   10
   10   11
   11   12
   12   13
   13   14
   14   15
   15   16
   16   17
   17   18
   18   19
   19   20
   20   21
   21   22
   22   23
   23   24
   25   26
   26   27
   27   28
   28   29
   29   30
   30   31
   31   32
   32   33
   33   34
   34   35
   35   36
   36   37
   37   38
   38   39
   39   40
   40   41
   41   42
   42   43
   43   44
   44   45
   45   46
   46   47
   47   48
   49   50
   50   51
   51   52
   52   53
   53   54
   54   55
   55   56
   56   57
   57   58
   58   59
   59   60
   60   61
   61   62
   62   63
   63   64
   64   65
   65   66
   66   67
   67   68
   68   69
   69   70
   70   71
   71   72
   73   74
   74   75
   75   76
   76   77
   77   78
   78   79
   79   80
   80   81
   81   82
   82   83
   83   84
   84   85
   85   86
   86   87
   87   88
   88   89
   89   90
   90   91
   91   92
   92   93
   93   94
   94   95
   95   96
   97   98
   98   99
   99  100
  100  101
  101  102
  102  103
  103  104
  104  105
  105  106
  106  107
  107  108
  108  109
  109  110
  110  111
  111  112
  112  113
  113  114
  114  115
  115  116
  116  117
  117  118
  118  119
  119  120
  121  122
  122  123
  123  124
  124  125
  125  126
  126  127
  127  128
  128  129
  129  130
  130  131
  131  132
  132  133
  133  134
  134  135
  135  136
  136  137
  137  138
  138  139
  139  140
  140  141
  141  142
  142  143
  143  144
  145  146
  146  147
  147  148
  148  149
  149  150
  150  151
  151  152
  152  153
  153  154
  154  155
  155  156
  156  157
  157  158
  158  159
  159  160
  160  161
  161  162
  162  163
  163  164
  164  165
  165  166
  166  167
  167  168
  169  170
  170  171
  171  172
  172  173
  173  174
  174  175
  175  176
  176  177
  177  178
  178  179
  179  180
  180  181
  181  182
  182  183
  183  184
  184  185
  185  186
  186  187
  187  188
  188  189
  189  190
  190  191
  191  192
