 Title = "ADflow Slice Data"
Variables =  "CoordinateX"  "CoordinateY"  "CoordinateZ"  "XoC"  "YoC"  "ZoC" "VelocityX" "VelocityY" "VelocityZ" "CoefPressure" "Mach" 
Zone T= "Slice_0001 None Absolute Regular z = 0.50000000"
 Nodes =          192  Elements=          184  ZONETYPE=FELINESEG
 DATAPACKING=POINT
  5.667600E-01 -1.521109E-02  5.000000E-01  5.724853E-01 -1.532779E-02  0.000000E+00  1.337992E-02  1.540354E-03  3.165571E-19  9.871878E-02  0.000000E+00
  5.873410E-01 -1.282685E-02  5.000000E-01  5.932741E-01 -1.291947E-02  0.000000E+00  1.285687E-02  1.488500E-03  1.381778E-19  1.224160E-01  0.000000E+00
  6.076580E-01 -1.047629E-02  5.000000E-01  6.137963E-01 -1.054517E-02  0.000000E+00  1.239940E-02  1.424967E-03 -6.205727E-20  1.450989E-01  0.000000E+00
  6.276600E-01 -8.193950E-03  5.000000E-01  6.340003E-01 -8.239779E-03  0.000000E+00  1.200731E-02  1.354368E-03 -4.875452E-19  1.660478E-01  0.000000E+00
  6.472970E-01 -6.006129E-03  5.000000E-01  6.538356E-01 -6.029864E-03  0.000000E+00  1.167211E-02  1.281895E-03  2.674579E-19  1.848309E-01  0.000000E+00
  6.665260E-01 -3.926257E-03  5.000000E-01  6.732588E-01 -3.928988E-03  0.000000E+00  1.138302E-02  1.210400E-03  4.182544E-19  2.016177E-01  0.000000E+00
  6.853050E-01 -1.964339E-03  5.000000E-01  6.922274E-01 -1.947256E-03  0.000000E+00  1.113188E-02  1.137878E-03 -4.742524E-19  2.171752E-01  0.000000E+00
  7.035980E-01 -1.361517E-04  5.000000E-01  7.107052E-01 -1.006064E-04  0.000000E+00  1.090606E-02  1.061908E-03 -5.413619E-19  2.318978E-01  0.000000E+00
  7.213750E-01  1.547876E-03  5.000000E-01  7.286617E-01  1.600429E-03  0.000000E+00  1.068096E-02  9.826491E-04  4.938625E-20  2.455697E-01  0.000000E+00
  7.386080E-01  3.084750E-03  5.000000E-01  7.460687E-01  3.152823E-03  0.000000E+00  1.042642E-02  9.019360E-04  4.144325E-19  2.582010E-01  0.000000E+00
  7.552750E-01  4.480545E-03  5.000000E-01  7.629040E-01  4.562714E-03  0.000000E+00  1.012373E-02  8.237962E-04 -1.492301E-19  2.702546E-01  0.000000E+00
  7.713580E-01  5.748772E-03  5.000000E-01  7.791495E-01  5.843749E-03  0.000000E+00  9.785516E-03  7.498950E-04 -3.952160E-19  2.822928E-01  0.000000E+00
  7.868410E-01  6.900828E-03  5.000000E-01  7.947888E-01  7.007439E-03  0.000000E+00  9.478936E-03  6.627896E-04  5.656764E-19  2.960387E-01  0.000000E+00
  8.017160E-01  7.876837E-03  5.000000E-01  8.098140E-01  7.993304E-03  0.000000E+00  9.305586E-03  5.394903E-04  8.435223E-19  3.118310E-01  0.000000E+00
  8.159740E-01  8.593311E-03  5.000000E-01  8.242160E-01  8.717014E-03  0.000000E+00  9.329655E-03  3.854251E-04  3.728157E-19  3.246934E-01  0.000000E+00
  8.296120E-01  9.032494E-03  5.000000E-01  8.379918E-01  9.160632E-03  0.000000E+00  9.555361E-03  2.182990E-04  5.150113E-19  3.297432E-01  0.000000E+00
  8.426300E-01  9.210554E-03  5.000000E-01  8.511412E-01  9.340490E-03  0.000000E+00  9.959574E-03  4.497449E-05  8.005268E-19  3.269135E-01  0.000000E+00
  8.550290E-01  9.158790E-03  5.000000E-01  8.636654E-01  9.288204E-03  0.000000E+00  1.051419E-02 -1.335250E-04  3.768897E-19  3.181848E-01  0.000000E+00
  8.668160E-01  8.914880E-03  5.000000E-01  8.755715E-01  9.041831E-03  0.000000E+00  1.119036E-02 -3.160437E-04  1.996107E-19  3.049047E-01  0.000000E+00
  8.779950E-01  8.520049E-03  5.000000E-01  8.868634E-01  8.643013E-03  0.000000E+00  1.195827E-02 -5.000203E-04  3.989396E-19  2.876331E-01  0.000000E+00
  8.885730E-01  8.013543E-03  5.000000E-01  8.975482E-01  8.131392E-03  0.000000E+00  1.278867E-02 -6.828760E-04  5.205151E-19  2.669570E-01  0.000000E+00
  8.985610E-01  7.428713E-03  5.000000E-01  9.076371E-01  7.540655E-03  0.000000E+00  1.364894E-02 -8.578612E-04  5.469580E-19  2.433973E-01  0.000000E+00
  9.079670E-01  6.799318E-03  5.000000E-01  9.171381E-01  6.904904E-03  0.000000E+00  1.449982E-02 -1.012606E-03  1.106796E-18  2.174155E-01  0.000000E+00
  9.168010E-01  6.157856E-03  5.000000E-01  9.260613E-01  6.256963E-03  0.000000E+00  1.530370E-02 -1.137965E-03  2.144266E-18  1.900691E-01  0.000000E+00
  9.168010E-01  6.157856E-03  5.000000E-01  9.260613E-01  6.256963E-03  0.000000E+00  1.530370E-02 -1.137965E-03  2.144266E-18  1.900691E-01  0.000000E+00
  9.250730E-01  5.529122E-03  5.000000E-01  9.344168E-01  5.621881E-03  0.000000E+00  1.603738E-02 -1.235171E-03  2.574628E-18  1.628821E-01  0.000000E+00
  9.327940E-01  4.927353E-03  5.000000E-01  9.422158E-01  5.014034E-03  0.000000E+00  1.670034E-02 -1.315924E-03  1.405531E-18  1.371680E-01  0.000000E+00
  9.399760E-01  4.355821E-03  5.000000E-01  9.494703E-01  4.436731E-03  0.000000E+00  1.730882E-02 -1.391761E-03  5.288888E-19  1.131953E-01  0.000000E+00
  9.466320E-01  3.815226E-03  5.000000E-01  9.561935E-01  3.890676E-03  0.000000E+00  1.788296E-02 -1.467213E-03  1.053323E-18  9.022656E-02  0.000000E+00
  9.527730E-01  3.306388E-03  5.000000E-01  9.623966E-01  3.376699E-03  0.000000E+00  1.844744E-02 -1.548772E-03  1.439691E-18  6.772234E-02  0.000000E+00
  9.584110E-01  2.827165E-03  5.000000E-01  9.680915E-01  2.892637E-03  0.000000E+00  1.903497E-02 -1.647087E-03  1.020079E-18  4.545035E-02  0.000000E+00
  9.635570E-01  2.374325E-03  5.000000E-01  9.732895E-01  2.435223E-03  0.000000E+00  1.967944E-02 -1.768039E-03 -6.062570E-19  2.269294E-02  0.000000E+00
  9.682220E-01  1.946797E-03  5.000000E-01  9.780016E-01  2.003378E-03  0.000000E+00  2.041297E-02 -1.912261E-03 -5.012218E-18 -1.638484E-03  0.000000E+00
  9.724140E-01  1.545861E-03  5.000000E-01  9.822359E-01  1.598393E-03  0.000000E+00  2.128359E-02 -2.087760E-03 -6.735533E-18 -2.817454E-02  0.000000E+00
  9.761430E-01  1.171442E-03  5.000000E-01  9.860026E-01  1.220192E-03  0.000000E+00  2.237343E-02 -2.311697E-03  1.095253E-17 -5.736755E-02  0.000000E+00
  9.794160E-01  8.242713E-04  5.000000E-01  9.893086E-01  8.695159E-04  0.000000E+00  2.378450E-02 -2.597496E-03  6.125193E-17 -9.029885E-02  0.000000E+00
  9.822400E-01  5.074298E-04  5.000000E-01  9.921611E-01  5.494747E-04  0.000000E+00  2.556775E-02 -2.947354E-03  9.361574E-17 -1.284219E-01  0.000000E+00
  9.846200E-01  2.260654E-04  5.000000E-01  9.945652E-01  2.652687E-04  0.000000E+00  2.759223E-02 -3.348061E-03 -9.742912E-17 -1.720864E-01  0.000000E+00
  9.865620E-01 -1.453587E-05  5.000000E-01  9.965268E-01  2.223770E-05  0.000000E+00  2.941166E-02 -3.711846E-03 -7.650428E-16 -2.194016E-01  0.000000E+00
  9.880680E-01 -2.086059E-04  5.000000E-01  9.980480E-01 -1.737922E-04  0.000000E+00  2.987835E-02 -3.827058E-03 -1.479261E-15 -2.766179E-01  0.000000E+00
  9.891420E-01 -3.514239E-04  5.000000E-01  9.991328E-01 -3.180525E-04  0.000000E+00  2.813206E-02 -3.911626E-03  3.458739E-16 -3.435138E-01  0.000000E+00
  9.897860E-01 -4.389487E-04  5.000000E-01  9.997833E-01 -4.064612E-04  0.000000E+00  3.789118E-02 -4.013828E-03  8.824397E-15 -2.894238E-01  0.000000E+00
  9.900000E-01 -4.683022E-04  5.000000E-01  9.999995E-01 -4.361112E-04  0.000000E+00  2.619169E-02  5.267661E-03  7.948820E-15 -5.820727E-01  0.000000E+00
  9.900000E-01 -1.843753E-04  5.000000E-01  9.999995E-01 -1.493170E-04  0.000000E+00  1.230019E-03 -7.885720E-03  1.657334E-15 -8.088808E-01  0.000000E+00
  9.900000E-01  9.955154E-05  5.000000E-01  9.999995E-01  1.374773E-04  0.000000E+00 -4.469487E-04 -2.274973E-02  3.154129E-15 -6.284227E-01  0.000000E+00
  9.900000E-01  3.834784E-04  5.000000E-01  9.999995E-01  4.242715E-04  0.000000E+00 -1.436469E-04 -8.862762E-03  3.751639E-15 -6.283744E-01  0.000000E+00
  9.900000E-01  6.674053E-04  5.000000E-01  9.999995E-01  7.110657E-04  0.000000E+00  4.647218E-04 -5.229644E-03  3.650945E-15 -6.882629E-01  0.000000E+00
  9.900000E-01  9.513322E-04  5.000000E-01  9.999995E-01  9.978599E-04  0.000000E+00  6.798506E-03 -6.633035E-03  3.400598E-15 -6.300081E-01  0.000000E+00
  9.900000E-01  9.513322E-04  5.000000E-01  9.999995E-01  9.978599E-04  0.000000E+00  6.798506E-03 -6.633035E-03  3.400598E-15 -6.300081E-01  0.000000E+00
  9.897890E-01  1.017904E-03  5.000000E-01  9.997864E-01  1.065104E-03  0.000000E+00  9.017547E-03 -3.470216E-03  2.874159E-15 -5.524397E-01  0.000000E+00
  9.891540E-01  1.218674E-03  5.000000E-01  9.991450E-01  1.267902E-03  0.000000E+00  4.569136E-03 -1.351699E-03  1.892747E-15 -5.710428E-01  0.000000E+00
  9.880950E-01  1.555408E-03  5.000000E-01  9.980753E-01  1.608036E-03  0.000000E+00  3.026121E-03 -9.613504E-04  1.041756E-15 -5.706005E-01  0.000000E+00
  9.866100E-01  2.031333E-03  5.000000E-01  9.965753E-01  2.088768E-03  0.000000E+00  1.985064E-03 -6.502015E-04  5.008996E-16 -5.626980E-01  0.000000E+00
  9.846960E-01  2.650663E-03  5.000000E-01  9.946419E-01  2.714352E-03  0.000000E+00  9.971332E-04 -3.238609E-04  2.142461E-16 -5.590575E-01  0.000000E+00
  9.823490E-01  3.418252E-03  5.000000E-01  9.922712E-01  3.489693E-03  0.000000E+00  1.860624E-04 -5.953938E-05  7.412393E-17 -5.580750E-01  0.000000E+00
  9.795670E-01  4.338750E-03  5.000000E-01  9.894611E-01  4.419486E-03  0.000000E+00 -4.269883E-04  1.424521E-04  9.337138E-18 -5.583140E-01  0.000000E+00
  9.763420E-01  5.417936E-03  5.000000E-01  9.862036E-01  5.509572E-03  0.000000E+00 -8.710867E-04  2.931153E-04 -1.417492E-17 -5.597564E-01  0.000000E+00
  9.726710E-01  6.659546E-03  5.000000E-01  9.824955E-01  6.763720E-03  0.000000E+00 -1.170524E-03  3.976696E-04 -1.642147E-17 -5.622891E-01  0.000000E+00
  9.685460E-01  8.066757E-03  5.000000E-01  9.783288E-01  8.185143E-03  0.000000E+00 -1.342547E-03  4.595860E-04 -1.043534E-17 -5.654932E-01  0.000000E+00
  9.639600E-01  9.641715E-03  5.000000E-01  9.736965E-01  9.776005E-03  0.000000E+00 -1.403740E-03  4.834122E-04 -4.374109E-18 -5.688608E-01  0.000000E+00
  9.589060E-01  1.138657E-02  5.000000E-01  9.685915E-01  1.153848E-02  0.000000E+00 -1.374458E-03  4.753980E-04 -1.077725E-18 -5.719160E-01  0.000000E+00
  9.533750E-01  1.330249E-02  5.000000E-01  9.630046E-01  1.347375E-02  0.000000E+00 -1.280515E-03  4.438516E-04  1.319895E-19 -5.742945E-01  0.000000E+00
  9.473580E-01  1.538825E-02  5.000000E-01  9.569269E-01  1.558057E-02  0.000000E+00 -1.151708E-03  3.989103E-04  5.150105E-19 -5.758100E-01  0.000000E+00
  9.408450E-01  1.764050E-02  5.000000E-01  9.503481E-01  1.785557E-02  0.000000E+00 -1.018235E-03  3.512672E-04  8.929998E-19 -5.764908E-01  0.000000E+00
  9.338260E-01  2.005397E-02  5.000000E-01  9.432582E-01  2.029341E-02  0.000000E+00 -9.067976E-04  3.104194E-04  4.119164E-19 -5.765642E-01  0.000000E+00
  9.262910E-01  2.262021E-02  5.000000E-01  9.356471E-01  2.288557E-02  0.000000E+00 -8.379848E-04  2.834014E-04 -1.834176E-19 -5.763825E-01  0.000000E+00
  9.182290E-01  2.532640E-02  5.000000E-01  9.275037E-01  2.561908E-02  0.000000E+00 -8.257157E-04  2.743045E-04 -2.184346E-19 -5.763163E-01  0.000000E+00
  9.096280E-01  2.815484E-02  5.000000E-01  9.188158E-01  2.847609E-02  0.000000E+00 -8.776975E-04  2.843816E-04 -9.787839E-19 -5.767257E-01  0.000000E+00
  9.004770E-01  3.108206E-02  5.000000E-01  9.095724E-01  3.143288E-02  0.000000E+00 -9.957958E-04  3.122729E-04 -1.669549E-18 -5.779269E-01  0.000000E+00
  8.907650E-01  3.407714E-02  5.000000E-01  8.997623E-01  3.445821E-02  0.000000E+00 -1.177278E-03  3.536933E-04 -2.085569E-18 -5.800069E-01  0.000000E+00
  8.804800E-01  3.709872E-02  5.000000E-01  8.893735E-01  3.751029E-02  0.000000E+00 -1.415420E-03  4.010207E-04 -3.751465E-19 -5.828653E-01  0.000000E+00
  8.696090E-01  4.009104E-02  5.000000E-01  8.783927E-01  4.053284E-02  0.000000E+00 -1.696108E-03  4.448317E-04  1.186317E-18 -5.864398E-01  0.000000E+00
  8.696090E-01  4.009104E-02  5.000000E-01  8.783927E-01  4.053284E-02  0.000000E+00 -1.696108E-03  4.448317E-04  1.186317E-18 -5.864398E-01  0.000000E+00
  8.581400E-01  4.298209E-02  5.000000E-01  8.668079E-01  4.345308E-02  0.000000E+00 -1.999348E-03  4.762014E-04  5.781409E-19 -5.897662E-01  0.000000E+00
  8.460600E-01  4.568775E-02  5.000000E-01  8.546059E-01  4.618607E-02  0.000000E+00 -2.307338E-03  4.850675E-04  1.495436E-18 -5.906444E-01  0.000000E+00
  8.333640E-01  4.812824E-02  5.000000E-01  8.417817E-01  4.865120E-02  0.000000E+00 -2.566069E-03  4.510573E-04  1.414507E-18 -5.921287E-01  0.000000E+00
  8.200460E-01  5.022809E-02  5.000000E-01  8.283292E-01  5.077226E-02  0.000000E+00 -2.545780E-03  3.460532E-04  3.925386E-20 -6.132335E-01  0.000000E+00
  8.061050E-01  5.192006E-02  5.000000E-01  8.142474E-01  5.248131E-02  0.000000E+00 -1.670278E-03  1.644703E-04  2.450513E-19 -6.832382E-01  0.000000E+00
  7.915460E-01  5.317861E-02  5.000000E-01  7.995413E-01  5.375257E-02  0.000000E+00  9.403858E-04 -4.967102E-05  1.201760E-18 -8.087250E-01  0.000000E+00
  7.763770E-01  5.404324E-02  5.000000E-01  7.842192E-01  5.462594E-02  0.000000E+00  5.908086E-03 -2.150109E-04  5.402891E-19 -9.503375E-01  0.000000E+00
  7.606070E-01  5.458345E-02  5.000000E-01  7.682899E-01  5.517160E-02  0.000000E+00  1.252075E-02 -2.350199E-04 -1.248459E-18 -1.049778E+00  0.000000E+00
  7.442510E-01  5.480642E-02  5.000000E-01  7.517687E-01  5.539682E-02  0.000000E+00  1.839811E-02 -5.166481E-05 -4.593231E-18 -1.082165E+00  0.000000E+00
  7.273250E-01  5.472965E-02  5.000000E-01  7.346718E-01  5.531928E-02  0.000000E+00  2.144923E-02  2.474142E-04 -9.836376E-18 -1.068406E+00  0.000000E+00
  7.098490E-01  5.440501E-02  5.000000E-01  7.170193E-01  5.499136E-02  0.000000E+00  2.170614E-02  4.797469E-04 -1.315334E-17 -1.043524E+00  0.000000E+00
  6.918480E-01  5.392762E-02  5.000000E-01  6.988365E-01  5.450915E-02  0.000000E+00  2.057840E-02  5.326717E-04 -1.334311E-17 -1.032223E+00  0.000000E+00
  6.733520E-01  5.344637E-02  5.000000E-01  6.801537E-01  5.402304E-02  0.000000E+00  1.937151E-02  3.946215E-04 -1.113257E-17 -1.045311E+00  0.000000E+00
  6.543930E-01  5.315934E-02  5.000000E-01  6.610033E-01  5.373311E-02  0.000000E+00  1.878762E-02  1.306723E-04 -7.816423E-18 -1.079433E+00  0.000000E+00
  6.350090E-01  5.318563E-02  5.000000E-01  6.414235E-01  5.375966E-02  0.000000E+00  1.905608E-02 -1.425863E-04 -5.511582E-18 -1.119396E+00  0.000000E+00
  6.152440E-01  5.345916E-02  5.000000E-01  6.214589E-01  5.403596E-02  0.000000E+00  1.997279E-02 -3.421725E-04 -4.539026E-18 -1.150810E+00  0.000000E+00
  5.951420E-01  5.387142E-02  5.000000E-01  6.011539E-01  5.445238E-02  0.000000E+00  2.108653E-02 -4.321503E-04 -4.835587E-18 -1.166763E+00  0.000000E+00
  5.747530E-01  5.429370E-02  5.000000E-01  5.805590E-01  5.487892E-02  0.000000E+00  2.203169E-02 -3.776784E-04 -5.986829E-18 -1.164797E+00  0.000000E+00
  5.541290E-01  5.458306E-02  5.000000E-01  5.597267E-01  5.517121E-02  0.000000E+00  2.263960E-02 -1.672894E-04 -6.540991E-18 -1.146305E+00  0.000000E+00
  5.333260E-01  5.460347E-02  5.000000E-01  5.387136E-01  5.519182E-02  0.000000E+00  2.284920E-02  1.283194E-04 -6.577575E-18 -1.118547E+00  0.000000E+00
  5.124010E-01  5.434342E-02  5.000000E-01  5.175773E-01  5.492915E-02  0.000000E+00  2.271001E-02  4.048444E-04 -6.581369E-18 -1.090881E+00  0.000000E+00
  4.914140E-01  5.385104E-02  5.000000E-01  4.963783E-01  5.443180E-02  0.000000E+00  2.240249E-02  6.190335E-04 -6.548842E-18 -1.068608E+00  0.000000E+00
  4.704230E-01  5.318014E-02  5.000000E-01  4.751754E-01  5.375412E-02  0.000000E+00  2.210223E-02  7.688651E-04 -7.030587E-18 -1.053741E+00  0.000000E+00
  1.696960E-04 -4.787589E-04  5.000000E-01  1.730287E-04 -4.466735E-04  0.000000E+00 -6.439785E-02  9.273299E-02 -6.521568E-14  5.431930E-01  0.000000E+00
  8.054360E-04 -9.745196E-04  5.000000E-01  8.151890E-04 -9.474408E-04  0.000000E+00 -4.690148E-02  3.273825E-02 -5.068006E-14  1.108290E+00  0.000000E+00
  1.973980E-03 -1.578685E-03  5.000000E-01  1.995534E-03 -1.557707E-03  0.000000E+00 -2.098002E-02  1.039510E-02 -2.791445E-14  1.176873E+00  0.000000E+00
  3.614630E-03 -2.289150E-03  5.000000E-01  3.652753E-03 -2.275348E-03  0.000000E+00 -3.977086E-03  1.730429E-03 -9.583050E-15  1.152431E+00  0.000000E+00
  5.721210E-03 -3.114143E-03  5.000000E-01  5.780607E-03 -3.108672E-03  0.000000E+00  5.092773E-03 -1.876602E-03 -7.776462E-17  1.121636E+00  0.000000E+00
  8.297500E-03 -4.050991E-03  5.000000E-01  8.382914E-03 -4.054981E-03  0.000000E+00  9.393581E-03 -3.261980E-03  2.419211E-15  1.076996E+00  0.000000E+00
  1.136560E-02 -5.079936E-03  5.000000E-01  1.148200E-02 -5.094318E-03  0.000000E+00  1.115238E-02 -3.601514E-03  1.782484E-15  1.022382E+00  0.000000E+00
  1.493280E-02 -6.189684E-03  5.000000E-01  1.508522E-02 -6.215272E-03  0.000000E+00  1.173862E-02 -3.559914E-03  6.764058E-16  9.678198E-01  0.000000E+00
  1.899460E-02 -7.388537E-03  5.000000E-01  1.918804E-02 -7.426233E-03  0.000000E+00  1.198664E-02 -3.485029E-03  5.075123E-17  9.171963E-01  0.000000E+00
  2.354800E-02 -8.692548E-03  5.000000E-01  2.378743E-02 -8.743412E-03  0.000000E+00  1.231311E-02 -3.472627E-03 -1.175107E-16  8.674807E-01  0.000000E+00
  2.860130E-02 -1.009732E-02  5.000000E-01  2.889176E-02 -1.016237E-02  0.000000E+00  1.283552E-02 -3.506959E-03 -8.929455E-17  8.160228E-01  0.000000E+00
  3.416500E-02 -1.159197E-02  5.000000E-01  3.451165E-02 -1.167211E-02  0.000000E+00  1.353445E-02 -3.569403E-03 -3.450788E-17  7.640524E-01  0.000000E+00
  4.024810E-02 -1.316757E-02  5.000000E-01  4.065618E-02 -1.326363E-02  0.000000E+00  1.435076E-02 -3.641032E-03 -3.532007E-18  7.124829E-01  0.000000E+00
  4.686030E-02 -1.481218E-02  5.000000E-01  4.733516E-02 -1.492485E-02  0.000000E+00  1.522008E-02 -3.702454E-03  6.219023E-18  6.610968E-01  0.000000E+00
  5.401090E-02 -1.651456E-02  5.000000E-01  5.455797E-02 -1.664441E-02  0.000000E+00  1.609599E-02 -3.745679E-03  5.395104E-18  6.099574E-01  0.000000E+00
  6.170850E-02 -1.826654E-02  5.000000E-01  6.233331E-02 -1.841409E-02  0.000000E+00  1.695330E-02 -3.762759E-03  2.369459E-18  5.586901E-01  0.000000E+00
  6.996310E-02 -2.005441E-02  5.000000E-01  7.067127E-02 -2.022002E-02  0.000000E+00  1.777867E-02 -3.741578E-03  1.252368E-18  5.065927E-01  0.000000E+00
  7.878500E-02 -2.185925E-02  5.000000E-01  7.958226E-02 -2.204308E-02  0.000000E+00  1.856930E-02 -3.678810E-03  1.291496E-18  4.538560E-01  0.000000E+00
  8.818390E-02 -2.366273E-02  5.000000E-01  8.907608E-02 -2.386477E-02  0.000000E+00  1.932706E-02 -3.574808E-03 -1.207436E-19  4.009014E-01  0.000000E+00
  9.816930E-02 -2.544322E-02  5.000000E-01  9.916232E-02 -2.566325E-02  0.000000E+00  2.004728E-02 -3.425280E-03 -1.109877E-18  3.477698E-01  0.000000E+00
  1.087500E-01 -2.717492E-02  5.000000E-01  1.098499E-01 -2.741244E-02  0.000000E+00  2.071536E-02 -3.227136E-03 -6.202164E-19  2.948487E-01  0.000000E+00
  1.199340E-01 -2.883170E-02  5.000000E-01  1.211468E-01 -2.908595E-02  0.000000E+00  2.129928E-02 -2.975777E-03 -1.468500E-19  2.427853E-01  0.000000E+00
  1.317280E-01 -3.038280E-02  5.000000E-01  1.330599E-01 -3.065271E-02  0.000000E+00  2.174279E-02 -2.662644E-03  4.030337E-19  1.923406E-01  0.000000E+00
  1.441380E-01 -3.179226E-02  5.000000E-01  1.455953E-01 -3.207640E-02  0.000000E+00  2.197978E-02 -2.287304E-03  4.423794E-19  1.451641E-01  0.000000E+00
  1.441380E-01 -3.179226E-02  5.000000E-01  1.455953E-01 -3.207640E-02  0.000000E+00  2.197978E-02 -2.287304E-03  4.423794E-19  1.451641E-01  0.000000E+00
  1.571670E-01 -3.302494E-02  5.000000E-01  1.587558E-01 -3.332153E-02  0.000000E+00  2.196256E-02 -1.861960E-03  3.620434E-20  1.036512E-01  0.000000E+00
  1.708170E-01 -3.404695E-02  5.000000E-01  1.725437E-01 -3.435387E-02  0.000000E+00  2.169956E-02 -1.413638E-03 -7.285843E-19  7.034021E-02  0.000000E+00
  1.850860E-01 -3.483474E-02  5.000000E-01  1.869568E-01 -3.514961E-02  0.000000E+00  2.128720E-02 -9.919128E-04 -7.215978E-19  4.744809E-02  0.000000E+00
  1.999720E-01 -3.539532E-02  5.000000E-01  2.019931E-01 -3.571585E-02  0.000000E+00  2.089427E-02 -6.620765E-04 -2.142939E-19  3.572755E-02  0.000000E+00
  2.154670E-01 -3.578974E-02  5.000000E-01  2.176446E-01 -3.611425E-02  0.000000E+00  2.065484E-02 -4.502103E-04 -3.733145E-19  3.113284E-02  0.000000E+00
  2.315610E-01 -3.608323E-02  5.000000E-01  2.339011E-01 -3.641071E-02  0.000000E+00  2.055611E-02 -2.976400E-04 -5.616804E-19  2.417974E-02  0.000000E+00
  2.482400E-01 -3.626594E-02  5.000000E-01  2.507486E-01 -3.659526E-02  0.000000E+00  2.050684E-02 -1.407911E-04  4.126970E-19  9.720271E-03  0.000000E+00
  2.654840E-01 -3.631466E-02  5.000000E-01  2.681667E-01 -3.664447E-02  0.000000E+00  2.044118E-02  3.485236E-05  1.120941E-18 -9.187919E-03  0.000000E+00
  2.832720E-01 -3.620271E-02  5.000000E-01  2.861343E-01 -3.653140E-02  0.000000E+00  2.032159E-02  2.267043E-04  5.377744E-19 -2.766900E-02  0.000000E+00
  3.015770E-01 -3.590775E-02  5.000000E-01  3.046242E-01 -3.623346E-02  0.000000E+00  2.013241E-02  4.248197E-04  6.924328E-19 -4.235339E-02  0.000000E+00
  3.203660E-01 -3.541575E-02  5.000000E-01  3.236030E-01 -3.573649E-02  0.000000E+00  1.987254E-02  6.180760E-04  7.346614E-19 -5.203729E-02  0.000000E+00
  3.396030E-01 -3.472124E-02  5.000000E-01  3.430342E-01 -3.503496E-02  0.000000E+00  1.954708E-02  7.992064E-04 -6.807402E-20 -5.700930E-02  0.000000E+00
  3.592490E-01 -3.382256E-02  5.000000E-01  3.628786E-01 -3.412721E-02  0.000000E+00  1.916104E-02  9.657548E-04 -7.563050E-19 -5.805236E-02  0.000000E+00
  3.792580E-01 -3.271918E-02  5.000000E-01  3.830897E-01 -3.301269E-02  0.000000E+00  1.871950E-02  1.116358E-03 -3.270929E-19 -5.562144E-02  0.000000E+00
  3.995810E-01 -3.141370E-02  5.000000E-01  4.036179E-01 -3.169403E-02  0.000000E+00  1.822849E-02  1.248711E-03  1.185179E-18 -4.972268E-02  0.000000E+00
  4.201670E-01 -2.991312E-02  5.000000E-01  4.244118E-01 -3.017829E-02  0.000000E+00  1.769248E-02  1.361274E-03  9.364448E-19 -4.034709E-02  0.000000E+00
  4.409600E-01 -2.822657E-02  5.000000E-01  4.454148E-01 -2.847470E-02  0.000000E+00  1.711433E-02  1.453801E-03 -6.045137E-19 -2.768262E-02  0.000000E+00
  4.619030E-01 -2.636446E-02  5.000000E-01  4.665693E-01 -2.659379E-02  0.000000E+00  1.650037E-02  1.524982E-03 -5.369236E-19 -1.189023E-02  0.000000E+00
  4.829360E-01 -2.434384E-02  5.000000E-01  4.878147E-01 -2.455276E-02  0.000000E+00  1.586264E-02  1.572701E-03 -6.736733E-19  6.840316E-03  0.000000E+00
  5.039990E-01 -2.218798E-02  5.000000E-01  5.090904E-01 -2.237513E-02  0.000000E+00  1.521619E-02  1.596087E-03 -8.918263E-19  2.804439E-02  0.000000E+00
  5.250310E-01 -1.992609E-02  5.000000E-01  5.303348E-01 -2.009040E-02  0.000000E+00  1.457664E-02  1.596367E-03 -3.355790E-19  5.097790E-02  0.000000E+00
  5.459710E-01 -1.759011E-02  5.000000E-01  5.514863E-01 -1.773083E-02  0.000000E+00  1.395888E-02  1.576942E-03  3.338220E-19  7.474349E-02  0.000000E+00
  5.667600E-01 -1.521109E-02  5.000000E-01  5.724853E-01 -1.532779E-02  0.000000E+00  1.337992E-02  1.540354E-03  3.165571E-19  9.871878E-02  0.000000E+00
  4.704230E-01  5.318014E-02  5.000000E-01  4.751754E-01  5.375412E-02  0.000000E+00  2.210223E-02  7.688651E-04 -7.030587E-18 -1.053741E+00  0.000000E+00
  4.494880E-01  5.238934E-02  5.000000E-01  4.540289E-01  5.295533E-02  0.000000E+00  2.190909E-02  8.610984E-04 -7.628045E-18 -1.046489E+00  0.000000E+00
  4.286690E-01  5.153734E-02  5.000000E-01  4.329997E-01  5.209473E-02  0.000000E+00  2.187425E-02  9.207725E-04 -8.598463E-18 -1.044604E+00  0.000000E+00
  4.080230E-01  5.064547E-02  5.000000E-01  4.121452E-01  5.119385E-02  0.000000E+00  2.200547E-02  9.851161E-04 -9.923807E-18 -1.044297E+00  0.000000E+00
  3.876050E-01  4.970145E-02  5.000000E-01  3.915210E-01  5.024030E-02  0.000000E+00  2.224480E-02  1.070980E-03 -1.069737E-17 -1.043114E+00  0.000000E+00
  3.674690E-01  4.869453E-02  5.000000E-01  3.711816E-01  4.922321E-02  0.000000E+00  2.250953E-02  1.175445E-03 -1.153767E-17 -1.040428E+00  0.000000E+00
  3.476650E-01  4.761708E-02  5.000000E-01  3.511776E-01  4.813488E-02  0.000000E+00  2.274751E-02  1.294444E-03 -1.298721E-17 -1.036273E+00  0.000000E+00
  3.282390E-01  4.646356E-02  5.000000E-01  3.315555E-01  4.696971E-02  0.000000E+00  2.294366E-02  1.426219E-03 -1.292912E-17 -1.030870E+00  0.000000E+00
  3.092330E-01  4.522956E-02  5.000000E-01  3.123575E-01  4.572325E-02  0.000000E+00  2.310133E-02  1.568494E-03 -1.265302E-17 -1.024574E+00  0.000000E+00
  2.906860E-01  4.391529E-02  5.000000E-01  2.936232E-01  4.439571E-02  0.000000E+00  2.322725E-02  1.718391E-03 -1.295720E-17 -1.017766E+00  0.000000E+00
  2.726330E-01  4.252342E-02  5.000000E-01  2.753879E-01  4.298978E-02  0.000000E+00  2.332696E-02  1.874701E-03 -1.236643E-17 -1.010654E+00  0.000000E+00
  2.551020E-01  4.105728E-02  5.000000E-01  2.576799E-01  4.150883E-02  0.000000E+00  2.340328E-02  2.037255E-03 -1.193348E-17 -1.003300E+00  0.000000E+00
  2.381210E-01  3.952149E-02  5.000000E-01  2.405274E-01  3.995753E-02  0.000000E+00  2.346021E-02  2.208297E-03 -1.188206E-17 -9.956622E-01  0.000000E+00
  2.217090E-01  3.791769E-02  5.000000E-01  2.239496E-01  3.833753E-02  0.000000E+00  2.349853E-02  2.388135E-03 -1.239196E-17 -9.881708E-01  0.000000E+00
  2.058840E-01  3.624841E-02  5.000000E-01  2.079648E-01  3.665140E-02  0.000000E+00  2.350037E-02  2.554212E-03 -1.308374E-17 -9.832056E-01  0.000000E+00
  1.906600E-01  3.454249E-02  5.000000E-01  1.925871E-01  3.492826E-02  0.000000E+00  2.346032E-02  2.668790E-03 -1.474861E-17 -9.843405E-01  0.000000E+00
  1.760460E-01  3.285253E-02  5.000000E-01  1.778255E-01  3.322123E-02  0.000000E+00  2.344942E-02  2.736821E-03 -1.978198E-17 -9.921456E-01  0.000000E+00
  1.620500E-01  3.120392E-02  5.000000E-01  1.636881E-01  3.155597E-02  0.000000E+00  2.356316E-02  2.801935E-03 -2.874076E-17 -1.003786E+00  0.000000E+00
  1.486750E-01  2.959942E-02  5.000000E-01  1.501781E-01  2.993526E-02  0.000000E+00  2.382370E-02  2.894671E-03 -4.262860E-17 -1.016254E+00  0.000000E+00
  1.359210E-01  2.803105E-02  5.000000E-01  1.372953E-01  2.835105E-02  0.000000E+00  2.417959E-02  3.023141E-03 -6.518545E-17 -1.027730E+00  0.000000E+00
  1.237890E-01  2.649001E-02  5.000000E-01  1.250407E-01  2.679445E-02  0.000000E+00  2.455813E-02  3.184663E-03 -1.023397E-16 -1.037529E+00  0.000000E+00
  1.122730E-01  2.496672E-02  5.000000E-01  1.134084E-01  2.525577E-02  0.000000E+00  2.490619E-02  3.374016E-03 -1.649848E-16 -1.045724E+00  0.000000E+00
  1.013710E-01  2.345535E-02  5.000000E-01  1.023964E-01  2.372915E-02  0.000000E+00  2.520026E-02  3.584777E-03 -2.720484E-16 -1.052911E+00  0.000000E+00
  9.107400E-02  2.195371E-02  5.000000E-01  9.199536E-02  2.221233E-02  0.000000E+00  2.544391E-02  3.816275E-03 -4.555829E-16 -1.059656E+00  0.000000E+00
  9.107400E-02  2.195371E-02  5.000000E-01  9.199536E-02  2.221233E-02  0.000000E+00  2.544391E-02  3.816275E-03 -4.555829E-16 -1.059656E+00  0.000000E+00
  8.137660E-02  2.045932E-02  5.000000E-01  8.220003E-02  2.070286E-02  0.000000E+00  2.564548E-02  4.067056E-03 -7.722210E-16 -1.066692E+00  0.000000E+00
  7.227050E-02  1.897436E-02  5.000000E-01  7.300197E-02  1.920290E-02  0.000000E+00  2.580960E-02  4.331402E-03 -1.322064E-15 -1.075019E+00  0.000000E+00
  6.374670E-02  1.750366E-02  5.000000E-01  6.439209E-02  1.771735E-02  0.000000E+00  2.594709E-02  4.610585E-03 -2.279208E-15 -1.085293E+00  0.000000E+00
  5.579720E-02  1.605026E-02  5.000000E-01  5.636231E-02  1.624927E-02  0.000000E+00  2.605845E-02  4.900917E-03 -3.933307E-15 -1.098405E+00  0.000000E+00
  4.841260E-02  1.462243E-02  5.000000E-01  4.890313E-02  1.480702E-02  0.000000E+00  2.614164E-02  5.197282E-03 -6.735048E-15 -1.115329E+00  0.000000E+00
  4.158390E-02  1.322768E-02  5.000000E-01  4.200547E-02  1.339819E-02  0.000000E+00  2.620159E-02  5.506209E-03 -1.128447E-14 -1.136447E+00  0.000000E+00
  3.530370E-02  1.187067E-02  5.000000E-01  3.566185E-02  1.202747E-02  0.000000E+00  2.621932E-02  5.822537E-03 -1.816741E-14 -1.162587E+00  0.000000E+00
  2.956270E-02  1.056068E-02  5.000000E-01  2.986287E-02  1.070425E-02  0.000000E+00  2.616790E-02  6.141669E-03 -2.753473E-14 -1.194410E+00  0.000000E+00
  2.435310E-02  9.304077E-03  5.000000E-01  2.460066E-02  9.434959E-03  0.000000E+00  2.600807E-02  6.475782E-03 -3.835216E-14 -1.231337E+00  0.000000E+00
  1.967110E-02  8.101254E-03  5.000000E-01  1.987137E-02  8.219988E-03  0.000000E+00  2.560662E-02  6.796046E-03 -4.771604E-14 -1.273685E+00  0.000000E+00
  1.550860E-02  6.959301E-03  5.000000E-01  1.566684E-02  7.066502E-03  0.000000E+00  2.478712E-02  7.054671E-03 -5.139091E-14 -1.321777E+00  0.000000E+00
  1.185930E-02  5.881881E-03  5.000000E-01  1.198068E-02  5.978201E-03  0.000000E+00  2.345215E-02  7.244820E-03 -4.611243E-14 -1.373796E+00  0.000000E+00
  8.724160E-03  4.865271E-03  5.000000E-01  8.813883E-03  4.951326E-03  0.000000E+00  2.172420E-02  7.393167E-03 -3.238761E-14 -1.429326E+00  0.000000E+00
  6.091130E-03  3.917787E-03  5.000000E-01  6.154263E-03  3.994273E-03  0.000000E+00  2.048208E-02  7.886119E-03 -1.613013E-14 -1.483842E+00  0.000000E+00
  3.952840E-03  3.042350E-03  5.000000E-01  3.994378E-03  3.109995E-03  0.000000E+00  2.128587E-02  9.812278E-03 -5.803375E-15 -1.520442E+00  0.000000E+00
  2.330070E-03  2.226473E-03  5.000000E-01  2.355220E-03  2.285878E-03  0.000000E+00  2.435585E-02  1.427977E-02 -5.249776E-15 -1.527596E+00  0.000000E+00
  1.198080E-03  1.488518E-03  5.000000E-01  1.211798E-03  1.540470E-03  0.000000E+00  2.766497E-02  2.146591E-02 -1.143350E-14 -1.515214E+00  0.000000E+00
  5.019560E-04  8.617504E-04  5.000000E-01  5.086442E-04  9.073735E-04  0.000000E+00  3.040000E-02  3.351038E-02 -1.986958E-14 -1.526522E+00  0.000000E+00
  1.313430E-04  3.781473E-04  5.000000E-01  1.342884E-04  4.188865E-04  0.000000E+00  3.495342E-02  7.013860E-02 -2.873240E-14 -1.562654E+00  0.000000E+00
  8.078190E-06  6.986809E-05  5.000000E-01  9.778777E-06  1.074940E-04  0.000000E+00  3.041689E-02  1.729553E-01 -3.981823E-14 -1.483420E+00  0.000000E+00
 -1.602820E-06 -3.655124E-05  5.000000E-01  0.000000E+00  0.000000E+00  0.000000E+00 -4.988765E-03  2.520588E-01 -5.110158E-14 -1.190068E+00  0.000000E+00
  9.141860E-06 -1.465545E-04  5.000000E-01  1.085319E-05 -1.111142E-04  0.000000E+00 -4.979110E-02  1.968254E-01 -6.204950E-14 -4.667589E-01  0.000000E+00
  1.696960E-04 -4.787589E-04  5.000000E-01  1.730287E-04 -4.466735E-04  0.000000E+00 -6.439785E-02  9.273299E-02 -6.521568E-14  5.431930E-01  0.000000E+00
    1    2
    2    3
    3    4
    4    5
    5    6
    6    7
    7    8
    8    9
    9   10
   10   11
   11   12
   12   13
   13   14
   14   15
   15   16
   16   17
   17   18
   18   19
   19   20
   20   21
   21   22
   22   23
   23   24
   25   26
   26   27
   27   28
   28   29
   29   30
   30   31
   31   32
   32   33
   33   34
   34   35
   35   36
   36   37
   37   38
   38   39
   39   40
   40   41
   41   42
   42   43
   43   44
   44   45
   45   46
   46   47
   47   48
   49   50
   50   51
   51   52
   52   53
   53   54
   54   55
   55   56
   56   57
   57   58
   58   59
   59   60
   60   61
   61   62
   62   63
   63   64
   64   65
   65   66
   66   67
   67   68
   68   69
   69   70
   70   71
   71   72
   73   74
   74   75
   75   76
   76   77
   77   78
   78   79
   79   80
   80   81
   81   82
   82   83
   83   84
   84   85
   85   86
   86   87
   87   88
   88   89
   89   90
   90   91
   91   92
   92   93
   93   94
   94   95
   95   96
   97   98
   98   99
   99  100
  100  101
  101  102
  102  103
  103  104
  104  105
  105  106
  106  107
  107  108
  108  109
  109  110
  110  111
  111  112
  112  113
  113  114
  114  115
  115  116
  116  117
  117  118
  118  119
  119  120
  121  122
  122  123
  123  124
  124  125
  125  126
  126  127
  127  128
  128  129
  129  130
  130  131
  131  132
  132  133
  133  134
  134  135
  135  136
  136  137
  137  138
  138  139
  139  140
  140  141
  141  142
  142  143
  143  144
  145  146
  146  147
  147  148
  148  149
  149  150
  150  151
  151  152
  152  153
  153  154
  154  155
  155  156
  156  157
  157  158
  158  159
  159  160
  160  161
  161  162
  162  163
  163  164
  164  165
  165  166
  166  167
  167  168
  169  170
  170  171
  171  172
  172  173
  173  174
  174  175
  175  176
  176  177
  177  178
  178  179
  179  180
  180  181
  181  182
  182  183
  183  184
  184  185
  185  186
  186  187
  187  188
  188  189
  189  190
  190  191
  191  192
