 Title = "ADflow Slice Data"
Variables =  "CoordinateX"  "CoordinateY"  "CoordinateZ"  "XoC"  "YoC"  "ZoC" "VelocityX" "VelocityY" "VelocityZ" "CoefPressure" "Mach" 
Zone T= "Slice_0001 None Absolute Regular z = 0.50000000"
 Nodes =          192  Elements=          184  ZONETYPE=FELINESEG
 DATAPACKING=POINT
  5.667600E-01 -1.505990E-02  5.000000E-01  5.724853E-01 -1.517366E-02  0.000000E+00  1.342190E-02  1.525029E-03 -2.502973E-21  1.003200E-01  0.000000E+00
  5.873410E-01 -1.270819E-02  5.000000E-01  5.932741E-01 -1.279820E-02  0.000000E+00  1.292161E-02  1.475387E-03 -1.272371E-18  1.230624E-01  0.000000E+00
  6.076580E-01 -1.039034E-02  5.000000E-01  6.137963E-01 -1.045695E-02  0.000000E+00  1.248153E-02  1.414828E-03 -2.718115E-18  1.447970E-01  0.000000E+00
  6.276600E-01 -8.138444E-03  5.000000E-01  6.340003E-01 -8.182310E-03  0.000000E+00  1.209941E-02  1.347557E-03 -1.973952E-18  1.649264E-01  0.000000E+00
  6.472970E-01 -5.976466E-03  5.000000E-01  6.538356E-01 -5.998498E-03  0.000000E+00  1.176568E-02  1.278547E-03 -4.283663E-19  1.830965E-01  0.000000E+00
  6.665260E-01 -3.915729E-03  5.000000E-01  6.732588E-01 -3.916950E-03  0.000000E+00  1.147012E-02  1.210303E-03 -1.172750E-18  1.995329E-01  0.000000E+00
  6.853050E-01 -1.965623E-03  5.000000E-01  6.922274E-01 -1.947150E-03  0.000000E+00  1.120707E-02  1.140146E-03 -2.039384E-18  2.150494E-01  0.000000E+00
  7.035980E-01 -1.435291E-04  5.000000E-01  7.107052E-01 -1.066554E-04  0.000000E+00  1.096702E-02  1.065372E-03 -1.174510E-18  2.299840E-01  0.000000E+00
  7.213750E-01  1.538360E-03  5.000000E-01  7.286617E-01  1.592219E-03  0.000000E+00  1.072770E-02  9.864168E-04 -7.117848E-19  2.439769E-01  0.000000E+00
  7.386080E-01  3.075514E-03  5.000000E-01  7.460687E-01  3.144896E-03  0.000000E+00  1.046044E-02  9.054523E-04 -1.282273E-18  2.569299E-01  0.000000E+00
  7.552750E-01  4.472802E-03  5.000000E-01  7.629040E-01  4.556296E-03  0.000000E+00  1.014735E-02  8.267613E-04 -4.393744E-19  2.692621E-01  0.000000E+00
  7.713580E-01  5.742867E-03  5.000000E-01  7.791495E-01  5.839186E-03  0.000000E+00  9.801317E-03  7.521816E-04  9.108325E-20  2.815291E-01  0.000000E+00
  7.868410E-01  6.896528E-03  5.000000E-01  7.947888E-01  7.004498E-03  0.000000E+00  9.489402E-03  6.644089E-04 -1.787243E-19  2.954537E-01  0.000000E+00
  8.017160E-01  7.873732E-03  5.000000E-01  8.098140E-01  7.991571E-03  0.000000E+00  9.312751E-03  5.405751E-04  1.519879E-19  3.113724E-01  0.000000E+00
  8.159740E-01  8.591075E-03  5.000000E-01  8.242160E-01  8.716158E-03  0.000000E+00  9.334940E-03  3.861465E-04  4.944975E-19  3.243164E-01  0.000000E+00
  8.296120E-01  9.030885E-03  5.000000E-01  8.379918E-01  9.160409E-03  0.000000E+00  9.559641E-03  2.187833E-04  4.999705E-19  3.294186E-01  0.000000E+00
  8.426300E-01  9.209396E-03  5.000000E-01  8.511412E-01  9.340723E-03  0.000000E+00  9.963341E-03  4.529526E-05  4.024379E-19  3.266243E-01  0.000000E+00
  8.550290E-01  9.157958E-03  5.000000E-01  8.636654E-01  9.288766E-03  0.000000E+00  1.051770E-02 -1.333266E-04  6.333571E-19  3.179210E-01  0.000000E+00
  8.668160E-01  8.914283E-03  5.000000E-01  8.755715E-01  9.042630E-03  0.000000E+00  1.119372E-02 -3.159421E-04  4.398711E-19  3.046602E-01  0.000000E+00
  8.779950E-01  8.519621E-03  5.000000E-01  8.868634E-01  8.643983E-03  0.000000E+00  1.196154E-02 -4.999966E-04  7.484300E-20  2.874033E-01  0.000000E+00
  8.885730E-01  8.013238E-03  5.000000E-01  8.975482E-01  8.132486E-03  0.000000E+00  1.279184E-02 -6.829144E-04 -4.268770E-20  2.667388E-01  0.000000E+00
  8.985610E-01  7.428496E-03  5.000000E-01  9.076371E-01  7.541838E-03  0.000000E+00  1.365200E-02 -8.579466E-04  2.101154E-19  2.431885E-01  0.000000E+00
  9.079670E-01  6.799164E-03  5.000000E-01  9.171381E-01  6.906151E-03  0.000000E+00  1.450273E-02 -1.012722E-03  4.689869E-19  2.172146E-01  0.000000E+00
  9.168010E-01  6.157747E-03  5.000000E-01  9.260613E-01  6.258257E-03  0.000000E+00  1.530640E-02 -1.138097E-03  5.297399E-19  1.898756E-01  0.000000E+00
  9.168010E-01  6.157747E-03  5.000000E-01  9.260613E-01  6.258257E-03  0.000000E+00  1.530640E-02 -1.138097E-03  5.297399E-19  1.898756E-01  0.000000E+00
  9.250730E-01  5.529047E-03  5.000000E-01  9.344168E-01  5.623207E-03  0.000000E+00  1.603981E-02 -1.235303E-03  1.074515E-18  1.626966E-01  0.000000E+00
  9.327940E-01  4.927301E-03  5.000000E-01  9.422158E-01  5.015384E-03  0.000000E+00  1.670245E-02 -1.316046E-03  1.250420E-18  1.369917E-01  0.000000E+00
  9.399760E-01  4.355785E-03  5.000000E-01  9.494703E-01  4.438096E-03  0.000000E+00  1.731057E-02 -1.391867E-03  1.144002E-18  1.130296E-01  0.000000E+00
  9.466320E-01  3.815201E-03  5.000000E-01  9.561935E-01  3.892053E-03  0.000000E+00  1.788433E-02 -1.467298E-03  7.177984E-19  9.007220E-02  0.000000E+00
  9.527730E-01  3.306371E-03  5.000000E-01  9.623966E-01  3.378084E-03  0.000000E+00  1.844842E-02 -1.548834E-03 -1.037519E-19  6.757957E-02  0.000000E+00
  9.584110E-01  2.827153E-03  5.000000E-01  9.680915E-01  2.894027E-03  0.000000E+00  1.903557E-02 -1.647123E-03 -1.252682E-19  4.531914E-02  0.000000E+00
  9.635570E-01  2.374316E-03  5.000000E-01  9.732895E-01  2.436617E-03  0.000000E+00  1.967967E-02 -1.768047E-03  3.877273E-18  2.257306E-02  0.000000E+00
  9.682220E-01  1.946791E-03  5.000000E-01  9.780016E-01  2.004775E-03  0.000000E+00  2.041287E-02 -1.912241E-03  1.329585E-17 -1.747402E-03  0.000000E+00
  9.724140E-01  1.545857E-03  5.000000E-01  9.822359E-01  1.599792E-03  0.000000E+00  2.128320E-02 -2.087713E-03  1.531332E-17 -2.827304E-02  0.000000E+00
  9.761430E-01  1.171439E-03  5.000000E-01  9.860026E-01  1.221592E-03  0.000000E+00  2.237281E-02 -2.311626E-03 -2.850684E-17 -5.745638E-02  0.000000E+00
  9.794160E-01  8.242691E-04  5.000000E-01  9.893086E-01  8.709164E-04  0.000000E+00  2.378371E-02 -2.597403E-03 -1.463958E-16 -9.037899E-02  0.000000E+00
  9.822400E-01  5.074283E-04  5.000000E-01  9.921611E-01  5.508758E-04  0.000000E+00  2.556684E-02 -2.947242E-03 -2.182574E-16 -1.284946E-01  0.000000E+00
  9.846200E-01  2.260642E-04  5.000000E-01  9.945652E-01  2.666703E-04  0.000000E+00  2.759121E-02 -3.347931E-03  1.865371E-16 -1.721528E-01  0.000000E+00
  9.865620E-01 -1.453664E-05  5.000000E-01  9.965268E-01  2.363968E-05  0.000000E+00  2.941049E-02 -3.711692E-03  1.558343E-15 -2.194629E-01  0.000000E+00
  9.880680E-01 -2.086064E-04  5.000000E-01  9.980480E-01 -1.723900E-04  0.000000E+00  2.987694E-02 -3.826871E-03  2.942564E-15 -2.766744E-01  0.000000E+00
  9.891420E-01 -3.514242E-04  5.000000E-01  9.991328E-01 -3.166501E-04  0.000000E+00  2.813033E-02 -3.911390E-03 -9.156312E-16 -3.435638E-01  0.000000E+00
  9.897860E-01 -4.389489E-04  5.000000E-01  9.997833E-01 -4.050586E-04  0.000000E+00  3.788877E-02 -4.013549E-03 -1.790554E-14 -2.894697E-01  0.000000E+00
  9.900000E-01 -4.683024E-04  5.000000E-01  9.999995E-01 -4.347086E-04  0.000000E+00  2.619012E-02  5.267530E-03 -1.563047E-14 -5.820995E-01  0.000000E+00
  9.900000E-01 -1.843755E-04  5.000000E-01  9.999995E-01 -1.479144E-04  0.000000E+00  1.229918E-03 -7.885498E-03  8.979487E-16 -8.088942E-01  0.000000E+00
  9.900000E-01  9.955137E-05  5.000000E-01  9.999995E-01  1.388799E-04  0.000000E+00 -4.469271E-04 -2.274910E-02  3.198826E-15 -6.284453E-01  0.000000E+00
  9.900000E-01  3.834783E-04  5.000000E-01  9.999995E-01  4.256741E-04  0.000000E+00 -1.436219E-04 -8.863020E-03  4.085017E-15 -6.283989E-01  0.000000E+00
  9.900000E-01  6.674052E-04  5.000000E-01  9.999995E-01  7.124683E-04  0.000000E+00  4.646944E-04 -5.230036E-03  3.864258E-15 -6.882808E-01  0.000000E+00
  9.900000E-01  9.513320E-04  5.000000E-01  9.999995E-01  9.992626E-04  0.000000E+00  6.797971E-03 -6.632850E-03  3.404637E-15 -6.300282E-01  0.000000E+00
  9.900000E-01  9.513320E-04  5.000000E-01  9.999995E-01  9.992626E-04  0.000000E+00  6.797971E-03 -6.632850E-03  3.404637E-15 -6.300282E-01  0.000000E+00
  9.897890E-01  1.017904E-03  5.000000E-01  9.997864E-01  1.066506E-03  0.000000E+00  9.016691E-03 -3.469911E-03  2.812624E-15 -5.524650E-01  0.000000E+00
  9.891540E-01  1.218674E-03  5.000000E-01  9.991450E-01  1.269304E-03  0.000000E+00  4.568327E-03 -1.351449E-03  1.858650E-15 -5.710663E-01  0.000000E+00
  9.880950E-01  1.555407E-03  5.000000E-01  9.980753E-01  1.609438E-03  0.000000E+00  3.025128E-03 -9.610315E-04  1.037581E-15 -5.706253E-01  0.000000E+00
  9.866100E-01  2.031333E-03  5.000000E-01  9.965753E-01  2.090170E-03  0.000000E+00  1.983909E-03 -6.498283E-04  5.076685E-16 -5.627249E-01  0.000000E+00
  9.846960E-01  2.650662E-03  5.000000E-01  9.946419E-01  2.715754E-03  0.000000E+00  9.958880E-04 -3.234560E-04  2.195037E-16 -5.590867E-01  0.000000E+00
  9.823490E-01  3.418251E-03  5.000000E-01  9.922712E-01  3.491094E-03  0.000000E+00  1.848067E-04 -5.912647E-05  7.602016E-17 -5.581073E-01  0.000000E+00
  9.795670E-01  4.338747E-03  5.000000E-01  9.894611E-01  4.420887E-03  0.000000E+00 -4.281626E-04  1.428426E-04  9.003926E-18 -5.583496E-01  0.000000E+00
  9.763420E-01  5.417933E-03  5.000000E-01  9.862036E-01  5.510971E-03  0.000000E+00 -8.720875E-04  2.934516E-04 -1.547894E-17 -5.597951E-01  0.000000E+00
  9.726710E-01  6.659542E-03  5.000000E-01  9.824955E-01  6.765119E-03  0.000000E+00 -1.171274E-03  3.979237E-04 -1.728870E-17 -5.623303E-01  0.000000E+00
  9.685460E-01  8.066751E-03  5.000000E-01  9.783288E-01  8.186540E-03  0.000000E+00 -1.342997E-03  4.597395E-04 -1.071171E-17 -5.655357E-01  0.000000E+00
  9.639600E-01  9.641706E-03  5.000000E-01  9.736965E-01  9.777399E-03  0.000000E+00 -1.403881E-03  4.834599E-04 -4.008064E-18 -5.689033E-01  0.000000E+00
  9.589060E-01  1.138655E-02  5.000000E-01  9.685915E-01  1.153987E-02  0.000000E+00 -1.374325E-03  4.753509E-04 -6.812788E-19 -5.719571E-01  0.000000E+00
  9.533750E-01  1.330247E-02  5.000000E-01  9.630046E-01  1.347513E-02  0.000000E+00 -1.280184E-03  4.437351E-04 -2.146090E-19 -5.743331E-01  0.000000E+00
  9.473580E-01  1.538822E-02  5.000000E-01  9.569269E-01  1.558194E-02  0.000000E+00 -1.151281E-03  3.987603E-04 -5.439130E-19 -5.758458E-01  0.000000E+00
  9.408450E-01  1.764046E-02  5.000000E-01  9.503481E-01  1.785693E-02  0.000000E+00 -1.017828E-03  3.511241E-04 -4.995980E-19 -5.765242E-01  0.000000E+00
  9.338260E-01  2.005390E-02  5.000000E-01  9.432582E-01  2.029475E-02  0.000000E+00 -9.065220E-04  3.103216E-04 -4.256702E-19 -5.765965E-01  0.000000E+00
  9.262910E-01  2.262011E-02  5.000000E-01  9.356471E-01  2.288687E-02  0.000000E+00 -8.379399E-04  2.833818E-04 -7.606578E-19 -5.764150E-01  0.000000E+00
  9.182290E-01  2.532626E-02  5.000000E-01  9.275037E-01  2.562035E-02  0.000000E+00 -8.259798E-04  2.743858E-04 -9.459872E-19 -5.763504E-01  0.000000E+00
  9.096280E-01  2.815464E-02  5.000000E-01  9.188158E-01  2.847729E-02  0.000000E+00 -8.783161E-04  2.845733E-04 -1.628774E-19 -5.767631E-01  0.000000E+00
  9.004770E-01  3.108177E-02  5.000000E-01  9.095724E-01  3.143398E-02  0.000000E+00 -9.967679E-04  3.125661E-04  1.179849E-18 -5.779683E-01  0.000000E+00
  8.907650E-01  3.407671E-02  5.000000E-01  8.997623E-01  3.445917E-02  0.000000E+00 -1.178544E-03  3.540528E-04  2.313696E-18 -5.800520E-01  0.000000E+00
  8.804800E-01  3.709809E-02  5.000000E-01  8.893735E-01  3.751107E-02  0.000000E+00 -1.416831E-03  4.013852E-04  2.892693E-18 -5.829140E-01  0.000000E+00
  8.696090E-01  4.009014E-02  5.000000E-01  8.783927E-01  4.053333E-02  0.000000E+00 -1.697403E-03  4.451326E-04  3.079141E-18 -5.864895E-01  0.000000E+00
  8.696090E-01  4.009014E-02  5.000000E-01  8.783927E-01  4.053333E-02  0.000000E+00 -1.697403E-03  4.451326E-04  3.079141E-18 -5.864895E-01  0.000000E+00
  8.581400E-01  4.298081E-02  5.000000E-01  8.668079E-01  4.345319E-02  0.000000E+00 -2.000244E-03  4.763723E-04  2.519076E-18 -5.898015E-01  0.000000E+00
  8.460600E-01  4.568591E-02  5.000000E-01  8.546059E-01  4.618561E-02  0.000000E+00 -2.307540E-03  4.850004E-04  2.311806E-18 -5.906557E-01  0.000000E+00
  8.333640E-01  4.812561E-02  5.000000E-01  8.417817E-01  4.864995E-02  0.000000E+00 -2.564689E-03  4.505645E-04  1.477164E-18 -5.921841E-01  0.000000E+00
  8.200460E-01  5.022435E-02  5.000000E-01  8.283292E-01  5.076988E-02  0.000000E+00 -2.540216E-03  3.449731E-04 -3.750077E-19 -6.135038E-01  0.000000E+00
  8.061050E-01  5.191472E-02  5.000000E-01  8.142474E-01  5.247733E-02  0.000000E+00 -1.655888E-03  1.629198E-04 -2.950221E-19 -6.838207E-01  0.000000E+00
  7.915460E-01  5.317105E-02  5.000000E-01  7.995413E-01  5.374634E-02  0.000000E+00  9.677263E-04 -5.109995E-05  1.034055E-19 -8.094068E-01  0.000000E+00
  7.763770E-01  5.403258E-02  5.000000E-01  7.842191E-01  5.461657E-02  0.000000E+00  5.943954E-03 -2.150752E-04 -1.958033E-19 -9.506889E-01  0.000000E+00
  7.606070E-01  5.456880E-02  5.000000E-01  7.682899E-01  5.515821E-02  0.000000E+00  1.254704E-02 -2.326394E-04 -1.900556E-18 -1.049565E+00  0.000000E+00
  7.442510E-01  5.478754E-02  5.000000E-01  7.517687E-01  5.537915E-02  0.000000E+00  1.839550E-02 -4.782919E-05 -6.627848E-18 -1.081571E+00  0.000000E+00
  7.273250E-01  5.470741E-02  5.000000E-01  7.346718E-01  5.529821E-02  0.000000E+00  2.141552E-02  2.494601E-04 -1.175507E-17 -1.067867E+00  0.000000E+00
  7.098490E-01  5.438195E-02  5.000000E-01  7.170193E-01  5.496947E-02  0.000000E+00  2.165520E-02  4.766782E-04 -1.426731E-17 -1.043509E+00  0.000000E+00
  6.918480E-01  5.390860E-02  5.000000E-01  6.988365E-01  5.449134E-02  0.000000E+00  2.052621E-02  5.224946E-04 -1.379121E-17 -1.033164E+00  0.000000E+00
  6.733520E-01  5.343911E-02  5.000000E-01  6.801537E-01  5.401711E-02  0.000000E+00  1.932968E-02  3.760751E-04 -1.086837E-17 -1.047553E+00  0.000000E+00
  6.543930E-01  5.317469E-02  5.000000E-01  6.610032E-01  5.375002E-02  0.000000E+00  1.876613E-02  1.029634E-04 -7.216484E-18 -1.083048E+00  0.000000E+00
  6.350090E-01  5.323476E-02  5.000000E-01  6.414235E-01  5.381069E-02  0.000000E+00  1.906501E-02 -1.786467E-04 -5.139217E-18 -1.124020E+00  0.000000E+00
  6.152440E-01  5.354843E-02  5.000000E-01  6.214589E-01  5.412753E-02  0.000000E+00  2.001633E-02 -3.833650E-04 -4.098816E-18 -1.155750E+00  0.000000E+00
  5.951420E-01  5.400118E-02  5.000000E-01  6.011539E-01  5.458486E-02  0.000000E+00  2.115830E-02 -4.723865E-04 -4.351565E-18 -1.171202E+00  0.000000E+00
  5.747530E-01  5.445750E-02  5.000000E-01  5.805590E-01  5.504579E-02  0.000000E+00  2.211853E-02 -4.080985E-04 -5.234655E-18 -1.167898E+00  0.000000E+00
  5.541290E-01  5.476710E-02  5.000000E-01  5.597267E-01  5.535851E-02  0.000000E+00  2.272677E-02 -1.788297E-04 -5.854648E-18 -1.147342E+00  0.000000E+00
  5.333260E-01  5.478739E-02  5.000000E-01  5.387136E-01  5.537900E-02  0.000000E+00  2.291929E-02  1.383836E-04 -6.222654E-18 -1.117276E+00  0.000000E+00
  5.124010E-01  5.450937E-02  5.000000E-01  5.175773E-01  5.509818E-02  0.000000E+00  2.274627E-02  4.306011E-04 -6.121291E-18 -1.087715E+00  0.000000E+00
  4.914140E-01  5.398816E-02  5.000000E-01  4.963783E-01  5.457170E-02  0.000000E+00  2.239789E-02  6.513193E-04 -6.040186E-18 -1.064367E+00  0.000000E+00
  4.704230E-01  5.328495E-02  5.000000E-01  4.751754E-01  5.386139E-02  0.000000E+00  2.206096E-02  7.990547E-04 -6.252591E-18 -1.049407E+00  0.000000E+00
  1.696960E-04 -4.805091E-04  5.000000E-01  1.730287E-04 -4.470386E-04  0.000000E+00 -6.435942E-02  9.278707E-02 -6.573061E-14  5.418587E-01  0.000000E+00
  8.054360E-04 -9.774166E-04  5.000000E-01  8.151890E-04 -9.489643E-04  0.000000E+00 -4.690704E-02  3.282487E-02 -5.107705E-14  1.107349E+00  0.000000E+00
  1.973980E-03 -1.583813E-03  5.000000E-01  1.995534E-03 -1.561485E-03  0.000000E+00 -2.101894E-02  1.045443E-02 -2.813594E-14  1.176698E+00  0.000000E+00
  3.614630E-03 -2.297694E-03  5.000000E-01  3.652753E-03 -2.282575E-03  0.000000E+00 -4.025520E-03  1.758611E-03 -9.663391E-15  1.152762E+00  0.000000E+00
  5.721210E-03 -3.127475E-03  5.000000E-01  5.780607E-03 -3.120735E-03  0.000000E+00  5.045636E-03 -1.871009E-03 -8.387594E-17  1.122265E+00  0.000000E+00
  8.297500E-03 -4.070654E-03  5.000000E-01  8.382914E-03 -4.073440E-03  0.000000E+00  9.351655E-03 -3.271065E-03  2.434374E-15  1.077815E+00  0.000000E+00
  1.136560E-02 -5.107598E-03  5.000000E-01  1.148200E-02 -5.120856E-03  0.000000E+00  1.111774E-02 -3.619873E-03  1.796261E-15  1.023292E+00  0.000000E+00
  1.493280E-02 -6.227034E-03  5.000000E-01  1.508522E-02 -6.251596E-03  0.000000E+00  1.171213E-02 -3.584140E-03  6.837304E-16  9.687115E-01  0.000000E+00
  1.899460E-02 -7.437248E-03  5.000000E-01  1.918804E-02 -7.474033E-03  0.000000E+00  1.196836E-02 -3.513530E-03  5.275902E-17  9.179685E-01  0.000000E+00
  2.354800E-02 -8.754262E-03  5.000000E-01  2.378743E-02 -8.804347E-03  0.000000E+00  1.230327E-02 -3.505070E-03 -1.177380E-16  8.680461E-01  0.000000E+00
  2.860130E-02 -1.017355E-02  5.000000E-01  2.889176E-02 -1.023797E-02  0.000000E+00  1.283511E-02 -3.543460E-03 -8.839023E-17  8.162929E-01  0.000000E+00
  3.416500E-02 -1.168398E-02  5.000000E-01  3.451165E-02 -1.176366E-02  0.000000E+00  1.354508E-02 -3.610033E-03 -3.233603E-17  7.639350E-01  0.000000E+00
  4.024810E-02 -1.327634E-02  5.000000E-01  4.065618E-02 -1.337209E-02  0.000000E+00  1.437431E-02 -3.685554E-03 -2.493897E-18  7.118862E-01  0.000000E+00
  4.686030E-02 -1.493826E-02  5.000000E-01  4.733516E-02 -1.505080E-02  0.000000E+00  1.525831E-02 -3.750209E-03  5.636309E-18  6.599320E-01  0.000000E+00
  5.401090E-02 -1.665803E-02  5.000000E-01  5.455797E-02 -1.678793E-02  0.000000E+00  1.615035E-02 -3.795646E-03  3.493567E-18  6.081428E-01  0.000000E+00
  6.170850E-02 -1.842695E-02  5.000000E-01  6.233331E-02 -1.857471E-02  0.000000E+00  1.702483E-02 -3.813572E-03  1.607607E-18  5.561485E-01  0.000000E+00
  6.996310E-02 -2.023064E-02  5.000000E-01  7.067127E-02 -2.039662E-02  0.000000E+00  1.786796E-02 -3.791494E-03  9.978449E-19  5.032493E-01  0.000000E+00
  7.878500E-02 -2.204941E-02  5.000000E-01  7.958226E-02 -2.223376E-02  0.000000E+00  1.867652E-02 -3.725806E-03  1.246592E-19  4.496488E-01  0.000000E+00
  8.818390E-02 -2.386408E-02  5.000000E-01  8.907608E-02 -2.406676E-02  0.000000E+00  1.945175E-02 -3.616603E-03  4.146693E-19  3.957899E-01  0.000000E+00
  9.816930E-02 -2.565204E-02  5.000000E-01  9.916232E-02 -2.587278E-02  0.000000E+00  2.018785E-02 -3.459241E-03  4.300283E-19  3.417439E-01  0.000000E+00
  1.087500E-01 -2.738639E-02  5.000000E-01  1.098499E-01 -2.762464E-02  0.000000E+00  2.086808E-02 -3.250273E-03  8.624292E-19  2.879479E-01  0.000000E+00
  1.199340E-01 -2.903980E-02  5.000000E-01  1.211468E-01 -2.929475E-02  0.000000E+00  2.145687E-02 -2.984784E-03  7.927696E-19  2.351241E-01  0.000000E+00
  1.317280E-01 -3.058024E-02  5.000000E-01  1.330599E-01 -3.085074E-02  0.000000E+00  2.189287E-02 -2.654190E-03  3.767839E-19  1.841430E-01  0.000000E+00
  1.441380E-01 -3.197048E-02  5.000000E-01  1.455952E-01 -3.225503E-02  0.000000E+00  2.210473E-02 -2.258904E-03  8.660693E-19  1.368096E-01  0.000000E+00
  1.441380E-01 -3.197048E-02  5.000000E-01  1.455952E-01 -3.225503E-02  0.000000E+00  2.210473E-02 -2.258904E-03  8.660693E-19  1.368096E-01  0.000000E+00
  1.571670E-01 -3.317435E-02  5.000000E-01  1.587558E-01 -3.347105E-02  0.000000E+00  2.204235E-02 -1.813261E-03  1.297325E-18  9.571245E-02  0.000000E+00
  1.708170E-01 -3.415744E-02  5.000000E-01  1.725437E-01 -3.446407E-02  0.000000E+00  2.171790E-02 -1.347618E-03  1.442376E-18  6.356878E-02  0.000000E+00
  1.850860E-01 -3.489699E-02  5.000000E-01  1.869568E-01 -3.521109E-02  0.000000E+00  2.123913E-02 -9.153448E-04  1.547429E-18  4.266769E-02  0.000000E+00
  1.999720E-01 -3.540308E-02  5.000000E-01  2.019931E-01 -3.572229E-02  0.000000E+00  2.079071E-02 -5.847332E-04  1.412526E-18  3.363086E-02  0.000000E+00
  2.154670E-01 -3.574348E-02  5.000000E-01  2.176446E-01 -3.606613E-02  0.000000E+00  2.051828E-02 -3.815351E-04  1.171481E-18  3.192118E-02  0.000000E+00
  2.315610E-01 -3.599018E-02  5.000000E-01  2.339011E-01 -3.631531E-02  0.000000E+00  2.040973E-02 -2.425193E-04  1.012708E-18  2.727366E-02  0.000000E+00
  2.482400E-01 -3.613507E-02  5.000000E-01  2.507486E-01 -3.646167E-02  0.000000E+00  2.036890E-02 -1.000234E-04  5.763045E-19  1.413301E-02  0.000000E+00
  2.654840E-01 -3.615559E-02  5.000000E-01  2.681667E-01 -3.648239E-02  0.000000E+00  2.032496E-02  6.214372E-05  4.269324E-19 -4.297370E-03  0.000000E+00
  2.832720E-01 -3.602470E-02  5.000000E-01  2.861343E-01 -3.635019E-02  0.000000E+00  2.023358E-02  2.428953E-04  6.258541E-19 -2.289646E-02  0.000000E+00
  3.015770E-01 -3.571831E-02  5.000000E-01  3.046242E-01 -3.604070E-02  0.000000E+00  2.007003E-02  4.338014E-04  6.314464E-19 -3.810313E-02  0.000000E+00
  3.203660E-01 -3.521898E-02  5.000000E-01  3.236030E-01 -3.553632E-02  0.000000E+00  1.982472E-02  6.246175E-04  3.825192E-19 -4.851629E-02  0.000000E+00
  3.396030E-01 -3.451643E-02  5.000000E-01  3.430342E-01 -3.482669E-02  0.000000E+00  1.949998E-02  8.065446E-04 -3.204987E-19 -5.407684E-02  0.000000E+00
  3.592490E-01 -3.360702E-02  5.000000E-01  3.628786E-01 -3.390809E-02  0.000000E+00  1.910538E-02  9.737435E-04 -6.132262E-19 -5.520460E-02  0.000000E+00
  3.792580E-01 -3.249171E-02  5.000000E-01  3.830897E-01 -3.278151E-02  0.000000E+00  1.865259E-02  1.123081E-03  1.252363E-19 -5.234793E-02  0.000000E+00
  3.995810E-01 -3.117495E-02  5.000000E-01  4.036179E-01 -3.145146E-02  0.000000E+00  1.815263E-02  1.252385E-03  6.369038E-20 -4.580394E-02  0.000000E+00
  4.201670E-01 -2.966574E-02  5.000000E-01  4.244118E-01 -2.992701E-02  0.000000E+00  1.761339E-02  1.360597E-03 -1.117609E-18 -3.585064E-02  0.000000E+00
  4.409600E-01 -2.797526E-02  5.000000E-01  4.454148E-01 -2.821945E-02  0.000000E+00  1.703916E-02  1.448154E-03 -3.907896E-19 -2.285677E-02  0.000000E+00
  4.619030E-01 -2.611550E-02  5.000000E-01  4.665693E-01 -2.634092E-02  0.000000E+00  1.643554E-02  1.514795E-03  2.344406E-19 -7.078592E-03  0.000000E+00
  4.829360E-01 -2.410349E-02  5.000000E-01  4.878147E-01 -2.430858E-02  0.000000E+00  1.581298E-02  1.559181E-03 -3.531039E-19  1.130964E-02  0.000000E+00
  5.039990E-01 -2.196208E-02  5.000000E-01  5.090904E-01 -2.214555E-02  0.000000E+00  1.518558E-02  1.580531E-03  5.069663E-19  3.195306E-02  0.000000E+00
  5.250310E-01 -1.972010E-02  5.000000E-01  5.303348E-01 -1.988093E-02  0.000000E+00  1.456841E-02  1.579904E-03  7.666714E-19  5.420394E-02  0.000000E+00
  5.459710E-01 -1.740916E-02  5.000000E-01  5.514863E-01 -1.754665E-02  0.000000E+00  1.397552E-02  1.560524E-03  4.305463E-19  7.720645E-02  0.000000E+00
  5.667600E-01 -1.505990E-02  5.000000E-01  5.724853E-01 -1.517366E-02  0.000000E+00  1.342190E-02  1.525029E-03 -2.502973E-21  1.003200E-01  0.000000E+00
  4.704230E-01  5.328495E-02  5.000000E-01  4.751754E-01  5.386139E-02  0.000000E+00  2.206096E-02  7.990547E-04 -6.252591E-18 -1.049407E+00  0.000000E+00
  4.494880E-01  5.246591E-02  5.000000E-01  4.540289E-01  5.303408E-02  0.000000E+00  2.184349E-02  8.820514E-04 -7.137785E-18 -1.043014E+00  0.000000E+00
  4.286690E-01  5.159690E-02  5.000000E-01  4.329997E-01  5.215629E-02  0.000000E+00  2.180338E-02  9.292969E-04 -8.548086E-18 -1.042557E+00  0.000000E+00
  4.080230E-01  5.070031E-02  5.000000E-01  4.121452E-01  5.125065E-02  0.000000E+00  2.195036E-02  9.835209E-04 -9.546383E-18 -1.043633E+00  0.000000E+00
  3.876050E-01  4.975962E-02  5.000000E-01  3.915210E-01  5.030046E-02  0.000000E+00  2.221807E-02  1.064085E-03 -1.060466E-17 -1.043377E+00  0.000000E+00
  3.674690E-01  4.875975E-02  5.000000E-01  3.711816E-01  4.929049E-02  0.000000E+00  2.251076E-02  1.167876E-03 -1.152549E-17 -1.041029E+00  0.000000E+00
  3.476650E-01  4.768900E-02  5.000000E-01  3.511776E-01  4.820892E-02  0.000000E+00  2.276747E-02  1.290308E-03 -1.185481E-17 -1.036637E+00  0.000000E+00
  3.282390E-01  4.653814E-02  5.000000E-01  3.315555E-01  4.704644E-02  0.000000E+00  2.296941E-02  1.428212E-03 -1.253014E-17 -1.030596E+00  0.000000E+00
  3.092330E-01  4.530086E-02  5.000000E-01  3.123575E-01  4.579667E-02  0.000000E+00  2.311908E-02  1.575673E-03 -1.216173E-17 -1.023631E+00  0.000000E+00
  2.906860E-01  4.397996E-02  5.000000E-01  2.936232E-01  4.446243E-02  0.000000E+00  2.322767E-02  1.726986E-03 -1.160438E-17 -1.016448E+00  0.000000E+00
  2.726330E-01  4.258107E-02  5.000000E-01  2.753879E-01  4.304941E-02  0.000000E+00  2.330976E-02  1.881283E-03 -1.226834E-17 -1.009343E+00  0.000000E+00
  2.551020E-01  4.110968E-02  5.000000E-01  2.576799E-01  4.156316E-02  0.000000E+00  2.337525E-02  2.039769E-03 -1.262136E-17 -1.002324E+00  0.000000E+00
  2.381210E-01  3.957174E-02  5.000000E-01  2.405274E-01  4.000969E-02  0.000000E+00  2.343061E-02  2.205903E-03 -1.208510E-17 -9.952413E-01  0.000000E+00
  2.217090E-01  3.796943E-02  5.000000E-01  2.239496E-01  3.839121E-02  0.000000E+00  2.347551E-02  2.380930E-03 -1.201057E-17 -9.883951E-01  0.000000E+00
  2.058840E-01  3.630529E-02  5.000000E-01  2.079648E-01  3.671025E-02  0.000000E+00  2.348998E-02  2.543681E-03 -1.242859E-17 -9.839859E-01  0.000000E+00
  1.906600E-01  3.460676E-02  5.000000E-01  1.925871E-01  3.499458E-02  0.000000E+00  2.346612E-02  2.658006E-03 -1.496930E-17 -9.853946E-01  0.000000E+00
  1.760460E-01  3.292408E-02  5.000000E-01  1.778255E-01  3.329490E-02  0.000000E+00  2.347043E-02  2.728527E-03 -2.027472E-17 -9.931435E-01  0.000000E+00
  1.620500E-01  3.128133E-02  5.000000E-01  1.636881E-01  3.163556E-02  0.000000E+00  2.359390E-02  2.797165E-03 -2.947263E-17 -1.004493E+00  0.000000E+00
  1.486750E-01  2.968076E-02  5.000000E-01  1.501781E-01  3.001883E-02  0.000000E+00  2.385743E-02  2.893476E-03 -4.442855E-17 -1.016540E+00  0.000000E+00
  1.359210E-01  2.811429E-02  5.000000E-01  1.372953E-01  2.843653E-02  0.000000E+00  2.421119E-02  3.025364E-03 -6.753282E-17 -1.027542E+00  0.000000E+00
  1.237890E-01  2.657318E-02  5.000000E-01  1.250407E-01  2.687986E-02  0.000000E+00  2.458499E-02  3.190242E-03 -1.059922E-16 -1.036855E+00  0.000000E+00
  1.122730E-01  2.504799E-02  5.000000E-01  1.134084E-01  2.533927E-02  0.000000E+00  2.492759E-02  3.382976E-03 -1.708881E-16 -1.044576E+00  0.000000E+00
  1.013710E-01  2.353312E-02  5.000000E-01  1.023964E-01  2.380910E-02  0.000000E+00  2.521622E-02  3.597099E-03 -2.817749E-16 -1.051310E+00  0.000000E+00
  9.107400E-02  2.202658E-02  5.000000E-01  9.199536E-02  2.228734E-02  0.000000E+00  2.545445E-02  3.831828E-03 -4.717428E-16 -1.057631E+00  0.000000E+00
  9.107400E-02  2.202658E-02  5.000000E-01  9.199536E-02  2.228734E-02  0.000000E+00  2.545445E-02  3.831828E-03 -4.717428E-16 -1.057631E+00  0.000000E+00
  8.137660E-02  2.052615E-02  5.000000E-01  8.220003E-02  2.077177E-02  0.000000E+00  2.565030E-02  4.085541E-03 -7.986583E-16 -1.064283E+00  0.000000E+00
  7.227050E-02  1.903428E-02  5.000000E-01  7.300197E-02  1.926483E-02  0.000000E+00  2.580811E-02  4.352318E-03 -1.365563E-15 -1.072280E+00  0.000000E+00
  6.374670E-02  1.755606E-02  5.000000E-01  6.439209E-02  1.777168E-02  0.000000E+00  2.593869E-02  4.633298E-03 -2.351633E-15 -1.082290E+00  0.000000E+00
  5.579720E-02  1.609483E-02  5.000000E-01  5.636231E-02  1.629569E-02  0.000000E+00  2.604267E-02  4.924661E-03 -4.053334E-15 -1.095223E+00  0.000000E+00
  4.841260E-02  1.465911E-02  5.000000E-01  4.890313E-02  1.484547E-02  0.000000E+00  2.611828E-02  5.221167E-03 -6.932804E-15 -1.112068E+00  0.000000E+00
  4.158390E-02  1.325672E-02  5.000000E-01  4.200547E-02  1.342892E-02  0.000000E+00  2.617075E-02  5.529303E-03 -1.160489E-14 -1.133217E+00  0.000000E+00
  3.530370E-02  1.189253E-02  5.000000E-01  3.566185E-02  1.205096E-02  0.000000E+00  2.618128E-02  5.843790E-03 -1.866397E-14 -1.159509E+00  0.000000E+00
  2.956270E-02  1.057606E-02  5.000000E-01  2.986287E-02  1.072119E-02  0.000000E+00  2.612286E-02  6.159875E-03 -2.825460E-14 -1.191611E+00  0.000000E+00
  2.435310E-02  9.313851E-03  5.000000E-01  2.460066E-02  9.446234E-03  0.000000E+00  2.595584E-02  6.489546E-03 -3.930352E-14 -1.228934E+00  0.000000E+00
  1.967110E-02  8.106396E-03  5.000000E-01  1.987137E-02  8.226585E-03  0.000000E+00  2.554612E-02  6.803542E-03 -4.882404E-14 -1.271788E+00  0.000000E+00
  1.550860E-02  6.960867E-03  5.000000E-01  1.566684E-02  7.069487E-03  0.000000E+00  2.471610E-02  7.053539E-03 -5.248500E-14 -1.320482E+00  0.000000E+00
  1.185930E-02  5.880933E-03  5.000000E-01  1.198068E-02  5.978647E-03  0.000000E+00  2.336750E-02  7.232299E-03 -4.697947E-14 -1.373165E+00  0.000000E+00
  8.724160E-03  4.862789E-03  5.000000E-01  8.813883E-03  4.950221E-03  0.000000E+00  2.162385E-02  7.366861E-03 -3.287980E-14 -1.429387E+00  0.000000E+00
  6.091130E-03  3.914635E-03  5.000000E-01  6.154263E-03  3.992492E-03  0.000000E+00  2.036943E-02  7.845433E-03 -1.627007E-14 -1.484563E+00  0.000000E+00
  3.952840E-03  3.039200E-03  5.000000E-01  3.994378E-03  3.108216E-03  0.000000E+00  2.117381E-02  9.758825E-03 -5.774588E-15 -1.521745E+00  0.000000E+00
  2.330070E-03  2.223718E-03  5.000000E-01  2.355220E-03  2.284498E-03  0.000000E+00  2.426422E-02  1.421877E-02 -5.240866E-15 -1.529407E+00  0.000000E+00
  1.198080E-03  1.486301E-03  5.000000E-01  1.211798E-03  1.539634E-03  0.000000E+00  2.761156E-02  2.141014E-02 -1.151928E-14 -1.517485E+00  0.000000E+00
  5.019560E-04  8.599998E-04  5.000000E-01  5.086442E-04  9.070080E-04  0.000000E+00  3.040386E-02  3.350250E-02 -2.005056E-14 -1.529002E+00  0.000000E+00
  1.313430E-04  3.766905E-04  5.000000E-01  1.342884E-04  4.188178E-04  0.000000E+00  3.502415E-02  7.028081E-02 -2.902139E-14 -1.564627E+00  0.000000E+00
  8.078190E-06  6.849230E-05  5.000000E-01  9.778777E-06  1.075071E-04  0.000000E+00  3.049500E-02  1.731621E-01 -4.023667E-14 -1.484099E+00  0.000000E+00
 -1.602820E-06 -3.793998E-05  5.000000E-01  0.000000E+00  0.000000E+00  0.000000E+00 -4.959084E-03  2.521048E-01 -5.157500E-14 -1.190350E+00  0.000000E+00
  9.141860E-06 -1.479852E-04  5.000000E-01  1.085319E-05 -1.111566E-04  0.000000E+00 -4.975908E-02  1.967961E-01 -6.255231E-14 -4.677444E-01  0.000000E+00
  1.696960E-04 -4.805091E-04  5.000000E-01  1.730287E-04 -4.470386E-04  0.000000E+00 -6.435942E-02  9.278707E-02 -6.573061E-14  5.418587E-01  0.000000E+00
    1    2
    2    3
    3    4
    4    5
    5    6
    6    7
    7    8
    8    9
    9   10
   10   11
   11   12
   12   13
   13   14
   14   15
   15   16
   16   17
   17   18
   18   19
   19   20
   20   21
   21   22
   22   23
   23   24
   25   26
   26   27
   27   28
   28   29
   29   30
   30   31
   31   32
   32   33
   33   34
   34   35
   35   36
   36   37
   37   38
   38   39
   39   40
   40   41
   41   42
   42   43
   43   44
   44   45
   45   46
   46   47
   47   48
   49   50
   50   51
   51   52
   52   53
   53   54
   54   55
   55   56
   56   57
   57   58
   58   59
   59   60
   60   61
   61   62
   62   63
   63   64
   64   65
   65   66
   66   67
   67   68
   68   69
   69   70
   70   71
   71   72
   73   74
   74   75
   75   76
   76   77
   77   78
   78   79
   79   80
   80   81
   81   82
   82   83
   83   84
   84   85
   85   86
   86   87
   87   88
   88   89
   89   90
   90   91
   91   92
   92   93
   93   94
   94   95
   95   96
   97   98
   98   99
   99  100
  100  101
  101  102
  102  103
  103  104
  104  105
  105  106
  106  107
  107  108
  108  109
  109  110
  110  111
  111  112
  112  113
  113  114
  114  115
  115  116
  116  117
  117  118
  118  119
  119  120
  121  122
  122  123
  123  124
  124  125
  125  126
  126  127
  127  128
  128  129
  129  130
  130  131
  131  132
  132  133
  133  134
  134  135
  135  136
  136  137
  137  138
  138  139
  139  140
  140  141
  141  142
  142  143
  143  144
  145  146
  146  147
  147  148
  148  149
  149  150
  150  151
  151  152
  152  153
  153  154
  154  155
  155  156
  156  157
  157  158
  158  159
  159  160
  160  161
  161  162
  162  163
  163  164
  164  165
  165  166
  166  167
  167  168
  169  170
  170  171
  171  172
  172  173
  173  174
  174  175
  175  176
  176  177
  177  178
  178  179
  179  180
  180  181
  181  182
  182  183
  183  184
  184  185
  185  186
  186  187
  187  188
  188  189
  189  190
  190  191
  191  192
