 Title = "ADflow Slice Data"
Variables =  "CoordinateX"  "CoordinateY"  "CoordinateZ"  "XoC"  "YoC"  "ZoC" "VelocityX" "VelocityY" "VelocityZ" "CoefPressure" "Mach" 
Zone T= "Slice_0001 None Absolute Regular z = 0.50000000"
 Nodes =          192  Elements=          184  ZONETYPE=FELINESEG
 DATAPACKING=POINT
  5.667600E-01 -2.461584E-02  5.000000E-01  5.724853E-01 -2.494556E-02  0.000000E+00  1.414558E-02  2.240782E-03 -1.119378E-18 -2.114989E-01  0.000000E+00
  5.873410E-01 -2.092836E-02  5.000000E-01  5.932742E-01 -2.122083E-02  0.000000E+00  1.073112E-02  2.016780E-03 -4.446083E-19 -9.969706E-02  0.000000E+00
  6.076580E-01 -1.687359E-02  5.000000E-01  6.137963E-01 -1.712512E-02  0.000000E+00  8.107221E-03  1.646104E-03 -1.795908E-18  3.039222E-02  0.000000E+00
  6.276600E-01 -1.276351E-02  5.000000E-01  6.340003E-01 -1.297353E-02  0.000000E+00  6.431780E-03  1.304239E-03 -2.002000E-18  1.398160E-01  0.000000E+00
  6.472970E-01 -8.881001E-03  5.000000E-01  6.538357E-01 -9.051813E-03  0.000000E+00  5.578066E-03  1.049739E-03 -1.476629E-18  2.154158E-01  0.000000E+00
  6.665260E-01 -5.468265E-03  5.000000E-01  6.732589E-01 -5.604612E-03  0.000000E+00  5.356242E-03  8.797732E-04 -1.443702E-18  2.625524E-01  0.000000E+00
  6.853050E-01 -2.629856E-03  5.000000E-01  6.922275E-01 -2.737537E-03  0.000000E+00  5.566337E-03  7.746010E-04 -9.911033E-19  2.888283E-01  0.000000E+00
  7.035980E-01 -2.893506E-04  5.000000E-01  7.107052E-01 -3.733956E-04  0.000000E+00  6.016075E-03  7.097996E-04 -1.771926E-18  3.012035E-01  0.000000E+00
  7.213750E-01  1.649497E-03  5.000000E-01  7.286618E-01  1.585033E-03  0.000000E+00  6.543261E-03  6.633026E-04 -1.586333E-18  3.065014E-01  0.000000E+00
  7.386080E-01  3.276725E-03  5.000000E-01  7.460688E-01  3.228694E-03  0.000000E+00  7.022793E-03  6.240968E-04 -5.007708E-19  3.089177E-01  0.000000E+00
  7.552750E-01  4.671761E-03  5.000000E-01  7.629041E-01  4.637818E-03  0.000000E+00  7.374982E-03  5.903373E-04 -6.774304E-19  3.106645E-01  0.000000E+00
  7.713580E-01  5.901288E-03  5.000000E-01  7.791496E-01  5.879762E-03  0.000000E+00  7.577955E-03  5.609820E-04 -1.022242E-18  3.130417E-01  0.000000E+00
  7.868410E-01  7.012080E-03  5.000000E-01  7.947889E-01  7.001772E-03  0.000000E+00  7.684711E-03  5.180810E-04 -5.125131E-19  3.183659E-01  0.000000E+00
  8.017160E-01  7.957101E-03  5.000000E-01  8.098141E-01  7.956337E-03  0.000000E+00  7.802915E-03  4.370958E-04 -2.665324E-19  3.276029E-01  0.000000E+00
  8.159740E-01  8.651035E-03  5.000000E-01  8.242161E-01  8.657279E-03  0.000000E+00  8.021822E-03  3.196509E-04  9.480821E-21  3.360070E-01  0.000000E+00
  8.296120E-01  9.073943E-03  5.000000E-01  8.379919E-01  9.084458E-03  0.000000E+00  8.376229E-03  1.820604E-04  8.035708E-19  3.383227E-01  0.000000E+00
  8.426300E-01  9.240275E-03  5.000000E-01  8.511413E-01  9.252469E-03  0.000000E+00  8.867413E-03  3.252545E-05  7.066998E-19  3.339167E-01  0.000000E+00
  8.550290E-01  9.180055E-03  5.000000E-01  8.636655E-01  9.191642E-03  0.000000E+00  9.483853E-03 -1.265509E-04  5.470774E-19  3.243103E-01  0.000000E+00
  8.668160E-01  8.930042E-03  5.000000E-01  8.755716E-01  8.939103E-03  0.000000E+00  1.020719E-02 -2.932722E-04  5.490985E-19  3.105539E-01  0.000000E+00
  8.779950E-01  8.530805E-03  5.000000E-01  8.868635E-01  8.535835E-03  0.000000E+00  1.101401E-02 -4.646472E-04  4.015269E-19  2.930530E-01  0.000000E+00
  8.885730E-01  8.021123E-03  5.000000E-01  8.975483E-01  8.021005E-03  0.000000E+00  1.187880E-02 -6.376679E-04  1.087780E-18  2.723109E-01  0.000000E+00
  8.985610E-01  7.434007E-03  5.000000E-01  9.076372E-01  7.427960E-03  0.000000E+00  1.277184E-02 -8.054742E-04  1.646939E-18  2.487906E-01  0.000000E+00
  9.079670E-01  6.802975E-03  5.000000E-01  9.171382E-01  6.790555E-03  0.000000E+00  1.365669E-02 -9.559196E-04  1.239565E-18  2.228989E-01  0.000000E+00
  9.168010E-01  6.160347E-03  5.000000E-01  9.260614E-01  6.141437E-03  0.000000E+00  1.449805E-02 -1.079788E-03  6.275219E-19  1.956093E-01  0.000000E+00
  9.168010E-01  6.160347E-03  5.000000E-01  9.260614E-01  6.141437E-03  0.000000E+00  1.449805E-02 -1.079788E-03  6.275219E-19  1.956093E-01  0.000000E+00
  9.250730E-01  5.530791E-03  5.000000E-01  9.344169E-01  5.505524E-03  0.000000E+00  1.527365E-02 -1.177701E-03  5.696524E-19  1.683451E-01  0.000000E+00
  9.327940E-01  4.928447E-03  5.000000E-01  9.422159E-01  4.897097E-03  0.000000E+00  1.598221E-02 -1.260397E-03  1.396987E-19  1.423528E-01  0.000000E+00
  9.399760E-01  4.356519E-03  5.000000E-01  9.494704E-01  4.319392E-03  0.000000E+00  1.663842E-02 -1.338679E-03 -5.720074E-19  1.179093E-01  0.000000E+00
  9.466320E-01  3.815654E-03  5.000000E-01  9.561936E-01  3.773066E-03  0.000000E+00  1.726108E-02 -1.416820E-03 -3.544435E-19  9.433715E-02  0.000000E+00
  9.527730E-01  3.306637E-03  5.000000E-01  9.623967E-01  3.258908E-03  0.000000E+00  1.787338E-02 -1.501056E-03 -4.187770E-19  7.115139E-02  0.000000E+00
  9.584110E-01  2.827300E-03  5.000000E-01  9.680916E-01  2.774729E-03  0.000000E+00  1.850623E-02 -1.601698E-03 -8.686865E-19  4.815792E-02  0.000000E+00
  9.635570E-01  2.374388E-03  5.000000E-01  9.732896E-01  2.317244E-03  0.000000E+00  1.919182E-02 -1.724498E-03  1.319504E-19  2.468467E-02  0.000000E+00
  9.682220E-01  1.946818E-03  5.000000E-01  9.780017E-01  1.885356E-03  0.000000E+00  1.996075E-02 -1.870088E-03  1.476488E-18 -2.987038E-04  0.000000E+00
  9.724140E-01  1.545860E-03  5.000000E-01  9.822360E-01  1.480348E-03  0.000000E+00  2.085912E-02 -2.046254E-03  6.354795E-19 -2.736575E-02  0.000000E+00
  9.761430E-01  1.171429E-03  5.000000E-01  9.860027E-01  1.102137E-03  0.000000E+00  2.196601E-02 -2.269682E-03 -1.180187E-17 -5.690447E-02  0.000000E+00
  9.794160E-01  8.242560E-04  5.000000E-01  9.893087E-01  7.514572E-04  0.000000E+00  2.337816E-02 -2.553140E-03 -4.683527E-17 -8.990462E-02  0.000000E+00
  9.822400E-01  5.074153E-04  5.000000E-01  9.921612E-01  4.314167E-04  0.000000E+00  2.513711E-02 -2.897769E-03 -7.225262E-17 -1.276984E-01  0.000000E+00
  9.846200E-01  2.260534E-04  5.000000E-01  9.945653E-01  1.472133E-04  0.000000E+00  2.709848E-02 -3.288195E-03  3.942568E-17 -1.704887E-01  0.000000E+00
  9.865620E-01 -1.454481E-05  5.000000E-01  9.965269E-01 -9.581462E-05  0.000000E+00  2.879952E-02 -3.633652E-03  4.477305E-16 -2.164106E-01  0.000000E+00
  9.880680E-01 -2.086120E-04  5.000000E-01  9.980481E-01 -2.918417E-04  0.000000E+00  2.908226E-02 -3.723954E-03  8.843635E-16 -2.718703E-01  0.000000E+00
  9.891420E-01 -3.514279E-04  5.000000E-01  9.991329E-01 -4.360998E-04  0.000000E+00  2.713513E-02 -3.774178E-03 -3.210832E-16 -3.358442E-01  0.000000E+00
  9.897860E-01 -4.389513E-04  5.000000E-01  9.997835E-01 -5.245072E-04  0.000000E+00  3.653876E-02 -3.868950E-03 -5.883485E-15 -2.778727E-01  0.000000E+00
  9.900000E-01 -4.683044E-04  5.000000E-01  9.999996E-01 -5.541568E-04  0.000000E+00  2.531569E-02  5.261444E-03 -5.117366E-15 -5.647795E-01  0.000000E+00
  9.900000E-01 -1.843775E-04  5.000000E-01  9.999996E-01 -2.673625E-04  0.000000E+00  1.170340E-03 -7.722519E-03  5.591356E-16 -7.880503E-01  0.000000E+00
  9.900000E-01  9.954940E-05  5.000000E-01  9.999996E-01  1.943183E-05  0.000000E+00 -4.327296E-04 -2.235192E-02  1.569549E-15 -6.091920E-01  0.000000E+00
  9.900000E-01  3.834763E-04  5.000000E-01  9.999996E-01  3.062261E-04  0.000000E+00 -1.368978E-04 -8.667886E-03  1.920258E-15 -6.103787E-01  0.000000E+00
  9.900000E-01  6.674032E-04  5.000000E-01  9.999996E-01  5.930204E-04  0.000000E+00  4.553805E-04 -5.129328E-03  1.837356E-15 -6.698222E-01  0.000000E+00
  9.900000E-01  9.513302E-04  5.000000E-01  9.999996E-01  8.798147E-04  0.000000E+00  6.647633E-03 -6.510688E-03  1.699647E-15 -6.120161E-01  0.000000E+00
  9.900000E-01  9.513302E-04  5.000000E-01  9.999996E-01  8.798147E-04  0.000000E+00  6.647633E-03 -6.510688E-03  1.699647E-15 -6.120161E-01  0.000000E+00
  9.897890E-01  1.017901E-03  5.000000E-01  9.997865E-01  9.470582E-04  0.000000E+00  8.806556E-03 -3.394831E-03  1.429705E-15 -5.353200E-01  0.000000E+00
  9.891540E-01  1.218670E-03  5.000000E-01  9.991451E-01  1.149855E-03  0.000000E+00  4.461107E-03 -1.318572E-03  9.259909E-16 -5.540792E-01  0.000000E+00
  9.880950E-01  1.555402E-03  5.000000E-01  9.980754E-01  1.489987E-03  0.000000E+00  2.973202E-03 -9.443910E-04  5.011949E-16 -5.537878E-01  0.000000E+00
  9.866100E-01  2.031325E-03  5.000000E-01  9.965754E-01  1.970716E-03  0.000000E+00  1.970510E-03 -6.454108E-04  2.363542E-16 -5.459450E-01  0.000000E+00
  9.846960E-01  2.650651E-03  5.000000E-01  9.946420E-01  2.596297E-03  0.000000E+00  1.009191E-03 -3.278082E-04  9.838099E-17 -5.423056E-01  0.000000E+00
  9.823490E-01  3.418238E-03  5.000000E-01  9.922713E-01  3.371636E-03  0.000000E+00  2.152936E-04 -6.917240E-05  3.208396E-17 -5.412841E-01  0.000000E+00
  9.795670E-01  4.338735E-03  5.000000E-01  9.894613E-01  4.301429E-03  0.000000E+00 -3.869687E-04  1.291340E-04  1.769627E-18 -5.414455E-01  0.000000E+00
  9.763420E-01  5.417925E-03  5.000000E-01  9.862037E-01  5.391518E-03  0.000000E+00 -8.243663E-04  2.774004E-04 -8.846777E-18 -5.427786E-01  0.000000E+00
  9.726710E-01  6.659546E-03  5.000000E-01  9.824956E-01  6.645678E-03  0.000000E+00 -1.119958E-03  3.805002E-04 -9.524779E-18 -5.451810E-01  0.000000E+00
  9.685460E-01  8.066783E-03  5.000000E-01  9.783289E-01  8.067126E-03  0.000000E+00 -1.290504E-03  4.417839E-04 -6.540983E-18 -5.482460E-01  0.000000E+00
  9.639600E-01  9.641788E-03  5.000000E-01  9.736966E-01  9.658037E-03  0.000000E+00 -1.352365E-03  4.657390E-04 -2.862341E-18 -5.514801E-01  0.000000E+00
  9.589060E-01  1.138672E-02  5.000000E-01  9.685916E-01  1.142059E-02  0.000000E+00 -1.325542E-03  4.585051E-04 -4.991554E-19 -5.544204E-01  0.000000E+00
  9.533750E-01  1.330279E-02  5.000000E-01  9.630047E-01  1.335601E-02  0.000000E+00 -1.235206E-03  4.281824E-04  1.138906E-19 -5.567125E-01  0.000000E+00
  9.473580E-01  1.538876E-02  5.000000E-01  9.569270E-01  1.546305E-02  0.000000E+00 -1.110281E-03  3.846089E-04  3.750158E-19 -5.581734E-01  0.000000E+00
  9.408450E-01  1.764136E-02  5.000000E-01  9.503482E-01  1.773839E-02  0.000000E+00 -9.800129E-04  3.381432E-04  7.210440E-19 -5.588275E-01  0.000000E+00
  9.338260E-01  2.005534E-02  5.000000E-01  9.432583E-01  2.017676E-02  0.000000E+00 -8.702316E-04  2.979770E-04  5.694806E-19 -5.588912E-01  0.000000E+00
  9.262910E-01  2.262236E-02  5.000000E-01  9.356472E-01  2.276970E-02  0.000000E+00 -8.008389E-04  2.709386E-04  4.279733E-19 -5.587018E-01  0.000000E+00
  9.182290E-01  2.532969E-02  5.000000E-01  9.275038E-01  2.550437E-02  0.000000E+00 -7.853714E-04  2.610504E-04 -2.854005E-19 -5.586083E-01  0.000000E+00
  9.096280E-01  2.815980E-02  5.000000E-01  9.188159E-01  2.836306E-02  0.000000E+00 -8.316034E-04  2.696540E-04 -1.009493E-18 -5.589461E-01  0.000000E+00
  9.004770E-01  3.108944E-02  5.000000E-01  9.095725E-01  3.132229E-02  0.000000E+00 -9.418820E-04  2.956475E-04 -7.038050E-19 -5.600265E-01  0.000000E+00
  8.907650E-01  3.408800E-02  5.000000E-01  8.997624E-01  3.435114E-02  0.000000E+00 -1.114189E-03  3.352382E-04  4.750502E-19 -5.619593E-01  0.000000E+00
  8.804800E-01  3.711456E-02  5.000000E-01  8.893736E-01  3.740826E-02  0.000000E+00 -1.343100E-03  3.813949E-04  8.041613E-19 -5.646422E-01  0.000000E+00
  8.696090E-01  4.011400E-02  5.000000E-01  8.783928E-01  4.043799E-02  0.000000E+00 -1.616433E-03  4.249838E-04 -2.771748E-19 -5.680689E-01  0.000000E+00
  8.696090E-01  4.011400E-02  5.000000E-01  8.783928E-01  4.043799E-02  0.000000E+00 -1.616433E-03  4.249838E-04 -2.771748E-19 -5.680689E-01  0.000000E+00
  8.581400E-01  4.301520E-02  5.000000E-01  8.668080E-01  4.336848E-02  0.000000E+00 -1.914494E-03  4.571657E-04 -9.070748E-19 -5.715858E-01  0.000000E+00
  8.460600E-01  4.573527E-02  5.000000E-01  8.546060E-01  4.611603E-02  0.000000E+00 -2.219120E-03  4.691878E-04 -3.482418E-19 -5.730004E-01  0.000000E+00
  8.333640E-01  4.819625E-02  5.000000E-01  8.417817E-01  4.860186E-02  0.000000E+00 -2.489998E-03  4.441026E-04  1.628203E-19 -5.735930E-01  0.000000E+00
  8.200460E-01  5.032517E-02  5.000000E-01  8.283293E-01  5.075228E-02  0.000000E+00 -2.545750E-03  3.548293E-04  2.504561E-19 -5.891913E-01  0.000000E+00
  8.061050E-01  5.205827E-02  5.000000E-01  8.142475E-01  5.250289E-02  0.000000E+00 -1.884108E-03  1.901787E-04  1.442214E-19 -6.497703E-01  0.000000E+00
  7.915460E-01  5.337468E-02  5.000000E-01  7.995414E-01  5.383258E-02  0.000000E+00  3.538294E-04 -1.890148E-05  1.103305E-18 -7.700710E-01  0.000000E+00
  7.763770E-01  5.431954E-02  5.000000E-01  7.842192E-01  5.478699E-02  0.000000E+00  4.971563E-03 -2.096042E-04  5.748004E-18 -9.183818E-01  0.000000E+00
  7.606070E-01  5.495992E-02  5.000000E-01  7.682900E-01  5.543384E-02  0.000000E+00  1.161457E-02 -2.791949E-04  1.667816E-17 -1.032407E+00  0.000000E+00
  7.442510E-01  5.527564E-02  5.000000E-01  7.517688E-01  5.575274E-02  0.000000E+00  1.803047E-02 -1.091795E-04  3.250314E-17 -1.074381E+00  0.000000E+00
  7.273250E-01  5.523791E-02  5.000000E-01  7.346719E-01  5.571463E-02  0.000000E+00  2.170433E-02  2.833644E-04  4.772865E-17 -1.055218E+00  0.000000E+00
  7.098490E-01  5.483131E-02  5.000000E-01  7.170194E-01  5.530393E-02  0.000000E+00  2.212919E-02  7.201238E-04  5.958378E-17 -1.006730E+00  0.000000E+00
  6.918480E-01  5.406097E-02  5.000000E-01  6.988366E-01  5.452580E-02  0.000000E+00  2.056215E-02  1.037701E-03  6.872188E-17 -9.537085E-01  0.000000E+00
  6.733520E-01  5.296640E-02  5.000000E-01  6.801538E-01  5.342019E-02  0.000000E+00  1.840727E-02  1.187070E-03  7.809150E-17 -9.103369E-01  0.000000E+00
  6.543930E-01  5.162929E-02  5.000000E-01  6.610033E-01  5.206957E-02  0.000000E+00  1.643586E-02  1.184025E-03  8.752300E-17 -8.867524E-01  0.000000E+00
  6.350090E-01  5.019514E-02  5.000000E-01  6.414236E-01  5.062094E-02  0.000000E+00  1.492745E-02  1.048773E-03  9.434565E-17 -8.919639E-01  0.000000E+00
  6.152440E-01  4.887787E-02  5.000000E-01  6.214590E-01  4.929036E-02  0.000000E+00  1.399154E-02  8.022836E-04  9.570289E-17 -9.314836E-01  0.000000E+00
  5.951420E-01  4.790995E-02  5.000000E-01  6.011539E-01  4.831267E-02  0.000000E+00  1.370985E-02  4.484979E-04  8.748213E-17 -1.005814E+00  0.000000E+00
  5.747530E-01  4.753875E-02  5.000000E-01  5.805590E-01  4.793772E-02  0.000000E+00  1.414472E-02 -5.420449E-05  6.406662E-17 -1.109893E+00  0.000000E+00
  5.541290E-01  4.802423E-02  5.000000E-01  5.597268E-01  4.842811E-02  0.000000E+00  1.536350E-02 -7.714393E-04  2.346783E-17 -1.229138E+00  0.000000E+00
  5.333260E-01  4.957118E-02  5.000000E-01  5.387137E-01  4.999067E-02  0.000000E+00  1.742707E-02 -1.642834E-03 -2.436912E-17 -1.335000E+00  0.000000E+00
  5.124010E-01  5.193341E-02  5.000000E-01  5.175773E-01  5.237676E-02  0.000000E+00  2.009215E-02 -2.433025E-03 -5.607910E-17 -1.400759E+00  0.000000E+00
  4.914140E-01  5.464356E-02  5.000000E-01  4.963784E-01  5.511428E-02  0.000000E+00  2.271267E-02 -2.850544E-03 -5.703477E-17 -1.417263E+00  0.000000E+00
  4.704230E-01  5.721864E-02  5.000000E-01  4.751754E-01  5.771536E-02  0.000000E+00  2.480806E-02 -2.657466E-03 -3.751719E-17 -1.384319E+00  0.000000E+00
  1.696960E-04 -3.387374E-04  5.000000E-01  1.730288E-04 -4.232813E-04  0.000000E+00 -6.423064E-02  8.592888E-02  1.386735E-12  7.014450E-01  0.000000E+00
  8.054360E-04 -7.534874E-04  5.000000E-01  8.151891E-04 -8.422198E-04  0.000000E+00 -4.276307E-02  2.477149E-02  1.047906E-12  1.188562E+00  0.000000E+00
  1.973980E-03 -1.205682E-03  5.000000E-01  1.995534E-03 -1.298982E-03  0.000000E+00 -1.517532E-02  5.628168E-03  5.576560E-13  1.173123E+00  0.000000E+00
  3.614630E-03 -1.695641E-03  5.000000E-01  3.652753E-03 -1.793888E-03  0.000000E+00  1.423556E-03 -2.989377E-04  1.766527E-13  1.104355E+00  0.000000E+00
  5.721210E-03 -2.227261E-03  5.000000E-01  5.780607E-03 -2.330877E-03  0.000000E+00  9.532819E-03 -2.200438E-03 -1.047490E-14  1.050468E+00  0.000000E+00
  8.297500E-03 -2.792896E-03  5.000000E-01  8.382915E-03 -2.902224E-03  0.000000E+00  1.297619E-02 -2.621237E-03 -5.324383E-14  9.916135E-01  0.000000E+00
  1.136560E-02 -3.367429E-03  5.000000E-01  1.148200E-02 -3.482560E-03  0.000000E+00  1.404017E-02 -2.437620E-03 -3.603527E-14  9.292328E-01  0.000000E+00
  1.493280E-02 -3.937642E-03  5.000000E-01  1.508523E-02 -4.058531E-03  0.000000E+00  1.409265E-02 -2.126008E-03 -1.277048E-14  8.735722E-01  0.000000E+00
  1.899460E-02 -4.511621E-03  5.000000E-01  1.918805E-02 -4.638307E-03  0.000000E+00  1.394953E-02 -1.894743E-03 -6.354886E-16  8.272996E-01  0.000000E+00
  2.354800E-02 -5.105012E-03  5.000000E-01  2.378743E-02 -5.237691E-03  0.000000E+00  1.395766E-02 -1.749416E-03  2.283583E-15  7.855502E-01  0.000000E+00
  2.860130E-02 -5.714413E-03  5.000000E-01  2.889176E-02 -5.853245E-03  0.000000E+00  1.414771E-02 -1.638003E-03  1.593558E-15  7.449827E-01  0.000000E+00
  3.416500E-02 -6.332089E-03  5.000000E-01  3.451165E-02 -6.477159E-03  0.000000E+00  1.444420E-02 -1.540068E-03  5.570781E-16  7.070397E-01  0.000000E+00
  4.024810E-02 -6.954078E-03  5.000000E-01  4.065618E-02 -7.105430E-03  0.000000E+00  1.476898E-02 -1.448521E-03  4.511487E-17  6.727647E-01  0.000000E+00
  4.686030E-02 -7.575581E-03  5.000000E-01  4.733516E-02 -7.733209E-03  0.000000E+00  1.506413E-02 -1.359397E-03 -7.213161E-17  6.418334E-01  0.000000E+00
  5.401090E-02 -8.194345E-03  5.000000E-01  5.455797E-02 -8.358223E-03  0.000000E+00  1.530142E-02 -1.276429E-03 -4.983226E-17  6.140830E-01  0.000000E+00
  6.170850E-02 -8.812710E-03  5.000000E-01  6.233331E-02 -8.982832E-03  0.000000E+00  1.547304E-02 -1.200011E-03 -1.647069E-17  5.890463E-01  0.000000E+00
  6.996310E-02 -9.430379E-03  5.000000E-01  7.067128E-02 -9.606739E-03  0.000000E+00  1.557715E-02 -1.125739E-03 -1.099311E-18  5.661012E-01  0.000000E+00
  7.878500E-02 -1.004547E-02  5.000000E-01  7.958227E-02 -1.022804E-02  0.000000E+00  1.561747E-02 -1.054960E-03  1.702606E-18  5.454006E-01  0.000000E+00
  8.818390E-02 -1.065979E-02  5.000000E-01  8.907609E-02 -1.084856E-02  0.000000E+00  1.560022E-02 -9.914583E-04  1.523604E-18  5.272150E-01  0.000000E+00
  9.816930E-02 -1.127634E-02  5.000000E-01  9.916233E-02 -1.147134E-02  0.000000E+00  1.552765E-02 -9.368001E-04  7.489744E-19  5.114153E-01  0.000000E+00
  1.087500E-01 -1.189961E-02  5.000000E-01  1.098499E-01 -1.210091E-02  0.000000E+00  1.539962E-02 -8.944160E-04  2.601664E-19  4.979951E-01  0.000000E+00
  1.199340E-01 -1.253974E-02  5.000000E-01  1.211468E-01 -1.274750E-02  0.000000E+00  1.521574E-02 -8.682153E-04  1.947841E-19  4.869237E-01  0.000000E+00
  1.317280E-01 -1.321065E-02  5.000000E-01  1.330599E-01 -1.342519E-02  0.000000E+00  1.497832E-02 -8.608926E-04  1.244583E-19  4.778985E-01  0.000000E+00
  1.441380E-01 -1.393130E-02  5.000000E-01  1.455953E-01 -1.415312E-02  0.000000E+00  1.470435E-02 -8.786782E-04  3.205033E-19  4.706899E-01  0.000000E+00
  1.441380E-01 -1.393130E-02  5.000000E-01  1.455953E-01 -1.415312E-02  0.000000E+00  1.470435E-02 -8.786782E-04  3.205033E-19  4.706899E-01  0.000000E+00
  1.571670E-01 -1.473195E-02  5.000000E-01  1.587558E-01 -1.496185E-02  0.000000E+00  1.443798E-02 -9.316128E-04  1.733455E-19  4.648403E-01  0.000000E+00
  1.708170E-01 -1.565500E-02  5.000000E-01  1.725437E-01 -1.589422E-02  0.000000E+00  1.425842E-02 -1.034015E-03 -3.799614E-19  4.591700E-01  0.000000E+00
  1.850860E-01 -1.675966E-02  5.000000E-01  1.869568E-01 -1.701004E-02  0.000000E+00  1.428159E-02 -1.210588E-03 -7.582859E-19  4.516586E-01  0.000000E+00
  1.999720E-01 -1.812841E-02  5.000000E-01  2.019931E-01 -1.839261E-02  0.000000E+00  1.464899E-02 -1.497530E-03 -8.794809E-19  4.392232E-01  0.000000E+00
  2.154670E-01 -1.986434E-02  5.000000E-01  2.176446E-01 -2.014608E-02  0.000000E+00  1.549368E-02 -1.918717E-03 -1.961647E-19  4.164105E-01  0.000000E+00
  2.315610E-01 -2.203548E-02  5.000000E-01  2.339011E-01 -2.233914E-02  0.000000E+00  1.690226E-02 -2.455489E-03 -9.616266E-20  3.754824E-01  0.000000E+00
  2.482400E-01 -2.461653E-02  5.000000E-01  2.507486E-01 -2.494625E-02  0.000000E+00  1.889985E-02 -3.057037E-03  4.290225E-19  3.109666E-01  0.000000E+00
  2.654840E-01 -2.751336E-02  5.000000E-01  2.681667E-01 -2.787234E-02  0.000000E+00  2.139343E-02 -3.622421E-03  8.165063E-19  2.204883E-01  0.000000E+00
  2.832720E-01 -3.054797E-02  5.000000E-01  2.861344E-01 -3.093760E-02  0.000000E+00  2.405663E-02 -3.946220E-03  8.044565E-19  1.028161E-01  0.000000E+00
  3.015770E-01 -3.344730E-02  5.000000E-01  3.046242E-01 -3.386620E-02  0.000000E+00  2.623929E-02 -3.732473E-03  3.780105E-19 -3.955976E-02  0.000000E+00
  3.203660E-01 -3.584654E-02  5.000000E-01  3.236030E-01 -3.628968E-02  0.000000E+00  2.703663E-02 -2.767813E-03 -2.239413E-18 -1.940746E-01  0.000000E+00
  3.396030E-01 -3.733136E-02  5.000000E-01  3.430343E-01 -3.778950E-02  0.000000E+00  2.589270E-02 -1.335008E-03 -4.207780E-18 -3.233343E-01  0.000000E+00
  3.592490E-01 -3.777878E-02  5.000000E-01  3.628787E-01 -3.824143E-02  0.000000E+00  2.325015E-02 -8.855107E-05 -3.516245E-18 -3.792701E-01  0.000000E+00
  3.792580E-01 -3.739162E-02  5.000000E-01  3.830897E-01 -3.785036E-02  0.000000E+00  2.026049E-02  6.501398E-04 -1.017849E-18 -3.479487E-01  0.000000E+00
  3.995810E-01 -3.642641E-02  5.000000E-01  4.036180E-01 -3.687541E-02  0.000000E+00  1.802714E-02  9.701166E-04  4.603975E-19 -2.576441E-01  0.000000E+00
  4.201670E-01 -3.517779E-02  5.000000E-01  4.244119E-01 -3.561417E-02  0.000000E+00  1.715702E-02  1.023551E-03  5.628674E-19 -1.551758E-01  0.000000E+00
  4.409600E-01 -3.396903E-02  5.000000E-01  4.454149E-01 -3.439321E-02  0.000000E+00  1.764501E-02  9.165661E-04  3.954937E-19 -8.448266E-02  0.000000E+00
  4.619030E-01 -3.302486E-02  5.000000E-01  4.665694E-01 -3.343950E-02  0.000000E+00  1.895775E-02  8.177714E-04  1.931723E-19 -7.451081E-02  0.000000E+00
  4.829360E-01 -3.217494E-02  5.000000E-01  4.878148E-01 -3.258100E-02  0.000000E+00  2.033103E-02  9.045622E-04  3.001808E-19 -1.223007E-01  0.000000E+00
  5.039990E-01 -3.115965E-02  5.000000E-01  5.090905E-01 -3.155545E-02  0.000000E+00  2.096945E-02  1.220565E-03  3.979507E-20 -1.940738E-01  0.000000E+00
  5.250310E-01 -2.972089E-02  5.000000E-01  5.303349E-01 -3.010217E-02  0.000000E+00  2.015130E-02  1.690200E-03  1.731772E-20 -2.515509E-01  0.000000E+00
  5.459710E-01 -2.760529E-02  5.000000E-01  5.514864E-01 -2.796520E-02  0.000000E+00  1.765152E-02  2.115992E-03 -7.288081E-19 -2.644273E-01  0.000000E+00
  5.667600E-01 -2.461584E-02  5.000000E-01  5.724853E-01 -2.494556E-02  0.000000E+00  1.414558E-02  2.240782E-03 -1.119378E-18 -2.114989E-01  0.000000E+00
  4.704230E-01  5.721864E-02  5.000000E-01  4.751754E-01  5.771536E-02  0.000000E+00  2.480806E-02 -2.657466E-03 -3.751719E-17 -1.384319E+00  0.000000E+00
  4.494880E-01  5.917604E-02  5.000000E-01  4.540290E-01  5.969254E-02  0.000000E+00  2.633433E-02 -1.767461E-03 -1.808146E-17 -1.303690E+00  0.000000E+00
  4.286690E-01  6.006582E-02  5.000000E-01  4.329997E-01  6.059130E-02  0.000000E+00  2.712416E-02 -4.110289E-04 -9.829449E-18 -1.189007E+00  0.000000E+00
  4.080230E-01  5.981082E-02  5.000000E-01  4.121452E-01  6.033373E-02  0.000000E+00  2.687001E-02  9.091275E-04 -8.854241E-18 -1.067902E+00  0.000000E+00
  3.876050E-01  5.865724E-02  5.000000E-01  3.915210E-01  5.916850E-02  0.000000E+00  2.572284E-02  1.859142E-03 -7.429625E-18 -9.624353E-01  0.000000E+00
  3.674690E-01  5.686032E-02  5.000000E-01  3.711817E-01  5.735343E-02  0.000000E+00  2.415534E-02  2.403004E-03 -4.465473E-18 -8.830983E-01  0.000000E+00
  3.476650E-01  5.466723E-02  5.000000E-01  3.511777E-01  5.513819E-02  0.000000E+00  2.258021E-02  2.612280E-03 -1.860409E-18 -8.354026E-01  0.000000E+00
  3.282390E-01  5.231024E-02  5.000000E-01  3.315555E-01  5.275739E-02  0.000000E+00  2.130726E-02  2.600158E-03  3.461729E-19 -8.192878E-01  0.000000E+00
  3.092330E-01  4.997439E-02  5.000000E-01  3.123576E-01  5.039796E-02  0.000000E+00  2.055337E-02  2.502431E-03  1.870726E-18 -8.275272E-01  0.000000E+00
  2.906860E-01  4.773992E-02  5.000000E-01  2.936233E-01  4.814092E-02  0.000000E+00  2.038057E-02  2.409893E-03  1.815341E-18 -8.505830E-01  0.000000E+00
  2.726330E-01  4.564702E-02  5.000000E-01  2.753879E-01  4.602688E-02  0.000000E+00  2.068386E-02  2.340398E-03  2.357829E-18 -8.813699E-01  0.000000E+00
  2.551020E-01  4.371221E-02  5.000000E-01  2.576799E-01  4.407254E-02  0.000000E+00  2.128890E-02  2.288392E-03  3.160931E-18 -9.147884E-01  0.000000E+00
  2.381210E-01  4.193486E-02  5.000000E-01  2.405274E-01  4.227723E-02  0.000000E+00  2.203215E-02  2.249498E-03  2.959547E-18 -9.472828E-01  0.000000E+00
  2.217090E-01  4.029978E-02  5.000000E-01  2.239497E-01  4.062565E-02  0.000000E+00  2.280150E-02  2.225380E-03  4.827028E-18 -9.764412E-01  0.000000E+00
  2.058840E-01  3.878602E-02  5.000000E-01  2.079648E-01  3.909659E-02  0.000000E+00  2.354841E-02  2.230952E-03  1.115029E-17 -1.000069E+00  0.000000E+00
  1.906600E-01  3.735844E-02  5.000000E-01  1.925871E-01  3.765460E-02  0.000000E+00  2.426535E-02  2.297005E-03  2.461615E-17 -1.015768E+00  0.000000E+00
  1.760460E-01  3.596393E-02  5.000000E-01  1.778255E-01  3.624600E-02  0.000000E+00  2.492445E-02  2.437267E-03  4.927345E-17 -1.022838E+00  0.000000E+00
  1.620500E-01  3.456338E-02  5.000000E-01  1.636882E-01  3.483131E-02  0.000000E+00  2.547801E-02  2.637665E-03  9.063138E-17 -1.022812E+00  0.000000E+00
  1.486750E-01  3.313313E-02  5.000000E-01  1.501781E-01  3.338662E-02  0.000000E+00  2.590815E-02  2.880328E-03  1.596044E-16 -1.017844E+00  0.000000E+00
  1.359210E-01  3.166149E-02  5.000000E-01  1.372953E-01  3.190012E-02  0.000000E+00  2.623208E-02  3.151331E-03  2.745896E-16 -1.009953E+00  0.000000E+00
  1.237890E-01  3.014671E-02  5.000000E-01  1.250408E-01  3.037004E-02  0.000000E+00  2.648544E-02  3.443091E-03  4.655182E-16 -1.000665E+00  0.000000E+00
  1.122730E-01  2.859074E-02  5.000000E-01  1.134085E-01  2.879836E-02  0.000000E+00  2.670174E-02  3.752436E-03  7.826047E-16 -9.910198E-01  0.000000E+00
  1.013710E-01  2.699980E-02  5.000000E-01  1.023964E-01  2.719134E-02  0.000000E+00  2.690116E-02  4.076410E-03  1.309793E-15 -9.818108E-01  0.000000E+00
  9.107400E-02  2.538215E-02  5.000000E-01  9.199537E-02  2.555736E-02  0.000000E+00  2.709658E-02  4.416562E-03  2.187251E-15 -9.734446E-01  0.000000E+00
  9.107400E-02  2.538215E-02  5.000000E-01  9.199537E-02  2.555736E-02  0.000000E+00  2.709658E-02  4.416562E-03  2.187251E-15 -9.734446E-01  0.000000E+00
  8.137660E-02  2.374482E-02  5.000000E-01  8.220004E-02  2.390350E-02  0.000000E+00  2.729089E-02  4.773581E-03  3.651023E-15 -9.663084E-01  0.000000E+00
  7.227050E-02  2.209693E-02  5.000000E-01  7.300198E-02  2.223897E-02  0.000000E+00  2.748120E-02  5.144919E-03  6.101796E-15 -9.609688E-01  0.000000E+00
  6.374670E-02  2.044828E-02  5.000000E-01  6.439210E-02  2.057366E-02  0.000000E+00  2.767225E-02  5.535071E-03  1.023143E-14 -9.577086E-01  0.000000E+00
  5.579720E-02  1.880604E-02  5.000000E-01  5.636231E-02  1.891484E-02  0.000000E+00  2.786398E-02  5.944957E-03  1.725717E-14 -9.570517E-01  0.000000E+00
  4.841260E-02  1.718056E-02  5.000000E-01  4.890314E-02  1.727294E-02  0.000000E+00  2.805712E-02  6.375071E-03  2.932032E-14 -9.596410E-01  0.000000E+00
  4.158390E-02  1.558092E-02  5.000000E-01  4.200547E-02  1.565715E-02  0.000000E+00  2.826094E-02  6.837642E-03  4.999236E-14 -9.656234E-01  0.000000E+00
  3.530370E-02  1.401337E-02  5.000000E-01  3.566185E-02  1.407377E-02  0.000000E+00  2.846837E-02  7.335013E-03  8.463041E-14 -9.756152E-01  0.000000E+00
  2.956270E-02  1.248783E-02  5.000000E-01  2.986287E-02  1.253282E-02  0.000000E+00  2.867220E-02  7.872440E-03  1.398685E-13 -9.901699E-01  0.000000E+00
  2.435310E-02  1.101194E-02  5.000000E-01  2.460066E-02  1.104203E-02  0.000000E+00  2.886875E-02  8.477902E-03  2.206278E-13 -1.008720E+00  0.000000E+00
  1.967110E-02  9.588628E-03  5.000000E-01  1.987138E-02  9.604341E-03  0.000000E+00  2.899912E-02  9.148811E-03  3.239285E-13 -1.031689E+00  0.000000E+00
  1.550860E-02  8.227005E-03  5.000000E-01  1.566684E-02  8.228967E-03  0.000000E+00  2.899130E-02  9.878680E-03  4.327157E-13 -1.059575E+00  0.000000E+00
  1.185930E-02  6.934098E-03  5.000000E-01  1.198069E-02  6.923003E-03  0.000000E+00  2.881265E-02  1.071508E-02  5.145873E-13 -1.090596E+00  0.000000E+00
  8.724160E-03  5.711539E-03  5.000000E-01  8.813884E-03  5.688097E-03  0.000000E+00  2.846572E-02  1.168683E-02  5.315662E-13 -1.125162E+00  0.000000E+00
  6.091130E-03  4.572137E-03  5.000000E-01  6.154263E-03  4.537188E-03  0.000000E+00  2.830158E-02  1.306275E-02  4.700184E-13 -1.160712E+00  0.000000E+00
  3.952840E-03  3.525051E-03  5.000000E-01  3.994379E-03  3.479528E-03  0.000000E+00  2.898184E-02  1.570766E-02  3.690289E-13 -1.179687E+00  0.000000E+00
  2.330070E-03  2.567895E-03  5.000000E-01  2.355220E-03  2.512705E-03  0.000000E+00  3.017896E-02  2.026397E-02  2.954488E-13 -1.167905E+00  0.000000E+00
  1.198080E-03  1.724253E-03  5.000000E-01  1.211798E-03  1.660543E-03  0.000000E+00  3.018924E-02  2.619948E-02  2.926082E-13 -1.131833E+00  0.000000E+00
  5.019560E-04  1.028918E-03  5.000000E-01  5.086443E-04  9.581861E-04  0.000000E+00  2.795689E-02  3.288048E-02  3.586996E-13 -1.126717E+00  0.000000E+00
  1.313430E-04  5.076008E-04  5.000000E-01  1.342884E-04  4.316041E-04  0.000000E+00  2.586998E-02  5.200741E-02  4.848370E-13 -1.203554E+00  0.000000E+00
  8.078190E-06  1.871948E-04  5.000000E-01  9.778778E-06  1.079623E-04  0.000000E+00  1.984047E-02  1.272235E-01  7.187625E-13 -1.259021E+00  0.000000E+00
 -1.602820E-06  8.031186E-05  5.000000E-01  0.000000E+00  0.000000E+00  0.000000E+00 -8.965851E-03  2.217889E-01  1.058641E-12 -1.053488E+00  0.000000E+00
  9.141860E-06 -2.775044E-05  5.000000E-01  1.085319E-05 -1.091536E-04  0.000000E+00 -5.063845E-02  1.945789E-01  1.359361E-12 -3.057234E-01  0.000000E+00
  1.696960E-04 -3.387374E-04  5.000000E-01  1.730288E-04 -4.232813E-04  0.000000E+00 -6.423064E-02  8.592888E-02  1.386735E-12  7.014450E-01  0.000000E+00
    1    2
    2    3
    3    4
    4    5
    5    6
    6    7
    7    8
    8    9
    9   10
   10   11
   11   12
   12   13
   13   14
   14   15
   15   16
   16   17
   17   18
   18   19
   19   20
   20   21
   21   22
   22   23
   23   24
   25   26
   26   27
   27   28
   28   29
   29   30
   30   31
   31   32
   32   33
   33   34
   34   35
   35   36
   36   37
   37   38
   38   39
   39   40
   40   41
   41   42
   42   43
   43   44
   44   45
   45   46
   46   47
   47   48
   49   50
   50   51
   51   52
   52   53
   53   54
   54   55
   55   56
   56   57
   57   58
   58   59
   59   60
   60   61
   61   62
   62   63
   63   64
   64   65
   65   66
   66   67
   67   68
   68   69
   69   70
   70   71
   71   72
   73   74
   74   75
   75   76
   76   77
   77   78
   78   79
   79   80
   80   81
   81   82
   82   83
   83   84
   84   85
   85   86
   86   87
   87   88
   88   89
   89   90
   90   91
   91   92
   92   93
   93   94
   94   95
   95   96
   97   98
   98   99
   99  100
  100  101
  101  102
  102  103
  103  104
  104  105
  105  106
  106  107
  107  108
  108  109
  109  110
  110  111
  111  112
  112  113
  113  114
  114  115
  115  116
  116  117
  117  118
  118  119
  119  120
  121  122
  122  123
  123  124
  124  125
  125  126
  126  127
  127  128
  128  129
  129  130
  130  131
  131  132
  132  133
  133  134
  134  135
  135  136
  136  137
  137  138
  138  139
  139  140
  140  141
  141  142
  142  143
  143  144
  145  146
  146  147
  147  148
  148  149
  149  150
  150  151
  151  152
  152  153
  153  154
  154  155
  155  156
  156  157
  157  158
  158  159
  159  160
  160  161
  161  162
  162  163
  163  164
  164  165
  165  166
  166  167
  167  168
  169  170
  170  171
  171  172
  172  173
  173  174
  174  175
  175  176
  176  177
  177  178
  178  179
  179  180
  180  181
  181  182
  182  183
  183  184
  184  185
  185  186
  186  187
  187  188
  188  189
  189  190
  190  191
  191  192
