 Title = "ADflow Slice Data"
Variables =  "CoordinateX"  "CoordinateY"  "CoordinateZ"  "XoC"  "YoC"  "ZoC" "VelocityX" "VelocityY" "VelocityZ" "CoefPressure" "Mach" 
Zone T= "Slice_0001 None Absolute Regular z = 0.50000000"
 Nodes =          192  Elements=          184  ZONETYPE=FELINESEG
 DATAPACKING=POINT
  5.667600E-01 -1.498767E-02  5.000000E-01  5.724853E-01 -1.510132E-02  0.000000E+00  1.332032E-02  1.521416E-03 -8.633899E-20  1.039358E-01  0.000000E+00
  5.873410E-01 -1.262932E-02  5.000000E-01  5.932741E-01 -1.271916E-02  0.000000E+00  1.284222E-02  1.468031E-03 -5.832435E-19  1.264485E-01  0.000000E+00
  6.076580E-01 -1.031276E-02  5.000000E-01  6.137963E-01 -1.037921E-02  0.000000E+00  1.242629E-02  1.406151E-03 -9.679300E-20  1.475587E-01  0.000000E+00
  6.276600E-01 -8.067284E-03  5.000000E-01  6.340003E-01 -8.111050E-03  0.000000E+00  1.206627E-02  1.339107E-03  2.078893E-18  1.669922E-01  0.000000E+00
  6.472970E-01 -5.914390E-03  5.000000E-01  6.538356E-01 -5.936414E-03  0.000000E+00  1.175043E-02  1.271199E-03  3.647165E-19  1.845522E-01  0.000000E+00
  6.665260E-01 -3.863327E-03  5.000000E-01  6.732588E-01 -3.864638E-03  0.000000E+00  1.146798E-02  1.204404E-03 -2.615583E-18  2.005058E-01  0.000000E+00
  6.853050E-01 -1.922289E-03  5.000000E-01  6.922274E-01 -1.903997E-03  0.000000E+00  1.121381E-02  1.135588E-03 -1.241797E-18  2.156715E-01  0.000000E+00
  7.035980E-01 -1.084275E-04  5.000000E-01  7.107052E-01 -7.181798E-05  0.000000E+00  1.097946E-02  1.061856E-03 -1.952834E-19  2.303609E-01  0.000000E+00
  7.213750E-01  1.566173E-03  5.000000E-01  7.286617E-01  1.619694E-03  0.000000E+00  1.074355E-02  9.837104E-04 -5.793958E-19  2.441721E-01  0.000000E+00
  7.386080E-01  3.097042E-03  5.000000E-01  7.460687E-01  3.166023E-03  0.000000E+00  1.047801E-02  9.034035E-04  1.688549E-19  2.569842E-01  0.000000E+00
  7.552750E-01  4.489067E-03  5.000000E-01  7.629040E-01  4.572106E-03  0.000000E+00  1.016536E-02  8.252738E-04 -9.814286E-20  2.692104E-01  0.000000E+00
  7.713580E-01  5.754876E-03  5.000000E-01  7.791495E-01  5.850698E-03  0.000000E+00  9.818823E-03  7.511806E-04  9.770631E-20  2.814048E-01  0.000000E+00
  7.868410E-01  6.905254E-03  5.000000E-01  7.947888E-01  7.012693E-03  0.000000E+00  9.505766E-03  6.637695E-04  1.213900E-18  2.952889E-01  0.000000E+00
  8.017160E-01  7.880029E-03  5.000000E-01  8.098140E-01  7.997313E-03  0.000000E+00  9.327695E-03  5.401074E-04  1.176770E-18  3.111954E-01  0.000000E+00
  8.159740E-01  8.595606E-03  5.000000E-01  8.242160E-01  8.720116E-03  0.000000E+00  9.348440E-03  3.856977E-04  1.678898E-18  3.241439E-01  0.000000E+00
  8.296120E-01  9.034142E-03  5.000000E-01  8.379918E-01  9.163081E-03  0.000000E+00  9.571790E-03  2.182874E-04  9.073969E-19  3.292548E-01  0.000000E+00
  8.426300E-01  9.211735E-03  5.000000E-01  8.511412E-01  9.342468E-03  0.000000E+00  9.974277E-03  4.473761E-05  1.584806E-19  3.264679E-01  0.000000E+00
  8.550290E-01  9.159636E-03  5.000000E-01  8.636654E-01  9.289842E-03  0.000000E+00  1.052757E-02 -1.339372E-04  9.494688E-19  3.177701E-01  0.000000E+00
  8.668160E-01  8.915483E-03  5.000000E-01  8.755715E-01  9.043224E-03  0.000000E+00  1.120267E-02 -3.165875E-04  1.053538E-18  3.045140E-01  0.000000E+00
  8.779950E-01  8.520477E-03  5.000000E-01  8.868634E-01  8.644229E-03  0.000000E+00  1.196969E-02 -5.006569E-04  1.355637E-18  2.872615E-01  0.000000E+00
  8.885730E-01  8.013845E-03  5.000000E-01  8.975482E-01  8.132480E-03  0.000000E+00  1.279929E-02 -6.835733E-04  1.995030E-18  2.666014E-01  0.000000E+00
  8.985610E-01  7.428924E-03  5.000000E-01  9.076371E-01  7.541652E-03  0.000000E+00  1.365885E-02 -8.585897E-04  2.045244E-18  2.430550E-01  0.000000E+00
  9.079670E-01  6.799464E-03  5.000000E-01  9.171381E-01  6.905836E-03  0.000000E+00  1.450903E-02 -1.013335E-03  9.525202E-19  2.170849E-01  0.000000E+00
  9.168010E-01  6.157955E-03  5.000000E-01  9.260613E-01  6.257848E-03  0.000000E+00  1.531220E-02 -1.138667E-03  1.237444E-18  1.897497E-01  0.000000E+00
  9.168010E-01  6.157955E-03  5.000000E-01  9.260613E-01  6.257848E-03  0.000000E+00  1.531220E-02 -1.138667E-03  1.237444E-18  1.897497E-01  0.000000E+00
  9.250730E-01  5.529190E-03  5.000000E-01  9.344168E-01  5.622733E-03  0.000000E+00  1.604515E-02 -1.235825E-03  2.920433E-18  1.625747E-01  0.000000E+00
  9.327940E-01  4.927398E-03  5.000000E-01  9.422158E-01  5.014863E-03  0.000000E+00  1.670738E-02 -1.316521E-03  2.228938E-18  1.368740E-01  0.000000E+00
  9.399760E-01  4.355850E-03  5.000000E-01  9.494703E-01  4.437544E-03  0.000000E+00  1.731511E-02 -1.392300E-03  7.532880E-19  1.129163E-01  0.000000E+00
  9.466320E-01  3.815244E-03  5.000000E-01  9.561935E-01  3.891478E-03  0.000000E+00  1.788853E-02 -1.467694E-03  1.405463E-18  8.996335E-02  0.000000E+00
  9.527730E-01  3.306399E-03  5.000000E-01  9.623966E-01  3.377494E-03  0.000000E+00  1.845233E-02 -1.549200E-03  1.747033E-18  6.747514E-02  0.000000E+00
  9.584110E-01  2.827171E-03  5.000000E-01  9.680915E-01  2.893427E-03  0.000000E+00  1.903920E-02 -1.647466E-03  8.878232E-19  4.521900E-02  0.000000E+00
  9.635570E-01  2.374328E-03  5.000000E-01  9.732895E-01  2.436010E-03  0.000000E+00  1.968307E-02 -1.768374E-03 -2.840350E-19  2.247695E-02  0.000000E+00
  9.682220E-01  1.946799E-03  5.000000E-01  9.780016E-01  2.004163E-03  0.000000E+00  2.041607E-02 -1.912556E-03 -3.091404E-18 -1.839988E-03  0.000000E+00
  9.724140E-01  1.545862E-03  5.000000E-01  9.822359E-01  1.599178E-03  0.000000E+00  2.128623E-02 -2.088021E-03 -4.219146E-18 -2.836283E-02  0.000000E+00
  9.761430E-01  1.171441E-03  5.000000E-01  9.860026E-01  1.220976E-03  0.000000E+00  2.237570E-02 -2.311933E-03  7.170748E-18 -5.754434E-02  0.000000E+00
  9.794160E-01  8.242710E-04  5.000000E-01  9.893086E-01  8.702997E-04  0.000000E+00  2.378653E-02 -2.597719E-03  3.771221E-17 -9.046649E-02  0.000000E+00
  9.822400E-01  5.074295E-04  5.000000E-01  9.921611E-01  5.502585E-04  0.000000E+00  2.556973E-02 -2.947581E-03  5.519237E-17 -1.285836E-01  0.000000E+00
  9.846200E-01  2.260651E-04  5.000000E-01  9.945652E-01  2.660526E-04  0.000000E+00  2.759444E-02 -3.348327E-03 -6.790932E-17 -1.722464E-01  0.000000E+00
  9.865620E-01 -1.453608E-05  5.000000E-01  9.965268E-01  2.302161E-05  0.000000E+00  2.941448E-02 -3.712205E-03 -4.914993E-16 -2.195644E-01  0.000000E+00
  9.880680E-01 -2.086060E-04  5.000000E-01  9.980480E-01 -1.730082E-04  0.000000E+00  2.988233E-02 -3.827571E-03 -9.411072E-16 -2.767860E-01  0.000000E+00
  9.891420E-01 -3.514239E-04  5.000000E-01  9.991328E-01 -3.172684E-04  0.000000E+00  2.813756E-02 -3.912356E-03  2.073872E-16 -3.436935E-01  0.000000E+00
  9.897860E-01 -4.389487E-04  5.000000E-01  9.997833E-01 -4.056771E-04  0.000000E+00  3.789883E-02 -4.014670E-03  5.486768E-15 -2.896327E-01  0.000000E+00
  9.900000E-01 -4.683023E-04  5.000000E-01  9.999995E-01 -4.353271E-04  0.000000E+00  2.619662E-02  5.267432E-03  5.027262E-15 -5.822982E-01  0.000000E+00
  9.900000E-01 -1.843754E-04  5.000000E-01  9.999995E-01 -1.485329E-04  0.000000E+00  1.230400E-03 -7.886602E-03  1.610241E-15 -8.091115E-01  0.000000E+00
  9.900000E-01  9.955149E-05  5.000000E-01  9.999995E-01  1.382613E-04  0.000000E+00 -4.470414E-04 -2.275152E-02  3.155295E-15 -6.286557E-01  0.000000E+00
  9.900000E-01  3.834784E-04  5.000000E-01  9.999995E-01  4.250556E-04  0.000000E+00 -1.436943E-04 -8.863550E-03  3.778793E-15 -6.285999E-01  0.000000E+00
  9.900000E-01  6.674052E-04  5.000000E-01  9.999995E-01  7.118498E-04  0.000000E+00  4.647900E-04 -5.230099E-03  3.670502E-15 -6.884883E-01  0.000000E+00
  9.900000E-01  9.513321E-04  5.000000E-01  9.999995E-01  9.986440E-04  0.000000E+00  6.799554E-03 -6.633811E-03  3.404860E-15 -6.302336E-01  0.000000E+00
  9.900000E-01  9.513321E-04  5.000000E-01  9.999995E-01  9.986440E-04  0.000000E+00  6.799554E-03 -6.633811E-03  3.404860E-15 -6.302336E-01  0.000000E+00
  9.897890E-01  1.017904E-03  5.000000E-01  9.997864E-01  1.065888E-03  0.000000E+00  9.019038E-03 -3.470752E-03  2.873399E-15 -5.526630E-01  0.000000E+00
  9.891540E-01  1.218674E-03  5.000000E-01  9.991450E-01  1.268686E-03  0.000000E+00  4.569960E-03 -1.351951E-03  1.892566E-15 -5.712636E-01  0.000000E+00
  9.880950E-01  1.555408E-03  5.000000E-01  9.980753E-01  1.608820E-03  0.000000E+00  3.026570E-03 -9.614939E-04  1.042990E-15 -5.708200E-01  0.000000E+00
  9.866100E-01  2.031333E-03  5.000000E-01  9.965753E-01  2.089552E-03  0.000000E+00  1.985236E-03 -6.502575E-04  5.022595E-16 -5.629171E-01  0.000000E+00
  9.846960E-01  2.650662E-03  5.000000E-01  9.946419E-01  2.715136E-03  0.000000E+00  9.971013E-04 -3.238501E-04  2.156821E-16 -5.592766E-01  0.000000E+00
  9.823490E-01  3.418252E-03  5.000000E-01  9.922712E-01  3.490477E-03  0.000000E+00  1.858689E-04 -5.947537E-05  7.570978E-17 -5.582942E-01  0.000000E+00
  9.795670E-01  4.338749E-03  5.000000E-01  9.894611E-01  4.420270E-03  0.000000E+00 -4.273348E-04  1.425677E-04  9.586329E-18 -5.585336E-01  0.000000E+00
  9.763420E-01  5.417936E-03  5.000000E-01  9.862036E-01  5.510356E-03  0.000000E+00 -8.715986E-04  2.932879E-04 -1.595802E-17 -5.599769E-01  0.000000E+00
  9.726710E-01  6.659546E-03  5.000000E-01  9.824955E-01  6.764505E-03  0.000000E+00 -1.171219E-03  3.979062E-04 -1.904146E-17 -5.625111E-01  0.000000E+00
  9.685460E-01  8.066759E-03  5.000000E-01  9.783288E-01  8.185928E-03  0.000000E+00 -1.343435E-03  4.598907E-04 -1.279066E-17 -5.657172E-01  0.000000E+00
  9.639600E-01  9.641718E-03  5.000000E-01  9.736965E-01  9.776793E-03  0.000000E+00 -1.404811E-03  4.837822E-04 -6.234899E-18 -5.690878E-01  0.000000E+00
  9.589060E-01  1.138657E-02  5.000000E-01  9.685915E-01  1.153927E-02  0.000000E+00 -1.375681E-03  4.758220E-04 -2.879150E-18 -5.721465E-01  0.000000E+00
  9.533750E-01  1.330250E-02  5.000000E-01  9.630046E-01  1.347455E-02  0.000000E+00 -1.281833E-03  4.443099E-04 -1.832282E-18 -5.745289E-01  0.000000E+00
  9.473580E-01  1.538827E-02  5.000000E-01  9.569269E-01  1.558137E-02  0.000000E+00 -1.153049E-03  3.993768E-04 -1.171120E-18 -5.760480E-01  0.000000E+00
  9.408450E-01  1.764054E-02  5.000000E-01  9.503481E-01  1.785639E-02  0.000000E+00 -1.019518E-03  3.517126E-04 -1.006407E-18 -5.767316E-01  0.000000E+00
  9.338260E-01  2.005402E-02  5.000000E-01  9.432582E-01  2.029425E-02  0.000000E+00 -9.079396E-04  3.108135E-04 -1.120374E-18 -5.768065E-01  0.000000E+00
  9.262910E-01  2.262029E-02  5.000000E-01  9.356471E-01  2.288644E-02  0.000000E+00 -8.388968E-04  2.837140E-04 -1.015752E-18 -5.766248E-01  0.000000E+00
  9.182290E-01  2.532653E-02  5.000000E-01  9.275037E-01  2.562000E-02  0.000000E+00 -8.263032E-04  2.745058E-04  5.769796E-20 -5.765569E-01  0.000000E+00
  9.096280E-01  2.815504E-02  5.000000E-01  9.188158E-01  2.847707E-02  0.000000E+00 -8.778638E-04  2.844447E-04  3.962416E-19 -5.769631E-01  0.000000E+00
  9.004770E-01  3.108236E-02  5.000000E-01  9.095724E-01  3.143396E-02  0.000000E+00 -9.954551E-04  3.121788E-04 -6.191155E-19 -5.781598E-01  0.000000E+00
  8.907650E-01  3.407758E-02  5.000000E-01  8.997623E-01  3.445942E-02  0.000000E+00 -1.176375E-03  3.534444E-04 -5.645034E-19 -5.802349E-01  0.000000E+00
  8.804800E-01  3.709935E-02  5.000000E-01  8.893735E-01  3.751171E-02  0.000000E+00 -1.413976E-03  4.006522E-04  9.362153E-19 -5.830870E-01  0.000000E+00
  8.696090E-01  4.009195E-02  5.000000E-01  8.783927E-01  4.053454E-02  0.000000E+00 -1.694266E-03  4.443951E-04  2.392953E-18 -5.866552E-01  0.000000E+00
  8.696090E-01  4.009195E-02  5.000000E-01  8.783927E-01  4.053454E-02  0.000000E+00 -1.694266E-03  4.443951E-04  2.392953E-18 -5.866552E-01  0.000000E+00
  8.581400E-01  4.298341E-02  5.000000E-01  8.668079E-01  4.345520E-02  0.000000E+00 -1.997290E-03  4.757504E-04  6.713916E-19 -5.899919E-01  0.000000E+00
  8.460600E-01  4.568964E-02  5.000000E-01  8.546059E-01  4.618876E-02  0.000000E+00 -2.305202E-03  4.847179E-04 -7.664541E-19 -5.909037E-01  0.000000E+00
  8.333640E-01  4.813094E-02  5.000000E-01  8.417817E-01  4.865472E-02  0.000000E+00 -2.564597E-03  4.510661E-04 -9.178266E-19 -5.923566E-01  0.000000E+00
  8.200460E-01  5.023195E-02  5.000000E-01  8.283292E-01  5.077694E-02  0.000000E+00 -2.548065E-03  3.467417E-04 -1.407849E-18 -6.131928E-01  0.000000E+00
  8.061050E-01  5.192555E-02  5.000000E-01  8.142474E-01  5.248765E-02  0.000000E+00 -1.683331E-03  1.659295E-04 -1.063030E-18 -6.826856E-01  0.000000E+00
  7.915460E-01  5.318641E-02  5.000000E-01  7.995413E-01  5.376124E-02  0.000000E+00  9.069551E-04 -4.787932E-05  7.685052E-19 -8.077666E-01  0.000000E+00
  7.763770E-01  5.405424E-02  5.000000E-01  7.842192E-01  5.463783E-02  0.000000E+00  5.851227E-03 -2.142763E-04  1.392424E-18 -9.494879E-01  0.000000E+00
  7.606070E-01  5.459879E-02  5.000000E-01  7.682899E-01  5.518788E-02  0.000000E+00  1.245476E-02 -2.374468E-04 -1.566202E-18 -1.049545E+00  0.000000E+00
  7.442510E-01  5.482753E-02  5.000000E-01  7.517687E-01  5.541893E-02  0.000000E+00  1.834856E-02 -5.852252E-05 -5.871802E-18 -1.082682E+00  0.000000E+00
  7.273250E-01  5.475824E-02  5.000000E-01  7.346718E-01  5.534894E-02  0.000000E+00  2.143092E-02  2.368073E-04 -1.087893E-17 -1.069524E+00  0.000000E+00
  7.098490E-01  5.444306E-02  5.000000E-01  7.170193E-01  5.503058E-02  0.000000E+00  2.171465E-02  4.670292E-04 -1.381044E-17 -1.045080E+00  0.000000E+00
  6.918480E-01  5.397735E-02  5.000000E-01  6.988365E-01  5.456016E-02  0.000000E+00  2.060272E-02  5.188002E-04 -1.349494E-17 -1.034130E+00  0.000000E+00
  6.733520E-01  5.351010E-02  5.000000E-01  6.801537E-01  5.408819E-02  0.000000E+00  1.940467E-02  3.796063E-04 -1.071163E-17 -1.047494E+00  0.000000E+00
  6.543930E-01  5.323932E-02  5.000000E-01  6.610032E-01  5.381469E-02  0.000000E+00  1.882795E-02  1.144577E-04 -7.117112E-18 -1.081733E+00  0.000000E+00
  6.350090E-01  5.328294E-02  5.000000E-01  6.414235E-01  5.385874E-02  0.000000E+00  1.910420E-02 -1.589023E-04 -5.107706E-18 -1.121524E+00  0.000000E+00
  6.152440E-01  5.357189E-02  5.000000E-01  6.214589E-01  5.415061E-02  0.000000E+00  2.002692E-02 -3.558620E-04 -4.511738E-18 -1.152384E+00  0.000000E+00
  5.951420E-01  5.399430E-02  5.000000E-01  6.011539E-01  5.457728E-02  0.000000E+00  2.114047E-02 -4.390494E-04 -4.732477E-18 -1.167366E+00  0.000000E+00
  5.747530E-01  5.441784E-02  5.000000E-01  5.805590E-01  5.500510E-02  0.000000E+00  2.207705E-02 -3.727717E-04 -5.355585E-18 -1.164007E+00  0.000000E+00
  5.541290E-01  5.469584E-02  5.000000E-01  5.597267E-01  5.528591E-02  0.000000E+00  2.266778E-02 -1.465800E-04 -5.677659E-18 -1.143802E+00  0.000000E+00
  5.333260E-01  5.468949E-02  5.000000E-01  5.387136E-01  5.527950E-02  0.000000E+00  2.284968E-02  1.631796E-04 -5.653041E-18 -1.114442E+00  0.000000E+00
  5.124010E-01  5.439208E-02  5.000000E-01  5.175773E-01  5.497909E-02  0.000000E+00  2.267372E-02  4.455452E-04 -6.058342E-18 -1.085868E+00  0.000000E+00
  4.914140E-01  5.386017E-02  5.000000E-01  4.963783E-01  5.444180E-02  0.000000E+00  2.232958E-02  6.554467E-04 -6.278938E-18 -1.063743E+00  0.000000E+00
  4.704230E-01  5.315620E-02  5.000000E-01  4.751754E-01  5.373073E-02  0.000000E+00  2.200349E-02  7.919554E-04 -6.819250E-18 -1.050204E+00  0.000000E+00
  1.696960E-04 -4.797694E-04  5.000000E-01  1.730287E-04 -4.469100E-04  0.000000E+00 -6.438342E-02  9.277683E-02 -6.544120E-14  5.420069E-01  0.000000E+00
  8.054360E-04 -9.762414E-04  5.000000E-01  8.151890E-04 -9.483959E-04  0.000000E+00 -4.692006E-02  3.280222E-02 -5.085826E-14  1.107535E+00  0.000000E+00
  1.973980E-03 -1.581820E-03  5.000000E-01  1.995534E-03 -1.560090E-03  0.000000E+00 -2.101865E-02  1.043960E-02 -2.801703E-14  1.176737E+00  0.000000E+00
  3.614630E-03 -2.294512E-03  5.000000E-01  3.652753E-03 -2.279979E-03  0.000000E+00 -4.019789E-03  1.753355E-03 -9.622656E-15  1.152702E+00  0.000000E+00
  5.721210E-03 -3.122711E-03  5.000000E-01  5.780607E-03 -3.116543E-03  0.000000E+00  5.052407E-03 -1.869699E-03 -8.219028E-17  1.122164E+00  0.000000E+00
  8.297500E-03 -4.063902E-03  5.000000E-01  8.382914E-03 -4.067239E-03  0.000000E+00  9.357431E-03 -3.265823E-03  2.427165E-15  1.077703E+00  0.000000E+00
  1.136560E-02 -5.098441E-03  5.000000E-01  1.148200E-02 -5.112225E-03  0.000000E+00  1.112138E-02 -3.612354E-03  1.790160E-15  1.023196E+00  0.000000E+00
  1.493280E-02 -6.215078E-03  5.000000E-01  1.508522E-02 -6.240138E-03  0.000000E+00  1.171306E-02 -3.575287E-03  6.796245E-16  9.686603E-01  0.000000E+00
  1.899460E-02 -7.422135E-03  5.000000E-01  1.918804E-02 -7.459386E-03  0.000000E+00  1.196636E-02 -3.503742E-03  5.140513E-17  9.179882E-01  0.000000E+00
  2.354800E-02 -8.735680E-03  5.000000E-01  2.378743E-02 -8.786196E-03  0.000000E+00  1.229818E-02 -3.494427E-03 -1.188269E-16  8.681598E-01  0.000000E+00
  2.860130E-02 -1.015125E-02  5.000000E-01  2.889176E-02 -1.021607E-02  0.000000E+00  1.282666E-02 -3.531974E-03 -8.982153E-17  8.165243E-01  0.000000E+00
  3.416500E-02 -1.165783E-02  5.000000E-01  3.451165E-02 -1.173785E-02  0.000000E+00  1.353288E-02 -3.597769E-03 -3.201266E-17  7.643082E-01  0.000000E+00
  4.024810E-02 -1.324628E-02  5.000000E-01  4.065618E-02 -1.334235E-02  0.000000E+00  1.435798E-02 -3.672687E-03 -1.882212E-18  7.124244E-01  0.000000E+00
  4.686030E-02 -1.490443E-02  5.000000E-01  4.733516E-02 -1.501724E-02  0.000000E+00  1.523752E-02 -3.737040E-03  6.146774E-18  6.606566E-01  0.000000E+00
  5.401090E-02 -1.662069E-02  5.000000E-01  5.455797E-02 -1.675084E-02  0.000000E+00  1.612489E-02 -3.782578E-03  5.858004E-18  6.090727E-01  0.000000E+00
  6.170850E-02 -1.838659E-02  5.000000E-01  6.233331E-02 -1.853457E-02  0.000000E+00  1.699462E-02 -3.801104E-03  2.523817E-18  5.572999E-01  0.000000E+00
  6.996310E-02 -2.018795E-02  5.000000E-01  7.067127E-02 -2.035412E-02  0.000000E+00  1.783305E-02 -3.780231E-03 -1.189143E-18  5.046361E-01  0.000000E+00
  7.878500E-02 -2.200536E-02  5.000000E-01  7.958226E-02 -2.218989E-02  0.000000E+00  1.863716E-02 -3.716436E-03 -4.398689E-18  4.512779E-01  0.000000E+00
  8.818390E-02 -2.381992E-02  5.000000E-01  8.907608E-02 -2.402277E-02  0.000000E+00  1.940847E-02 -3.609895E-03 -2.923495E-18  3.976579E-01  0.000000E+00
  9.816930E-02 -2.560934E-02  5.000000E-01  9.916232E-02 -2.583026E-02  0.000000E+00  2.014172E-02 -3.456071E-03  4.818449E-19  3.438325E-01  0.000000E+00
  1.087500E-01 -2.734708E-02  5.000000E-01  1.098499E-01 -2.758555E-02  0.000000E+00  2.082113E-02 -3.251615E-03  8.788594E-19  2.902157E-01  0.000000E+00
  1.199340E-01 -2.900618E-02  5.000000E-01  1.211468E-01 -2.926140E-02  0.000000E+00  2.141262E-02 -2.991661E-03  6.809101E-19  2.374972E-01  0.000000E+00
  1.317280E-01 -3.055496E-02  5.000000E-01  1.330599E-01 -3.082583E-02  0.000000E+00  2.185679E-02 -2.667497E-03  9.182956E-19  1.865019E-01  0.000000E+00
  1.441380E-01 -3.195654E-02  5.000000E-01  1.455953E-01 -3.224156E-02  0.000000E+00  2.208398E-02 -2.279033E-03  2.214751E-18  1.389762E-01  0.000000E+00
  1.441380E-01 -3.195654E-02  5.000000E-01  1.455953E-01 -3.224156E-02  0.000000E+00  2.208398E-02 -2.279033E-03  2.214751E-18  1.389762E-01  0.000000E+00
  1.571670E-01 -3.317487E-02  5.000000E-01  1.587558E-01 -3.347219E-02  0.000000E+00  2.204419E-02 -1.839598E-03  1.142928E-18  9.744396E-02  0.000000E+00
  1.708170E-01 -3.417543E-02  5.000000E-01  1.725437E-01 -3.448286E-02  0.000000E+00  2.174685E-02 -1.378157E-03 -3.241918E-19  6.457710E-02  0.000000E+00
  1.850860E-01 -3.493469E-02  5.000000E-01  1.869568E-01 -3.524979E-02  0.000000E+00  2.129392E-02 -9.466901E-04 -1.279927E-18  4.267864E-02  0.000000E+00
  1.999720E-01 -3.546096E-02  5.000000E-01  2.019931E-01 -3.578137E-02  0.000000E+00  2.086278E-02 -6.125786E-04 -1.575642E-18  3.247502E-02  0.000000E+00
  2.154670E-01 -3.581878E-02  5.000000E-01  2.176446E-01 -3.614280E-02  0.000000E+00  2.059411E-02 -4.020814E-04 -1.004123E-18  2.967611E-02  0.000000E+00
  2.315610E-01 -3.607717E-02  5.000000E-01  2.339011E-01 -3.640380E-02  0.000000E+00  2.047578E-02 -2.542537E-04 -2.146527E-18  2.436156E-02  0.000000E+00
  2.482400E-01 -3.622759E-02  5.000000E-01  2.507486E-01 -3.655575E-02  0.000000E+00  2.041480E-02 -1.035914E-04 -1.665464E-18  1.113275E-02  0.000000E+00
  2.654840E-01 -3.624791E-02  5.000000E-01  2.681667E-01 -3.657627E-02  0.000000E+00  2.034513E-02  6.489423E-05 -3.418569E-19 -6.902880E-03  0.000000E+00
  2.832720E-01 -3.611241E-02  5.000000E-01  2.861343E-01 -3.643940E-02  0.000000E+00  2.022998E-02  2.490415E-04 -2.474156E-19 -2.478459E-02  0.000000E+00
  3.015770E-01 -3.579945E-02  5.000000E-01  3.046242E-01 -3.612328E-02  0.000000E+00  2.005403E-02  4.395713E-04 -4.119537E-19 -3.913698E-02  0.000000E+00
  3.203660E-01 -3.529530E-02  5.000000E-01  3.236030E-01 -3.561404E-02  0.000000E+00  1.981514E-02  6.261634E-04 -8.646470E-19 -4.880139E-02  0.000000E+00
  3.396030E-01 -3.459425E-02  5.000000E-01  3.430342E-01 -3.490591E-02  0.000000E+00  1.951514E-02  8.024818E-04 -2.558572E-19 -5.410147E-02  0.000000E+00
  3.592490E-01 -3.369326E-02  5.000000E-01  3.628786E-01 -3.399582E-02  0.000000E+00  1.915373E-02  9.667996E-04  4.171192E-19 -5.577857E-02  0.000000E+00
  3.792580E-01 -3.258946E-02  5.000000E-01  3.830897E-01 -3.288087E-02  0.000000E+00  1.872961E-02  1.117720E-03 -4.583900E-19 -5.412746E-02  0.000000E+00
  3.995810E-01 -3.128281E-02  5.000000E-01  4.036179E-01 -3.156102E-02  0.000000E+00  1.824259E-02  1.252303E-03 -1.434339E-18 -4.892653E-02  0.000000E+00
  4.201670E-01 -2.977740E-02  5.000000E-01  4.244118E-01 -3.004041E-02  0.000000E+00  1.769302E-02  1.368237E-03 -2.037210E-18 -3.995193E-02  0.000000E+00
  4.409600E-01 -2.807923E-02  5.000000E-01  4.454148E-01 -2.832509E-02  0.000000E+00  1.708463E-02  1.464012E-03 -2.270372E-18 -2.720202E-02  0.000000E+00
  4.619030E-01 -2.619706E-02  5.000000E-01  4.665693E-01 -2.642392E-02  0.000000E+00  1.643226E-02  1.535857E-03 -2.410207E-18 -1.064982E-02  0.000000E+00
  4.829360E-01 -2.415208E-02  5.000000E-01  4.878147E-01 -2.435829E-02  0.000000E+00  1.576019E-02  1.580292E-03 -6.780718E-19  9.421148E-03  0.000000E+00
  5.039990E-01 -2.197307E-02  5.000000E-01  5.090904E-01 -2.215727E-02  0.000000E+00  1.509372E-02  1.597516E-03  1.281721E-18  3.208087E-02  0.000000E+00
  5.250310E-01 -1.969475E-02  5.000000E-01  5.303348E-01 -1.985594E-02  0.000000E+00  1.445491E-02  1.590268E-03  7.118030E-19  5.611532E-02  0.000000E+00
  5.459710E-01 -1.735451E-02  5.000000E-01  5.514863E-01 -1.749206E-02  0.000000E+00  1.386006E-02  1.563327E-03 -2.584263E-19  8.034129E-02  0.000000E+00
  5.667600E-01 -1.498767E-02  5.000000E-01  5.724853E-01 -1.510132E-02  0.000000E+00  1.332032E-02  1.521416E-03 -8.633899E-20  1.039358E-01  0.000000E+00
  4.704230E-01  5.315620E-02  5.000000E-01  4.751754E-01  5.373073E-02  0.000000E+00  2.200349E-02  7.919554E-04 -6.819250E-18 -1.050204E+00  0.000000E+00
  4.494880E-01  5.234739E-02  5.000000E-01  4.540289E-01  5.291375E-02  0.000000E+00  2.180333E-02  8.636299E-04 -7.582989E-18 -1.045337E+00  0.000000E+00
  4.286690E-01  5.150025E-02  5.000000E-01  4.329997E-01  5.205805E-02  0.000000E+00  2.178786E-02  9.010667E-04 -9.181174E-18 -1.046262E+00  0.000000E+00
  4.080230E-01  5.063439E-02  5.000000E-01  4.121452E-01  5.118344E-02  0.000000E+00  2.196598E-02  9.497284E-04 -1.078116E-17 -1.048229E+00  0.000000E+00
  3.876050E-01  4.972764E-02  5.000000E-01  3.915210E-01  5.026754E-02  0.000000E+00  2.226515E-02  1.030366E-03 -1.151703E-17 -1.048162E+00  0.000000E+00
  3.674690E-01  4.875952E-02  5.000000E-01  3.711816E-01  4.928964E-02  0.000000E+00  2.258166E-02  1.139846E-03 -1.268365E-17 -1.045257E+00  0.000000E+00
  3.476650E-01  4.771340E-02  5.000000E-01  3.511776E-01  4.823296E-02  0.000000E+00  2.284970E-02  1.273218E-03 -1.315164E-17 -1.039617E+00  0.000000E+00
  3.282390E-01  4.657567E-02  5.000000E-01  3.315555E-01  4.708374E-02  0.000000E+00  2.304819E-02  1.425497E-03 -1.375471E-17 -1.031865E+00  0.000000E+00
  3.092330E-01  4.533808E-02  5.000000E-01  3.123575E-01  4.583365E-02  0.000000E+00  2.317799E-02  1.585709E-03 -1.379390E-17 -1.023217E+00  0.000000E+00
  2.906860E-01  4.400752E-02  5.000000E-01  2.936232E-01  4.448965E-02  0.000000E+00  2.325453E-02  1.744000E-03 -1.235272E-17 -1.014830E+00  0.000000E+00
  2.726330E-01  4.259447E-02  5.000000E-01  2.753879E-01  4.306233E-02  0.000000E+00  2.330322E-02  1.899637E-03 -1.126140E-17 -1.007136E+00  0.000000E+00
  2.551020E-01  4.110829E-02  5.000000E-01  2.576799E-01  4.156114E-02  0.000000E+00  2.334325E-02  2.055526E-03 -1.154194E-17 -1.000091E+00  0.000000E+00
  2.381210E-01  3.955762E-02  5.000000E-01  2.405274E-01  3.999482E-02  0.000000E+00  2.338502E-02  2.216743E-03 -1.292423E-17 -9.934163E-01  0.000000E+00
  2.217090E-01  3.794633E-02  5.000000E-01  2.239496E-01  3.836725E-02  0.000000E+00  2.342753E-02  2.385744E-03 -1.325649E-17 -9.872589E-01  0.000000E+00
  2.058840E-01  3.627776E-02  5.000000E-01  2.079648E-01  3.668183E-02  0.000000E+00  2.344839E-02  2.542707E-03 -1.311292E-17 -9.836365E-01  0.000000E+00
  1.906600E-01  3.457899E-02  5.000000E-01  1.925871E-01  3.496591E-02  0.000000E+00  2.343707E-02  2.653119E-03 -1.410094E-17 -9.857271E-01  0.000000E+00
  1.760460E-01  3.289864E-02  5.000000E-01  1.778255E-01  3.326858E-02  0.000000E+00  2.345618E-02  2.722018E-03 -1.940639E-17 -9.939382E-01  0.000000E+00
  1.620500E-01  3.125949E-02  5.000000E-01  1.636881E-01  3.161288E-02  0.000000E+00  2.359243E-02  2.790410E-03 -2.959089E-17 -1.005537E+00  0.000000E+00
  1.486750E-01  2.966295E-02  5.000000E-01  1.501781E-01  3.000022E-02  0.000000E+00  2.386436E-02  2.887011E-03 -4.352613E-17 -1.017675E+00  0.000000E+00
  1.359210E-01  2.810044E-02  5.000000E-01  1.372953E-01  2.842193E-02  0.000000E+00  2.422207E-02  3.019314E-03 -6.649060E-17 -1.028669E+00  0.000000E+00
  1.237890E-01  2.656298E-02  5.000000E-01  1.250407E-01  2.686894E-02  0.000000E+00  2.459678E-02  3.184625E-03 -1.055221E-16 -1.037922E+00  0.000000E+00
  1.122730E-01  2.504101E-02  5.000000E-01  1.134084E-01  2.533160E-02  0.000000E+00  2.493885E-02  3.377828E-03 -1.704566E-16 -1.045558E+00  0.000000E+00
  1.013710E-01  2.352892E-02  5.000000E-01  1.023964E-01  2.380424E-02  0.000000E+00  2.522664E-02  3.592484E-03 -2.797770E-16 -1.052202E+00  0.000000E+00
  9.107400E-02  2.202473E-02  5.000000E-01  9.199536E-02  2.228486E-02  0.000000E+00  2.546427E-02  3.827814E-03 -4.665898E-16 -1.058432E+00  0.000000E+00
  9.107400E-02  2.202473E-02  5.000000E-01  9.199536E-02  2.228486E-02  0.000000E+00  2.546427E-02  3.827814E-03 -4.665898E-16 -1.058432E+00  0.000000E+00
  8.137660E-02  2.052627E-02  5.000000E-01  8.220003E-02  2.077127E-02  0.000000E+00  2.565983E-02  4.082184E-03 -7.885301E-16 -1.064997E+00  0.000000E+00
  7.227050E-02  1.903601E-02  5.000000E-01  7.300197E-02  1.926596E-02  0.000000E+00  2.581762E-02  4.349657E-03 -1.347894E-15 -1.072909E+00  0.000000E+00
  6.374670E-02  1.755910E-02  5.000000E-01  6.439209E-02  1.777413E-02  0.000000E+00  2.594834E-02  4.631368E-03 -2.321451E-15 -1.082836E+00  0.000000E+00
  5.579720E-02  1.609889E-02  5.000000E-01  5.636231E-02  1.629917E-02  0.000000E+00  2.605256E-02  4.923502E-03 -4.003096E-15 -1.095683E+00  0.000000E+00
  4.841260E-02  1.466394E-02  5.000000E-01  4.890313E-02  1.484973E-02  0.000000E+00  2.612848E-02  5.220842E-03 -6.849989E-15 -1.112438E+00  0.000000E+00
  4.158390E-02  1.326208E-02  5.000000E-01  4.200547E-02  1.343372E-02  0.000000E+00  2.618133E-02  5.529893E-03 -1.147243E-14 -1.133491E+00  0.000000E+00
  3.530370E-02  1.189820E-02  5.000000E-01  3.566185E-02  1.205606E-02  0.000000E+00  2.619233E-02  5.845414E-03 -1.846417E-14 -1.159680E+00  0.000000E+00
  2.956270E-02  1.058182E-02  5.000000E-01  2.986287E-02  1.072639E-02  0.000000E+00  2.613455E-02  6.162687E-03 -2.797351E-14 -1.191670E+00  0.000000E+00
  2.435310E-02  9.319501E-03  5.000000E-01  2.460066E-02  9.451322E-03  0.000000E+00  2.596845E-02  6.493755E-03 -3.894531E-14 -1.228874E+00  0.000000E+00
  1.967110E-02  8.111763E-03  5.000000E-01  1.987137E-02  8.231387E-03  0.000000E+00  2.556016E-02  6.809420E-03 -4.842173E-14 -1.271604E+00  0.000000E+00
  1.550860E-02  6.965793E-03  5.000000E-01  1.566684E-02  7.073844E-03  0.000000E+00  2.473225E-02  7.061400E-03 -5.210360E-14 -1.320171E+00  0.000000E+00
  1.185930E-02  5.885287E-03  5.000000E-01  1.198068E-02  5.982426E-03  0.000000E+00  2.338621E-02  7.242398E-03 -4.669420E-14 -1.372729E+00  0.000000E+00
  8.724160E-03  4.866485E-03  5.000000E-01  8.813883E-03  4.953336E-03  0.000000E+00  2.164449E-02  7.379084E-03 -3.273132E-14 -1.428837E+00  0.000000E+00
  6.091130E-03  3.917627E-03  5.000000E-01  6.154263E-03  3.994895E-03  0.000000E+00  2.038892E-02  7.858901E-03 -1.623499E-14 -1.483923E+00  0.000000E+00
  3.952840E-03  3.041493E-03  5.000000E-01  3.994378E-03  3.109913E-03  0.000000E+00  2.118604E-02  9.771626E-03 -5.780187E-15 -1.521041E+00  0.000000E+00
  2.330070E-03  2.225392E-03  5.000000E-01  2.355220E-03  2.285570E-03  0.000000E+00  2.426292E-02  1.422733E-02 -5.223781E-15 -1.528665E+00  0.000000E+00
  1.198080E-03  1.487487E-03  5.000000E-01  1.211798E-03  1.540213E-03  0.000000E+00  2.759462E-02  2.140878E-02 -1.145830E-14 -1.516731E+00  0.000000E+00
  5.019560E-04  8.608566E-04  5.000000E-01  5.086442E-04  9.072548E-04  0.000000E+00  3.037268E-02  3.348091E-02 -1.994649E-14 -1.528315E+00  0.000000E+00
  1.313430E-04  3.773626E-04  5.000000E-01  1.342884E-04  4.188780E-04  0.000000E+00  3.498307E-02  7.021572E-02 -2.886857E-14 -1.564175E+00  0.000000E+00
  8.078190E-06  6.910580E-05  5.000000E-01  9.778777E-06  1.075082E-04  0.000000E+00  3.046547E-02  1.730805E-01 -4.002337E-14 -1.484019E+00  0.000000E+00
 -1.602820E-06 -3.732752E-05  5.000000E-01  0.000000E+00  0.000000E+00  0.000000E+00 -4.967714E-03  2.520765E-01 -5.131994E-14 -1.190462E+00  0.000000E+00
  9.141860E-06 -1.473613E-04  5.000000E-01  1.085319E-05 -1.111449E-04  0.000000E+00 -4.977332E-02  1.968042E-01 -6.226578E-14 -4.677784E-01  0.000000E+00
  1.696960E-04 -4.797694E-04  5.000000E-01  1.730287E-04 -4.469100E-04  0.000000E+00 -6.438342E-02  9.277683E-02 -6.544120E-14  5.420069E-01  0.000000E+00
    1    2
    2    3
    3    4
    4    5
    5    6
    6    7
    7    8
    8    9
    9   10
   10   11
   11   12
   12   13
   13   14
   14   15
   15   16
   16   17
   17   18
   18   19
   19   20
   20   21
   21   22
   22   23
   23   24
   25   26
   26   27
   27   28
   28   29
   29   30
   30   31
   31   32
   32   33
   33   34
   34   35
   35   36
   36   37
   37   38
   38   39
   39   40
   40   41
   41   42
   42   43
   43   44
   44   45
   45   46
   46   47
   47   48
   49   50
   50   51
   51   52
   52   53
   53   54
   54   55
   55   56
   56   57
   57   58
   58   59
   59   60
   60   61
   61   62
   62   63
   63   64
   64   65
   65   66
   66   67
   67   68
   68   69
   69   70
   70   71
   71   72
   73   74
   74   75
   75   76
   76   77
   77   78
   78   79
   79   80
   80   81
   81   82
   82   83
   83   84
   84   85
   85   86
   86   87
   87   88
   88   89
   89   90
   90   91
   91   92
   92   93
   93   94
   94   95
   95   96
   97   98
   98   99
   99  100
  100  101
  101  102
  102  103
  103  104
  104  105
  105  106
  106  107
  107  108
  108  109
  109  110
  110  111
  111  112
  112  113
  113  114
  114  115
  115  116
  116  117
  117  118
  118  119
  119  120
  121  122
  122  123
  123  124
  124  125
  125  126
  126  127
  127  128
  128  129
  129  130
  130  131
  131  132
  132  133
  133  134
  134  135
  135  136
  136  137
  137  138
  138  139
  139  140
  140  141
  141  142
  142  143
  143  144
  145  146
  146  147
  147  148
  148  149
  149  150
  150  151
  151  152
  152  153
  153  154
  154  155
  155  156
  156  157
  157  158
  158  159
  159  160
  160  161
  161  162
  162  163
  163  164
  164  165
  165  166
  166  167
  167  168
  169  170
  170  171
  171  172
  172  173
  173  174
  174  175
  175  176
  176  177
  177  178
  178  179
  179  180
  180  181
  181  182
  182  183
  183  184
  184  185
  185  186
  186  187
  187  188
  188  189
  189  190
  190  191
  191  192
