 Title = "ADflow Slice Data"
Variables =  "CoordinateX"  "CoordinateY"  "CoordinateZ"  "XoC"  "YoC"  "ZoC" "VelocityX" "VelocityY" "VelocityZ" "CoefPressure" "Mach" 
Zone T= "Slice_0001 None Absolute Regular z = 0.50000000"
 Nodes =          192  Elements=          184  ZONETYPE=FELINESEG
 DATAPACKING=POINT
  5.667600E-01 -1.466921E-02  5.000000E-01  5.724853E-01 -1.477317E-02  0.000000E+00  1.308697E-02  1.508804E-03 -2.283725E-18  1.149854E-01  0.000000E+00
  5.873410E-01 -1.229383E-02  5.000000E-01  5.932741E-01 -1.237380E-02  0.000000E+00  1.264515E-02  1.453068E-03 -1.322387E-18  1.365767E-01  0.000000E+00
  6.076580E-01 -9.969879E-03  5.000000E-01  6.137963E-01 -1.002638E-02  0.000000E+00  1.226059E-02  1.389043E-03  2.244548E-19  1.569450E-01  0.000000E+00
  6.276600E-01 -7.726466E-03  5.000000E-01  6.340003E-01 -7.760307E-03  0.000000E+00  1.193182E-02  1.319935E-03 -3.369685E-19  1.756677E-01  0.000000E+00
  6.472970E-01 -5.585596E-03  5.000000E-01  6.538356E-01 -5.597816E-03  0.000000E+00  1.165101E-02  1.249878E-03 -1.591629E-18  1.924496E-01  0.000000E+00
  6.665260E-01 -3.557657E-03  5.000000E-01  6.732588E-01 -3.549397E-03  0.000000E+00  1.140842E-02  1.181154E-03 -1.373660E-18  2.074550E-01  0.000000E+00
  6.853050E-01 -1.650141E-03  5.000000E-01  6.922274E-01 -1.622618E-03  0.000000E+00  1.119614E-02  1.111716E-03 -3.236498E-20  2.213785E-01  0.000000E+00
  7.035980E-01  1.241429E-04  5.000000E-01  7.107052E-01  1.695847E-04  0.000000E+00  1.100116E-02  1.039202E-03  3.940739E-19  2.345911E-01  0.000000E+00
  7.213750E-01  1.757377E-03  5.000000E-01  7.286617E-01  1.819313E-03  0.000000E+00  1.079851E-02  9.636580E-04 -2.237127E-19  2.469327E-01  0.000000E+00
  7.386080E-01  3.248522E-03  5.000000E-01  7.460687E-01  3.325517E-03  0.000000E+00  1.055783E-02  8.867719E-04 -4.192997E-19  2.584733E-01  0.000000E+00
  7.552750E-01  4.604924E-03  5.000000E-01  7.629040E-01  4.695617E-03  0.000000E+00  1.026059E-02  8.124409E-04 -3.257430E-19  2.697012E-01  0.000000E+00
  7.713580E-01  5.840780E-03  5.000000E-01  7.791495E-01  5.943954E-03  0.000000E+00  9.920267E-03  7.421534E-04 -4.486110E-19  2.811705E-01  0.000000E+00
  7.868410E-01  6.967701E-03  5.000000E-01  7.947888E-01  7.082255E-03  0.000000E+00  9.605994E-03  6.578572E-04  2.974852E-19  2.945964E-01  0.000000E+00
  8.017160E-01  7.925102E-03  5.000000E-01  8.098140E-01  8.049325E-03  0.000000E+00  9.422171E-03  5.359125E-04  1.318477E-18  3.102954E-01  0.000000E+00
  8.159740E-01  8.628043E-03  5.000000E-01  8.242160E-01  8.759365E-03  0.000000E+00  9.435191E-03  3.819921E-04  1.949233E-18  3.232009E-01  0.000000E+00
  8.296120E-01  9.057455E-03  5.000000E-01  8.379918E-01  9.193113E-03  0.000000E+00  9.650370E-03  2.144848E-04  9.734494E-19  3.283252E-01  0.000000E+00
  8.426300E-01  9.228473E-03  5.000000E-01  8.511412E-01  9.365858E-03  0.000000E+00  1.004504E-02  4.066578E-05 -3.769943E-19  3.255556E-01  0.000000E+00
  8.550290E-01  9.171632E-03  5.000000E-01  8.636654E-01  9.308443E-03  0.000000E+00  1.059122E-02 -1.382527E-04 -5.460945E-19  3.168714E-01  0.000000E+00
  8.668160E-01  8.924056E-03  5.000000E-01  8.755715E-01  9.058367E-03  0.000000E+00  1.126004E-02 -3.210427E-04  2.130639E-19  3.036305E-01  0.000000E+00
  8.779950E-01  8.526578E-03  5.000000E-01  8.868634E-01  8.656875E-03  0.000000E+00  1.202156E-02 -5.051323E-04  8.445495E-19  2.863970E-01  0.000000E+00
  8.885730E-01  8.018162E-03  5.000000E-01  8.975482E-01  8.143324E-03  0.000000E+00  1.284639E-02 -6.879688E-04 -5.089715E-19  2.657575E-01  0.000000E+00
  8.985610E-01  7.431956E-03  5.000000E-01  9.076371E-01  7.551198E-03  0.000000E+00  1.370176E-02 -8.628194E-04 -9.754759E-19  2.422313E-01  0.000000E+00
  9.079670E-01  6.801575E-03  5.000000E-01  9.171381E-01  6.914451E-03  0.000000E+00  1.454824E-02 -1.017315E-03 -6.438273E-19  2.162805E-01  0.000000E+00
  9.168010E-01  6.159409E-03  5.000000E-01  9.260613E-01  6.265800E-03  0.000000E+00  1.534809E-02 -1.142331E-03 -7.613282E-19  1.889646E-01  0.000000E+00
  9.168010E-01  6.159409E-03  5.000000E-01  9.260613E-01  6.265800E-03  0.000000E+00  1.534809E-02 -1.142331E-03 -7.613282E-19  1.889646E-01  0.000000E+00
  9.250730E-01  5.530177E-03  5.000000E-01  9.344168E-01  5.630214E-03  0.000000E+00  1.607805E-02 -1.239147E-03  1.168285E-18  1.618102E-01  0.000000E+00
  9.327940E-01  4.928059E-03  5.000000E-01  9.422158E-01  5.022014E-03  0.000000E+00  1.673762E-02 -1.319519E-03  1.669883E-18  1.361318E-01  0.000000E+00
  9.399760E-01  4.356284E-03  5.000000E-01  9.494703E-01  4.444465E-03  0.000000E+00  1.734302E-02 -1.395017E-03  4.820195E-19  1.121971E-01  0.000000E+00
  9.466320E-01  3.815523E-03  5.000000E-01  9.561935E-01  3.898243E-03  0.000000E+00  1.791438E-02 -1.470175E-03  1.325719E-18  8.926651E-02  0.000000E+00
  9.527730E-01  3.306573E-03  5.000000E-01  9.623965E-01  3.384153E-03  0.000000E+00  1.847639E-02 -1.551488E-03  1.762835E-18  6.679919E-02  0.000000E+00
  9.584110E-01  2.827276E-03  5.000000E-01  9.680915E-01  2.900017E-03  0.000000E+00  1.906173E-02 -1.649611E-03  3.953408E-19  4.456211E-02  0.000000E+00
  9.635570E-01  2.374389E-03  5.000000E-01  9.732895E-01  2.442555E-03  0.000000E+00  1.970427E-02 -1.770419E-03 -6.851374E-19  2.183679E-02  0.000000E+00
  9.682220E-01  1.946832E-03  5.000000E-01  9.780016E-01  2.010681E-03  0.000000E+00  2.043614E-02 -1.914535E-03 -2.379123E-18 -2.466408E-03  0.000000E+00
  9.724140E-01  1.545879E-03  5.000000E-01  9.822359E-01  1.605679E-03  0.000000E+00  2.130534E-02 -2.089962E-03 -3.626430E-18 -2.897908E-02  0.000000E+00
  9.761430E-01  1.171449E-03  5.000000E-01  9.860026E-01  1.227468E-03  0.000000E+00  2.239405E-02 -2.313871E-03  4.304234E-19 -5.815500E-02  0.000000E+00
  9.794160E-01  8.242740E-04  5.000000E-01  9.893086E-01  8.767863E-04  0.000000E+00  2.380448E-02 -2.599705E-03  1.158123E-17 -9.107839E-02  0.000000E+00
  9.822400E-01  5.074302E-04  5.000000E-01  9.921611E-01  5.567427E-04  0.000000E+00  2.558809E-02 -2.949709E-03  1.889345E-17 -1.292078E-01  0.000000E+00
  9.846200E-01  2.260649E-04  5.000000E-01  9.945652E-01  2.725359E-04  0.000000E+00  2.761484E-02 -3.350804E-03 -3.027130E-17 -1.729009E-01  0.000000E+00
  9.865620E-01 -1.453652E-05  5.000000E-01  9.965268E-01  2.950474E-05  0.000000E+00  2.943977E-02 -3.715437E-03 -2.084236E-16 -2.202696E-01  0.000000E+00
  9.880680E-01 -2.086064E-04  5.000000E-01  9.980480E-01 -1.665250E-04  0.000000E+00  2.991667E-02 -3.832018E-03 -4.134421E-16 -2.775561E-01  0.000000E+00
  9.891420E-01 -3.514242E-04  5.000000E-01  9.991328E-01 -3.107852E-04  0.000000E+00  2.818407E-02 -3.918549E-03  4.609733E-17 -3.445806E-01  0.000000E+00
  9.897860E-01 -4.389489E-04  5.000000E-01  9.997833E-01 -3.991937E-04  0.000000E+00  3.796376E-02 -4.021853E-03  2.348252E-15 -2.907398E-01  0.000000E+00
  9.900000E-01 -4.683024E-04  5.000000E-01  9.999995E-01 -4.288437E-04  0.000000E+00  2.623867E-02  5.266529E-03  2.257220E-15 -5.836299E-01  0.000000E+00
  9.900000E-01 -1.843756E-04  5.000000E-01  9.999995E-01 -1.420495E-04  0.000000E+00  1.233564E-03 -7.894046E-03  1.554495E-15 -8.105559E-01  0.000000E+00
  9.900000E-01  9.955133E-05  5.000000E-01  9.999995E-01  1.447447E-04  0.000000E+00 -4.477938E-04 -2.276665E-02  3.288293E-15 -6.300564E-01  0.000000E+00
  9.900000E-01  3.834782E-04  5.000000E-01  9.999995E-01  4.315390E-04  0.000000E+00 -1.441987E-04 -8.865292E-03  3.976986E-15 -6.299369E-01  0.000000E+00
  9.900000E-01  6.674051E-04  5.000000E-01  9.999995E-01  7.183332E-04  0.000000E+00  4.654212E-04 -5.228466E-03  3.840077E-15 -6.898756E-01  0.000000E+00
  9.900000E-01  9.513320E-04  5.000000E-01  9.999995E-01  1.005127E-03  0.000000E+00  6.809707E-03 -6.639181E-03  3.525543E-15 -6.316148E-01  0.000000E+00
  9.900000E-01  9.513320E-04  5.000000E-01  9.999995E-01  1.005127E-03  0.000000E+00  6.809707E-03 -6.639181E-03  3.525543E-15 -6.316148E-01  0.000000E+00
  9.897890E-01  1.017904E-03  5.000000E-01  9.997864E-01  1.072371E-03  0.000000E+00  9.034348E-03 -3.476246E-03  2.963420E-15 -5.540027E-01  0.000000E+00
  9.891540E-01  1.218674E-03  5.000000E-01  9.991450E-01  1.275169E-03  0.000000E+00  4.581744E-03 -1.355574E-03  1.954199E-15 -5.726034E-01  0.000000E+00
  9.880950E-01  1.555407E-03  5.000000E-01  9.980753E-01  1.615303E-03  0.000000E+00  3.038521E-03 -9.653247E-04  1.080244E-15 -5.721411E-01  0.000000E+00
  9.866100E-01  2.031333E-03  5.000000E-01  9.965753E-01  2.096035E-03  0.000000E+00  1.997723E-03 -6.542921E-04  5.216334E-16 -5.642186E-01  0.000000E+00
  9.846960E-01  2.650662E-03  5.000000E-01  9.946419E-01  2.721619E-03  0.000000E+00  1.009857E-03 -3.279941E-04  2.243239E-16 -5.605551E-01  0.000000E+00
  9.823490E-01  3.418253E-03  5.000000E-01  9.922712E-01  3.496961E-03  0.000000E+00  1.982716E-04 -6.355192E-05  7.886358E-17 -5.595428E-01  0.000000E+00
  9.795670E-01  4.338752E-03  5.000000E-01  9.894611E-01  4.426757E-03  0.000000E+00 -4.163109E-04  1.389021E-04  1.147066E-17 -5.597495E-01  0.000000E+00
  9.763420E-01  5.417944E-03  5.000000E-01  9.862036E-01  5.516848E-03  0.000000E+00 -8.631745E-04  2.904586E-04 -1.319293E-17 -5.611633E-01  0.000000E+00
  9.726710E-01  6.659565E-03  5.000000E-01  9.824955E-01  6.771007E-03  0.000000E+00 -1.166537E-03  3.963221E-04 -1.675630E-17 -5.636777E-01  0.000000E+00
  9.685460E-01  8.066795E-03  5.000000E-01  9.783288E-01  8.192449E-03  0.000000E+00 -1.343292E-03  4.598494E-04 -1.147187E-17 -5.668796E-01  0.000000E+00
  9.639600E-01  9.641785E-03  5.000000E-01  9.736965E-01  9.783344E-03  0.000000E+00 -1.409438E-03  4.853857E-04 -4.660016E-18 -5.702659E-01  0.000000E+00
  9.589060E-01  1.138669E-02  5.000000E-01  9.685915E-01  1.154587E-02  0.000000E+00 -1.384614E-03  4.789260E-04 -1.390548E-18 -5.733609E-01  0.000000E+00
  9.533750E-01  1.330270E-02  5.000000E-01  9.630046E-01  1.348123E-02  0.000000E+00 -1.293942E-03  4.485272E-04 -5.586120E-19 -5.757945E-01  0.000000E+00
  9.473580E-01  1.538859E-02  5.000000E-01  9.569269E-01  1.558819E-02  0.000000E+00 -1.166708E-03  4.041370E-04 -4.732977E-19 -5.773695E-01  0.000000E+00
  9.408450E-01  1.764106E-02  5.000000E-01  9.503481E-01  1.786340E-02  0.000000E+00 -1.032870E-03  3.563574E-04 -3.614762E-19 -5.781000E-01  0.000000E+00
  9.338260E-01  2.005484E-02  5.000000E-01  9.432582E-01  2.030156E-02  0.000000E+00 -9.191225E-04  3.146911E-04 -6.032682E-19 -5.782023E-01  0.000000E+00
  9.262910E-01  2.262155E-02  5.000000E-01  9.356471E-01  2.289419E-02  0.000000E+00 -8.461810E-04  2.862422E-04 -1.573599E-18 -5.780226E-01  0.000000E+00
  9.182290E-01  2.532843E-02  5.000000E-01  9.275037E-01  2.562841E-02  0.000000E+00 -8.281639E-04  2.752191E-04  9.115761E-20 -5.779295E-01  0.000000E+00
  9.096280E-01  2.815788E-02  5.000000E-01  9.188158E-01  2.848643E-02  0.000000E+00 -8.730927E-04  2.830319E-04  4.741322E-19 -5.782829E-01  0.000000E+00
  9.004770E-01  3.108656E-02  5.000000E-01  9.095724E-01  3.144469E-02  0.000000E+00 -9.833152E-04  3.085455E-04 -4.701224E-19 -5.794090E-01  0.000000E+00
  8.907650E-01  3.408373E-02  5.000000E-01  8.997623E-01  3.447213E-02  0.000000E+00 -1.156790E-03  3.478648E-04 -2.155159E-20 -5.814152E-01  0.000000E+00
  8.804800E-01  3.710830E-02  5.000000E-01  8.893735E-01  3.752724E-02  0.000000E+00 -1.388093E-03  3.938733E-04  3.235967E-19 -5.841897E-01  0.000000E+00
  8.696090E-01  4.010490E-02  5.000000E-01  8.783927E-01  4.055410E-02  0.000000E+00 -1.665114E-03  4.373657E-04  9.873837E-19 -5.876889E-01  0.000000E+00
  8.696090E-01  4.010490E-02  5.000000E-01  8.783927E-01  4.055410E-02  0.000000E+00 -1.665114E-03  4.373657E-04  9.873837E-19 -5.876889E-01  0.000000E+00
  8.581400E-01  4.300204E-02  5.000000E-01  8.668079E-01  4.348050E-02  0.000000E+00 -1.968465E-03  4.693516E-04  1.353570E-18 -5.912025E-01  0.000000E+00
  8.460600E-01  4.571635E-02  5.000000E-01  8.546059E-01  4.622222E-02  0.000000E+00 -2.279640E-03  4.806647E-04  2.033486E-18 -5.926098E-01  0.000000E+00
  8.333640E-01  4.816914E-02  5.000000E-01  8.417816E-01  4.869978E-02  0.000000E+00 -2.554581E-03  4.531457E-04  1.745893E-18 -5.935319E-01  0.000000E+00
  8.200460E-01  5.028644E-02  5.000000E-01  8.283292E-01  5.083846E-02  0.000000E+00 -2.601109E-03  3.593928E-04  6.819672E-19 -6.102838E-01  0.000000E+00
  8.061050E-01  5.200310E-02  5.000000E-01  8.142474E-01  5.257246E-02  0.000000E+00 -1.903005E-03  1.903638E-04  1.963633E-18 -6.722858E-01  0.000000E+00
  7.915460E-01  5.329639E-02  5.000000E-01  7.995413E-01  5.387881E-02  0.000000E+00  3.922956E-04 -1.837808E-05  3.331575E-18 -7.920123E-01  0.000000E+00
  7.763770E-01  5.420922E-02  5.000000E-01  7.842191E-01  5.480086E-02  0.000000E+00  5.028729E-03 -1.995416E-04  2.360151E-18 -9.364513E-01  0.000000E+00
  7.606070E-01  5.481329E-02  5.000000E-01  7.682899E-01  5.541103E-02  0.000000E+00  1.157110E-02 -2.629805E-04  1.248472E-18 -1.046284E+00  0.000000E+00
  7.442510E-01  5.511367E-02  5.000000E-01  7.517687E-01  5.571444E-02  0.000000E+00  1.779811E-02 -1.307440E-04 -2.820383E-18 -1.089526E+00  0.000000E+00
  7.273250E-01  5.512245E-02  5.000000E-01  7.346718E-01  5.572332E-02  0.000000E+00  2.140148E-02  1.444030E-04 -7.835666E-18 -1.081780E+00  0.000000E+00
  7.098490E-01  5.488219E-02  5.000000E-01  7.170193E-01  5.548063E-02  0.000000E+00  2.207101E-02  3.925297E-04 -9.904917E-18 -1.057508E+00  0.000000E+00
  6.918480E-01  5.447398E-02  5.000000E-01  6.988365E-01  5.506830E-02  0.000000E+00  2.111066E-02  4.855813E-04 -1.033712E-17 -1.042664E+00  0.000000E+00
  6.733520E-01  5.402796E-02  5.000000E-01  6.801537E-01  5.461777E-02  0.000000E+00  1.989910E-02  3.972207E-04 -9.775873E-18 -1.049098E+00  0.000000E+00
  6.543930E-01  5.372029E-02  5.000000E-01  6.610032E-01  5.430699E-02  0.000000E+00  1.921525E-02  1.862972E-04 -8.108761E-18 -1.074978E+00  0.000000E+00
  6.350090E-01  5.366144E-02  5.000000E-01  6.414235E-01  5.424754E-02  0.000000E+00  1.932250E-02 -3.718951E-05 -5.354224E-18 -1.107500E+00  0.000000E+00
  6.152440E-01  5.380243E-02  5.000000E-01  6.214589E-01  5.438996E-02  0.000000E+00  2.005229E-02 -1.980659E-04 -4.158333E-18 -1.134177E+00  0.000000E+00
  5.951420E-01  5.405805E-02  5.000000E-01  6.011539E-01  5.464816E-02  0.000000E+00  2.100351E-02 -2.700766E-04 -5.039050E-18 -1.148875E+00  0.000000E+00
  5.747530E-01  5.432669E-02  5.000000E-01  5.805590E-01  5.491951E-02  0.000000E+00  2.184530E-02 -2.298178E-04 -6.096074E-18 -1.149310E+00  0.000000E+00
  5.541290E-01  5.449566E-02  5.000000E-01  5.597267E-01  5.509019E-02  0.000000E+00  2.241898E-02 -6.882208E-05 -6.932679E-18 -1.136357E+00  0.000000E+00
  5.333260E-01  5.445647E-02  5.000000E-01  5.387136E-01  5.505060E-02  0.000000E+00  2.267117E-02  1.644255E-04 -7.807366E-18 -1.115262E+00  0.000000E+00
  5.124010E-01  5.418943E-02  5.000000E-01  5.175773E-01  5.478087E-02  0.000000E+00  2.264221E-02  3.977689E-04 -8.512381E-18 -1.092731E+00  0.000000E+00
  4.914140E-01  5.371674E-02  5.000000E-01  4.963783E-01  5.430341E-02  0.000000E+00  2.246806E-02  6.009235E-04 -8.626083E-18 -1.072500E+00  0.000000E+00
  4.704230E-01  5.306473E-02  5.000000E-01  4.751754E-01  5.364481E-02  0.000000E+00  2.227718E-02  7.711240E-04 -9.199074E-18 -1.055998E+00  0.000000E+00
  1.696960E-04 -4.873340E-04  5.000000E-01  1.730287E-04 -4.480675E-04  0.000000E+00 -6.438604E-02  9.312650E-02 -7.890910E-14  5.327170E-01  0.000000E+00
  8.054360E-04 -9.879869E-04  5.000000E-01  8.151890E-04 -9.537764E-04  0.000000E+00 -4.711452E-02  3.322780E-02 -6.132451E-14  1.102038E+00  0.000000E+00
  1.973980E-03 -1.601291E-03  5.000000E-01  1.995534E-03 -1.573274E-03  0.000000E+00 -2.131279E-02  1.072199E-02 -3.382690E-14  1.175775E+00  0.000000E+00
  3.614630E-03 -2.324925E-03  5.000000E-01  3.652753E-03 -2.304216E-03  0.000000E+00 -4.307603E-03  1.901651E-03 -1.166774E-14  1.154325E+00  0.000000E+00
  5.721210E-03 -3.167306E-03  5.000000E-01  5.780607E-03 -3.155104E-03  0.000000E+00  4.805458E-03 -1.808487E-03 -1.516145E-16  1.125243E+00  0.000000E+00
  8.297500E-03 -4.125991E-03  5.000000E-01  8.382914E-03 -4.123471E-03  0.000000E+00  9.149008E-03 -3.254763E-03  2.897422E-15  1.081790E+00  0.000000E+00
  1.136560E-02 -5.181497E-03  5.000000E-01  1.148200E-02 -5.189637E-03  0.000000E+00  1.094336E-02 -3.629219E-03  2.149395E-15  1.027993E+00  0.000000E+00
  1.493280E-02 -6.322607E-03  5.000000E-01  1.508522E-02 -6.342270E-03  0.000000E+00  1.155657E-02 -3.606811E-03  8.215258E-16  9.738542E-01  0.000000E+00
  1.899460E-02 -7.557587E-03  5.000000E-01  1.918804E-02 -7.589722E-03  0.000000E+00  1.182273E-02 -3.542972E-03  6.568068E-17  9.233232E-01  0.000000E+00
  2.354800E-02 -8.902450E-03  5.000000E-01  2.378743E-02 -8.948166E-03  0.000000E+00  1.216145E-02 -3.539117E-03 -1.391269E-16  8.734931E-01  0.000000E+00
  2.860130E-02 -1.035270E-02  5.000000E-01  2.889176E-02 -1.041307E-02  0.000000E+00  1.269517E-02 -3.582627E-03 -1.046421E-16  8.217711E-01  0.000000E+00
  3.416500E-02 -1.189725E-02  5.000000E-01  3.451165E-02 -1.197321E-02  0.000000E+00  1.340841E-02 -3.655764E-03 -3.914613E-17  7.693698E-01  0.000000E+00
  4.024810E-02 -1.352688E-02  5.000000E-01  4.065618E-02 -1.361930E-02  0.000000E+00  1.424411E-02 -3.739312E-03 -4.442836E-18  7.171869E-01  0.000000E+00
  4.686030E-02 -1.522924E-02  5.000000E-01  4.733515E-02 -1.533885E-02  0.000000E+00  1.513823E-02 -3.813036E-03  6.862180E-18  6.650068E-01  0.000000E+00
  5.401090E-02 -1.699256E-02  5.000000E-01  5.455797E-02 -1.711998E-02  0.000000E+00  1.604355E-02 -3.867986E-03  7.308608E-18  6.129000E-01  0.000000E+00
  6.170850E-02 -1.880814E-02  5.000000E-01  6.233330E-02 -1.895390E-02  0.000000E+00  1.693378E-02 -3.895420E-03  4.092987E-18  5.604957E-01  0.000000E+00
  6.996310E-02 -2.066154E-02  5.000000E-01  7.067127E-02 -2.082601E-02  0.000000E+00  1.779483E-02 -3.882593E-03  2.287417E-18  5.070882E-01  0.000000E+00
  7.878500E-02 -2.253298E-02  5.000000E-01  7.958226E-02 -2.271635E-02  0.000000E+00  1.862349E-02 -3.825721E-03  2.097863E-19  4.528651E-01  0.000000E+00
  8.818390E-02 -2.440316E-02  5.000000E-01  8.907608E-02 -2.460542E-02  0.000000E+00  1.942126E-02 -3.724770E-03 -6.134000E-19  3.982487E-01  0.000000E+00
  9.816930E-02 -2.624931E-02  5.000000E-01  9.916232E-02 -2.647021E-02  0.000000E+00  2.018292E-02 -3.574926E-03 -2.989282E-20  3.432867E-01  0.000000E+00
  1.087500E-01 -2.804431E-02  5.000000E-01  1.098499E-01 -2.828333E-02  0.000000E+00  2.089238E-02 -3.372451E-03 -9.353438E-19  2.883878E-01  0.000000E+00
  1.199340E-01 -2.976052E-02  5.000000E-01  1.211468E-01 -3.001688E-02  0.000000E+00  2.151455E-02 -3.111928E-03 -1.001871E-18  2.342426E-01  0.000000E+00
  1.317280E-01 -3.136551E-02  5.000000E-01  1.330599E-01 -3.163808E-02  0.000000E+00  2.198806E-02 -2.783966E-03  1.337051E-19  1.816895E-01  0.000000E+00
  1.441380E-01 -3.282151E-02  5.000000E-01  1.455952E-01 -3.310878E-02  0.000000E+00  2.224047E-02 -2.388021E-03 -6.013523E-19  1.325124E-01  0.000000E+00
  1.441380E-01 -3.282151E-02  5.000000E-01  1.455952E-01 -3.310878E-02  0.000000E+00  2.224047E-02 -2.388021E-03 -6.013523E-19  1.325124E-01  0.000000E+00
  1.571670E-01 -3.409162E-02  5.000000E-01  1.587558E-01 -3.439172E-02  0.000000E+00  2.221960E-02 -1.937668E-03 -1.875803E-18  8.930613E-02  0.000000E+00
  1.708170E-01 -3.514053E-02  5.000000E-01  1.725437E-01 -3.545122E-02  0.000000E+00  2.193583E-02 -1.463175E-03 -3.754758E-19  5.484023E-02  0.000000E+00
  1.850860E-01 -3.594429E-02  5.000000E-01  1.869568E-01 -3.626309E-02  0.000000E+00  2.149734E-02 -1.018967E-03  1.062473E-18  3.150258E-02  0.000000E+00
  1.999720E-01 -3.651168E-02  5.000000E-01  2.019931E-01 -3.683622E-02  0.000000E+00  2.109222E-02 -6.754422E-04  1.383211E-19  2.002368E-02  0.000000E+00
  2.154670E-01 -3.690920E-02  5.000000E-01  2.176446E-01 -3.723775E-02  0.000000E+00  2.086957E-02 -4.595582E-04  6.728445E-19  1.587722E-02  0.000000E+00
  2.315610E-01 -3.720694E-02  5.000000E-01  2.339011E-01 -3.753850E-02  0.000000E+00  2.081505E-02 -3.059937E-04  1.143796E-18  8.641189E-03  0.000000E+00
  2.482400E-01 -3.739315E-02  5.000000E-01  2.507486E-01 -3.772659E-02  0.000000E+00  2.082435E-02 -1.440104E-04 -7.483289E-19 -7.365232E-03  0.000000E+00
  2.654840E-01 -3.744037E-02  5.000000E-01  2.681667E-01 -3.777429E-02  0.000000E+00  2.081415E-02  4.407241E-05 -1.515248E-18 -2.880933E-02  0.000000E+00
  2.832720E-01 -3.731558E-02  5.000000E-01  2.861343E-01 -3.764824E-02  0.000000E+00  2.072397E-02  2.572768E-04 -2.389865E-19 -5.014943E-02  0.000000E+00
  3.015770E-01 -3.698781E-02  5.000000E-01  3.046242E-01 -3.731716E-02  0.000000E+00  2.051374E-02  4.856010E-04 -8.305498E-19 -6.717071E-02  0.000000E+00
  3.203660E-01 -3.643255E-02  5.000000E-01  3.236030E-01 -3.675629E-02  0.000000E+00  2.016627E-02  7.152879E-04 -2.672558E-18 -7.775204E-02  0.000000E+00
  3.396030E-01 -3.563358E-02  5.000000E-01  3.430342E-01 -3.594925E-02  0.000000E+00  1.969179E-02  9.307502E-04 -1.859372E-18 -8.115055E-02  0.000000E+00
  3.592490E-01 -3.458882E-02  5.000000E-01  3.628786E-01 -3.489393E-02  0.000000E+00  1.912225E-02  1.118692E-03 -1.836498E-18 -7.751685E-02  0.000000E+00
  3.792580E-01 -3.330815E-02  5.000000E-01  3.830897E-01 -3.360034E-02  0.000000E+00  1.849471E-02  1.273522E-03 -1.283533E-18 -6.791560E-02  0.000000E+00
  3.995810E-01 -3.180674E-02  5.000000E-01  4.036179E-01 -3.208376E-02  0.000000E+00  1.784156E-02  1.394867E-03  2.785815E-19 -5.379930E-02  0.000000E+00
  4.201670E-01 -3.010563E-02  5.000000E-01  4.244118E-01 -3.036548E-02  0.000000E+00  1.718651E-02  1.484429E-03  5.531774E-19 -3.650549E-02  0.000000E+00
  4.409600E-01 -2.822932E-02  5.000000E-01  4.454148E-01 -2.847022E-02  0.000000E+00  1.654136E-02  1.546206E-03  4.657921E-19 -1.718722E-02  0.000000E+00
  4.619030E-01 -2.620171E-02  5.000000E-01  4.665693E-01 -2.642213E-02  0.000000E+00  1.590853E-02  1.585292E-03 -1.223303E-18  3.302900E-03  0.000000E+00
  4.829360E-01 -2.404412E-02  5.000000E-01  4.878147E-01 -2.424275E-02  0.000000E+00  1.528947E-02  1.604644E-03 -1.935451E-18  2.464547E-02  0.000000E+00
  5.039990E-01 -2.178153E-02  5.000000E-01  5.090904E-01 -2.195731E-02  0.000000E+00  1.469002E-02  1.604726E-03 -1.642285E-18  4.685479E-02  0.000000E+00
  5.250310E-01 -1.944402E-02  5.000000E-01  5.303348E-01 -1.959620E-02  0.000000E+00  1.411808E-02  1.586770E-03 -1.939178E-18  6.970040E-02  0.000000E+00
  5.459710E-01 -1.706343E-02  5.000000E-01  5.514863E-01 -1.719156E-02  0.000000E+00  1.358095E-02  1.553920E-03 -1.889676E-18  9.258228E-02  0.000000E+00
  5.667600E-01 -1.466921E-02  5.000000E-01  5.724853E-01 -1.477317E-02  0.000000E+00  1.308697E-02  1.508804E-03 -2.283725E-18  1.149854E-01  0.000000E+00
  4.704230E-01  5.306473E-02  5.000000E-01  4.751754E-01  5.364481E-02  0.000000E+00  2.227718E-02  7.711240E-04 -9.199074E-18 -1.055998E+00  0.000000E+00
  4.494880E-01  5.226394E-02  5.000000E-01  4.540289E-01  5.283594E-02  0.000000E+00  2.213801E-02  9.105281E-04 -9.271741E-18 -1.043612E+00  0.000000E+00
  4.286690E-01  5.134673E-02  5.000000E-01  4.329997E-01  5.190946E-02  0.000000E+00  2.207674E-02  1.028207E-03 -7.883262E-18 -1.034698E+00  0.000000E+00
  4.080230E-01  5.033352E-02  5.000000E-01  4.121452E-01  5.088602E-02  0.000000E+00  2.209420E-02  1.137803E-03 -8.369558E-18 -1.028009E+00  0.000000E+00
  3.876050E-01  4.923325E-02  5.000000E-01  3.915210E-01  4.977464E-02  0.000000E+00  2.216771E-02  1.245194E-03 -9.828787E-18 -1.022778E+00  0.000000E+00
  3.674690E-01  4.805638E-02  5.000000E-01  3.711816E-01  4.858589E-02  0.000000E+00  2.226850E-02  1.348532E-03 -1.001597E-17 -1.018900E+00  0.000000E+00
  3.476650E-01  4.681510E-02  5.000000E-01  3.511776E-01  4.733207E-02  0.000000E+00  2.238122E-02  1.446241E-03 -1.028250E-17 -1.016400E+00  0.000000E+00
  3.282390E-01  4.552185E-02  5.000000E-01  3.315555E-01  4.602575E-02  0.000000E+00  2.250610E-02  1.540708E-03 -1.057497E-17 -1.015034E+00  0.000000E+00
  3.092330E-01  4.418505E-02  5.000000E-01  3.123575E-01  4.467545E-02  0.000000E+00  2.264944E-02  1.638838E-03 -1.134201E-17 -1.014163E+00  0.000000E+00
  2.906860E-01  4.280596E-02  5.000000E-01  2.936232E-01  4.328244E-02  0.000000E+00  2.280813E-02  1.746375E-03 -1.333575E-17 -1.013139E+00  0.000000E+00
  2.726330E-01  4.138407E-02  5.000000E-01  2.753879E-01  4.184619E-02  0.000000E+00  2.296722E-02  1.864948E-03 -1.358153E-17 -1.011577E+00  0.000000E+00
  2.551020E-01  3.991804E-02  5.000000E-01  2.576799E-01  4.036535E-02  0.000000E+00  2.311106E-02  1.994883E-03 -1.319489E-17 -1.009251E+00  0.000000E+00
  2.381210E-01  3.840718E-02  5.000000E-01  2.405274E-01  3.883924E-02  0.000000E+00  2.323259E-02  2.138378E-03 -1.459989E-17 -1.006005E+00  0.000000E+00
  2.217090E-01  3.684788E-02  5.000000E-01  2.239496E-01  3.726419E-02  0.000000E+00  2.332823E-02  2.295605E-03 -1.587992E-17 -1.002227E+00  0.000000E+00
  2.058840E-01  3.523783E-02  5.000000E-01  2.079648E-01  3.563788E-02  0.000000E+00  2.338011E-02  2.444698E-03 -1.818363E-17 -1.000213E+00  0.000000E+00
  1.906600E-01  3.360070E-02  5.000000E-01  1.925871E-01  3.398421E-02  0.000000E+00  2.338369E-02  2.549028E-03 -2.280508E-17 -1.003406E+00  0.000000E+00
  1.760460E-01  3.198365E-02  5.000000E-01  1.778255E-01  3.235083E-02  0.000000E+00  2.340803E-02  2.612346E-03 -3.164403E-17 -1.012394E+00  0.000000E+00
  1.620500E-01  3.040832E-02  5.000000E-01  1.636881E-01  3.075960E-02  0.000000E+00  2.354522E-02  2.675324E-03 -4.748553E-17 -1.024546E+00  0.000000E+00
  1.486750E-01  2.887519E-02  5.000000E-01  1.501781E-01  2.921098E-02  0.000000E+00  2.381634E-02  2.766612E-03 -7.389503E-17 -1.037095E+00  0.000000E+00
  1.359210E-01  2.737492E-02  5.000000E-01  1.372953E-01  2.769557E-02  0.000000E+00  2.417225E-02  2.893811E-03 -1.161123E-16 -1.048417E+00  0.000000E+00
  1.237890E-01  2.589798E-02  5.000000E-01  1.250407E-01  2.620371E-02  0.000000E+00  2.454448E-02  3.054421E-03 -1.852635E-16 -1.057948E+00  0.000000E+00
  1.122730E-01  2.443439E-02  5.000000E-01  1.134084E-01  2.472534E-02  0.000000E+00  2.488371E-02  3.243475E-03 -3.005352E-16 -1.065830E+00  0.000000E+00
  1.013710E-01  2.297821E-02  5.000000E-01  1.023964E-01  2.325445E-02  0.000000E+00  2.516841E-02  3.454554E-03 -4.932176E-16 -1.072696E+00  0.000000E+00
  9.107400E-02  2.152728E-02  5.000000E-01  9.199536E-02  2.178887E-02  0.000000E+00  2.540260E-02  3.686748E-03 -8.154451E-16 -1.079135E+00  0.000000E+00
  9.107400E-02  2.152728E-02  5.000000E-01  9.199536E-02  2.178887E-02  0.000000E+00  2.540260E-02  3.686748E-03 -8.154451E-16 -1.079135E+00  0.000000E+00
  8.137660E-02  2.007928E-02  5.000000E-01  8.220003E-02  2.032624E-02  0.000000E+00  2.559413E-02  3.938244E-03 -1.354246E-15 -1.085901E+00  0.000000E+00
  7.227050E-02  1.863661E-02  5.000000E-01  7.300197E-02  1.886901E-02  0.000000E+00  2.574689E-02  4.202931E-03 -2.263330E-15 -1.094000E+00  0.000000E+00
  6.374670E-02  1.720441E-02  5.000000E-01  6.439209E-02  1.742234E-02  0.000000E+00  2.587113E-02  4.481675E-03 -3.796913E-15 -1.104098E+00  0.000000E+00
  5.579720E-02  1.578601E-02  5.000000E-01  5.636231E-02  1.598962E-02  0.000000E+00  2.596663E-02  4.770396E-03 -6.361871E-15 -1.117095E+00  0.000000E+00
  4.841260E-02  1.439004E-02  5.000000E-01  4.890313E-02  1.457955E-02  0.000000E+00  2.603058E-02  5.063560E-03 -1.056056E-14 -1.133975E+00  0.000000E+00
  4.158390E-02  1.302438E-02  5.000000E-01  4.200547E-02  1.320010E-02  0.000000E+00  2.606717E-02  5.367199E-03 -1.713726E-14 -1.155131E+00  0.000000E+00
  3.530370E-02  1.169395E-02  5.000000E-01  3.566185E-02  1.185623E-02  0.000000E+00  2.605607E-02  5.675621E-03 -2.670816E-14 -1.181398E+00  0.000000E+00
  2.956270E-02  1.040836E-02  5.000000E-01  2.986287E-02  1.055766E-02  0.000000E+00  2.596811E-02  5.983450E-03 -3.917476E-14 -1.213437E+00  0.000000E+00
  2.435310E-02  9.174227E-03  5.000000E-01  2.460066E-02  9.311065E-03  0.000000E+00  2.576065E-02  6.301508E-03 -5.278834E-14 -1.250670E+00  0.000000E+00
  1.967110E-02  7.992074E-03  5.000000E-01  1.987137E-02  8.116973E-03  0.000000E+00  2.529565E-02  6.599483E-03 -6.345902E-14 -1.293401E+00  0.000000E+00
  1.550860E-02  6.869132E-03  5.000000E-01  1.566684E-02  6.982691E-03  0.000000E+00  2.439412E-02  6.828394E-03 -6.583682E-14 -1.341926E+00  0.000000E+00
  1.185930E-02  5.809105E-03  5.000000E-01  1.198068E-02  5.911958E-03  0.000000E+00  2.296765E-02  6.981768E-03 -5.657482E-14 -1.394405E+00  0.000000E+00
  8.724160E-03  4.808169E-03  5.000000E-01  8.813883E-03  4.900915E-03  0.000000E+00  2.116987E-02  7.094534E-03 -3.763453E-14 -1.450298E+00  0.000000E+00
  6.091130E-03  3.874574E-03  5.000000E-01  6.154263E-03  3.957891E-03  0.000000E+00  1.993318E-02  7.568626E-03 -1.737034E-14 -1.504893E+00  0.000000E+00
  3.952840E-03  3.011055E-03  5.000000E-01  3.994378E-03  3.085651E-03  0.000000E+00  2.085774E-02  9.503430E-03 -5.886360E-15 -1.541451E+00  0.000000E+00
  2.330070E-03  2.204683E-03  5.000000E-01  2.355220E-03  2.271136E-03  0.000000E+00  2.413243E-02  1.401274E-02 -6.464107E-15 -1.548835E+00  0.000000E+00
  1.198080E-03  1.473668E-03  5.000000E-01  1.211798E-03  1.532738E-03  0.000000E+00  2.765483E-02  2.128706E-02 -1.445815E-14 -1.537224E+00  0.000000E+00
  5.019560E-04  8.513256E-04  5.000000E-01  5.086442E-04  9.041111E-04  0.000000E+00  3.065043E-02  3.364430E-02 -2.462614E-14 -1.548434E+00  0.000000E+00
  1.313430E-04  3.701321E-04  5.000000E-01  1.342884E-04  4.180581E-04  0.000000E+00  3.556305E-02  7.130219E-02 -3.547977E-14 -1.580076E+00  0.000000E+00
  8.078190E-06  6.263448E-05  5.000000E-01  9.778777E-06  1.074551E-04  0.000000E+00  3.105421E-02  1.746422E-01 -4.924773E-14 -1.490939E+00  0.000000E+00
 -1.602820E-06 -4.374628E-05  5.000000E-01  0.000000E+00  0.000000E+00  0.000000E+00 -4.797593E-03  2.526870E-01 -6.254808E-14 -1.194974E+00  0.000000E+00
  9.141860E-06 -1.538589E-04  5.000000E-01  1.085319E-05 -1.112247E-04  0.000000E+00 -4.976567E-02  1.968490E-01 -7.519655E-14 -4.766884E-01  0.000000E+00
  1.696960E-04 -4.873340E-04  5.000000E-01  1.730287E-04 -4.480675E-04  0.000000E+00 -6.438604E-02  9.312650E-02 -7.890910E-14  5.327170E-01  0.000000E+00
    1    2
    2    3
    3    4
    4    5
    5    6
    6    7
    7    8
    8    9
    9   10
   10   11
   11   12
   12   13
   13   14
   14   15
   15   16
   16   17
   17   18
   18   19
   19   20
   20   21
   21   22
   22   23
   23   24
   25   26
   26   27
   27   28
   28   29
   29   30
   30   31
   31   32
   32   33
   33   34
   34   35
   35   36
   36   37
   37   38
   38   39
   39   40
   40   41
   41   42
   42   43
   43   44
   44   45
   45   46
   46   47
   47   48
   49   50
   50   51
   51   52
   52   53
   53   54
   54   55
   55   56
   56   57
   57   58
   58   59
   59   60
   60   61
   61   62
   62   63
   63   64
   64   65
   65   66
   66   67
   67   68
   68   69
   69   70
   70   71
   71   72
   73   74
   74   75
   75   76
   76   77
   77   78
   78   79
   79   80
   80   81
   81   82
   82   83
   83   84
   84   85
   85   86
   86   87
   87   88
   88   89
   89   90
   90   91
   91   92
   92   93
   93   94
   94   95
   95   96
   97   98
   98   99
   99  100
  100  101
  101  102
  102  103
  103  104
  104  105
  105  106
  106  107
  107  108
  108  109
  109  110
  110  111
  111  112
  112  113
  113  114
  114  115
  115  116
  116  117
  117  118
  118  119
  119  120
  121  122
  122  123
  123  124
  124  125
  125  126
  126  127
  127  128
  128  129
  129  130
  130  131
  131  132
  132  133
  133  134
  134  135
  135  136
  136  137
  137  138
  138  139
  139  140
  140  141
  141  142
  142  143
  143  144
  145  146
  146  147
  147  148
  148  149
  149  150
  150  151
  151  152
  152  153
  153  154
  154  155
  155  156
  156  157
  157  158
  158  159
  159  160
  160  161
  161  162
  162  163
  163  164
  164  165
  165  166
  166  167
  167  168
  169  170
  170  171
  171  172
  172  173
  173  174
  174  175
  175  176
  176  177
  177  178
  178  179
  179  180
  180  181
  181  182
  182  183
  183  184
  184  185
  185  186
  186  187
  187  188
  188  189
  189  190
  190  191
  191  192
