 Title = "ADflow Slice Data"
Variables =  "CoordinateX"  "CoordinateY"  "CoordinateZ"  "XoC"  "YoC"  "ZoC" "VelocityX" "VelocityY" "VelocityZ" "CoefPressure" "Mach" 
Zone T= "Slice_0001 None Absolute Regular z = 0.50000000"
 Nodes =          192  Elements=          184  ZONETYPE=FELINESEG
 DATAPACKING=POINT
  5.667600E-01 -1.512090E-02  5.000000E-01  5.724853E-01 -1.523486E-02  0.000000E+00  1.341178E-02  1.530185E-03  3.293733E-17  9.988879E-02  0.000000E+00
  5.873410E-01 -1.275927E-02  5.000000E-01  5.932741E-01 -1.284938E-02  0.000000E+00  1.290504E-02  1.479752E-03  1.807893E-17  1.228754E-01  0.000000E+00
  6.076580E-01 -1.043151E-02  5.000000E-01  6.137963E-01 -1.049811E-02  0.000000E+00  1.246002E-02  1.418378E-03  1.271924E-17  1.448328E-01  0.000000E+00
  6.276600E-01 -8.170146E-03  5.000000E-01  6.340003E-01 -8.213913E-03  0.000000E+00  1.207466E-02  1.350277E-03  1.296761E-17  1.651639E-01  0.000000E+00
  6.472970E-01 -5.999655E-03  5.000000E-01  6.538356E-01 -6.021502E-03  0.000000E+00  1.173961E-02  1.280407E-03  1.839168E-17  1.835045E-01  0.000000E+00
  6.665260E-01 -3.931902E-03  5.000000E-01  6.732588E-01 -3.932868E-03  0.000000E+00  1.144462E-02  1.211308E-03  2.058984E-17  2.000622E-01  0.000000E+00
  6.853050E-01 -1.976560E-03  5.000000E-01  6.922274E-01 -1.957778E-03  0.000000E+00  1.118359E-02  1.140456E-03  2.012436E-17  2.156302E-01  0.000000E+00
  7.035980E-01 -1.507686E-04  5.000000E-01  7.107052E-01 -1.135485E-04  0.000000E+00  1.094635E-02  1.065236E-03  1.669177E-17  2.305509E-01  0.000000E+00
  7.213750E-01  1.533607E-03  5.000000E-01  7.286617E-01  1.587837E-03  0.000000E+00  1.071016E-02  9.860458E-04  7.666652E-18  2.444937E-01  0.000000E+00
  7.386080E-01  3.072359E-03  5.000000E-01  7.460687E-01  3.142130E-03  0.000000E+00  1.044597E-02  9.049924E-04 -2.895604E-18  2.573857E-01  0.000000E+00
  7.552750E-01  4.470642E-03  5.000000E-01  7.629040E-01  4.554533E-03  0.000000E+00  1.013566E-02  8.263057E-04 -1.437539E-17  2.696578E-01  0.000000E+00
  7.713580E-01  5.741326E-03  5.000000E-01  7.791495E-01  5.838050E-03  0.000000E+00  9.791998E-03  7.517868E-04 -2.396019E-17  2.818686E-01  0.000000E+00
  7.868410E-01  6.895408E-03  5.000000E-01  7.947888E-01  7.003787E-03  0.000000E+00  9.481943E-03  6.641100E-04 -2.895372E-17  2.957421E-01  0.000000E+00
  8.017160E-01  7.872922E-03  5.000000E-01  8.098140E-01  7.991173E-03  0.000000E+00  9.306645E-03  5.403866E-04 -3.033639E-17  3.116174E-01  0.000000E+00
  8.159740E-01  8.590492E-03  5.000000E-01  8.242160E-01  8.715989E-03  0.000000E+00  9.329762E-03  3.860588E-04 -2.815383E-17  3.245282E-01  0.000000E+00
  8.296120E-01  9.030466E-03  5.000000E-01  8.379918E-01  9.160406E-03  0.000000E+00  9.555087E-03  2.187771E-04 -2.321720E-17  3.296068E-01  0.000000E+00
  8.426300E-01  9.209096E-03  5.000000E-01  8.511412E-01  9.340840E-03  0.000000E+00  9.959209E-03  4.535398E-05 -1.700851E-17  3.267961E-01  0.000000E+00
  8.550290E-01  9.157744E-03  5.000000E-01  8.636654E-01  9.288969E-03  0.000000E+00  1.051386E-02 -1.332156E-04 -1.015528E-17  3.180813E-01  0.000000E+00
  8.668160E-01  8.914131E-03  5.000000E-01  8.755715E-01  9.042896E-03  0.000000E+00  1.119011E-02 -3.157894E-04 -2.661745E-18  3.048115E-01  0.000000E+00
  8.779950E-01  8.519515E-03  5.000000E-01  8.868634E-01  8.644295E-03  0.000000E+00  1.195809E-02 -4.998114E-04  3.910654E-18  2.875473E-01  0.000000E+00
  8.885730E-01  8.013164E-03  5.000000E-01  8.975482E-01  8.132830E-03  0.000000E+00  1.278854E-02 -6.827050E-04  8.631173E-18  2.668770E-01  0.000000E+00
  8.985610E-01  7.428445E-03  5.000000E-01  9.076371E-01  7.542207E-03  0.000000E+00  1.364885E-02 -8.577212E-04  9.776033E-18  2.433221E-01  0.000000E+00
  9.079670E-01  6.799131E-03  5.000000E-01  9.171381E-01  6.906537E-03  0.000000E+00  1.449973E-02 -1.012491E-03  7.769357E-18  2.173444E-01  0.000000E+00
  9.168010E-01  6.157726E-03  5.000000E-01  9.260613E-01  6.258654E-03  0.000000E+00  1.530358E-02 -1.137869E-03  3.825007E-18  1.900018E-01  0.000000E+00
  9.168010E-01  6.157726E-03  5.000000E-01  9.260613E-01  6.258654E-03  0.000000E+00  1.530358E-02 -1.137869E-03  3.825007E-18  1.900018E-01  0.000000E+00
  9.250730E-01  5.529033E-03  5.000000E-01  9.344168E-01  5.623613E-03  0.000000E+00  1.603720E-02 -1.235088E-03  2.135321E-18  1.628185E-01  0.000000E+00
  9.327940E-01  4.927293E-03  5.000000E-01  9.422158E-01  5.015796E-03  0.000000E+00  1.670008E-02 -1.315849E-03 -7.236836E-19  1.371084E-01  0.000000E+00
  9.399760E-01  4.355781E-03  5.000000E-01  9.494703E-01  4.438512E-03  0.000000E+00  1.730845E-02 -1.391689E-03 -3.984870E-18  1.131400E-01  0.000000E+00
  9.466320E-01  3.815200E-03  5.000000E-01  9.561935E-01  3.892472E-03  0.000000E+00  1.788247E-02 -1.467141E-03  6.234866E-18  9.017569E-02  0.000000E+00
  9.527730E-01  3.306371E-03  5.000000E-01  9.623965E-01  3.378504E-03  0.000000E+00  1.844684E-02 -1.548697E-03  4.578376E-17  6.767605E-02  0.000000E+00
  9.584110E-01  2.827154E-03  5.000000E-01  9.680915E-01  2.894448E-03  0.000000E+00  1.903424E-02 -1.647006E-03  1.427878E-16  4.540868E-02  0.000000E+00
  9.635570E-01  2.374318E-03  5.000000E-01  9.732895E-01  2.437039E-03  0.000000E+00  1.967858E-02 -1.767949E-03  3.435107E-16  2.265590E-02  0.000000E+00
  9.682220E-01  1.946793E-03  5.000000E-01  9.780016E-01  2.005196E-03  0.000000E+00  2.041200E-02 -1.912159E-03  7.400049E-16 -1.670904E-03  0.000000E+00
  9.724140E-01  1.545859E-03  5.000000E-01  9.822359E-01  1.600213E-03  0.000000E+00  2.128250E-02 -2.087646E-03  1.524909E-15 -2.820238E-02  0.000000E+00
  9.761430E-01  1.171440E-03  5.000000E-01  9.860026E-01  1.222013E-03  0.000000E+00  2.237224E-02 -2.311569E-03  3.011590E-15 -5.739084E-02  0.000000E+00
  9.794160E-01  8.242704E-04  5.000000E-01  9.893086E-01  8.713373E-04  0.000000E+00  2.378321E-02 -2.597351E-03  5.432909E-15 -9.031753E-02  0.000000E+00
  9.822400E-01  5.074293E-04  5.000000E-01  9.921611E-01  5.512965E-04  0.000000E+00  2.556633E-02 -2.947187E-03  8.492004E-15 -1.284357E-01  0.000000E+00
  9.846200E-01  2.260650E-04  5.000000E-01  9.945652E-01  2.670907E-04  0.000000E+00  2.759058E-02 -3.347858E-03  1.136126E-14 -1.720945E-01  0.000000E+00
  9.865620E-01 -1.453607E-05  5.000000E-01  9.965268E-01  2.405984E-05  0.000000E+00  2.940958E-02 -3.711579E-03  1.404586E-14 -2.194033E-01  0.000000E+00
  9.880680E-01 -2.086060E-04  5.000000E-01  9.980480E-01 -1.719700E-04  0.000000E+00  2.987556E-02 -3.826695E-03  1.465074E-14 -2.766122E-01  0.000000E+00
  9.891420E-01 -3.514239E-04  5.000000E-01  9.991328E-01 -3.162302E-04  0.000000E+00  2.812836E-02 -3.911130E-03 -1.031721E-14 -3.434967E-01  0.000000E+00
  9.897860E-01 -4.389487E-04  5.000000E-01  9.997833E-01 -4.046389E-04  0.000000E+00  3.788606E-02 -4.013262E-03 -1.837373E-13 -2.893913E-01  0.000000E+00
  9.900000E-01 -4.683023E-04  5.000000E-01  9.999995E-01 -4.342889E-04  0.000000E+00  2.618838E-02  5.267623E-03 -6.379096E-14 -5.820154E-01  0.000000E+00
  9.900000E-01 -1.843754E-04  5.000000E-01  9.999995E-01 -1.474947E-04  0.000000E+00  1.229772E-03 -7.885228E-03  8.918938E-14 -8.088086E-01  0.000000E+00
  9.900000E-01  9.955150E-05  5.000000E-01  9.999995E-01  1.392996E-04  0.000000E+00 -4.468903E-04 -2.274864E-02 -5.327584E-14 -6.283585E-01  0.000000E+00
  9.900000E-01  3.834784E-04  5.000000E-01  9.999995E-01  4.260938E-04  0.000000E+00 -1.435991E-04 -8.862958E-03 -8.984127E-14 -6.283145E-01  0.000000E+00
  9.900000E-01  6.674053E-04  5.000000E-01  9.999995E-01  7.128880E-04  0.000000E+00  4.646604E-04 -5.229920E-03 -7.723393E-14 -6.881952E-01  0.000000E+00
  9.900000E-01  9.513321E-04  5.000000E-01  9.999995E-01  9.996822E-04  0.000000E+00  6.797357E-03 -6.632428E-03 -3.671944E-14 -6.299440E-01  0.000000E+00
  9.900000E-01  9.513321E-04  5.000000E-01  9.999995E-01  9.996822E-04  0.000000E+00  6.797357E-03 -6.632428E-03 -3.671944E-14 -6.299440E-01  0.000000E+00
  9.897890E-01  1.017904E-03  5.000000E-01  9.997864E-01  1.066926E-03  0.000000E+00  9.015794E-03 -3.469594E-03 -1.537397E-14 -5.523836E-01  0.000000E+00
  9.891540E-01  1.218674E-03  5.000000E-01  9.991450E-01  1.269724E-03  0.000000E+00  4.567797E-03 -1.351285E-03 -7.784264E-15 -5.709860E-01  0.000000E+00
  9.880950E-01  1.555408E-03  5.000000E-01  9.980753E-01  1.609858E-03  0.000000E+00  3.024811E-03 -9.609304E-04 -3.022475E-15 -5.705460E-01  0.000000E+00
  9.866100E-01  2.031333E-03  5.000000E-01  9.965753E-01  2.090590E-03  0.000000E+00  1.983773E-03 -6.497844E-04 -2.391678E-15 -5.626461E-01  0.000000E+00
  9.846960E-01  2.650662E-03  5.000000E-01  9.946419E-01  2.716174E-03  0.000000E+00  9.959152E-04 -3.234652E-04 -2.403538E-15 -5.590082E-01  0.000000E+00
  9.823490E-01  3.418251E-03  5.000000E-01  9.922712E-01  3.491515E-03  0.000000E+00  1.849861E-04 -5.918568E-05 -1.705003E-15 -5.580288E-01  0.000000E+00
  9.795670E-01  4.338749E-03  5.000000E-01  9.894611E-01  4.421308E-03  0.000000E+00 -4.278330E-04  1.427328E-04 -1.027153E-15 -5.582707E-01  0.000000E+00
  9.763420E-01  5.417935E-03  5.000000E-01  9.862036E-01  5.511392E-03  0.000000E+00 -8.716046E-04  2.932890E-04 -5.796617E-16 -5.597153E-01  0.000000E+00
  9.726710E-01  6.659543E-03  5.000000E-01  9.824955E-01  6.765540E-03  0.000000E+00 -1.170636E-03  3.977070E-04 -3.119837E-16 -5.622491E-01  0.000000E+00
  9.685460E-01  8.066753E-03  5.000000E-01  9.783288E-01  8.186961E-03  0.000000E+00 -1.342211E-03  4.594703E-04 -1.591169E-16 -5.654525E-01  0.000000E+00
  9.639600E-01  9.641707E-03  5.000000E-01  9.736965E-01  9.777820E-03  0.000000E+00 -1.402966E-03  4.831447E-04 -7.685333E-17 -5.688176E-01  0.000000E+00
  9.589060E-01  1.138655E-02  5.000000E-01  9.685915E-01  1.154029E-02  0.000000E+00 -1.373314E-03  4.750011E-04 -3.621563E-17 -5.718685E-01  0.000000E+00
  9.533750E-01  1.330247E-02  5.000000E-01  9.630046E-01  1.347555E-02  0.000000E+00 -1.279123E-03  4.433670E-04 -1.902446E-17 -5.742415E-01  0.000000E+00
  9.473580E-01  1.538821E-02  5.000000E-01  9.569269E-01  1.558236E-02  0.000000E+00 -1.150222E-03  3.983930E-04 -1.285750E-17 -5.757516E-01  0.000000E+00
  9.408450E-01  1.764045E-02  5.000000E-01  9.503481E-01  1.785734E-02  0.000000E+00 -1.016825E-03  3.507776E-04 -9.650225E-18 -5.764281E-01  0.000000E+00
  9.338260E-01  2.005389E-02  5.000000E-01  9.432582E-01  2.029516E-02  0.000000E+00 -9.056315E-04  3.100159E-04 -3.323327E-18 -5.764995E-01  0.000000E+00
  9.262910E-01  2.262009E-02  5.000000E-01  9.356471E-01  2.288727E-02  0.000000E+00 -8.372187E-04  2.831367E-04  5.988932E-18 -5.763183E-01  0.000000E+00
  9.182290E-01  2.532623E-02  5.000000E-01  9.275037E-01  2.562074E-02  0.000000E+00 -8.254932E-04  2.742221E-04  1.832436E-17 -5.762553E-01  0.000000E+00
  9.096280E-01  2.815459E-02  5.000000E-01  9.188158E-01  2.847766E-02  0.000000E+00 -8.781390E-04  2.845128E-04  3.488086E-17 -5.766708E-01  0.000000E+00
  9.004770E-01  3.108169E-02  5.000000E-01  9.095724E-01  3.143432E-02  0.000000E+00 -9.969813E-04  3.126295E-04  5.133182E-17 -5.778800E-01  0.000000E+00
  8.907650E-01  3.407660E-02  5.000000E-01  8.997623E-01  3.445948E-02  0.000000E+00 -1.179228E-03  3.542513E-04  5.905602E-17 -5.799680E-01  0.000000E+00
  8.804800E-01  3.709793E-02  5.000000E-01  8.893735E-01  3.751132E-02  0.000000E+00 -1.418037E-03  4.017116E-04  4.693887E-17 -5.828354E-01  0.000000E+00
  8.696090E-01  4.008991E-02  5.000000E-01  8.783927E-01  4.053352E-02  0.000000E+00 -1.699116E-03  4.455705E-04  2.294430E-17 -5.864171E-01  0.000000E+00
  8.696090E-01  4.008991E-02  5.000000E-01  8.783927E-01  4.053352E-02  0.000000E+00 -1.699116E-03  4.455705E-04  2.294430E-17 -5.864171E-01  0.000000E+00
  8.581400E-01  4.298047E-02  5.000000E-01  8.668079E-01  4.345327E-02  0.000000E+00 -2.002433E-03  4.769033E-04 -5.501120E-18 -5.897238E-01  0.000000E+00
  8.460600E-01  4.568543E-02  5.000000E-01  8.546059E-01  4.618554E-02  0.000000E+00 -2.310224E-03  4.855548E-04 -9.252654E-18 -5.905547E-01  0.000000E+00
  8.333640E-01  4.812492E-02  5.000000E-01  8.417817E-01  4.864967E-02  0.000000E+00 -2.567434E-03  4.509410E-04 -1.321107E-17 -5.921080E-01  0.000000E+00
  8.200460E-01  5.022336E-02  5.000000E-01  8.283292E-01  5.076930E-02  0.000000E+00 -2.540690E-03  3.448739E-04 -1.284000E-16 -6.136443E-01  0.000000E+00
  8.061050E-01  5.191333E-02  5.000000E-01  8.142474E-01  5.247634E-02  0.000000E+00 -1.648283E-03  1.621408E-04 -3.127009E-16 -6.844033E-01  0.000000E+00
  7.915460E-01  5.316907E-02  5.000000E-01  7.995413E-01  5.374476E-02  0.000000E+00  9.923641E-04 -5.250256E-05 -4.262011E-16 -8.104019E-01  0.000000E+00
  7.763770E-01  5.402981E-02  5.000000E-01  7.842191E-01  5.461419E-02  0.000000E+00  5.991192E-03 -2.164819E-04 -3.677273E-16 -9.517187E-01  0.000000E+00
  7.606070E-01  5.456484E-02  5.000000E-01  7.682899E-01  5.515463E-02  0.000000E+00  1.260951E-02 -2.327016E-04 -1.530562E-16 -1.050194E+00  0.000000E+00
  7.442510E-01  5.478150E-02  5.000000E-01  7.517687E-01  5.537347E-02  0.000000E+00  1.845452E-02 -4.496075E-05  8.260385E-17 -1.081601E+00  0.000000E+00
  7.273250E-01  5.469763E-02  5.000000E-01  7.346718E-01  5.528876E-02  0.000000E+00  2.145704E-02  2.562052E-04  3.026316E-16 -1.067291E+00  0.000000E+00
  7.098490E-01  5.436572E-02  5.000000E-01  7.170193E-01  5.495349E-02  0.000000E+00  2.167882E-02  4.875451E-04  4.751506E-16 -1.042298E+00  0.000000E+00
  6.918480E-01  5.388183E-02  5.000000E-01  6.988365E-01  5.446472E-02  0.000000E+00  2.053739E-02  5.378158E-04  4.952170E-16 -1.031198E+00  0.000000E+00
  6.733520E-01  5.339611E-02  5.000000E-01  6.801537E-01  5.397409E-02  0.000000E+00  1.933098E-02  3.966235E-04  3.682538E-16 -1.044709E+00  0.000000E+00
  6.543930E-01  5.310811E-02  5.000000E-01  6.610032E-01  5.368318E-02  0.000000E+00  1.875461E-02  1.294299E-04  2.143210E-16 -1.079364E+00  0.000000E+00
  6.350090E-01  5.313747E-02  5.000000E-01  6.414235E-01  5.371284E-02  0.000000E+00  1.903438E-02 -1.468038E-04  1.216395E-16 -1.119808E+00  0.000000E+00
  6.152440E-01  5.341693E-02  5.000000E-01  6.214589E-01  5.399513E-02  0.000000E+00  1.996350E-02 -3.486287E-04  9.620593E-17 -1.151524E+00  0.000000E+00
  5.951420E-01  5.383647E-02  5.000000E-01  6.011539E-01  5.441890E-02  0.000000E+00  2.108743E-02 -4.395285E-04  1.027517E-16 -1.167553E+00  0.000000E+00
  5.747530E-01  5.426568E-02  5.000000E-01  5.805590E-01  5.485245E-02  0.000000E+00  2.203841E-02 -3.839943E-04  1.076308E-16 -1.165434E+00  0.000000E+00
  5.541290E-01  5.455981E-02  5.000000E-01  5.597267E-01  5.514955E-02  0.000000E+00  2.264738E-02 -1.704726E-04  9.280574E-17 -1.146602E+00  0.000000E+00
  5.333260E-01  5.458123E-02  5.000000E-01  5.387136E-01  5.517118E-02  0.000000E+00  2.285314E-02  1.287735E-04  6.011026E-17 -1.118458E+00  0.000000E+00
  5.124010E-01  5.431925E-02  5.000000E-01  5.175773E-01  5.490656E-02  0.000000E+00  2.270618E-02  4.073156E-04  2.815394E-17 -1.090540E+00  0.000000E+00
  4.914140E-01  5.382398E-02  5.000000E-01  4.963783E-01  5.440629E-02  0.000000E+00  2.239013E-02  6.211498E-04  1.072448E-17 -1.068257E+00  0.000000E+00
  4.704230E-01  5.315127E-02  5.000000E-01  4.751754E-01  5.372678E-02  0.000000E+00  2.208379E-02  7.684214E-04  1.660120E-17 -1.053655E+00  0.000000E+00
  1.696960E-04 -4.810013E-04  5.000000E-01  1.730287E-04 -4.471162E-04  0.000000E+00 -6.436948E-02  9.282100E-02 -5.411541E-13  5.409115E-01  0.000000E+00
  8.054360E-04 -9.781859E-04  5.000000E-01  8.151890E-04 -9.493217E-04  0.000000E+00 -4.693411E-02  3.286233E-02 -2.014804E-13  1.106832E+00  0.000000E+00
  1.973980E-03 -1.585099E-03  5.000000E-01  1.995534E-03 -1.562364E-03  0.000000E+00 -2.105153E-02  1.047951E-02 -7.324176E-15  1.176614E+00  0.000000E+00
  3.614630E-03 -2.299724E-03  5.000000E-01  3.652753E-03 -2.284206E-03  0.000000E+00 -4.055468E-03  1.772907E-03  4.237240E-14  1.152925E+00  0.000000E+00
  5.721210E-03 -3.130488E-03  5.000000E-01  5.780607E-03 -3.123360E-03  0.000000E+00  5.020198E-03 -1.863736E-03  3.192130E-14  1.122580E+00  0.000000E+00
  8.297500E-03 -4.074913E-03  5.000000E-01  8.382914E-03 -4.077322E-03  0.000000E+00  9.329714E-03 -3.267922E-03  1.581627E-14  1.078245E+00  0.000000E+00
  1.136560E-02 -5.113390E-03  5.000000E-01  1.148200E-02 -5.126287E-03  0.000000E+00  1.109806E-02 -3.619100E-03  6.403138E-15  1.023816E+00  0.000000E+00
  1.493280E-02 -6.234675E-03  5.000000E-01  1.508522E-02 -6.258895E-03  0.000000E+00  1.169362E-02 -3.584647E-03  1.977504E-15  9.693046E-01  0.000000E+00
  1.899460E-02 -7.447076E-03  5.000000E-01  1.918804E-02 -7.483540E-03  0.000000E+00  1.195004E-02 -3.514722E-03  1.935361E-16  9.186114E-01  0.000000E+00
  2.354800E-02 -8.766644E-03  5.000000E-01  2.378743E-02 -8.816435E-03  0.000000E+00  1.228449E-02 -3.506767E-03 -3.017670E-16  8.687299E-01  0.000000E+00
  2.860130E-02 -1.018889E-02  5.000000E-01  2.889176E-02 -1.025304E-02  0.000000E+00  1.281568E-02 -3.545770E-03 -2.720270E-16  8.170142E-01  0.000000E+00
  3.416500E-02 -1.170273E-02  5.000000E-01  3.451165E-02 -1.178217E-02  0.000000E+00  1.352515E-02 -3.613182E-03 -1.107333E-16  7.646886E-01  0.000000E+00
  4.024810E-02 -1.329897E-02  5.000000E-01  4.065618E-02 -1.339453E-02  0.000000E+00  1.435424E-02 -3.689798E-03  3.231709E-17  7.126639E-01  0.000000E+00
  4.686030E-02 -1.496532E-02  5.000000E-01  4.733516E-02 -1.507771E-02  0.000000E+00  1.523856E-02 -3.755783E-03  1.281721E-16  6.607243E-01  0.000000E+00
  5.401090E-02 -1.669008E-02  5.000000E-01  5.455797E-02 -1.681989E-02  0.000000E+00  1.613137E-02 -3.802740E-03  1.831412E-16  6.089386E-01  0.000000E+00
  6.170850E-02 -1.846464E-02  5.000000E-01  6.233331E-02 -1.861237E-02  0.000000E+00  1.700706E-02 -3.822348E-03  2.092109E-16  5.569344E-01  0.000000E+00
  6.996310E-02 -2.027467E-02  5.000000E-01  7.067127E-02 -2.044067E-02  0.000000E+00  1.785187E-02 -3.802098E-03  2.235688E-16  5.040086E-01  0.000000E+00
  7.878500E-02 -2.210053E-02  5.000000E-01  7.958226E-02 -2.228498E-02  0.000000E+00  1.866268E-02 -3.738376E-03  2.504151E-16  4.503585E-01  0.000000E+00
  8.818390E-02 -2.392309E-02  5.000000E-01  8.907608E-02 -2.412595E-02  0.000000E+00  1.944092E-02 -3.631272E-03  3.135656E-16  3.964188E-01  0.000000E+00
  9.816930E-02 -2.571981E-02  5.000000E-01  9.916232E-02 -2.594081E-02  0.000000E+00  2.018114E-02 -3.476133E-03  4.148658E-16  3.422498E-01  0.000000E+00
  1.087500E-01 -2.746381E-02  5.000000E-01  1.098499E-01 -2.770242E-02  0.000000E+00  2.086715E-02 -3.269477E-03  5.253502E-16  2.882738E-01  0.000000E+00
  1.199340E-01 -2.912778E-02  5.000000E-01  1.211468E-01 -2.938320E-02  0.000000E+00  2.146411E-02 -3.006289E-03  6.252446E-16  2.351948E-01  0.000000E+00
  1.317280E-01 -3.067965E-02  5.000000E-01  1.330599E-01 -3.095073E-02  0.000000E+00  2.191138E-02 -2.677732E-03  7.152213E-16  1.838611E-01  0.000000E+00
  1.441380E-01 -3.208206E-02  5.000000E-01  1.455952E-01 -3.236731E-02  0.000000E+00  2.213779E-02 -2.283774E-03  6.804119E-16  1.360570E-01  0.000000E+00
  1.441380E-01 -3.208206E-02  5.000000E-01  1.455952E-01 -3.236731E-02  0.000000E+00  2.213779E-02 -2.283774E-03  6.804119E-16  1.360570E-01  0.000000E+00
  1.571670E-01 -3.329855E-02  5.000000E-01  1.587558E-01 -3.359608E-02  0.000000E+00  2.209220E-02 -1.838122E-03  6.489096E-16  9.435923E-02  0.000000E+00
  1.708170E-01 -3.429420E-02  5.000000E-01  1.725437E-01 -3.460179E-02  0.000000E+00  2.178413E-02 -1.370477E-03  5.623673E-16  6.150001E-02  0.000000E+00
  1.850860E-01 -3.504530E-02  5.000000E-01  1.869568E-01 -3.536048E-02  0.000000E+00  2.131741E-02 -9.337984E-04  3.011553E-16  3.982966E-02  0.000000E+00
  1.999720E-01 -3.556046E-02  5.000000E-01  2.019931E-01 -3.588084E-02  0.000000E+00  2.087263E-02 -5.963712E-04  7.055887E-17  3.008198E-02  0.000000E+00
  2.154670E-01 -3.590525E-02  5.000000E-01  2.176446E-01 -3.622911E-02  0.000000E+00  2.059281E-02 -3.845704E-04 -1.178063E-16  2.788781E-02  0.000000E+00
  2.315610E-01 -3.614984E-02  5.000000E-01  2.339011E-01 -3.647617E-02  0.000000E+00  2.046551E-02 -2.365208E-04 -2.685816E-16  2.316940E-02  0.000000E+00
  2.482400E-01 -3.628591E-02  5.000000E-01  2.507486E-01 -3.661362E-02  0.000000E+00  2.039621E-02 -8.598563E-05 -3.651157E-16  1.044665E-02  0.000000E+00
  2.654840E-01 -3.629146E-02  5.000000E-01  2.681667E-01 -3.661922E-02  0.000000E+00  2.031783E-02  8.201779E-05 -3.974066E-16 -7.126662E-03  0.000000E+00
  2.832720E-01 -3.614101E-02  5.000000E-01  2.861343E-01 -3.646725E-02  0.000000E+00  2.019296E-02  2.651821E-04 -3.735868E-16 -2.452199E-02  0.000000E+00
  3.015770E-01 -3.581327E-02  5.000000E-01  3.046242E-01 -3.613620E-02  0.000000E+00  2.000592E-02  4.541205E-04 -3.108862E-16 -3.833091E-02  0.000000E+00
  3.203660E-01 -3.529492E-02  5.000000E-01  3.236030E-01 -3.561262E-02  0.000000E+00  1.975473E-02  6.384609E-04 -2.279077E-16 -4.740191E-02  0.000000E+00
  3.396030E-01 -3.458068E-02  5.000000E-01  3.430342E-01 -3.489117E-02  0.000000E+00  1.944275E-02  8.116525E-04 -1.462889E-16 -5.207673E-02  0.000000E+00
  3.592490E-01 -3.366854E-02  5.000000E-01  3.628786E-01 -3.396981E-02  0.000000E+00  1.907291E-02  9.716660E-04 -8.215281E-17 -5.312775E-02  0.000000E+00
  3.792580E-01 -3.255730E-02  5.000000E-01  3.830897E-01 -3.284735E-02  0.000000E+00  1.864816E-02  1.117241E-03 -3.759900E-17 -5.093915E-02  0.000000E+00
  3.995810E-01 -3.124874E-02  5.000000E-01  4.036179E-01 -3.152557E-02  0.000000E+00  1.817242E-02  1.245999E-03 -9.345355E-18 -4.542730E-02  0.000000E+00
  4.201670E-01 -2.974883E-02  5.000000E-01  4.244118E-01 -3.001052E-02  0.000000E+00  1.764859E-02  1.356248E-03  9.706119E-18 -3.650202E-02  0.000000E+00
  4.409600E-01 -2.806556E-02  5.000000E-01  4.454148E-01 -2.831025E-02  0.000000E+00  1.707908E-02  1.447430E-03  2.759085E-17 -2.427957E-02  0.000000E+00
  4.619030E-01 -2.620844E-02  5.000000E-01  4.665693E-01 -2.643437E-02  0.000000E+00  1.647156E-02  1.517618E-03  4.566414E-17 -8.849342E-03  0.000000E+00
  4.829360E-01 -2.419481E-02  5.000000E-01  4.878147E-01 -2.440041E-02  0.000000E+00  1.584040E-02  1.564287E-03  6.035740E-17  9.608573E-03  0.000000E+00
  5.039990E-01 -2.204854E-02  5.000000E-01  5.090904E-01 -2.223246E-02  0.000000E+00  1.520269E-02  1.586670E-03  6.628344E-17  3.055474E-02  0.000000E+00
  5.250310E-01 -1.979935E-02  5.000000E-01  5.303348E-01 -1.996056E-02  0.000000E+00  1.457532E-02  1.586178E-03  6.201339E-17  5.316469E-02  0.000000E+00
  5.459710E-01 -1.747970E-02  5.000000E-01  5.514863E-01 -1.761748E-02  0.000000E+00  1.397325E-02  1.566376E-03  5.111960E-17  7.649541E-02  0.000000E+00
  5.667600E-01 -1.512090E-02  5.000000E-01  5.724853E-01 -1.523486E-02  0.000000E+00  1.341178E-02  1.530185E-03  3.293733E-17  9.988879E-02  0.000000E+00
  4.704230E-01  5.315127E-02  5.000000E-01  4.751754E-01  5.372678E-02  0.000000E+00  2.208379E-02  7.684214E-04  1.660120E-17 -1.053655E+00  0.000000E+00
  4.494880E-01  5.236177E-02  5.000000E-01  4.540289E-01  5.292931E-02  0.000000E+00  2.188906E-02  8.563025E-04  2.981613E-17 -1.046913E+00  0.000000E+00
  4.286690E-01  5.151603E-02  5.000000E-01  4.329997E-01  5.207503E-02  0.000000E+00  2.185890E-02  9.112455E-04  3.044120E-17 -1.045625E+00  0.000000E+00
  4.080230E-01  5.063482E-02  5.000000E-01  4.121452E-01  5.118492E-02  0.000000E+00  2.200117E-02  9.726037E-04  2.244983E-17 -1.045760E+00  0.000000E+00
  3.876050E-01  4.970326E-02  5.000000E-01  3.915210E-01  5.024394E-02  0.000000E+00  2.225410E-02  1.058245E-03  1.017760E-17 -1.044708E+00  0.000000E+00
  3.674690E-01  4.870800E-02  5.000000E-01  3.711816E-01  4.923864E-02  0.000000E+00  2.252962E-02  1.165203E-03 -2.119339E-18 -1.041795E+00  0.000000E+00
  3.476650E-01  4.763906E-02  5.000000E-01  3.511776E-01  4.815890E-02  0.000000E+00  2.277218E-02  1.289160E-03 -1.208833E-17 -1.037079E+00  0.000000E+00
  3.282390E-01  4.648878E-02  5.000000E-01  3.315555E-01  4.699700E-02  0.000000E+00  2.296508E-02  1.427312E-03 -1.961334E-17 -1.030914E+00  0.000000E+00
  3.092330E-01  4.525198E-02  5.000000E-01  3.123575E-01  4.574771E-02  0.000000E+00  2.311081E-02  1.574501E-03 -2.475347E-17 -1.023939E+00  0.000000E+00
  2.906860E-01  4.393163E-02  5.000000E-01  2.936232E-01  4.441403E-02  0.000000E+00  2.321905E-02  1.725615E-03 -2.857536E-17 -1.016786E+00  0.000000E+00
  2.726330E-01  4.253336E-02  5.000000E-01  2.753879E-01  4.300164E-02  0.000000E+00  2.330217E-02  1.879817E-03 -3.154592E-17 -1.009716E+00  0.000000E+00
  2.551020E-01  4.106266E-02  5.000000E-01  2.576799E-01  4.151609E-02  0.000000E+00  2.336855E-02  2.038209E-03 -3.354012E-17 -1.002731E+00  0.000000E+00
  2.381210E-01  3.952547E-02  5.000000E-01  2.405274E-01  3.996337E-02  0.000000E+00  2.342409E-02  2.204197E-03 -3.619183E-17 -9.956811E-01  0.000000E+00
  2.217090E-01  3.792397E-02  5.000000E-01  2.239496E-01  3.834571E-02  0.000000E+00  2.346858E-02  2.379005E-03 -3.804050E-17 -9.888704E-01  0.000000E+00
  2.058840E-01  3.626069E-02  5.000000E-01  2.079648E-01  3.666563E-02  0.000000E+00  2.348225E-02  2.541391E-03 -3.752595E-17 -9.845096E-01  0.000000E+00
  1.906600E-01  3.456321E-02  5.000000E-01  1.925871E-01  3.495100E-02  0.000000E+00  2.345745E-02  2.655115E-03 -3.604984E-17 -9.859903E-01  0.000000E+00
  1.760460E-01  3.288190E-02  5.000000E-01  1.778255E-01  3.325271E-02  0.000000E+00  2.346110E-02  2.724883E-03 -3.429509E-17 -9.938298E-01  0.000000E+00
  1.620500E-01  3.124089E-02  5.000000E-01  1.636881E-01  3.159513E-02  0.000000E+00  2.358451E-02  2.792795E-03 -3.190537E-17 -1.005274E+00  0.000000E+00
  1.486750E-01  2.964236E-02  5.000000E-01  1.501781E-01  2.998045E-02  0.000000E+00  2.384850E-02  2.888484E-03 -3.130516E-17 -1.017407E+00  0.000000E+00
  1.359210E-01  2.807812E-02  5.000000E-01  1.372953E-01  2.840042E-02  0.000000E+00  2.420290E-02  3.019846E-03 -4.140793E-17 -1.028485E+00  0.000000E+00
  1.237890E-01  2.653937E-02  5.000000E-01  1.250407E-01  2.684614E-02  0.000000E+00  2.457719E-02  3.184262E-03 -7.159168E-17 -1.037862E+00  0.000000E+00
  1.122730E-01  2.501660E-02  5.000000E-01  1.134084E-01  2.530798E-02  0.000000E+00  2.492000E-02  3.376572E-03 -1.285576E-16 -1.045637E+00  0.000000E+00
  1.013710E-01  2.350414E-02  5.000000E-01  1.023964E-01  2.378025E-02  0.000000E+00  2.520855E-02  3.590289E-03 -2.334784E-16 -1.052420E+00  0.000000E+00
  9.107400E-02  2.199999E-02  5.000000E-01  9.199536E-02  2.226091E-02  0.000000E+00  2.544649E-02  3.824620E-03 -4.125330E-16 -1.058786E+00  0.000000E+00
  9.107400E-02  2.199999E-02  5.000000E-01  9.199536E-02  2.226091E-02  0.000000E+00  2.544649E-02  3.824620E-03 -4.125330E-16 -1.058786E+00  0.000000E+00
  8.137660E-02  2.050190E-02  5.000000E-01  8.220003E-02  2.074768E-02  0.000000E+00  2.564189E-02  4.077933E-03 -7.195823E-16 -1.065482E+00  0.000000E+00
  7.227050E-02  1.901228E-02  5.000000E-01  7.300197E-02  1.924303E-02  0.000000E+00  2.579913E-02  4.344296E-03 -1.264028E-15 -1.073523E+00  0.000000E+00
  6.374670E-02  1.753625E-02  5.000000E-01  6.439209E-02  1.775209E-02  0.000000E+00  2.592900E-02  4.624835E-03 -2.234010E-15 -1.083577E+00  0.000000E+00
  5.579720E-02  1.607711E-02  5.000000E-01  5.636231E-02  1.627821E-02  0.000000E+00  2.603213E-02  4.915712E-03 -3.951382E-15 -1.096553E+00  0.000000E+00
  4.841260E-02  1.464339E-02  5.000000E-01  4.890313E-02  1.483001E-02  0.000000E+00  2.610668E-02  5.211670E-03 -6.901471E-15 -1.113442E+00  0.000000E+00
  4.158390E-02  1.324291E-02  5.000000E-01  4.200547E-02  1.341539E-02  0.000000E+00  2.615779E-02  5.519160E-03 -1.169366E-14 -1.134634E+00  0.000000E+00
  3.530370E-02  1.188052E-02  5.000000E-01  3.566185E-02  1.203924E-02  0.000000E+00  2.616651E-02  5.832868E-03 -1.883849E-14 -1.160968E+00  0.000000E+00
  2.956270E-02  1.056574E-02  5.000000E-01  2.986287E-02  1.071119E-02  0.000000E+00  2.610565E-02  6.147976E-03 -2.826987E-14 -1.193110E+00  0.000000E+00
  2.435310E-02  9.305120E-03  5.000000E-01  2.460066E-02  9.437833E-03  0.000000E+00  2.593523E-02  6.476359E-03 -3.863698E-14 -1.230472E+00  0.000000E+00
  1.967110E-02  8.099133E-03  5.000000E-01  1.987137E-02  8.219668E-03  0.000000E+00  2.552074E-02  6.788625E-03 -4.691695E-14 -1.273363E+00  0.000000E+00
  1.550860E-02  6.954950E-03  5.000000E-01  1.566684E-02  7.063929E-03  0.000000E+00  2.468435E-02  7.036328E-03 -4.955437E-14 -1.322091E+00  0.000000E+00
  1.185930E-02  5.876231E-03  5.000000E-01  1.198068E-02  5.974317E-03  0.000000E+00  2.332840E-02  7.212206E-03 -4.524286E-14 -1.374805E+00  0.000000E+00
  8.724160E-03  4.859163E-03  5.000000E-01  8.813883E-03  4.946978E-03  0.000000E+00  2.157877E-02  7.343879E-03 -3.714148E-14 -1.431049E+00  0.000000E+00
  6.091130E-03  3.911940E-03  5.000000E-01  6.154263E-03  3.990189E-03  0.000000E+00  2.032373E-02  7.820674E-03 -3.213580E-14 -1.486224E+00  0.000000E+00
  3.952840E-03  3.037282E-03  5.000000E-01  3.994378E-03  3.106698E-03  0.000000E+00  2.113550E-02  9.733961E-03 -4.035751E-14 -1.523400E+00  0.000000E+00
  2.330070E-03  2.222405E-03  5.000000E-01  2.355220E-03  2.283592E-03  0.000000E+00  2.423878E-02  1.419532E-02 -1.045768E-13 -1.531087E+00  0.000000E+00
  1.198080E-03  1.485420E-03  5.000000E-01  1.211798E-03  1.539164E-03  0.000000E+00  2.759961E-02  2.139016E-02 -3.198124E-13 -1.519247E+00  0.000000E+00
  5.019560E-04  8.593887E-04  5.000000E-01  5.086442E-04  9.068103E-04  0.000000E+00  3.041170E-02  3.350382E-02 -5.073915E-13 -1.530791E+00  0.000000E+00
  1.313430E-04  3.762247E-04  5.000000E-01  1.342884E-04  4.187669E-04  0.000000E+00  3.506356E-02  7.036313E-02  3.069063E-13 -1.566086E+00  0.000000E+00
  8.078190E-06  6.807403E-05  5.000000E-01  9.778777E-06  1.075042E-04  0.000000E+00  3.054284E-02  1.732849E-01  2.024738E-12 -1.484756E+00  0.000000E+00
 -1.602820E-06 -3.835536E-05  5.000000E-01  0.000000E+00  0.000000E+00  0.000000E+00 -4.944375E-03  2.521462E-01  1.180716E-12 -1.190861E+00  0.000000E+00
  9.141860E-06 -1.484063E-04  5.000000E-01  1.085319E-05 -1.111623E-04  0.000000E+00 -4.976276E-02  1.967991E-01 -6.381271E-13 -4.687311E-01  0.000000E+00
  1.696960E-04 -4.810013E-04  5.000000E-01  1.730287E-04 -4.471162E-04  0.000000E+00 -6.436948E-02  9.282100E-02 -5.411541E-13  5.409115E-01  0.000000E+00
    1    2
    2    3
    3    4
    4    5
    5    6
    6    7
    7    8
    8    9
    9   10
   10   11
   11   12
   12   13
   13   14
   14   15
   15   16
   16   17
   17   18
   18   19
   19   20
   20   21
   21   22
   22   23
   23   24
   25   26
   26   27
   27   28
   28   29
   29   30
   30   31
   31   32
   32   33
   33   34
   34   35
   35   36
   36   37
   37   38
   38   39
   39   40
   40   41
   41   42
   42   43
   43   44
   44   45
   45   46
   46   47
   47   48
   49   50
   50   51
   51   52
   52   53
   53   54
   54   55
   55   56
   56   57
   57   58
   58   59
   59   60
   60   61
   61   62
   62   63
   63   64
   64   65
   65   66
   66   67
   67   68
   68   69
   69   70
   70   71
   71   72
   73   74
   74   75
   75   76
   76   77
   77   78
   78   79
   79   80
   80   81
   81   82
   82   83
   83   84
   84   85
   85   86
   86   87
   87   88
   88   89
   89   90
   90   91
   91   92
   92   93
   93   94
   94   95
   95   96
   97   98
   98   99
   99  100
  100  101
  101  102
  102  103
  103  104
  104  105
  105  106
  106  107
  107  108
  108  109
  109  110
  110  111
  111  112
  112  113
  113  114
  114  115
  115  116
  116  117
  117  118
  118  119
  119  120
  121  122
  122  123
  123  124
  124  125
  125  126
  126  127
  127  128
  128  129
  129  130
  130  131
  131  132
  132  133
  133  134
  134  135
  135  136
  136  137
  137  138
  138  139
  139  140
  140  141
  141  142
  142  143
  143  144
  145  146
  146  147
  147  148
  148  149
  149  150
  150  151
  151  152
  152  153
  153  154
  154  155
  155  156
  156  157
  157  158
  158  159
  159  160
  160  161
  161  162
  162  163
  163  164
  164  165
  165  166
  166  167
  167  168
  169  170
  170  171
  171  172
  172  173
  173  174
  174  175
  175  176
  176  177
  177  178
  178  179
  179  180
  180  181
  181  182
  182  183
  183  184
  184  185
  185  186
  186  187
  187  188
  188  189
  189  190
  190  191
  191  192
