 Title = "ADflow Slice Data"
Variables =  "CoordinateX"  "CoordinateY"  "CoordinateZ"  "XoC"  "YoC"  "ZoC" "VelocityX" "VelocityY" "VelocityZ" "CoefPressure" "Mach" 
Zone T= "Slice_0001 None Absolute Regular z = 0.50000000"
 Nodes =          192  Elements=          184  ZONETYPE=FELINESEG
 DATAPACKING=POINT
  5.667600E-01 -1.500183E-02  5.000000E-01  5.724853E-01 -1.511563E-02  0.000000E+00  1.344001E-02  1.522605E-03 -7.122065E-19  1.003419E-01  0.000000E+00
  5.873410E-01 -1.265489E-02  5.000000E-01  5.932741E-01 -1.274499E-02  0.000000E+00  1.293539E-02  1.474775E-03  9.178890E-19  1.229937E-01  0.000000E+00
  6.076580E-01 -1.033914E-02  5.000000E-01  6.137963E-01 -1.040585E-02  0.000000E+00  1.248870E-02  1.414775E-03  1.167172E-18  1.448901E-01  0.000000E+00
  6.276600E-01 -8.088023E-03  5.000000E-01  6.340003E-01 -8.132002E-03  0.000000E+00  1.210081E-02  1.347221E-03  1.809493E-18  1.652370E-01  0.000000E+00
  6.472970E-01 -5.926930E-03  5.000000E-01  6.538356E-01 -5.949084E-03  0.000000E+00  1.176418E-02  1.277401E-03  8.917592E-19  1.835766E-01  0.000000E+00
  6.665260E-01 -3.868576E-03  5.000000E-01  6.732588E-01 -3.869943E-03  0.000000E+00  1.146923E-02  1.208160E-03 -4.201276E-19  2.000873E-01  0.000000E+00
  6.853050E-01 -1.922918E-03  5.000000E-01  6.922274E-01 -1.904636E-03  0.000000E+00  1.120941E-02  1.137299E-03  7.444860E-20  2.155500E-01  0.000000E+00
  7.035980E-01 -1.066053E-04  5.000000E-01  7.107052E-01 -6.998071E-05  0.000000E+00  1.097376E-02  1.062330E-03 -4.864202E-19  2.303264E-01  0.000000E+00
  7.213750E-01  1.568954E-03  5.000000E-01  7.286617E-01  1.622500E-03  0.000000E+00  1.073879E-02  9.835659E-04 -1.041894E-18  2.441292E-01  0.000000E+00
  7.386080E-01  3.099868E-03  5.000000E-01  7.460687E-01  3.168874E-03  0.000000E+00  1.047501E-02  9.030202E-04 -1.146469E-18  2.569129E-01  0.000000E+00
  7.552750E-01  4.491474E-03  5.000000E-01  7.629040E-01  4.574534E-03  0.000000E+00  1.016405E-02  8.248603E-04 -9.325253E-19  2.691152E-01  0.000000E+00
  7.713580E-01  5.756720E-03  5.000000E-01  7.791495E-01  5.852557E-03  0.000000E+00  9.818721E-03  7.508408E-04 -2.626607E-19  2.812924E-01  0.000000E+00
  7.868410E-01  6.906596E-03  5.000000E-01  7.947888E-01  7.014046E-03  0.000000E+00  9.506333E-03  6.635327E-04  5.796035E-19  2.951675E-01  0.000000E+00
  8.017160E-01  7.880998E-03  5.000000E-01  8.098140E-01  7.998288E-03  0.000000E+00  9.328539E-03  5.399488E-04  2.161358E-19  3.110756E-01  0.000000E+00
  8.159740E-01  8.596303E-03  5.000000E-01  8.242160E-01  8.720817E-03  0.000000E+00  9.349358E-03  3.855805E-04 -2.756409E-19  3.240328E-01  0.000000E+00
  8.296120E-01  9.034643E-03  5.000000E-01  8.379918E-01  9.163584E-03  0.000000E+00  9.572704E-03  2.181890E-04 -2.495109E-19  3.291529E-01  0.000000E+00
  8.426300E-01  9.212095E-03  5.000000E-01  8.511412E-01  9.342828E-03  0.000000E+00  9.975167E-03  4.464729E-05 -1.658600E-20  3.263724E-01  0.000000E+00
  8.550290E-01  9.159893E-03  5.000000E-01  8.636654E-01  9.290099E-03  0.000000E+00  1.052844E-02 -1.340240E-04  5.006922E-19  3.176790E-01  0.000000E+00
  8.668160E-01  8.915668E-03  5.000000E-01  8.755715E-01  9.043407E-03  0.000000E+00  1.120353E-02 -3.166731E-04  1.638036E-19  3.044262E-01  0.000000E+00
  8.779950E-01  8.520608E-03  5.000000E-01  8.868634E-01  8.644358E-03  0.000000E+00  1.197055E-02 -5.007429E-04  2.627420E-19  2.871766E-01  0.000000E+00
  8.885730E-01  8.013938E-03  5.000000E-01  8.975482E-01  8.132571E-03  0.000000E+00  1.280016E-02 -6.836604E-04  1.120544E-18  2.665190E-01  0.000000E+00
  8.985610E-01  7.428989E-03  5.000000E-01  9.076371E-01  7.541715E-03  0.000000E+00  1.365972E-02 -8.586772E-04  1.607555E-18  2.429750E-01  0.000000E+00
  9.079670E-01  6.799510E-03  5.000000E-01  9.171381E-01  6.905878E-03  0.000000E+00  1.450988E-02 -1.013421E-03  2.056556E-18  2.170071E-01  0.000000E+00
  9.168010E-01  6.157987E-03  5.000000E-01  9.260613E-01  6.257877E-03  0.000000E+00  1.531301E-02 -1.138748E-03  2.041518E-18  1.896739E-01  0.000000E+00
  9.168010E-01  6.157987E-03  5.000000E-01  9.260613E-01  6.257877E-03  0.000000E+00  1.531301E-02 -1.138748E-03  2.041518E-18  1.896739E-01  0.000000E+00
  9.250730E-01  5.529211E-03  5.000000E-01  9.344168E-01  5.622751E-03  0.000000E+00  1.604588E-02 -1.235898E-03  1.867753E-18  1.625014E-01  0.000000E+00
  9.327940E-01  4.927412E-03  5.000000E-01  9.422158E-01  5.014874E-03  0.000000E+00  1.670800E-02 -1.316584E-03  2.930835E-18  1.368038E-01  0.000000E+00
  9.399760E-01  4.355859E-03  5.000000E-01  9.494703E-01  4.437550E-03  0.000000E+00  1.731562E-02 -1.392350E-03  2.941871E-18  1.128498E-01  0.000000E+00
  9.466320E-01  3.815250E-03  5.000000E-01  9.561935E-01  3.891481E-03  0.000000E+00  1.788890E-02 -1.467732E-03  2.309288E-18  8.990107E-02  0.000000E+00
  9.527730E-01  3.306402E-03  5.000000E-01  9.623966E-01  3.377495E-03  0.000000E+00  1.845255E-02 -1.549224E-03  2.199182E-18  6.741745E-02  0.000000E+00
  9.584110E-01  2.827174E-03  5.000000E-01  9.680915E-01  2.893426E-03  0.000000E+00  1.903928E-02 -1.647477E-03  1.741367E-18  4.516604E-02  0.000000E+00
  9.635570E-01  2.374329E-03  5.000000E-01  9.732895E-01  2.436009E-03  0.000000E+00  1.968302E-02 -1.768372E-03  1.243668E-18  2.242862E-02  0.000000E+00
  9.682220E-01  1.946799E-03  5.000000E-01  9.780016E-01  2.004161E-03  0.000000E+00  2.041590E-02 -1.912543E-03  1.130619E-18 -1.883998E-03  0.000000E+00
  9.724140E-01  1.545862E-03  5.000000E-01  9.822359E-01  1.599175E-03  0.000000E+00  2.128597E-02 -2.087998E-03  7.485079E-19 -2.840301E-02  0.000000E+00
  9.761430E-01  1.171442E-03  5.000000E-01  9.860026E-01  1.220973E-03  0.000000E+00  2.237539E-02 -2.311902E-03 -2.176698E-18 -5.758131E-02  0.000000E+00
  9.794160E-01  8.242711E-04  5.000000E-01  9.893086E-01  8.702965E-04  0.000000E+00  2.378620E-02 -2.597683E-03 -8.892881E-18 -9.050101E-02  0.000000E+00
  9.822400E-01  5.074296E-04  5.000000E-01  9.921611E-01  5.502552E-04  0.000000E+00  2.556943E-02 -2.947547E-03 -1.445124E-17 -1.286166E-01  0.000000E+00
  9.846200E-01  2.260651E-04  5.000000E-01  9.945652E-01  2.660492E-04  0.000000E+00  2.759422E-02 -3.348300E-03 -6.419352E-18 -1.722788E-01  0.000000E+00
  9.865620E-01 -1.453608E-05  5.000000E-01  9.965268E-01  2.301829E-05  0.000000E+00  2.941441E-02 -3.712196E-03  2.972299E-17 -2.195972E-01  0.000000E+00
  9.880680E-01 -2.086060E-04  5.000000E-01  9.980480E-01 -1.730115E-04  0.000000E+00  2.988245E-02 -3.827588E-03  6.825643E-17 -2.768199E-01  0.000000E+00
  9.891420E-01 -3.514239E-04  5.000000E-01  9.991328E-01 -3.172718E-04  0.000000E+00  2.813793E-02 -3.912406E-03 -6.990982E-17 -3.437289E-01  0.000000E+00
  9.897860E-01 -4.389487E-04  5.000000E-01  9.997833E-01 -4.056804E-04  0.000000E+00  3.789941E-02 -4.014731E-03 -6.850011E-16 -2.896724E-01  0.000000E+00
  9.900000E-01 -4.683023E-04  5.000000E-01  9.999995E-01 -4.353304E-04  0.000000E+00  2.619700E-02  5.267402E-03 -3.904613E-16 -5.823367E-01  0.000000E+00
  9.900000E-01 -1.843754E-04  5.000000E-01  9.999995E-01 -1.485362E-04  0.000000E+00  1.230438E-03 -7.886581E-03  1.486985E-15 -8.091481E-01  0.000000E+00
  9.900000E-01  9.955148E-05  5.000000E-01  9.999995E-01  1.382580E-04  0.000000E+00 -4.470509E-04 -2.275147E-02  3.168443E-15 -6.286949E-01  0.000000E+00
  9.900000E-01  3.834784E-04  5.000000E-01  9.999995E-01  4.250522E-04  0.000000E+00 -1.437000E-04 -8.863517E-03  3.837326E-15 -6.286387E-01  0.000000E+00
  9.900000E-01  6.674052E-04  5.000000E-01  9.999995E-01  7.118465E-04  0.000000E+00  4.648020E-04 -5.230207E-03  3.701591E-15 -6.885268E-01  0.000000E+00
  9.900000E-01  9.513321E-04  5.000000E-01  9.999995E-01  9.986407E-04  0.000000E+00  6.799806E-03 -6.634016E-03  3.395364E-15 -6.302713E-01  0.000000E+00
  9.900000E-01  9.513321E-04  5.000000E-01  9.999995E-01  9.986407E-04  0.000000E+00  6.799806E-03 -6.634016E-03  3.395364E-15 -6.302713E-01  0.000000E+00
  9.897890E-01  1.017904E-03  5.000000E-01  9.997864E-01  1.065885E-03  0.000000E+00  9.019400E-03 -3.470877E-03  2.853548E-15 -5.526996E-01  0.000000E+00
  9.891540E-01  1.218674E-03  5.000000E-01  9.991450E-01  1.268682E-03  0.000000E+00  4.570116E-03 -1.352000E-03  1.881223E-15 -5.712992E-01  0.000000E+00
  9.880950E-01  1.555408E-03  5.000000E-01  9.980753E-01  1.608817E-03  0.000000E+00  3.026552E-03 -9.614881E-04  1.039781E-15 -5.708552E-01  0.000000E+00
  9.866100E-01  2.031333E-03  5.000000E-01  9.965753E-01  2.089548E-03  0.000000E+00  1.985063E-03 -6.502018E-04  5.029229E-16 -5.629524E-01  0.000000E+00
  9.846960E-01  2.650662E-03  5.000000E-01  9.946419E-01  2.715132E-03  0.000000E+00  9.967977E-04 -3.237514E-04  2.161717E-16 -5.593121E-01  0.000000E+00
  9.823490E-01  3.418252E-03  5.000000E-01  9.922712E-01  3.490473E-03  0.000000E+00  1.854627E-04 -5.934177E-05  7.497342E-17 -5.583304E-01  0.000000E+00
  9.795670E-01  4.338749E-03  5.000000E-01  9.894611E-01  4.420267E-03  0.000000E+00 -4.278146E-04  1.427273E-04  9.222108E-18 -5.585709E-01  0.000000E+00
  9.763420E-01  5.417936E-03  5.000000E-01  9.862036E-01  5.510352E-03  0.000000E+00 -8.721236E-04  2.934646E-04 -1.561366E-17 -5.600155E-01  0.000000E+00
  9.726710E-01  6.659547E-03  5.000000E-01  9.824955E-01  6.764502E-03  0.000000E+00 -1.171764E-03  3.980912E-04 -1.777237E-17 -5.625512E-01  0.000000E+00
  9.685460E-01  8.066760E-03  5.000000E-01  9.783288E-01  8.185926E-03  0.000000E+00 -1.343976E-03  4.600761E-04 -1.113834E-17 -5.657587E-01  0.000000E+00
  9.639600E-01  9.641719E-03  5.000000E-01  9.736965E-01  9.776791E-03  0.000000E+00 -1.405331E-03  4.839615E-04 -4.754875E-18 -5.691305E-01  0.000000E+00
  9.589060E-01  1.138657E-02  5.000000E-01  9.685915E-01  1.153927E-02  0.000000E+00 -1.376167E-03  4.759905E-04 -1.367380E-18 -5.721901E-01  0.000000E+00
  9.533750E-01  1.330251E-02  5.000000E-01  9.630046E-01  1.347455E-02  0.000000E+00 -1.282277E-03  4.444642E-04 -1.306917E-19 -5.745730E-01  0.000000E+00
  9.473580E-01  1.538827E-02  5.000000E-01  9.569269E-01  1.558138E-02  0.000000E+00 -1.153445E-03  3.995147E-04  2.807486E-19 -5.760923E-01  0.000000E+00
  9.408450E-01  1.764055E-02  5.000000E-01  9.503481E-01  1.785640E-02  0.000000E+00 -1.019863E-03  3.518325E-04 -9.853949E-19 -5.767759E-01  0.000000E+00
  9.338260E-01  2.005404E-02  5.000000E-01  9.432582E-01  2.029426E-02  0.000000E+00 -9.082301E-04  3.109140E-04 -4.446053E-19 -5.768506E-01  0.000000E+00
  9.262910E-01  2.262032E-02  5.000000E-01  9.356471E-01  2.288646E-02  0.000000E+00 -8.391312E-04  2.837946E-04  3.644619E-20 -5.766685E-01  0.000000E+00
  9.182290E-01  2.532657E-02  5.000000E-01  9.275037E-01  2.562004E-02  0.000000E+00 -8.264834E-04  2.745677E-04 -8.862653E-19 -5.766001E-01  0.000000E+00
  9.096280E-01  2.815510E-02  5.000000E-01  9.188158E-01  2.847713E-02  0.000000E+00 -8.779981E-04  2.844909E-04  7.024027E-19 -5.770057E-01  0.000000E+00
  9.004770E-01  3.108245E-02  5.000000E-01  9.095724E-01  3.143404E-02  0.000000E+00 -9.955574E-04  3.122149E-04  7.826522E-19 -5.782016E-01  0.000000E+00
  8.907650E-01  3.407771E-02  5.000000E-01  8.997623E-01  3.445956E-02  0.000000E+00 -1.176462E-03  3.534766E-04  7.109456E-19 -5.802761E-01  0.000000E+00
  8.804800E-01  3.709954E-02  5.000000E-01  8.893735E-01  3.751190E-02  0.000000E+00 -1.414058E-03  4.006849E-04  1.898346E-18 -5.831281E-01  0.000000E+00
  8.696090E-01  4.009223E-02  5.000000E-01  8.783927E-01  4.053482E-02  0.000000E+00 -1.694345E-03  4.444317E-04  1.232225E-18 -5.866973E-01  0.000000E+00
  8.696090E-01  4.009223E-02  5.000000E-01  8.783927E-01  4.053482E-02  0.000000E+00 -1.694345E-03  4.444317E-04  1.232225E-18 -5.866973E-01  0.000000E+00
  8.581400E-01  4.298381E-02  5.000000E-01  8.668079E-01  4.345560E-02  0.000000E+00 -1.997356E-03  4.757903E-04  6.273354E-19 -5.900358E-01  0.000000E+00
  8.460600E-01  4.569021E-02  5.000000E-01  8.546059E-01  4.618933E-02  0.000000E+00 -2.305247E-03  4.847647E-04  8.692267E-19 -5.909495E-01  0.000000E+00
  8.333640E-01  4.813176E-02  5.000000E-01  8.417817E-01  4.865554E-02  0.000000E+00 -2.564659E-03  4.511403E-04  6.883945E-19 -5.924004E-01  0.000000E+00
  8.200460E-01  5.023312E-02  5.000000E-01  8.283292E-01  5.077812E-02  0.000000E+00 -2.548324E-03  3.468638E-04  7.683347E-19 -6.132209E-01  0.000000E+00
  8.061050E-01  5.192722E-02  5.000000E-01  8.142474E-01  5.248933E-02  0.000000E+00 -1.684204E-03  1.660780E-04  1.320830E-18 -6.826843E-01  0.000000E+00
  7.915460E-01  5.318878E-02  5.000000E-01  7.995413E-01  5.376362E-02  0.000000E+00  9.049162E-04 -4.782548E-05  1.945498E-18 -8.077458E-01  0.000000E+00
  7.763770E-01  5.405757E-02  5.000000E-01  7.842192E-01  5.464119E-02  0.000000E+00  5.847945E-03 -2.145959E-04  2.163962E-18 -9.494830E-01  0.000000E+00
  7.606070E-01  5.460339E-02  5.000000E-01  7.682899E-01  5.519253E-02  0.000000E+00  1.245118E-02 -2.384349E-04  7.759393E-20 -1.049584E+00  0.000000E+00
  7.442510E-01  5.483360E-02  5.000000E-01  7.517687E-01  5.542506E-02  0.000000E+00  1.834592E-02 -6.012235E-05 -3.660210E-18 -1.082755E+00  0.000000E+00
  7.273250E-01  5.476580E-02  5.000000E-01  7.346718E-01  5.535657E-02  0.000000E+00  2.142917E-02  2.351171E-04 -8.720989E-18 -1.069587E+00  0.000000E+00
  7.098490E-01  5.445183E-02  5.000000E-01  7.170193E-01  5.503944E-02  0.000000E+00  2.171226E-02  4.659065E-04 -1.342592E-17 -1.045065E+00  0.000000E+00
  6.918480E-01  5.398666E-02  5.000000E-01  6.988365E-01  5.456956E-02  0.000000E+00  2.059774E-02  5.187613E-04 -1.392524E-17 -1.033963E+00  0.000000E+00
  6.733520E-01  5.351874E-02  5.000000E-01  6.801537E-01  5.409692E-02  0.000000E+00  1.939540E-02  3.810494E-04 -1.182584E-17 -1.047119E+00  0.000000E+00
  6.543930E-01  5.324554E-02  5.000000E-01  6.610032E-01  5.382096E-02  0.000000E+00  1.881259E-02  1.173296E-04 -8.636965E-18 -1.081191E+00  0.000000E+00
  6.350090E-01  5.328555E-02  5.000000E-01  6.414235E-01  5.386137E-02  0.000000E+00  1.908126E-02 -1.559517E-04 -5.644913E-18 -1.121025E+00  0.000000E+00
  6.152440E-01  5.357239E-02  5.000000E-01  6.214589E-01  5.415111E-02  0.000000E+00  1.999811E-02 -3.556358E-04 -4.699033E-18 -1.152278E+00  0.000000E+00
  5.951420E-01  5.399732E-02  5.000000E-01  6.011539E-01  5.458033E-02  0.000000E+00  2.111239E-02 -4.454510E-04 -5.432100E-18 -1.168066E+00  0.000000E+00
  5.747530E-01  5.443140E-02  5.000000E-01  5.805590E-01  5.501880E-02  0.000000E+00  2.205902E-02 -3.903275E-04 -5.859341E-18 -1.165943E+00  0.000000E+00
  5.541290E-01  5.473155E-02  5.000000E-01  5.597267E-01  5.532198E-02  0.000000E+00  2.266955E-02 -1.785876E-04 -6.004027E-18 -1.147276E+00  0.000000E+00
  5.333260E-01  5.476140E-02  5.000000E-01  5.387136E-01  5.535213E-02  0.000000E+00  2.288251E-02  1.197579E-04 -6.517977E-18 -1.119233E+00  0.000000E+00
  5.124010E-01  5.450793E-02  5.000000E-01  5.175773E-01  5.509610E-02  0.000000E+00  2.274578E-02  4.010832E-04 -6.392427E-18 -1.091057E+00  0.000000E+00
  4.914140E-01  5.401713E-02  5.000000E-01  4.963783E-01  5.460034E-02  0.000000E+00  2.243702E-02  6.220873E-04 -6.279435E-18 -1.067985E+00  0.000000E+00
  4.704230E-01  5.334076E-02  5.000000E-01  4.751754E-01  5.391714E-02  0.000000E+00  2.212937E-02  7.804365E-04 -6.365010E-18 -1.052023E+00  0.000000E+00
  1.696960E-04 -4.797647E-04  5.000000E-01  1.730287E-04 -4.469086E-04  0.000000E+00 -6.436611E-02  9.275749E-02 -6.409128E-14  5.426110E-01  0.000000E+00
  8.054360E-04 -9.762293E-04  5.000000E-01  8.151890E-04 -9.483870E-04  0.000000E+00 -4.689517E-02  3.278533E-02 -4.980752E-14  1.107820E+00  0.000000E+00
  1.973980E-03 -1.581785E-03  5.000000E-01  1.995534E-03 -1.560058E-03  0.000000E+00 -2.099546E-02  1.042791E-02 -2.743341E-14  1.176780E+00  0.000000E+00
  3.614630E-03 -2.294426E-03  5.000000E-01  3.652753E-03 -2.279896E-03  0.000000E+00 -4.000559E-03  1.745249E-03 -9.418743E-15  1.152607E+00  0.000000E+00
  5.721210E-03 -3.122528E-03  5.000000E-01  5.780607E-03 -3.116361E-03  0.000000E+00  5.068245E-03 -1.875407E-03 -7.735226E-17  1.121974E+00  0.000000E+00
  8.297500E-03 -4.063551E-03  5.000000E-01  8.382914E-03 -4.066887E-03  0.000000E+00  9.371337E-03 -3.269986E-03  2.377569E-15  1.077430E+00  0.000000E+00
  1.136560E-02 -5.097823E-03  5.000000E-01  1.148200E-02 -5.111604E-03  0.000000E+00  1.113455E-02 -3.615519E-03  1.752891E-15  1.022847E+00  0.000000E+00
  1.493280E-02 -6.214056E-03  5.000000E-01  1.508522E-02 -6.239110E-03  0.000000E+00  1.172639E-02 -3.577854E-03  6.668365E-16  9.682429E-01  0.000000E+00
  1.899460E-02 -7.420535E-03  5.000000E-01  1.918804E-02 -7.457773E-03  0.000000E+00  1.198052E-02 -3.505980E-03  4.990110E-17  9.175096E-01  0.000000E+00
  2.354800E-02 -8.733283E-03  5.000000E-01  2.378743E-02 -8.783778E-03  0.000000E+00  1.231360E-02 -3.496422E-03 -1.175948E-16  8.676211E-01  0.000000E+00
  2.860130E-02 -1.014779E-02  5.000000E-01  2.889176E-02 -1.021257E-02  0.000000E+00  1.284350E-02 -3.533634E-03 -8.879329E-17  8.159229E-01  0.000000E+00
  3.416500E-02 -1.165296E-02  5.000000E-01  3.451165E-02 -1.173294E-02  0.000000E+00  1.355110E-02 -3.598899E-03 -3.239584E-17  7.636433E-01  0.000000E+00
  4.024810E-02 -1.323962E-02  5.000000E-01  4.065618E-02 -1.333563E-02  0.000000E+00  1.437735E-02 -3.673040E-03 -1.441605E-18  7.116975E-01  0.000000E+00
  4.686030E-02 -1.489550E-02  5.000000E-01  4.733516E-02 -1.500822E-02  0.000000E+00  1.525773E-02 -3.736344E-03  6.417056E-18  6.598714E-01  0.000000E+00
  5.401090E-02 -1.660893E-02  5.000000E-01  5.455797E-02 -1.673896E-02  0.000000E+00  1.614559E-02 -3.780568E-03  5.156400E-18  6.082353E-01  0.000000E+00
  6.170850E-02 -1.837133E-02  5.000000E-01  6.233331E-02 -1.851916E-02  0.000000E+00  1.701541E-02 -3.797511E-03  2.662467E-18  5.564199E-01  0.000000E+00
  6.996310E-02 -2.016845E-02  5.000000E-01  7.067127E-02 -2.033443E-02  0.000000E+00  1.785344E-02 -3.774772E-03  1.208541E-18  5.037271E-01  0.000000E+00
  7.878500E-02 -2.198075E-02  5.000000E-01  7.958226E-02 -2.216503E-02  0.000000E+00  1.865651E-02 -3.708814E-03  4.846082E-19  4.503617E-01  0.000000E+00
  8.818390E-02 -2.378920E-02  5.000000E-01  8.907608E-02 -2.399174E-02  0.000000E+00  1.942582E-02 -3.599801E-03  4.874821E-19  3.967673E-01  0.000000E+00
  9.816930E-02 -2.557141E-02  5.000000E-01  9.916232E-02 -2.579195E-02  0.000000E+00  2.015563E-02 -3.443188E-03  3.274810E-19  3.430155E-01  0.000000E+00
  1.087500E-01 -2.730075E-02  5.000000E-01  1.098499E-01 -2.753876E-02  0.000000E+00  2.082932E-02 -3.235649E-03  7.499894E-19  2.895407E-01  0.000000E+00
  1.199340E-01 -2.895019E-02  5.000000E-01  1.211468E-01 -2.920485E-02  0.000000E+00  2.141172E-02 -2.972433E-03  1.669040E-18  2.370588E-01  0.000000E+00
  1.317280E-01 -3.048808E-02  5.000000E-01  1.330599E-01 -3.075827E-02  0.000000E+00  2.184231E-02 -2.645146E-03  4.027987E-19  1.864251E-01  0.000000E+00
  1.441380E-01 -3.187765E-02  5.000000E-01  1.455953E-01 -3.216188E-02  0.000000E+00  2.205108E-02 -2.254320E-03 -7.018387E-20  1.394163E-01  0.000000E+00
  1.441380E-01 -3.187765E-02  5.000000E-01  1.455953E-01 -3.216188E-02  0.000000E+00  2.205108E-02 -2.254320E-03 -7.018387E-20  1.394163E-01  0.000000E+00
  1.571670E-01 -3.308326E-02  5.000000E-01  1.587558E-01 -3.337966E-02  0.000000E+00  2.198964E-02 -1.814220E-03  9.760959E-19  9.857330E-02  0.000000E+00
  1.708170E-01 -3.407113E-02  5.000000E-01  1.725437E-01 -3.437751E-02  0.000000E+00  2.167169E-02 -1.354850E-03  1.017727E-18  6.654671E-02  0.000000E+00
  1.850860E-01 -3.481908E-02  5.000000E-01  1.869568E-01 -3.513302E-02  0.000000E+00  2.120584E-02 -9.289556E-04  1.088235E-18  4.554847E-02  0.000000E+00
  1.999720E-01 -3.533769E-02  5.000000E-01  2.019931E-01 -3.565686E-02  0.000000E+00  2.077664E-02 -6.041444E-04  1.532190E-18  3.613415E-02  0.000000E+00
  2.154670E-01 -3.569476E-02  5.000000E-01  2.176446E-01 -3.601753E-02  0.000000E+00  2.052926E-02 -4.056909E-04  1.606209E-18  3.373979E-02  0.000000E+00
  2.315610E-01 -3.596178E-02  5.000000E-01  2.339011E-01 -3.628725E-02  0.000000E+00  2.045099E-02 -2.699427E-04  5.951526E-19  2.812337E-02  0.000000E+00
  2.482400E-01 -3.612962E-02  5.000000E-01  2.507486E-01 -3.645679E-02  0.000000E+00  2.044380E-02 -1.285224E-04  6.911638E-19  1.377227E-02  0.000000E+00
  2.654840E-01 -3.617400E-02  5.000000E-01  2.681667E-01 -3.650161E-02  0.000000E+00  2.043191E-02  3.570092E-05  1.035157E-18 -6.061429E-03  0.000000E+00
  2.832720E-01 -3.606528E-02  5.000000E-01  2.861343E-01 -3.639180E-02  0.000000E+00  2.036257E-02  2.224228E-04  1.538513E-18 -2.615187E-02  0.000000E+00
  3.015770E-01 -3.577578E-02  5.000000E-01  3.046242E-01 -3.609938E-02  0.000000E+00  2.020120E-02  4.234524E-04  2.406436E-18 -4.272160E-02  0.000000E+00
  3.203660E-01 -3.528361E-02  5.000000E-01  3.236030E-01 -3.560223E-02  0.000000E+00  1.993131E-02  6.277546E-04  1.084906E-18 -5.404635E-02  0.000000E+00
  3.396030E-01 -3.457379E-02  5.000000E-01  3.430342E-01 -3.488524E-02  0.000000E+00  1.955748E-02  8.231161E-04  4.023210E-19 -5.962454E-02  0.000000E+00
  3.592490E-01 -3.364253E-02  5.000000E-01  3.628786E-01 -3.394458E-02  0.000000E+00  1.910141E-02  9.989412E-04  9.807071E-19 -5.956930E-02  0.000000E+00
  3.792580E-01 -3.249558E-02  5.000000E-01  3.830897E-01 -3.278604E-02  0.000000E+00  1.858974E-02  1.150228E-03  1.563711E-19 -5.457198E-02  0.000000E+00
  3.995810E-01 -3.114302E-02  5.000000E-01  4.036179E-01 -3.141983E-02  0.000000E+00  1.804630E-02  1.275709E-03 -6.804530E-19 -4.556052E-02  0.000000E+00
  4.201670E-01 -2.960009E-02  5.000000E-01  4.244118E-01 -2.986131E-02  0.000000E+00  1.748797E-02  1.375780E-03 -7.349890E-19 -3.340943E-02  0.000000E+00
  4.409600E-01 -2.788469E-02  5.000000E-01  4.454148E-01 -2.812860E-02  0.000000E+00  1.692135E-02  1.452987E-03 -5.207567E-19 -1.892938E-02  0.000000E+00
  4.619030E-01 -2.601386E-02  5.000000E-01  4.665693E-01 -2.623887E-02  0.000000E+00  1.634504E-02  1.510760E-03  2.710514E-19 -2.719121E-03  0.000000E+00
  4.829360E-01 -2.400256E-02  5.000000E-01  4.878147E-01 -2.420726E-02  0.000000E+00  1.575776E-02  1.550314E-03  1.274116E-18  1.508056E-02  0.000000E+00
  5.039990E-01 -2.186988E-02  5.000000E-01  5.090904E-01 -2.205304E-02  0.000000E+00  1.516376E-02  1.570540E-03  2.185636E-18  3.459670E-02  0.000000E+00
  5.250310E-01 -1.964062E-02  5.000000E-01  5.303348E-01 -1.980127E-02  0.000000E+00  1.457137E-02  1.571413E-03  9.226245E-19  5.567348E-02  0.000000E+00
  5.459710E-01 -1.734229E-02  5.000000E-01  5.514863E-01 -1.747972E-02  0.000000E+00  1.399142E-02  1.555065E-03 -1.290566E-18  7.774683E-02  0.000000E+00
  5.667600E-01 -1.500183E-02  5.000000E-01  5.724853E-01 -1.511563E-02  0.000000E+00  1.344001E-02  1.522605E-03 -7.122065E-19  1.003419E-01  0.000000E+00
  4.704230E-01  5.334076E-02  5.000000E-01  4.751754E-01  5.391714E-02  0.000000E+00  2.212937E-02  7.804365E-04 -6.365010E-18 -1.052023E+00  0.000000E+00
  4.494880E-01  5.253547E-02  5.000000E-01  4.540289E-01  5.310372E-02  0.000000E+00  2.192127E-02  8.824282E-04 -7.348125E-18 -1.043467E+00  0.000000E+00
  4.286690E-01  5.165837E-02  5.000000E-01  4.329997E-01  5.221776E-02  0.000000E+00  2.186209E-02  9.506026E-04 -8.645881E-18 -1.040389E+00  0.000000E+00
  4.080230E-01  5.073386E-02  5.000000E-01  4.121452E-01  5.128392E-02  0.000000E+00  2.196027E-02  1.018135E-03 -8.856927E-18 -1.039470E+00  0.000000E+00
  3.876050E-01  4.975666E-02  5.000000E-01  3.915210E-01  5.029685E-02  0.000000E+00  2.216605E-02  1.099968E-03 -9.397475E-18 -1.038550E+00  0.000000E+00
  3.674690E-01  4.872268E-02  5.000000E-01  3.711816E-01  4.925242E-02  0.000000E+00  2.240756E-02  1.193425E-03 -1.038013E-17 -1.037066E+00  0.000000E+00
  3.476650E-01  4.763031E-02  5.000000E-01  3.511776E-01  4.814902E-02  0.000000E+00  2.263938E-02  1.295101E-03 -1.114565E-17 -1.034972E+00  0.000000E+00
  3.282390E-01  4.647930E-02  5.000000E-01  3.315555E-01  4.698639E-02  0.000000E+00  2.284987E-02  1.405878E-03 -1.198648E-17 -1.032155E+00  0.000000E+00
  3.092330E-01  4.526704E-02  5.000000E-01  3.123575E-01  4.576189E-02  0.000000E+00  2.304490E-02  1.530750E-03 -1.269864E-17 -1.028242E+00  0.000000E+00
  2.906860E-01  4.398665E-02  5.000000E-01  2.936232E-01  4.446857E-02  0.000000E+00  2.322475E-02  1.672715E-03 -1.267042E-17 -1.022964E+00  0.000000E+00
  2.726330E-01  4.263290E-02  5.000000E-01  2.753879E-01  4.310114E-02  0.000000E+00  2.337847E-02  1.830153E-03 -1.303039E-17 -1.016360E+00  0.000000E+00
  2.551020E-01  4.120297E-02  5.000000E-01  2.576799E-01  4.165677E-02  0.000000E+00  2.349497E-02  2.000182E-03 -1.398078E-17 -1.008607E+00  0.000000E+00
  2.381210E-01  3.969732E-02  5.000000E-01  2.405274E-01  4.013592E-02  0.000000E+00  2.357278E-02  2.182465E-03 -1.364059E-17 -9.998826E-01  0.000000E+00
  2.217090E-01  3.811516E-02  5.000000E-01  2.239496E-01  3.853778E-02  0.000000E+00  2.361434E-02  2.375352E-03 -1.305333E-17 -9.908597E-01  0.000000E+00
  2.058840E-01  3.645794E-02  5.000000E-01  2.079648E-01  3.686382E-02  0.000000E+00  2.360591E-02  2.554269E-03 -1.327037E-17 -9.841852E-01  0.000000E+00
  1.906600E-01  3.475505E-02  5.000000E-01  1.925871E-01  3.514373E-02  0.000000E+00  2.354599E-02  2.679060E-03 -1.424543E-17 -9.837270E-01  0.000000E+00
  1.760460E-01  3.306138E-02  5.000000E-01  1.778255E-01  3.343297E-02  0.000000E+00  2.351070E-02  2.753797E-03 -1.859839E-17 -9.902494E-01  0.000000E+00
  1.620500E-01  3.140454E-02  5.000000E-01  1.636881E-01  3.175939E-02  0.000000E+00  2.360145E-02  2.823189E-03 -2.776740E-17 -1.000948E+00  0.000000E+00
  1.486750E-01  2.978895E-02  5.000000E-01  1.501781E-01  3.012749E-02  0.000000E+00  2.384436E-02  2.919034E-03 -4.187914E-17 -1.012757E+00  0.000000E+00
  1.359210E-01  2.820779E-02  5.000000E-01  1.372953E-01  2.853036E-02  0.000000E+00  2.418894E-02  3.050173E-03 -6.324432E-17 -1.023778E+00  0.000000E+00
  1.237890E-01  2.665300E-02  5.000000E-01  1.250407E-01  2.695987E-02  0.000000E+00  2.456113E-02  3.214164E-03 -9.821690E-17 -1.033251E+00  0.000000E+00
  1.122730E-01  2.511548E-02  5.000000E-01  1.134084E-01  2.540681E-02  0.000000E+00  2.490559E-02  3.405764E-03 -1.582957E-16 -1.041201E+00  0.000000E+00
  1.013710E-01  2.358973E-02  5.000000E-01  1.023964E-01  2.386566E-02  0.000000E+00  2.519693E-02  3.618442E-03 -2.608357E-16 -1.048196E+00  0.000000E+00
  9.107400E-02  2.207377E-02  5.000000E-01  9.199536E-02  2.233439E-02  0.000000E+00  2.543769E-02  3.851470E-03 -4.380086E-16 -1.054786E+00  0.000000E+00
  9.107400E-02  2.207377E-02  5.000000E-01  9.199536E-02  2.233439E-02  0.000000E+00  2.543769E-02  3.851470E-03 -4.380086E-16 -1.054786E+00  0.000000E+00
  8.137660E-02  2.056532E-02  5.000000E-01  8.220003E-02  2.081070E-02  0.000000E+00  2.563579E-02  4.103357E-03 -7.450867E-16 -1.061703E+00  0.000000E+00
  7.227050E-02  1.906668E-02  5.000000E-01  7.300197E-02  1.929694E-02  0.000000E+00  2.579587E-02  4.368331E-03 -1.278944E-15 -1.069953E+00  0.000000E+00
  6.374670E-02  1.758285E-02  5.000000E-01  6.439209E-02  1.779812E-02  0.000000E+00  2.592894E-02  4.647658E-03 -2.211346E-15 -1.080200E+00  0.000000E+00
  5.579720E-02  1.611698E-02  5.000000E-01  5.636231E-02  1.631745E-02  0.000000E+00  2.603578E-02  4.937611E-03 -3.828221E-15 -1.093346E+00  0.000000E+00
  4.841260E-02  1.467749E-02  5.000000E-01  4.890313E-02  1.486341E-02  0.000000E+00  2.611463E-02  5.233021E-03 -6.575649E-15 -1.110378E+00  0.000000E+00
  4.158390E-02  1.327202E-02  5.000000E-01  4.200547E-02  1.344375E-02  0.000000E+00  2.617068E-02  5.540419E-03 -1.105086E-14 -1.131684E+00  0.000000E+00
  3.530370E-02  1.190533E-02  5.000000E-01  3.566185E-02  1.206326E-02  0.000000E+00  2.618512E-02  5.854575E-03 -1.784111E-14 -1.158100E+00  0.000000E+00
  2.956270E-02  1.058680E-02  5.000000E-01  2.986287E-02  1.073141E-02  0.000000E+00  2.613105E-02  6.170793E-03 -2.710902E-14 -1.190289E+00  0.000000E+00
  2.435310E-02  9.322876E-03  5.000000E-01  2.460066E-02  9.454728E-03  0.000000E+00  2.596898E-02  6.501152E-03 -3.784308E-14 -1.227664E+00  0.000000E+00
  1.967110E-02  8.113969E-03  5.000000E-01  1.987137E-02  8.233612E-03  0.000000E+00  2.556517E-02  6.816509E-03 -4.717247E-14 -1.270536E+00  0.000000E+00
  1.550860E-02  6.967174E-03  5.000000E-01  1.566684E-02  7.075236E-03  0.000000E+00  2.474228E-02  7.068656E-03 -5.089234E-14 -1.319215E+00  0.000000E+00
  1.185930E-02  5.886109E-03  5.000000E-01  1.198068E-02  5.983253E-03  0.000000E+00  2.340151E-02  7.250360E-03 -4.573497E-14 -1.371860E+00  0.000000E+00
  8.724160E-03  4.866945E-03  5.000000E-01  8.813883E-03  4.953797E-03  0.000000E+00  2.166442E-02  7.388123E-03 -3.216133E-14 -1.428030E+00  0.000000E+00
  6.091130E-03  3.917865E-03  5.000000E-01  6.154263E-03  3.995132E-03  0.000000E+00  2.041149E-02  7.869034E-03 -1.601620E-14 -1.483162E+00  0.000000E+00
  3.952840E-03  3.041605E-03  5.000000E-01  3.994378E-03  3.110023E-03  0.000000E+00  2.120883E-02  9.782980E-03 -5.715770E-15 -1.520303E+00  0.000000E+00
  2.330070E-03  2.225441E-03  5.000000E-01  2.355220E-03  2.285616E-03  0.000000E+00  2.428486E-02  1.424086E-02 -5.107150E-15 -1.527911E+00  0.000000E+00
  1.198080E-03  1.487507E-03  5.000000E-01  1.211798E-03  1.540230E-03  0.000000E+00  2.761524E-02  2.142575E-02 -1.118758E-14 -1.515904E+00  0.000000E+00
  5.019560E-04  8.608652E-04  5.000000E-01  5.086442E-04  9.072602E-04  0.000000E+00  3.038559E-02  3.349318E-02 -1.950087E-14 -1.527419E+00  0.000000E+00
  1.313430E-04  3.773671E-04  5.000000E-01  1.342884E-04  4.188792E-04  0.000000E+00  3.497740E-02  7.019215E-02 -2.823408E-14 -1.563383E+00  0.000000E+00
  8.078190E-06  6.910919E-05  5.000000E-01  9.778777E-06  1.075083E-04  0.000000E+00  3.044721E-02  1.730363E-01 -3.914305E-14 -1.483605E+00  0.000000E+00
 -1.602820E-06 -3.732424E-05  5.000000E-01  0.000000E+00  0.000000E+00  0.000000E+00 -4.974099E-03  2.520635E-01 -5.022193E-14 -1.190057E+00  0.000000E+00
  9.141860E-06 -1.473579E-04  5.000000E-01  1.085319E-05 -1.111449E-04  0.000000E+00 -4.976521E-02  1.967997E-01 -6.097287E-14 -4.670711E-01  0.000000E+00
  1.696960E-04 -4.797647E-04  5.000000E-01  1.730287E-04 -4.469086E-04  0.000000E+00 -6.436611E-02  9.275749E-02 -6.409128E-14  5.426110E-01  0.000000E+00
    1    2
    2    3
    3    4
    4    5
    5    6
    6    7
    7    8
    8    9
    9   10
   10   11
   11   12
   12   13
   13   14
   14   15
   15   16
   16   17
   17   18
   18   19
   19   20
   20   21
   21   22
   22   23
   23   24
   25   26
   26   27
   27   28
   28   29
   29   30
   30   31
   31   32
   32   33
   33   34
   34   35
   35   36
   36   37
   37   38
   38   39
   39   40
   40   41
   41   42
   42   43
   43   44
   44   45
   45   46
   46   47
   47   48
   49   50
   50   51
   51   52
   52   53
   53   54
   54   55
   55   56
   56   57
   57   58
   58   59
   59   60
   60   61
   61   62
   62   63
   63   64
   64   65
   65   66
   66   67
   67   68
   68   69
   69   70
   70   71
   71   72
   73   74
   74   75
   75   76
   76   77
   77   78
   78   79
   79   80
   80   81
   81   82
   82   83
   83   84
   84   85
   85   86
   86   87
   87   88
   88   89
   89   90
   90   91
   91   92
   92   93
   93   94
   94   95
   95   96
   97   98
   98   99
   99  100
  100  101
  101  102
  102  103
  103  104
  104  105
  105  106
  106  107
  107  108
  108  109
  109  110
  110  111
  111  112
  112  113
  113  114
  114  115
  115  116
  116  117
  117  118
  118  119
  119  120
  121  122
  122  123
  123  124
  124  125
  125  126
  126  127
  127  128
  128  129
  129  130
  130  131
  131  132
  132  133
  133  134
  134  135
  135  136
  136  137
  137  138
  138  139
  139  140
  140  141
  141  142
  142  143
  143  144
  145  146
  146  147
  147  148
  148  149
  149  150
  150  151
  151  152
  152  153
  153  154
  154  155
  155  156
  156  157
  157  158
  158  159
  159  160
  160  161
  161  162
  162  163
  163  164
  164  165
  165  166
  166  167
  167  168
  169  170
  170  171
  171  172
  172  173
  173  174
  174  175
  175  176
  176  177
  177  178
  178  179
  179  180
  180  181
  181  182
  182  183
  183  184
  184  185
  185  186
  186  187
  187  188
  188  189
  189  190
  190  191
  191  192
