 Title = "ADflow Slice Data"
Variables =  "CoordinateX"  "CoordinateY"  "CoordinateZ"  "XoC"  "YoC"  "ZoC" "VelocityX" "VelocityY" "VelocityZ" "CoefPressure" "Mach" 
Zone T= "Slice_0001 None Absolute Regular z = 0.50000000"
 Nodes =          192  Elements=          184  ZONETYPE=FELINESEG
 DATAPACKING=POINT
  5.667600E-01 -1.512091E-02  5.000000E-01  5.724853E-01 -1.523487E-02  0.000000E+00  1.341178E-02  1.530186E-03  2.177742E-17  9.988760E-02  0.000000E+00
  5.873410E-01 -1.275927E-02  5.000000E-01  5.932741E-01 -1.284938E-02  0.000000E+00  1.290506E-02  1.479757E-03  1.092770E-17  1.228745E-01  0.000000E+00
  6.076580E-01 -1.043151E-02  5.000000E-01  6.137963E-01 -1.049812E-02  0.000000E+00  1.246005E-02  1.418384E-03  8.530208E-18  1.448324E-01  0.000000E+00
  6.276600E-01 -8.170151E-03  5.000000E-01  6.340003E-01 -8.213918E-03  0.000000E+00  1.207470E-02  1.350282E-03  1.035319E-17  1.651641E-01  0.000000E+00
  6.472970E-01 -5.999659E-03  5.000000E-01  6.538356E-01 -6.021506E-03  0.000000E+00  1.173964E-02  1.280409E-03  1.250361E-17  1.835052E-01  0.000000E+00
  6.665260E-01 -3.931906E-03  5.000000E-01  6.732588E-01 -3.932871E-03  0.000000E+00  1.144464E-02  1.211308E-03  1.543407E-17  2.000630E-01  0.000000E+00
  6.853050E-01 -1.976563E-03  5.000000E-01  6.922274E-01 -1.957781E-03  0.000000E+00  1.118359E-02  1.140454E-03  1.616688E-17  2.156309E-01  0.000000E+00
  7.035980E-01 -1.507713E-04  5.000000E-01  7.107052E-01 -1.135513E-04  0.000000E+00  1.094635E-02  1.065234E-03  1.317919E-17  2.305511E-01  0.000000E+00
  7.213750E-01  1.533605E-03  5.000000E-01  7.286617E-01  1.587835E-03  0.000000E+00  1.071015E-02  9.860443E-04  8.426848E-18  2.444933E-01  0.000000E+00
  7.386080E-01  3.072358E-03  5.000000E-01  7.460687E-01  3.142128E-03  0.000000E+00  1.044597E-02  9.049927E-04  3.457537E-18  2.573850E-01  0.000000E+00
  7.552750E-01  4.470641E-03  5.000000E-01  7.629040E-01  4.554532E-03  0.000000E+00  1.013567E-02  8.263081E-04 -1.270024E-18  2.696570E-01  0.000000E+00
  7.713580E-01  5.741325E-03  5.000000E-01  7.791495E-01  5.838049E-03  0.000000E+00  9.792011E-03  7.517906E-04 -8.169662E-18  2.818680E-01  0.000000E+00
  7.868410E-01  6.895407E-03  5.000000E-01  7.947888E-01  7.003786E-03  0.000000E+00  9.481966E-03  6.641142E-04 -9.397858E-18  2.957420E-01  0.000000E+00
  8.017160E-01  7.872922E-03  5.000000E-01  8.098140E-01  7.991172E-03  0.000000E+00  9.306675E-03  5.403899E-04  1.407095E-17  3.116178E-01  0.000000E+00
  8.159740E-01  8.590491E-03  5.000000E-01  8.242160E-01  8.715988E-03  0.000000E+00  9.329796E-03  3.860605E-04  5.007300E-17  3.245287E-01  0.000000E+00
  8.296120E-01  9.030465E-03  5.000000E-01  8.379918E-01  9.160405E-03  0.000000E+00  9.555121E-03  2.187774E-04  6.098810E-17  3.296073E-01  0.000000E+00
  8.426300E-01  9.209095E-03  5.000000E-01  8.511412E-01  9.340840E-03  0.000000E+00  9.959243E-03  4.535332E-05  4.185098E-17  3.267966E-01  0.000000E+00
  8.550290E-01  9.157743E-03  5.000000E-01  8.636654E-01  9.288969E-03  0.000000E+00  1.051390E-02 -1.332167E-04  1.683213E-17  3.180817E-01  0.000000E+00
  8.668160E-01  8.914131E-03  5.000000E-01  8.755715E-01  9.042896E-03  0.000000E+00  1.119014E-02 -3.157905E-04  5.521918E-18  3.048118E-01  0.000000E+00
  8.779950E-01  8.519515E-03  5.000000E-01  8.868634E-01  8.644295E-03  0.000000E+00  1.195812E-02 -4.998127E-04  7.293964E-18  2.875476E-01  0.000000E+00
  8.885730E-01  8.013164E-03  5.000000E-01  8.975482E-01  8.132830E-03  0.000000E+00  1.278857E-02 -6.827064E-04  1.282611E-17  2.668773E-01  0.000000E+00
  8.985610E-01  7.428445E-03  5.000000E-01  9.076371E-01  7.542207E-03  0.000000E+00  1.364888E-02 -8.577229E-04  2.247133E-17  2.433224E-01  0.000000E+00
  9.079670E-01  6.799131E-03  5.000000E-01  9.171381E-01  6.906537E-03  0.000000E+00  1.449976E-02 -1.012493E-03  2.609808E-17  2.173447E-01  0.000000E+00
  9.168010E-01  6.157726E-03  5.000000E-01  9.260613E-01  6.258654E-03  0.000000E+00  1.530360E-02 -1.137871E-03  8.067860E-18  1.900019E-01  0.000000E+00
  9.168010E-01  6.157726E-03  5.000000E-01  9.260613E-01  6.258654E-03  0.000000E+00  1.530360E-02 -1.137871E-03  8.067860E-18  1.900019E-01  0.000000E+00
  9.250730E-01  5.529033E-03  5.000000E-01  9.344168E-01  5.623613E-03  0.000000E+00  1.603722E-02 -1.235090E-03  1.280790E-18  1.628187E-01  0.000000E+00
  9.327940E-01  4.927293E-03  5.000000E-01  9.422158E-01  5.015796E-03  0.000000E+00  1.670010E-02 -1.315850E-03  1.197557E-18  1.371085E-01  0.000000E+00
  9.399760E-01  4.355781E-03  5.000000E-01  9.494703E-01  4.438512E-03  0.000000E+00  1.730847E-02 -1.391691E-03 -4.508888E-18  1.131401E-01  0.000000E+00
  9.466320E-01  3.815200E-03  5.000000E-01  9.561935E-01  3.892472E-03  0.000000E+00  1.788249E-02 -1.467142E-03  7.064694E-18  9.017590E-02  0.000000E+00
  9.527730E-01  3.306371E-03  5.000000E-01  9.623965E-01  3.378504E-03  0.000000E+00  1.844686E-02 -1.548698E-03  2.968156E-17  6.767629E-02  0.000000E+00
  9.584110E-01  2.827154E-03  5.000000E-01  9.680915E-01  2.894448E-03  0.000000E+00  1.903426E-02 -1.647007E-03  5.953516E-17  4.540894E-02  0.000000E+00
  9.635570E-01  2.374318E-03  5.000000E-01  9.732895E-01  2.437039E-03  0.000000E+00  1.967860E-02 -1.767950E-03  9.226256E-17  2.265617E-02  0.000000E+00
  9.682220E-01  1.946793E-03  5.000000E-01  9.780016E-01  2.005196E-03  0.000000E+00  2.041201E-02 -1.912161E-03  1.554750E-16 -1.670645E-03  0.000000E+00
  9.724140E-01  1.545859E-03  5.000000E-01  9.822359E-01  1.600213E-03  0.000000E+00  2.128252E-02 -2.087647E-03  3.885346E-16 -2.820213E-02  0.000000E+00
  9.761430E-01  1.171440E-03  5.000000E-01  9.860026E-01  1.222013E-03  0.000000E+00  2.237225E-02 -2.311570E-03  1.047086E-15 -5.739059E-02  0.000000E+00
  9.794160E-01  8.242704E-04  5.000000E-01  9.893086E-01  8.713373E-04  0.000000E+00  2.378322E-02 -2.597352E-03  2.160696E-15 -9.031728E-02  0.000000E+00
  9.822400E-01  5.074293E-04  5.000000E-01  9.921611E-01  5.512964E-04  0.000000E+00  2.556633E-02 -2.947188E-03  2.797735E-15 -1.284355E-01  0.000000E+00
  9.846200E-01  2.260650E-04  5.000000E-01  9.945652E-01  2.670907E-04  0.000000E+00  2.759059E-02 -3.347859E-03  7.399609E-16 -1.720943E-01  0.000000E+00
  9.865620E-01 -1.453607E-05  5.000000E-01  9.965268E-01  2.405979E-05  0.000000E+00  2.940959E-02 -3.711580E-03 -5.994030E-15 -2.194031E-01  0.000000E+00
  9.880680E-01 -2.086060E-04  5.000000E-01  9.980480E-01 -1.719700E-04  0.000000E+00  2.987557E-02 -3.826696E-03 -1.307455E-14 -2.766120E-01  0.000000E+00
  9.891420E-01 -3.514239E-04  5.000000E-01  9.991328E-01 -3.162303E-04  0.000000E+00  2.812837E-02 -3.911130E-03  2.247217E-14 -3.434965E-01  0.000000E+00
  9.897860E-01 -4.389487E-04  5.000000E-01  9.997833E-01 -4.046389E-04  0.000000E+00  3.788607E-02 -4.013262E-03  1.724522E-13 -2.893911E-01  0.000000E+00
  9.900000E-01 -4.683023E-04  5.000000E-01  9.999995E-01 -4.342889E-04  0.000000E+00  2.618838E-02  5.267622E-03  1.727379E-13 -5.820152E-01  0.000000E+00
  9.900000E-01 -1.843754E-04  5.000000E-01  9.999995E-01 -1.474947E-04  0.000000E+00  1.229772E-03 -7.885231E-03  1.172625E-13 -8.088085E-01  0.000000E+00
  9.900000E-01  9.955150E-05  5.000000E-01  9.999995E-01  1.392995E-04  0.000000E+00 -4.468899E-04 -2.274865E-02  1.131499E-13 -6.283583E-01  0.000000E+00
  9.900000E-01  3.834784E-04  5.000000E-01  9.999995E-01  4.260937E-04  0.000000E+00 -1.435994E-04 -8.862957E-03  4.839984E-14 -6.283144E-01  0.000000E+00
  9.900000E-01  6.674053E-04  5.000000E-01  9.999995E-01  7.128880E-04  0.000000E+00  4.646599E-04 -5.229922E-03  2.433251E-14 -6.881951E-01  0.000000E+00
  9.900000E-01  9.513321E-04  5.000000E-01  9.999995E-01  9.996822E-04  0.000000E+00  6.797363E-03 -6.632432E-03 -5.360020E-15 -6.299438E-01  0.000000E+00
  9.900000E-01  9.513321E-04  5.000000E-01  9.999995E-01  9.996822E-04  0.000000E+00  6.797363E-03 -6.632432E-03 -5.360020E-15 -6.299438E-01  0.000000E+00
  9.897890E-01  1.017904E-03  5.000000E-01  9.997864E-01  1.066926E-03  0.000000E+00  9.015804E-03 -3.469597E-03 -2.757394E-14 -5.523834E-01  0.000000E+00
  9.891540E-01  1.218674E-03  5.000000E-01  9.991450E-01  1.269724E-03  0.000000E+00  4.567803E-03 -1.351287E-03 -2.452662E-14 -5.709858E-01  0.000000E+00
  9.880950E-01  1.555408E-03  5.000000E-01  9.980753E-01  1.609858E-03  0.000000E+00  3.024816E-03 -9.609320E-04 -4.833901E-15 -5.705458E-01  0.000000E+00
  9.866100E-01  2.031333E-03  5.000000E-01  9.965753E-01  2.090590E-03  0.000000E+00  1.983777E-03 -6.497858E-04 -3.301343E-16 -5.626459E-01  0.000000E+00
  9.846960E-01  2.650662E-03  5.000000E-01  9.946419E-01  2.716174E-03  0.000000E+00  9.959190E-04 -3.234664E-04 -2.587931E-16 -5.590081E-01  0.000000E+00
  9.823490E-01  3.418251E-03  5.000000E-01  9.922712E-01  3.491515E-03  0.000000E+00  1.849892E-04 -5.918672E-05 -2.058535E-16 -5.580286E-01  0.000000E+00
  9.795670E-01  4.338749E-03  5.000000E-01  9.894611E-01  4.421308E-03  0.000000E+00 -4.278307E-04  1.427320E-04 -1.066808E-16 -5.582705E-01  0.000000E+00
  9.763420E-01  5.417935E-03  5.000000E-01  9.862036E-01  5.511392E-03  0.000000E+00 -8.716032E-04  2.932885E-04 -5.771687E-17 -5.597152E-01  0.000000E+00
  9.726710E-01  6.659543E-03  5.000000E-01  9.824955E-01  6.765540E-03  0.000000E+00 -1.170636E-03  3.977069E-04 -3.713151E-17 -5.622490E-01  0.000000E+00
  9.685460E-01  8.066753E-03  5.000000E-01  9.783288E-01  8.186961E-03  0.000000E+00 -1.342212E-03  4.594705E-04 -2.453308E-17 -5.654524E-01  0.000000E+00
  9.639600E-01  9.641707E-03  5.000000E-01  9.736965E-01  9.777820E-03  0.000000E+00 -1.402968E-03  4.831453E-04 -1.574997E-17 -5.688175E-01  0.000000E+00
  9.589060E-01  1.138655E-02  5.000000E-01  9.685915E-01  1.154029E-02  0.000000E+00 -1.373317E-03  4.750019E-04 -1.042726E-17 -5.718684E-01  0.000000E+00
  9.533750E-01  1.330247E-02  5.000000E-01  9.630046E-01  1.347555E-02  0.000000E+00 -1.279126E-03  4.433679E-04 -7.351461E-18 -5.742414E-01  0.000000E+00
  9.473580E-01  1.538821E-02  5.000000E-01  9.569269E-01  1.558236E-02  0.000000E+00 -1.150225E-03  3.983939E-04 -2.355206E-18 -5.757515E-01  0.000000E+00
  9.408450E-01  1.764045E-02  5.000000E-01  9.503481E-01  1.785734E-02  0.000000E+00 -1.016827E-03  3.507781E-04  6.655118E-18 -5.764280E-01  0.000000E+00
  9.338260E-01  2.005389E-02  5.000000E-01  9.432582E-01  2.029516E-02  0.000000E+00 -9.056319E-04  3.100158E-04  2.059596E-17 -5.764994E-01  0.000000E+00
  9.262910E-01  2.262009E-02  5.000000E-01  9.356471E-01  2.288727E-02  0.000000E+00 -8.372171E-04  2.831358E-04  4.238708E-17 -5.763183E-01  0.000000E+00
  9.182290E-01  2.532623E-02  5.000000E-01  9.275037E-01  2.562074E-02  0.000000E+00 -8.254897E-04  2.742205E-04  6.936761E-17 -5.762552E-01  0.000000E+00
  9.096280E-01  2.815459E-02  5.000000E-01  9.188158E-01  2.847766E-02  0.000000E+00 -8.781341E-04  2.845103E-04  8.902821E-17 -5.766707E-01  0.000000E+00
  9.004770E-01  3.108169E-02  5.000000E-01  9.095724E-01  3.143432E-02  0.000000E+00 -9.969758E-04  3.126267E-04  9.975037E-17 -5.778800E-01  0.000000E+00
  8.907650E-01  3.407660E-02  5.000000E-01  8.997623E-01  3.445948E-02  0.000000E+00 -1.179223E-03  3.542492E-04  1.277826E-16 -5.799681E-01  0.000000E+00
  8.804800E-01  3.709793E-02  5.000000E-01  8.893735E-01  3.751132E-02  0.000000E+00 -1.418033E-03  4.017111E-04 -2.715104E-18 -5.828355E-01  0.000000E+00
  8.696090E-01  4.008991E-02  5.000000E-01  8.783927E-01  4.053352E-02  0.000000E+00 -1.699116E-03  4.455716E-04 -4.039913E-17 -5.864172E-01  0.000000E+00
  8.696090E-01  4.008991E-02  5.000000E-01  8.783927E-01  4.053352E-02  0.000000E+00 -1.699116E-03  4.455716E-04 -4.039913E-17 -5.864172E-01  0.000000E+00
  8.581400E-01  4.298047E-02  5.000000E-01  8.668079E-01  4.345327E-02  0.000000E+00 -2.002436E-03  4.769049E-04 -1.514137E-16 -5.897239E-01  0.000000E+00
  8.460600E-01  4.568543E-02  5.000000E-01  8.546059E-01  4.618554E-02  0.000000E+00 -2.310227E-03  4.855551E-04 -2.353001E-16 -5.905549E-01  0.000000E+00
  8.333640E-01  4.812492E-02  5.000000E-01  8.417817E-01  4.864967E-02  0.000000E+00 -2.567434E-03  4.509393E-04 -3.765417E-17 -5.921081E-01  0.000000E+00
  8.200460E-01  5.022336E-02  5.000000E-01  8.283292E-01  5.076930E-02  0.000000E+00 -2.540685E-03  3.448713E-04 -1.959919E-16 -6.136444E-01  0.000000E+00
  8.061050E-01  5.191333E-02  5.000000E-01  8.142474E-01  5.247634E-02  0.000000E+00 -1.648272E-03  1.621406E-04 -4.931503E-16 -6.844037E-01  0.000000E+00
  7.915460E-01  5.316907E-02  5.000000E-01  7.995413E-01  5.374476E-02  0.000000E+00  9.923876E-04 -5.249834E-05 -3.279851E-16 -8.104029E-01  0.000000E+00
  7.763770E-01  5.402980E-02  5.000000E-01  7.842191E-01  5.461419E-02  0.000000E+00  5.991229E-03 -2.164760E-04  5.689024E-17 -9.517201E-01  0.000000E+00
  7.606070E-01  5.456484E-02  5.000000E-01  7.682899E-01  5.515463E-02  0.000000E+00  1.260955E-02 -2.326995E-04  3.964058E-17 -1.050195E+00  0.000000E+00
  7.442510E-01  5.478149E-02  5.000000E-01  7.517687E-01  5.537347E-02  0.000000E+00  1.845455E-02 -4.496316E-05 -2.179290E-16 -1.081602E+00  0.000000E+00
  7.273250E-01  5.469763E-02  5.000000E-01  7.346718E-01  5.528875E-02  0.000000E+00  2.145706E-02  2.562019E-04 -2.373659E-16 -1.067291E+00  0.000000E+00
  7.098490E-01  5.436571E-02  5.000000E-01  7.170193E-01  5.495349E-02  0.000000E+00  2.167883E-02  4.875434E-04 -5.336465E-17 -1.042297E+00  0.000000E+00
  6.918480E-01  5.388183E-02  5.000000E-01  6.988365E-01  5.446472E-02  0.000000E+00  2.053741E-02  5.378156E-04  7.595818E-17 -1.031197E+00  0.000000E+00
  6.733520E-01  5.339610E-02  5.000000E-01  6.801537E-01  5.397409E-02  0.000000E+00  1.933102E-02  3.966242E-04  1.056060E-16 -1.044708E+00  0.000000E+00
  6.543930E-01  5.310810E-02  5.000000E-01  6.610032E-01  5.368317E-02  0.000000E+00  1.875465E-02  1.294306E-04  7.248382E-17 -1.079364E+00  0.000000E+00
  6.350090E-01  5.313746E-02  5.000000E-01  6.414235E-01  5.371284E-02  0.000000E+00  1.903441E-02 -1.468034E-04  3.081073E-18 -1.119808E+00  0.000000E+00
  6.152440E-01  5.341693E-02  5.000000E-01  6.214589E-01  5.399512E-02  0.000000E+00  1.996351E-02 -3.486284E-04 -5.683259E-17 -1.151524E+00  0.000000E+00
  5.951420E-01  5.383647E-02  5.000000E-01  6.011539E-01  5.441890E-02  0.000000E+00  2.108742E-02 -4.395282E-04 -7.570241E-17 -1.167553E+00  0.000000E+00
  5.747530E-01  5.426568E-02  5.000000E-01  5.805590E-01  5.485244E-02  0.000000E+00  2.203838E-02 -3.839942E-04 -2.154647E-17 -1.165434E+00  0.000000E+00
  5.541290E-01  5.455981E-02  5.000000E-01  5.597267E-01  5.514955E-02  0.000000E+00  2.264734E-02 -1.704730E-04  7.431363E-17 -1.146602E+00  0.000000E+00
  5.333260E-01  5.458123E-02  5.000000E-01  5.387136E-01  5.517118E-02  0.000000E+00  2.285310E-02  1.287724E-04  1.066303E-16 -1.118458E+00  0.000000E+00
  5.124010E-01  5.431926E-02  5.000000E-01  5.175773E-01  5.490656E-02  0.000000E+00  2.270615E-02  4.073136E-04  6.535632E-17 -1.090540E+00  0.000000E+00
  4.914140E-01  5.382398E-02  5.000000E-01  4.963783E-01  5.440629E-02  0.000000E+00  2.239011E-02  6.211474E-04  2.371741E-17 -1.068257E+00  0.000000E+00
  4.704230E-01  5.315127E-02  5.000000E-01  4.751754E-01  5.372678E-02  0.000000E+00  2.208376E-02  7.684194E-04  2.200770E-17 -1.053655E+00  0.000000E+00
  1.696960E-04 -4.810012E-04  5.000000E-01  1.730287E-04 -4.471162E-04  0.000000E+00 -6.436949E-02  9.282100E-02  5.908311E-13  5.409117E-01  0.000000E+00
  8.054360E-04 -9.781858E-04  5.000000E-01  8.151890E-04 -9.493217E-04  0.000000E+00 -4.693412E-02  3.286234E-02  2.361002E-13  1.106832E+00  0.000000E+00
  1.973980E-03 -1.585099E-03  5.000000E-01  1.995534E-03 -1.562364E-03  0.000000E+00 -2.105153E-02  1.047951E-02  5.328974E-14  1.176614E+00  0.000000E+00
  3.614630E-03 -2.299724E-03  5.000000E-01  3.652753E-03 -2.284206E-03  0.000000E+00 -4.055462E-03  1.772904E-03  1.775456E-14  1.152925E+00  0.000000E+00
  5.721210E-03 -3.130488E-03  5.000000E-01  5.780607E-03 -3.123360E-03  0.000000E+00  5.020204E-03 -1.863738E-03  1.524976E-14  1.122580E+00  0.000000E+00
  8.297500E-03 -4.074912E-03  5.000000E-01  8.382914E-03 -4.077321E-03  0.000000E+00  9.329718E-03 -3.267923E-03  1.138889E-14  1.078245E+00  0.000000E+00
  1.136560E-02 -5.113390E-03  5.000000E-01  1.148200E-02 -5.126287E-03  0.000000E+00  1.109806E-02 -3.619100E-03  6.301225E-15  1.023816E+00  0.000000E+00
  1.493280E-02 -6.234674E-03  5.000000E-01  1.508522E-02 -6.258894E-03  0.000000E+00  1.169361E-02 -3.584647E-03  2.808764E-15  9.693045E-01  0.000000E+00
  1.899460E-02 -7.447075E-03  5.000000E-01  1.918804E-02 -7.483539E-03  0.000000E+00  1.195003E-02 -3.514721E-03  1.067567E-15  9.186113E-01  0.000000E+00
  2.354800E-02 -8.766643E-03  5.000000E-01  2.378743E-02 -8.816433E-03  0.000000E+00  1.228449E-02 -3.506766E-03  3.612657E-16  8.687298E-01  0.000000E+00
  2.860130E-02 -1.018889E-02  5.000000E-01  2.889176E-02 -1.025304E-02  0.000000E+00  1.281568E-02 -3.545769E-03  1.030449E-16  8.170141E-01  0.000000E+00
  3.416500E-02 -1.170273E-02  5.000000E-01  3.451165E-02 -1.178217E-02  0.000000E+00  1.352515E-02 -3.613182E-03 -5.131728E-18  7.646884E-01  0.000000E+00
  4.024810E-02 -1.329897E-02  5.000000E-01  4.065618E-02 -1.339453E-02  0.000000E+00  1.435424E-02 -3.689798E-03 -7.356181E-17  7.126638E-01  0.000000E+00
  4.686030E-02 -1.496531E-02  5.000000E-01  4.733516E-02 -1.507770E-02  0.000000E+00  1.523856E-02 -3.755783E-03 -1.294691E-16  6.607241E-01  0.000000E+00
  5.401090E-02 -1.669008E-02  5.000000E-01  5.455797E-02 -1.681989E-02  0.000000E+00  1.613137E-02 -3.802740E-03 -1.769148E-16  6.089384E-01  0.000000E+00
  6.170850E-02 -1.846464E-02  5.000000E-01  6.233331E-02 -1.861237E-02  0.000000E+00  1.700706E-02 -3.822347E-03 -2.202205E-16  5.569342E-01  0.000000E+00
  6.996310E-02 -2.027466E-02  5.000000E-01  7.067127E-02 -2.044067E-02  0.000000E+00  1.785186E-02 -3.802097E-03 -2.608016E-16  5.040084E-01  0.000000E+00
  7.878500E-02 -2.210053E-02  5.000000E-01  7.958226E-02 -2.228497E-02  0.000000E+00  1.866268E-02 -3.738375E-03 -3.011202E-16  4.503583E-01  0.000000E+00
  8.818390E-02 -2.392309E-02  5.000000E-01  8.907608E-02 -2.412594E-02  0.000000E+00  1.944092E-02 -3.631270E-03 -3.462322E-16  3.964185E-01  0.000000E+00
  9.816930E-02 -2.571981E-02  5.000000E-01  9.916232E-02 -2.594080E-02  0.000000E+00  2.018114E-02 -3.476132E-03 -3.862159E-16  3.422496E-01  0.000000E+00
  1.087500E-01 -2.746381E-02  5.000000E-01  1.098499E-01 -2.770242E-02  0.000000E+00  2.086716E-02 -3.269478E-03 -4.025141E-16  2.882736E-01  0.000000E+00
  1.199340E-01 -2.912778E-02  5.000000E-01  1.211468E-01 -2.938319E-02  0.000000E+00  2.146414E-02 -3.006292E-03 -4.501013E-16  2.351947E-01  0.000000E+00
  1.317280E-01 -3.067964E-02  5.000000E-01  1.330599E-01 -3.095073E-02  0.000000E+00  2.191143E-02 -2.677737E-03 -4.456295E-16  1.838610E-01  0.000000E+00
  1.441380E-01 -3.208205E-02  5.000000E-01  1.455952E-01 -3.236730E-02  0.000000E+00  2.213785E-02 -2.283778E-03 -4.457642E-16  1.360567E-01  0.000000E+00
  1.441380E-01 -3.208205E-02  5.000000E-01  1.455952E-01 -3.236730E-02  0.000000E+00  2.213785E-02 -2.283778E-03 -4.457642E-16  1.360567E-01  0.000000E+00
  1.571670E-01 -3.329854E-02  5.000000E-01  1.587558E-01 -3.359607E-02  0.000000E+00  2.209227E-02 -1.838126E-03 -4.251563E-16  9.435892E-02  0.000000E+00
  1.708170E-01 -3.429419E-02  5.000000E-01  1.725437E-01 -3.460178E-02  0.000000E+00  2.178420E-02 -1.370481E-03 -3.485438E-16  6.149966E-02  0.000000E+00
  1.850860E-01 -3.504530E-02  5.000000E-01  1.869568E-01 -3.536047E-02  0.000000E+00  2.131748E-02 -9.338002E-04 -3.731586E-16  3.982930E-02  0.000000E+00
  1.999720E-01 -3.556045E-02  5.000000E-01  2.019931E-01 -3.588083E-02  0.000000E+00  2.087269E-02 -5.963717E-04 -3.884135E-16  3.008163E-02  0.000000E+00
  2.154670E-01 -3.590524E-02  5.000000E-01  2.176446E-01 -3.622910E-02  0.000000E+00  2.059285E-02 -3.845701E-04 -3.352720E-16  2.788749E-02  0.000000E+00
  2.315610E-01 -3.614983E-02  5.000000E-01  2.339011E-01 -3.647616E-02  0.000000E+00  2.046553E-02 -2.365202E-04 -2.612996E-16  2.316918E-02  0.000000E+00
  2.482400E-01 -3.628590E-02  5.000000E-01  2.507486E-01 -3.661360E-02  0.000000E+00  2.039622E-02 -8.598504E-05 -1.974803E-16  1.044663E-02  0.000000E+00
  2.654840E-01 -3.629144E-02  5.000000E-01  2.681667E-01 -3.661920E-02  0.000000E+00  2.031785E-02  8.201833E-05 -1.390987E-16 -7.126407E-03  0.000000E+00
  2.832720E-01 -3.614100E-02  5.000000E-01  2.861343E-01 -3.646724E-02  0.000000E+00  2.019299E-02  2.651829E-04 -7.756957E-17 -2.452138E-02  0.000000E+00
  3.015770E-01 -3.581326E-02  5.000000E-01  3.046242E-01 -3.613619E-02  0.000000E+00  2.000596E-02  4.541218E-04 -1.122939E-17 -3.832989E-02  0.000000E+00
  3.203660E-01 -3.529491E-02  5.000000E-01  3.236030E-01 -3.561261E-02  0.000000E+00  1.975478E-02  6.384629E-04  4.438792E-17 -4.740045E-02  0.000000E+00
  3.396030E-01 -3.458067E-02  5.000000E-01  3.430342E-01 -3.489116E-02  0.000000E+00  1.944280E-02  8.116551E-04  6.837112E-17 -5.207486E-02  0.000000E+00
  3.592490E-01 -3.366853E-02  5.000000E-01  3.628786E-01 -3.396980E-02  0.000000E+00  1.907294E-02  9.716685E-04  6.874607E-17 -5.312559E-02  0.000000E+00
  3.792580E-01 -3.255729E-02  5.000000E-01  3.830897E-01 -3.284734E-02  0.000000E+00  1.864817E-02  1.117242E-03  7.041412E-17 -5.093689E-02  0.000000E+00
  3.995810E-01 -3.124873E-02  5.000000E-01  4.036179E-01 -3.152557E-02  0.000000E+00  1.817241E-02  1.245998E-03  7.452036E-17 -4.542517E-02  0.000000E+00
  4.201670E-01 -2.974883E-02  5.000000E-01  4.244118E-01 -3.001051E-02  0.000000E+00  1.764856E-02  1.356244E-03  7.109403E-17 -3.650024E-02  0.000000E+00
  4.409600E-01 -2.806556E-02  5.000000E-01  4.454148E-01 -2.831025E-02  0.000000E+00  1.707902E-02  1.447424E-03  6.623720E-17 -2.427829E-02  0.000000E+00
  4.619030E-01 -2.620844E-02  5.000000E-01  4.665693E-01 -2.643437E-02  0.000000E+00  1.647150E-02  1.517609E-03  6.742050E-17 -8.848663E-03  0.000000E+00
  4.829360E-01 -2.419482E-02  5.000000E-01  4.878147E-01 -2.440041E-02  0.000000E+00  1.584034E-02  1.564277E-03  6.627752E-17  9.608609E-03  0.000000E+00
  5.039990E-01 -2.204854E-02  5.000000E-01  5.090904E-01 -2.223246E-02  0.000000E+00  1.520264E-02  1.586660E-03  5.527088E-17  3.055417E-02  0.000000E+00
  5.250310E-01 -1.979935E-02  5.000000E-01  5.303348E-01 -1.996056E-02  0.000000E+00  1.457528E-02  1.586171E-03  4.558786E-17  5.316364E-02  0.000000E+00
  5.459710E-01 -1.747971E-02  5.000000E-01  5.514863E-01 -1.761749E-02  0.000000E+00  1.397322E-02  1.566372E-03  3.655768E-17  7.649414E-02  0.000000E+00
  5.667600E-01 -1.512091E-02  5.000000E-01  5.724853E-01 -1.523487E-02  0.000000E+00  1.341178E-02  1.530186E-03  2.177742E-17  9.988760E-02  0.000000E+00
  4.704230E-01  5.315127E-02  5.000000E-01  4.751754E-01  5.372678E-02  0.000000E+00  2.208376E-02  7.684194E-04  2.200770E-17 -1.053655E+00  0.000000E+00
  4.494880E-01  5.236177E-02  5.000000E-01  4.540289E-01  5.292931E-02  0.000000E+00  2.188902E-02  8.563008E-04  4.045237E-17 -1.046913E+00  0.000000E+00
  4.286690E-01  5.151603E-02  5.000000E-01  4.329997E-01  5.207503E-02  0.000000E+00  2.185886E-02  9.112435E-04  5.409850E-17 -1.045625E+00  0.000000E+00
  4.080230E-01  5.063483E-02  5.000000E-01  4.121452E-01  5.118492E-02  0.000000E+00  2.200111E-02  9.726010E-04  6.480947E-17 -1.045760E+00  0.000000E+00
  3.876050E-01  4.970326E-02  5.000000E-01  3.915210E-01  5.024395E-02  0.000000E+00  2.225403E-02  1.058242E-03  6.878037E-17 -1.044708E+00  0.000000E+00
  3.674690E-01  4.870801E-02  5.000000E-01  3.711816E-01  4.923865E-02  0.000000E+00  2.252956E-02  1.165200E-03  6.652127E-17 -1.041795E+00  0.000000E+00
  3.476650E-01  4.763907E-02  5.000000E-01  3.511776E-01  4.815891E-02  0.000000E+00  2.277213E-02  1.289157E-03  5.811820E-17 -1.037079E+00  0.000000E+00
  3.282390E-01  4.648879E-02  5.000000E-01  3.315555E-01  4.699701E-02  0.000000E+00  2.296504E-02  1.427310E-03  3.536527E-17 -1.030914E+00  0.000000E+00
  3.092330E-01  4.525199E-02  5.000000E-01  3.123575E-01  4.574772E-02  0.000000E+00  2.311079E-02  1.574499E-03 -6.881603E-18 -1.023939E+00  0.000000E+00
  2.906860E-01  4.393164E-02  5.000000E-01  2.936232E-01  4.441404E-02  0.000000E+00  2.321905E-02  1.725615E-03 -5.857414E-17 -1.016786E+00  0.000000E+00
  2.726330E-01  4.253337E-02  5.000000E-01  2.753879E-01  4.300165E-02  0.000000E+00  2.330218E-02  1.879818E-03 -1.065486E-16 -1.009717E+00  0.000000E+00
  2.551020E-01  4.106267E-02  5.000000E-01  2.576799E-01  4.151610E-02  0.000000E+00  2.336857E-02  2.038211E-03 -1.441846E-16 -1.002731E+00  0.000000E+00
  2.381210E-01  3.952548E-02  5.000000E-01  2.405274E-01  3.996338E-02  0.000000E+00  2.342413E-02  2.204200E-03 -1.720465E-16 -9.956814E-01  0.000000E+00
  2.217090E-01  3.792399E-02  5.000000E-01  2.239496E-01  3.834572E-02  0.000000E+00  2.346861E-02  2.379009E-03 -1.986420E-16 -9.888706E-01  0.000000E+00
  2.058840E-01  3.626070E-02  5.000000E-01  2.079648E-01  3.666564E-02  0.000000E+00  2.348228E-02  2.541395E-03 -2.322378E-16 -9.845099E-01  0.000000E+00
  1.906600E-01  3.456321E-02  5.000000E-01  1.925871E-01  3.495101E-02  0.000000E+00  2.345749E-02  2.655119E-03 -2.705433E-16 -9.859904E-01  0.000000E+00
  1.760460E-01  3.288191E-02  5.000000E-01  1.778255E-01  3.325272E-02  0.000000E+00  2.346113E-02  2.724888E-03 -3.074967E-16 -9.938300E-01  0.000000E+00
  1.620500E-01  3.124089E-02  5.000000E-01  1.636881E-01  3.159513E-02  0.000000E+00  2.358454E-02  2.792799E-03 -3.446448E-16 -1.005274E+00  0.000000E+00
  1.486750E-01  2.964236E-02  5.000000E-01  1.501781E-01  2.998046E-02  0.000000E+00  2.384853E-02  2.888488E-03 -3.899007E-16 -1.017407E+00  0.000000E+00
  1.359210E-01  2.807813E-02  5.000000E-01  1.372953E-01  2.840043E-02  0.000000E+00  2.420292E-02  3.019850E-03 -4.468688E-16 -1.028485E+00  0.000000E+00
  1.237890E-01  2.653938E-02  5.000000E-01  1.250407E-01  2.684614E-02  0.000000E+00  2.457722E-02  3.184267E-03 -5.317729E-16 -1.037862E+00  0.000000E+00
  1.122730E-01  2.501661E-02  5.000000E-01  1.134084E-01  2.530799E-02  0.000000E+00  2.492003E-02  3.376578E-03 -7.242305E-16 -1.045637E+00  0.000000E+00
  1.013710E-01  2.350415E-02  5.000000E-01  1.023964E-01  2.378026E-02  0.000000E+00  2.520859E-02  3.590295E-03 -1.002275E-15 -1.052420E+00  0.000000E+00
  9.107400E-02  2.200000E-02  5.000000E-01  9.199536E-02  2.226091E-02  0.000000E+00  2.544653E-02  3.824626E-03 -1.349567E-15 -1.058786E+00  0.000000E+00
  9.107400E-02  2.200000E-02  5.000000E-01  9.199536E-02  2.226091E-02  0.000000E+00  2.544653E-02  3.824626E-03 -1.349567E-15 -1.058786E+00  0.000000E+00
  8.137660E-02  2.050190E-02  5.000000E-01  8.220003E-02  2.074769E-02  0.000000E+00  2.564193E-02  4.077939E-03 -1.917138E-15 -1.065482E+00  0.000000E+00
  7.227050E-02  1.901229E-02  5.000000E-01  7.300197E-02  1.924303E-02  0.000000E+00  2.579917E-02  4.344303E-03 -2.803472E-15 -1.073522E+00  0.000000E+00
  6.374670E-02  1.753625E-02  5.000000E-01  6.439209E-02  1.775209E-02  0.000000E+00  2.592904E-02  4.624842E-03 -4.238908E-15 -1.083577E+00  0.000000E+00
  5.579720E-02  1.607711E-02  5.000000E-01  5.636231E-02  1.627821E-02  0.000000E+00  2.603217E-02  4.915720E-03 -6.557757E-15 -1.096553E+00  0.000000E+00
  4.841260E-02  1.464339E-02  5.000000E-01  4.890313E-02  1.483002E-02  0.000000E+00  2.610671E-02  5.211677E-03 -1.017107E-14 -1.113441E+00  0.000000E+00
  4.158390E-02  1.324291E-02  5.000000E-01  4.200547E-02  1.341539E-02  0.000000E+00  2.615782E-02  5.519168E-03 -1.572449E-14 -1.134633E+00  0.000000E+00
  3.530370E-02  1.188052E-02  5.000000E-01  3.566185E-02  1.203924E-02  0.000000E+00  2.616655E-02  5.832876E-03 -2.373974E-14 -1.160968E+00  0.000000E+00
  2.956270E-02  1.056575E-02  5.000000E-01  2.986287E-02  1.071119E-02  0.000000E+00  2.610568E-02  6.147984E-03 -3.392829E-14 -1.193110E+00  0.000000E+00
  2.435310E-02  9.305121E-03  5.000000E-01  2.460066E-02  9.437835E-03  0.000000E+00  2.593526E-02  6.476366E-03 -4.428688E-14 -1.230471E+00  0.000000E+00
  1.967110E-02  8.099134E-03  5.000000E-01  1.987137E-02  8.219669E-03  0.000000E+00  2.552076E-02  6.788630E-03 -5.100367E-14 -1.273363E+00  0.000000E+00
  1.550860E-02  6.954950E-03  5.000000E-01  1.566684E-02  7.063930E-03  0.000000E+00  2.468436E-02  7.036330E-03 -5.091905E-14 -1.322090E+00  0.000000E+00
  1.185930E-02  5.876232E-03  5.000000E-01  1.198068E-02  5.974318E-03  0.000000E+00  2.332840E-02  7.212206E-03 -4.610656E-14 -1.374805E+00  0.000000E+00
  8.724160E-03  4.859163E-03  5.000000E-01  8.813883E-03  4.946978E-03  0.000000E+00  2.157877E-02  7.343878E-03 -4.596676E-14 -1.431048E+00  0.000000E+00
  6.091130E-03  3.911940E-03  5.000000E-01  6.154263E-03  3.990189E-03  0.000000E+00  2.032373E-02  7.820675E-03 -6.329975E-14 -1.486224E+00  0.000000E+00
  3.952840E-03  3.037283E-03  5.000000E-01  3.994378E-03  3.106698E-03  0.000000E+00  2.113552E-02  9.733969E-03 -1.153459E-13 -1.523399E+00  0.000000E+00
  2.330070E-03  2.222405E-03  5.000000E-01  2.355220E-03  2.283592E-03  0.000000E+00  2.423880E-02  1.419534E-02 -2.168211E-13 -1.531087E+00  0.000000E+00
  1.198080E-03  1.485420E-03  5.000000E-01  1.211798E-03  1.539164E-03  0.000000E+00  2.759964E-02  2.139018E-02 -2.581763E-13 -1.519247E+00  0.000000E+00
  5.019560E-04  8.593888E-04  5.000000E-01  5.086442E-04  9.068103E-04  0.000000E+00  3.041172E-02  3.350385E-02  1.874278E-14 -1.530791E+00  0.000000E+00
  1.313430E-04  3.762248E-04  5.000000E-01  1.342884E-04  4.187669E-04  0.000000E+00  3.506358E-02  7.036315E-02 -1.380637E-12 -1.566086E+00  0.000000E+00
  8.078190E-06  6.807409E-05  5.000000E-01  9.778777E-06  1.075042E-04  0.000000E+00  3.054282E-02  1.732848E-01 -4.682154E-12 -1.484755E+00  0.000000E+00
 -1.602820E-06 -3.835531E-05  5.000000E-01  0.000000E+00  0.000000E+00  0.000000E+00 -4.944394E-03  2.521461E-01 -1.917238E-12 -1.190861E+00  0.000000E+00
  9.141860E-06 -1.484062E-04  5.000000E-01  1.085319E-05 -1.111623E-04  0.000000E+00 -4.976276E-02  1.967991E-01  1.646211E-12 -4.687308E-01  0.000000E+00
  1.696960E-04 -4.810012E-04  5.000000E-01  1.730287E-04 -4.471162E-04  0.000000E+00 -6.436949E-02  9.282100E-02  5.908311E-13  5.409117E-01  0.000000E+00
    1    2
    2    3
    3    4
    4    5
    5    6
    6    7
    7    8
    8    9
    9   10
   10   11
   11   12
   12   13
   13   14
   14   15
   15   16
   16   17
   17   18
   18   19
   19   20
   20   21
   21   22
   22   23
   23   24
   25   26
   26   27
   27   28
   28   29
   29   30
   30   31
   31   32
   32   33
   33   34
   34   35
   35   36
   36   37
   37   38
   38   39
   39   40
   40   41
   41   42
   42   43
   43   44
   44   45
   45   46
   46   47
   47   48
   49   50
   50   51
   51   52
   52   53
   53   54
   54   55
   55   56
   56   57
   57   58
   58   59
   59   60
   60   61
   61   62
   62   63
   63   64
   64   65
   65   66
   66   67
   67   68
   68   69
   69   70
   70   71
   71   72
   73   74
   74   75
   75   76
   76   77
   77   78
   78   79
   79   80
   80   81
   81   82
   82   83
   83   84
   84   85
   85   86
   86   87
   87   88
   88   89
   89   90
   90   91
   91   92
   92   93
   93   94
   94   95
   95   96
   97   98
   98   99
   99  100
  100  101
  101  102
  102  103
  103  104
  104  105
  105  106
  106  107
  107  108
  108  109
  109  110
  110  111
  111  112
  112  113
  113  114
  114  115
  115  116
  116  117
  117  118
  118  119
  119  120
  121  122
  122  123
  123  124
  124  125
  125  126
  126  127
  127  128
  128  129
  129  130
  130  131
  131  132
  132  133
  133  134
  134  135
  135  136
  136  137
  137  138
  138  139
  139  140
  140  141
  141  142
  142  143
  143  144
  145  146
  146  147
  147  148
  148  149
  149  150
  150  151
  151  152
  152  153
  153  154
  154  155
  155  156
  156  157
  157  158
  158  159
  159  160
  160  161
  161  162
  162  163
  163  164
  164  165
  165  166
  166  167
  167  168
  169  170
  170  171
  171  172
  172  173
  173  174
  174  175
  175  176
  176  177
  177  178
  178  179
  179  180
  180  181
  181  182
  182  183
  183  184
  184  185
  185  186
  186  187
  187  188
  188  189
  189  190
  190  191
  191  192
