 Title = "ADflow Slice Data"
Variables =  "CoordinateX"  "CoordinateY"  "CoordinateZ"  "XoC"  "YoC"  "ZoC" "VelocityX" "VelocityY" "VelocityZ" "CoefPressure" "Mach" 
Zone T= "Slice_0001 None Absolute Regular z = 0.50000000"
 Nodes =          192  Elements=          184  ZONETYPE=FELINESEG
 DATAPACKING=POINT
  5.667600E-01 -1.511424E-02  5.000000E-01  5.724853E-01 -1.522796E-02  0.000000E+00  1.340129E-02  1.530062E-03 -9.891558E-19  1.002409E-01  0.000000E+00
  5.873410E-01 -1.275169E-02  5.000000E-01  5.932741E-01 -1.284155E-02  0.000000E+00  1.289665E-02  1.479044E-03 -4.152193E-19  1.232232E-01  0.000000E+00
  6.076580E-01 -1.042406E-02  5.000000E-01  6.137963E-01 -1.049041E-02  0.000000E+00  1.245431E-02  1.417445E-03  8.586279E-20  1.451105E-01  0.000000E+00
  6.276600E-01 -8.163471E-03  5.000000E-01  6.340003E-01 -8.206995E-03  0.000000E+00  1.207154E-02  1.349354E-03  1.204929E-19  1.653580E-01  0.000000E+00
  6.472970E-01 -5.994070E-03  5.000000E-01  6.538356E-01 -6.015686E-03  0.000000E+00  1.173855E-02  1.279627E-03  1.010463E-18  1.836265E-01  0.000000E+00
  6.665260E-01 -3.927419E-03  5.000000E-01  6.732588E-01 -3.928165E-03  0.000000E+00  1.144497E-02  1.210726E-03  4.937434E-20  2.001295E-01  0.000000E+00
  6.853050E-01 -1.973021E-03  5.000000E-01  6.922274E-01 -1.954029E-03  0.000000E+00  1.118476E-02  1.140052E-03 -8.471280E-19  2.156615E-01  0.000000E+00
  7.035980E-01 -1.480125E-04  5.000000E-01  7.107052E-01 -1.105900E-04  0.000000E+00  1.094793E-02  1.064957E-03  2.011515E-19  2.305609E-01  0.000000E+00
  7.213750E-01  1.535724E-03  5.000000E-01  7.286617E-01  1.590150E-03  0.000000E+00  1.071189E-02  9.858526E-04  9.353245E-19  2.444902E-01  0.000000E+00
  7.386080E-01  3.073962E-03  5.000000E-01  7.460687E-01  3.143923E-03  0.000000E+00  1.044772E-02  9.048597E-04 -1.093578E-18  2.573730E-01  0.000000E+00
  7.552750E-01  4.471838E-03  5.000000E-01  7.629040E-01  4.555916E-03  0.000000E+00  1.013733E-02  8.262182E-04 -2.325597E-18  2.696395E-01  0.000000E+00
  7.713580E-01  5.742206E-03  5.000000E-01  7.791495E-01  5.839113E-03  0.000000E+00  9.793534E-03  7.517336E-04 -4.248261E-19  2.818481E-01  0.000000E+00
  7.868410E-01  6.896049E-03  5.000000E-01  7.947888E-01  7.004608E-03  0.000000E+00  9.483325E-03  6.640785E-04  4.206372E-19  2.957221E-01  0.000000E+00
  8.017160E-01  7.873386E-03  5.000000E-01  8.098140E-01  7.991816E-03  0.000000E+00  9.307871E-03  5.403619E-04 -4.842149E-20  3.115992E-01  0.000000E+00
  8.159740E-01  8.590828E-03  5.000000E-01  8.242160E-01  8.716503E-03  0.000000E+00  9.330844E-03  3.860308E-04  1.669902E-19  3.245113E-01  0.000000E+00
  8.296120E-01  9.030710E-03  5.000000E-01  8.379918E-01  9.160827E-03  0.000000E+00  9.556045E-03  2.187427E-04  1.067508E-18  3.295903E-01  0.000000E+00
  8.426300E-01  9.209274E-03  5.000000E-01  8.511412E-01  9.341195E-03  0.000000E+00  9.960065E-03  4.531361E-05  9.198815E-19  3.267796E-01  0.000000E+00
  8.550290E-01  9.157875E-03  5.000000E-01  8.636654E-01  9.289276E-03  0.000000E+00  1.051464E-02 -1.332605E-04  9.182357E-20  3.180650E-01  0.000000E+00
  8.668160E-01  8.914228E-03  5.000000E-01  8.755715E-01  9.043169E-03  0.000000E+00  1.119081E-02 -3.158374E-04  2.835438E-19  3.047960E-01  0.000000E+00
  8.779950E-01  8.519587E-03  5.000000E-01  8.868634E-01  8.644542E-03  0.000000E+00  1.195874E-02 -4.998612E-04  3.796398E-19  2.875330E-01  0.000000E+00
  8.885730E-01  8.013218E-03  5.000000E-01  8.975482E-01  8.133060E-03  0.000000E+00  1.278914E-02 -6.827554E-04 -1.085821E-18  2.668640E-01  0.000000E+00
  8.985610E-01  7.428486E-03  5.000000E-01  9.076371E-01  7.542423E-03  0.000000E+00  1.364939E-02 -8.577709E-04 -1.431215E-18  2.433100E-01  0.000000E+00
  9.079670E-01  6.799162E-03  5.000000E-01  9.171381E-01  6.906743E-03  0.000000E+00  1.450022E-02 -1.012539E-03 -3.076589E-19  2.173329E-01  0.000000E+00
  9.168010E-01  6.157750E-03  5.000000E-01  9.260613E-01  6.258853E-03  0.000000E+00  1.530402E-02 -1.137913E-03  1.095047E-18  1.899903E-01  0.000000E+00
  9.168010E-01  6.157750E-03  5.000000E-01  9.260613E-01  6.258853E-03  0.000000E+00  1.530402E-02 -1.137913E-03  1.095047E-18  1.899903E-01  0.000000E+00
  9.250730E-01  5.529052E-03  5.000000E-01  9.344168E-01  5.623807E-03  0.000000E+00  1.603759E-02 -1.235128E-03  2.329120E-19  1.628072E-01  0.000000E+00
  9.327940E-01  4.927308E-03  5.000000E-01  9.422158E-01  5.015985E-03  0.000000E+00  1.670044E-02 -1.315885E-03 -2.272447E-18  1.370971E-01  0.000000E+00
  9.399760E-01  4.355793E-03  5.000000E-01  9.494703E-01  4.438699E-03  0.000000E+00  1.730878E-02 -1.391722E-03 -2.128362E-18  1.131291E-01  0.000000E+00
  9.466320E-01  3.815209E-03  5.000000E-01  9.561935E-01  3.892656E-03  0.000000E+00  1.788278E-02 -1.467171E-03  2.930231E-18  9.016540E-02  0.000000E+00
  9.527730E-01  3.306379E-03  5.000000E-01  9.623965E-01  3.378687E-03  0.000000E+00  1.844712E-02 -1.548725E-03  1.383174E-17  6.766643E-02  0.000000E+00
  9.584110E-01  2.827161E-03  5.000000E-01  9.680915E-01  2.894629E-03  0.000000E+00  1.903449E-02 -1.647032E-03  1.665428E-17  4.539973E-02  0.000000E+00
  9.635570E-01  2.374323E-03  5.000000E-01  9.732895E-01  2.437219E-03  0.000000E+00  1.967881E-02 -1.767974E-03 -2.513947E-17  2.264751E-02  0.000000E+00
  9.682220E-01  1.946797E-03  5.000000E-01  9.780016E-01  2.005375E-03  0.000000E+00  2.041221E-02 -1.912184E-03 -1.191753E-16 -1.678866E-03  0.000000E+00
  9.724140E-01  1.545863E-03  5.000000E-01  9.822359E-01  1.600391E-03  0.000000E+00  2.128270E-02 -2.087669E-03 -1.338559E-16 -2.821003E-02  0.000000E+00
  9.761430E-01  1.171443E-03  5.000000E-01  9.860026E-01  1.222190E-03  0.000000E+00  2.237242E-02 -2.311592E-03  2.287613E-16 -5.739826E-02  0.000000E+00
  9.794160E-01  8.242726E-04  5.000000E-01  9.893086E-01  8.715141E-04  0.000000E+00  2.378338E-02 -2.597375E-03  1.051404E-15 -9.032478E-02  0.000000E+00
  9.822400E-01  5.074310E-04  5.000000E-01  9.921611E-01  5.514727E-04  0.000000E+00  2.556649E-02 -2.947211E-03  1.285571E-15 -1.284429E-01  0.000000E+00
  9.846200E-01  2.260663E-04  5.000000E-01  9.945652E-01  2.672665E-04  0.000000E+00  2.759076E-02 -3.347885E-03 -1.683264E-15 -1.721017E-01  0.000000E+00
  9.865620E-01 -1.453519E-05  5.000000E-01  9.965268E-01  2.423525E-05  0.000000E+00  2.940979E-02 -3.711610E-03 -9.462630E-15 -2.194107E-01  0.000000E+00
  9.880680E-01 -2.086054E-04  5.000000E-01  9.980480E-01 -1.717949E-04  0.000000E+00  2.987583E-02 -3.826735E-03 -1.501741E-14 -2.766198E-01  0.000000E+00
  9.891420E-01 -3.514235E-04  5.000000E-01  9.991328E-01 -3.160553E-04  0.000000E+00  2.812870E-02 -3.911181E-03  5.648221E-15 -3.435049E-01  0.000000E+00
  9.897860E-01 -4.389484E-04  5.000000E-01  9.997833E-01 -4.044641E-04  0.000000E+00  3.788652E-02 -4.013320E-03  7.655261E-14 -2.894011E-01  0.000000E+00
  9.900000E-01 -4.683020E-04  5.000000E-01  9.999995E-01 -4.341141E-04  0.000000E+00  2.618867E-02  5.267602E-03  7.305653E-14 -5.820264E-01  0.000000E+00
  9.900000E-01 -1.843752E-04  5.000000E-01  9.999995E-01 -1.473199E-04  0.000000E+00  1.229795E-03 -7.885289E-03  1.129401E-14 -8.088201E-01  0.000000E+00
  9.900000E-01  9.955170E-05  5.000000E-01  9.999995E-01  1.394743E-04  0.000000E+00 -4.468953E-04 -2.274873E-02  2.724645E-16 -6.283698E-01  0.000000E+00
  9.900000E-01  3.834786E-04  5.000000E-01  9.999995E-01  4.262685E-04  0.000000E+00 -1.436042E-04 -8.862929E-03 -1.323589E-15 -6.283253E-01  0.000000E+00
  9.900000E-01  6.674054E-04  5.000000E-01  9.999995E-01  7.130627E-04  0.000000E+00  4.646643E-04 -5.229874E-03  1.840744E-15 -6.882065E-01  0.000000E+00
  9.900000E-01  9.513323E-04  5.000000E-01  9.999995E-01  9.998569E-04  0.000000E+00  6.797440E-03 -6.632463E-03  5.160250E-15 -6.299553E-01  0.000000E+00
  9.900000E-01  9.513323E-04  5.000000E-01  9.999995E-01  9.998569E-04  0.000000E+00  6.797440E-03 -6.632463E-03  5.160250E-15 -6.299553E-01  0.000000E+00
  9.897890E-01  1.017904E-03  5.000000E-01  9.997864E-01  1.067101E-03  0.000000E+00  9.015921E-03 -3.469642E-03  5.173004E-15 -5.523946E-01  0.000000E+00
  9.891540E-01  1.218674E-03  5.000000E-01  9.991450E-01  1.269899E-03  0.000000E+00  4.567906E-03 -1.351320E-03  2.864882E-15 -5.709971E-01  0.000000E+00
  9.880950E-01  1.555408E-03  5.000000E-01  9.980753E-01  1.610033E-03  0.000000E+00  3.024938E-03 -9.609715E-04  9.866690E-16 -5.705569E-01  0.000000E+00
  9.866100E-01  2.031334E-03  5.000000E-01  9.965753E-01  2.090765E-03  0.000000E+00  1.983916E-03 -6.498311E-04  1.982060E-16 -5.626568E-01  0.000000E+00
  9.846960E-01  2.650664E-03  5.000000E-01  9.946419E-01  2.716349E-03  0.000000E+00  9.960697E-04 -3.235156E-04  4.669266E-17 -5.590187E-01  0.000000E+00
  9.823490E-01  3.418253E-03  5.000000E-01  9.922712E-01  3.491691E-03  0.000000E+00  1.851425E-04 -5.923716E-05  5.294715E-17 -5.580389E-01  0.000000E+00
  9.795670E-01  4.338751E-03  5.000000E-01  9.894611E-01  4.421484E-03  0.000000E+00 -4.276887E-04  1.426849E-04  3.762500E-17 -5.582804E-01  0.000000E+00
  9.763420E-01  5.417937E-03  5.000000E-01  9.862036E-01  5.511570E-03  0.000000E+00 -8.714890E-04  2.932503E-04  4.499971E-18 -5.597246E-01  0.000000E+00
  9.726710E-01  6.659547E-03  5.000000E-01  9.824955E-01  6.765718E-03  0.000000E+00 -1.170566E-03  3.976833E-04 -1.377906E-17 -5.622582E-01  0.000000E+00
  9.685460E-01  8.066757E-03  5.000000E-01  9.783288E-01  8.187139E-03  0.000000E+00 -1.342198E-03  4.594662E-04 -1.324297E-17 -5.654614E-01  0.000000E+00
  9.639600E-01  9.641712E-03  5.000000E-01  9.736965E-01  9.778000E-03  0.000000E+00 -1.403016E-03  4.831624E-04 -5.837009E-18 -5.688267E-01  0.000000E+00
  9.589060E-01  1.138656E-02  5.000000E-01  9.685915E-01  1.154047E-02  0.000000E+00 -1.373425E-03  4.750397E-04 -7.580377E-19 -5.718781E-01  0.000000E+00
  9.533750E-01  1.330248E-02  5.000000E-01  9.630046E-01  1.347574E-02  0.000000E+00 -1.279281E-03  4.434223E-04  3.889808E-19 -5.742518E-01  0.000000E+00
  9.473580E-01  1.538822E-02  5.000000E-01  9.569269E-01  1.558254E-02  0.000000E+00 -1.150408E-03  3.984580E-04 -5.119087E-19 -5.757626E-01  0.000000E+00
  9.408450E-01  1.764046E-02  5.000000E-01  9.503481E-01  1.785753E-02  0.000000E+00 -1.017016E-03  3.508438E-04 -1.474584E-18 -5.764398E-01  0.000000E+00
  9.338260E-01  2.005391E-02  5.000000E-01  9.432582E-01  2.029535E-02  0.000000E+00 -9.058007E-04  3.100744E-04 -1.072277E-18 -5.765116E-01  0.000000E+00
  9.262910E-01  2.262011E-02  5.000000E-01  9.356471E-01  2.288747E-02  0.000000E+00 -8.373416E-04  2.831789E-04 -6.274807E-19 -5.763306E-01  0.000000E+00
  9.182290E-01  2.532625E-02  5.000000E-01  9.275037E-01  2.562094E-02  0.000000E+00 -8.255462E-04  2.742407E-04 -4.836006E-19 -5.762674E-01  0.000000E+00
  9.096280E-01  2.815462E-02  5.000000E-01  9.188158E-01  2.847787E-02  0.000000E+00 -8.781015E-04  2.845019E-04  2.950202E-20 -5.766824E-01  0.000000E+00
  9.004770E-01  3.108174E-02  5.000000E-01  9.095724E-01  3.143455E-02  0.000000E+00 -9.968382E-04  3.125862E-04  3.880145E-20 -5.778908E-01  0.000000E+00
  8.907650E-01  3.407668E-02  5.000000E-01  8.997623E-01  3.445973E-02  0.000000E+00 -1.178972E-03  3.541776E-04  1.491900E-19 -5.799781E-01  0.000000E+00
  8.804800E-01  3.709803E-02  5.000000E-01  8.893735E-01  3.751160E-02  0.000000E+00 -1.417678E-03  4.016159E-04  1.201579E-19 -5.828445E-01  0.000000E+00
  8.696090E-01  4.009005E-02  5.000000E-01  8.783927E-01  4.053383E-02  0.000000E+00 -1.698687E-03  4.454636E-04  6.271752E-19 -5.864253E-01  0.000000E+00
  8.696090E-01  4.009005E-02  5.000000E-01  8.783927E-01  4.053383E-02  0.000000E+00 -1.698687E-03  4.454636E-04  6.271752E-19 -5.864253E-01  0.000000E+00
  8.581400E-01  4.298067E-02  5.000000E-01  8.668079E-01  4.345364E-02  0.000000E+00 -2.001973E-03  4.767962E-04 -6.695709E-19 -5.897346E-01  0.000000E+00
  8.460600E-01  4.568570E-02  5.000000E-01  8.546059E-01  4.618600E-02  0.000000E+00 -2.309761E-03  4.854704E-04 -1.740164E-18 -5.905722E-01  0.000000E+00
  8.333640E-01  4.812531E-02  5.000000E-01  8.417817E-01  4.865024E-02  0.000000E+00 -2.567127E-03  4.509299E-04 -1.019291E-18 -5.921176E-01  0.000000E+00
  8.200460E-01  5.022392E-02  5.000000E-01  8.283292E-01  5.077004E-02  0.000000E+00 -2.541171E-03  3.449984E-04 -6.747660E-19 -6.135986E-01  0.000000E+00
  8.061050E-01  5.191412E-02  5.000000E-01  8.142474E-01  5.247731E-02  0.000000E+00 -1.650923E-03  1.624194E-04  1.901785E-18 -6.842582E-01  0.000000E+00
  7.915460E-01  5.317019E-02  5.000000E-01  7.995413E-01  5.374607E-02  0.000000E+00  9.857958E-04 -5.214343E-05  4.399906E-18 -8.101861E-01  0.000000E+00
  7.763770E-01  5.403138E-02  5.000000E-01  7.842191E-01  5.461596E-02  0.000000E+00  5.980402E-03 -2.162740E-04  3.222423E-18 -9.515360E-01  0.000000E+00
  7.606070E-01  5.456703E-02  5.000000E-01  7.682899E-01  5.515702E-02  0.000000E+00  1.259767E-02 -2.329636E-04 -5.434183E-19 -1.050134E+00  0.000000E+00
  7.442510E-01  5.478446E-02  5.000000E-01  7.517687E-01  5.537664E-02  0.000000E+00  1.844659E-02 -4.581076E-05 -4.624037E-18 -1.081672E+00  0.000000E+00
  7.273250E-01  5.470152E-02  5.000000E-01  7.346718E-01  5.529286E-02  0.000000E+00  2.145531E-02  2.549988E-04 -1.033088E-17 -1.067444E+00  0.000000E+00
  7.098490E-01  5.437064E-02  5.000000E-01  7.170193E-01  5.495864E-02  0.000000E+00  2.168177E-02  4.863277E-04 -1.384905E-17 -1.042483E+00  0.000000E+00
  6.918480E-01  5.388783E-02  5.000000E-01  6.988365E-01  5.447095E-02  0.000000E+00  2.054243E-02  5.367681E-04 -1.315329E-17 -1.031384E+00  0.000000E+00
  6.733520E-01  5.340312E-02  5.000000E-01  6.801537E-01  5.398135E-02  0.000000E+00  1.933644E-02  3.957785E-04 -1.073164E-17 -1.044873E+00  0.000000E+00
  6.543930E-01  5.311595E-02  5.000000E-01  6.610032E-01  5.369128E-02  0.000000E+00  1.875980E-02  1.287924E-04 -7.671753E-18 -1.079488E+00  0.000000E+00
  6.350090E-01  5.314585E-02  5.000000E-01  6.414235E-01  5.372148E-02  0.000000E+00  1.903905E-02 -1.471924E-04 -5.415692E-18 -1.119882E+00  0.000000E+00
  6.152440E-01  5.342550E-02  5.000000E-01  6.214589E-01  5.400396E-02  0.000000E+00  1.996749E-02 -3.486829E-04 -4.114217E-18 -1.151543E+00  0.000000E+00
  5.951420E-01  5.384483E-02  5.000000E-01  6.011539E-01  5.442752E-02  0.000000E+00  2.109062E-02 -4.391443E-04 -4.072183E-18 -1.167516E+00  0.000000E+00
  5.747530E-01  5.427339E-02  5.000000E-01  5.805590E-01  5.486041E-02  0.000000E+00  2.204075E-02 -3.830876E-04 -4.796752E-18 -1.165338E+00  0.000000E+00
  5.541290E-01  5.456641E-02  5.000000E-01  5.597267E-01  5.515639E-02  0.000000E+00  2.264883E-02 -1.690158E-04 -6.162773E-18 -1.146447E+00  0.000000E+00
  5.333260E-01  5.458625E-02  5.000000E-01  5.387136E-01  5.517643E-02  0.000000E+00  2.285358E-02  1.306906E-04 -6.945035E-18 -1.118250E+00  0.000000E+00
  5.124010E-01  5.432235E-02  5.000000E-01  5.175773E-01  5.490986E-02  0.000000E+00  2.270547E-02  4.094975E-04 -6.805070E-18 -1.090292E+00  0.000000E+00
  4.914140E-01  5.382495E-02  5.000000E-01  4.963783E-01  5.440744E-02  0.000000E+00  2.238820E-02  6.233969E-04 -5.916568E-18 -1.067986E+00  0.000000E+00
  4.704230E-01  5.315005E-02  5.000000E-01  4.751754E-01  5.372572E-02  0.000000E+00  2.208072E-02  7.705789E-04 -6.592969E-18 -1.053380E+00  0.000000E+00
  1.696960E-04 -4.812006E-04  5.000000E-01  1.730287E-04 -4.471430E-04  0.000000E+00 -6.436718E-02  9.282705E-02 -6.712250E-14  5.407746E-01  0.000000E+00
  8.054360E-04 -9.784883E-04  5.000000E-01  8.151890E-04 -9.494527E-04  0.000000E+00 -4.693522E-02  3.287034E-02 -4.771650E-14  1.106741E+00  0.000000E+00
  1.973980E-03 -1.585587E-03  5.000000E-01  1.995534E-03 -1.562683E-03  0.000000E+00 -2.105529E-02  1.048463E-02 -2.492998E-14  1.176598E+00  0.000000E+00
  3.614630E-03 -2.300465E-03  5.000000E-01  3.652753E-03 -2.284780E-03  0.000000E+00 -4.059631E-03  1.775273E-03 -9.242554E-15  1.152952E+00  0.000000E+00
  5.721210E-03 -3.131541E-03  5.000000E-01  5.780607E-03 -3.124249E-03  0.000000E+00  5.016537E-03 -1.863061E-03 -1.445763E-15  1.122627E+00  0.000000E+00
  8.297500E-03 -4.076332E-03  5.000000E-01  8.382914E-03 -4.078581E-03  0.000000E+00  9.326649E-03 -3.268137E-03  1.190143E-15  1.078305E+00  0.000000E+00
  1.136560E-02 -5.115230E-03  5.000000E-01  1.148200E-02 -5.127971E-03  0.000000E+00  1.109551E-02 -3.619760E-03  1.363967E-15  1.023884E+00  0.000000E+00
  1.493280E-02 -6.236988E-03  5.000000E-01  1.508522E-02 -6.261057E-03  0.000000E+00  1.169144E-02 -3.585507E-03  7.787626E-16  9.693754E-01  0.000000E+00
  1.899460E-02 -7.449913E-03  5.000000E-01  1.918804E-02 -7.486231E-03  0.000000E+00  1.194808E-02 -3.515665E-03  3.024790E-16  9.186818E-01  0.000000E+00
  2.354800E-02 -8.770052E-03  5.000000E-01  2.378743E-02 -8.819703E-03  0.000000E+00  1.228264E-02 -3.507762E-03  1.154440E-16  8.687984E-01  0.000000E+00
  2.860130E-02 -1.019292E-02  5.000000E-01  2.889176E-02 -1.025694E-02  0.000000E+00  1.281389E-02 -3.546838E-03  6.627722E-17  8.170802E-01  0.000000E+00
  3.416500E-02 -1.170743E-02  5.000000E-01  3.451165E-02 -1.178675E-02  0.000000E+00  1.352344E-02 -3.614361E-03  3.185206E-17  7.647512E-01  0.000000E+00
  4.024810E-02 -1.330440E-02  5.000000E-01  4.065618E-02 -1.339985E-02  0.000000E+00  1.435268E-02 -3.691127E-03 -6.735241E-19  7.127216E-01  0.000000E+00
  4.686030E-02 -1.497155E-02  5.000000E-01  4.733516E-02 -1.508383E-02  0.000000E+00  1.523723E-02 -3.757296E-03 -1.576710E-17  6.607752E-01  0.000000E+00
  5.401090E-02 -1.669718E-02  5.000000E-01  5.455797E-02 -1.682689E-02  0.000000E+00  1.613033E-02 -3.804462E-03 -1.437339E-17  6.089802E-01  0.000000E+00
  6.170850E-02 -1.847268E-02  5.000000E-01  6.233331E-02 -1.862032E-02  0.000000E+00  1.700640E-02 -3.824295E-03 -9.830255E-18  5.569637E-01  0.000000E+00
  6.996310E-02 -2.028373E-02  5.000000E-01  7.067127E-02 -2.044966E-02  0.000000E+00  1.785168E-02 -3.804285E-03 -6.719152E-18  5.040214E-01  0.000000E+00
  7.878500E-02 -2.211070E-02  5.000000E-01  7.958226E-02 -2.229508E-02  0.000000E+00  1.866309E-02 -3.740814E-03 -4.102413E-18  4.503496E-01  0.000000E+00
  8.818390E-02 -2.393446E-02  5.000000E-01  8.907608E-02 -2.413726E-02  0.000000E+00  1.944210E-02 -3.633967E-03 -3.929406E-18  3.963809E-01  0.000000E+00
  9.816930E-02 -2.573246E-02  5.000000E-01  9.916232E-02 -2.595341E-02  0.000000E+00  2.018332E-02 -3.479085E-03 -4.656658E-18  3.421738E-01  0.000000E+00
  1.087500E-01 -2.747781E-02  5.000000E-01  1.098499E-01 -2.771639E-02  0.000000E+00  2.087069E-02 -3.272670E-03 -3.514096E-18  2.881477E-01  0.000000E+00
  1.199340E-01 -2.914319E-02  5.000000E-01  1.211468E-01 -2.939858E-02  0.000000E+00  2.146946E-02 -3.009676E-03 -2.350606E-18  2.350035E-01  0.000000E+00
  1.317280E-01 -3.069648E-02  5.000000E-01  1.330599E-01 -3.096756E-02  0.000000E+00  2.191908E-02 -2.681209E-03 -1.453840E-18  1.835867E-01  0.000000E+00
  1.441380E-01 -3.210027E-02  5.000000E-01  1.455952E-01 -3.238553E-02  0.000000E+00  2.214832E-02 -2.287143E-03 -5.260951E-20  1.356793E-01  0.000000E+00
  1.441380E-01 -3.210027E-02  5.000000E-01  1.455952E-01 -3.238553E-02  0.000000E+00  2.214832E-02 -2.287143E-03 -5.260951E-20  1.356793E-01  0.000000E+00
  1.571670E-01 -3.331801E-02  5.000000E-01  1.587558E-01 -3.361557E-02  0.000000E+00  2.210570E-02 -1.841068E-03  1.328904E-18  9.385975E-02  0.000000E+00
  1.708170E-01 -3.431463E-02  5.000000E-01  1.725437E-01 -3.462225E-02  0.000000E+00  2.180006E-02 -1.372570E-03  3.449233E-18  6.086823E-02  0.000000E+00
  1.850860E-01 -3.506617E-02  5.000000E-01  1.869568E-01 -3.538138E-02  0.000000E+00  2.133429E-02 -9.345472E-04  4.814270E-18  3.907362E-02  0.000000E+00
  1.999720E-01 -3.558088E-02  5.000000E-01  2.019931E-01 -3.590129E-02  0.000000E+00  2.088798E-02 -5.953024E-04  3.931258E-18  2.923844E-02  0.000000E+00
  2.154670E-01 -3.592387E-02  5.000000E-01  2.176446E-01 -3.624774E-02  0.000000E+00  2.060353E-02 -3.813607E-04  2.112308E-18  2.703289E-02  0.000000E+00
  2.315610E-01 -3.616497E-02  5.000000E-01  2.339011E-01 -3.649128E-02  0.000000E+00  2.046846E-02 -2.312116E-04  3.953350E-19  2.242172E-02  0.000000E+00
  2.482400E-01 -3.629591E-02  5.000000E-01  2.507486E-01 -3.662354E-02  0.000000E+00  2.038892E-02 -7.905399E-05  2.380677E-19  9.941205E-03  0.000000E+00
  2.654840E-01 -3.629503E-02  5.000000E-01  2.681667E-01 -3.662266E-02  0.000000E+00  2.029938E-02  8.970601E-05  1.170587E-18 -7.270907E-03  0.000000E+00
  2.832720E-01 -3.613755E-02  5.000000E-01  2.861343E-01 -3.646358E-02  0.000000E+00  2.016508E-02  2.724134E-04  1.087333E-18 -2.422273E-02  0.000000E+00
  3.015770E-01 -3.580321E-02  5.000000E-01  3.046242E-01 -3.612586E-02  0.000000E+00  1.997356E-02  4.594725E-04  7.293797E-19 -3.757104E-02  0.000000E+00
  3.203660E-01 -3.528016E-02  5.000000E-01  3.236030E-01 -3.559753E-02  0.000000E+00  1.972533E-02  6.406041E-04  7.327524E-19 -4.626205E-02  0.000000E+00
  3.396030E-01 -3.456477E-02  5.000000E-01  3.430342E-01 -3.487492E-02  0.000000E+00  1.942353E-02  8.101848E-04 -5.141327E-19 -5.077990E-02  0.000000E+00
  3.592490E-01 -3.365534E-02  5.000000E-01  3.628786E-01 -3.395630E-02  0.000000E+00  1.906787E-02  9.676220E-04 -1.523848E-18 -5.200841E-02  0.000000E+00
  3.792580E-01 -3.254946E-02  5.000000E-01  3.830897E-01 -3.283926E-02  0.000000E+00  1.865720E-02  1.112303E-03 -1.452110E-18 -5.027962E-02  0.000000E+00
  3.995810E-01 -3.124746E-02  5.000000E-01  4.036179E-01 -3.152411E-02  0.000000E+00  1.819191E-02  1.241679E-03 -1.689622E-18 -4.533756E-02  0.000000E+00
  4.201670E-01 -2.975371E-02  5.000000E-01  4.244118E-01 -3.001527E-02  0.000000E+00  1.767240E-02  1.353703E-03 -1.232786E-18 -3.692611E-02  0.000000E+00
  4.409600E-01 -2.807447E-02  5.000000E-01  4.454148E-01 -2.831907E-02  0.000000E+00  1.710045E-02  1.447252E-03 -1.455144E-18 -2.503936E-02  0.000000E+00
  4.619030E-01 -2.621801E-02  5.000000E-01  4.665693E-01 -2.644386E-02  0.000000E+00  1.648565E-02  1.519401E-03 -1.548148E-18 -9.674554E-03  0.000000E+00
  4.829360E-01 -2.420230E-02  5.000000E-01  4.878147E-01 -2.440780E-02  0.000000E+00  1.584551E-02  1.566953E-03 -1.401296E-19  8.976980E-03  0.000000E+00
  5.039990E-01 -2.205229E-02  5.000000E-01  5.090904E-01 -2.223608E-02  0.000000E+00  1.519968E-02  1.589260E-03 -2.614609E-19  3.024412E-02  0.000000E+00
  5.250310E-01 -1.979881E-02  5.000000E-01  5.303348E-01 -1.995983E-02  0.000000E+00  1.456672E-02  1.588055E-03 -2.086896E-18  5.316970E-02  0.000000E+00
  5.459710E-01 -1.747538E-02  5.000000E-01  5.514863E-01 -1.761294E-02  0.000000E+00  1.396230E-02  1.567214E-03 -1.724250E-18  7.673422E-02  0.000000E+00
  5.667600E-01 -1.511424E-02  5.000000E-01  5.724853E-01 -1.522796E-02  0.000000E+00  1.340129E-02  1.530062E-03 -9.891558E-19  1.002409E-01  0.000000E+00
  4.704230E-01  5.315005E-02  5.000000E-01  4.751754E-01  5.372572E-02  0.000000E+00  2.208072E-02  7.705789E-04 -6.592969E-18 -1.053380E+00  0.000000E+00
  4.494880E-01  5.235843E-02  5.000000E-01  4.540289E-01  5.292611E-02  0.000000E+00  2.188509E-02  8.582556E-04 -8.395863E-18 -1.046653E+00  0.000000E+00
  4.286690E-01  5.151078E-02  5.000000E-01  4.329997E-01  5.206990E-02  0.000000E+00  2.185434E-02  9.128990E-04 -8.922718E-18 -1.045399E+00  0.000000E+00
  4.080230E-01  5.062799E-02  5.000000E-01  4.121452E-01  5.117819E-02  0.000000E+00  2.199638E-02  9.738542E-04 -9.384239E-18 -1.045587E+00  0.000000E+00
  3.876050E-01  4.969528E-02  5.000000E-01  3.915210E-01  5.023606E-02  0.000000E+00  2.224952E-02  1.058967E-03 -1.038957E-17 -1.044606E+00  0.000000E+00
  3.674690E-01  4.869944E-02  5.000000E-01  3.711816E-01  4.923017E-02  0.000000E+00  2.252569E-02  1.165258E-03 -1.200577E-17 -1.041784E+00  0.000000E+00
  3.476650E-01  4.763060E-02  5.000000E-01  3.511776E-01  4.815054E-02  0.000000E+00  2.276937E-02  1.288425E-03 -1.307063E-17 -1.037174E+00  0.000000E+00
  3.282390E-01  4.648119E-02  5.000000E-01  3.315555E-01  4.698951E-02  0.000000E+00  2.296392E-02  1.425796E-03 -1.310761E-17 -1.031113E+00  0.000000E+00
  3.092330E-01  4.524593E-02  5.000000E-01  3.123575E-01  4.574178E-02  0.000000E+00  2.311195E-02  1.572573E-03 -1.340480E-17 -1.024208E+00  0.000000E+00
  2.906860E-01  4.392732E-02  5.000000E-01  2.936232E-01  4.440985E-02  0.000000E+00  2.322279E-02  1.723894E-03 -1.338856E-17 -1.017060E+00  0.000000E+00
  2.726330E-01  4.253049E-02  5.000000E-01  2.753879E-01  4.299891E-02  0.000000E+00  2.330792E-02  1.878821E-03 -1.238892E-17 -1.009931E+00  0.000000E+00
  2.551020E-01  4.106060E-02  5.000000E-01  2.576799E-01  4.151418E-02  0.000000E+00  2.337503E-02  2.038234E-03 -1.202125E-17 -1.002834E+00  0.000000E+00
  2.381210E-01  3.952341E-02  5.000000E-01  2.405274E-01  3.996147E-02  0.000000E+00  2.342982E-02  2.205351E-03 -1.167441E-17 -9.956395E-01  0.000000E+00
  2.217090E-01  3.792106E-02  5.000000E-01  2.239496E-01  3.834294E-02  0.000000E+00  2.347227E-02  2.381246E-03 -1.198259E-17 -9.886733E-01  0.000000E+00
  2.058840E-01  3.625609E-02  5.000000E-01  2.079648E-01  3.666115E-02  0.000000E+00  2.348290E-02  2.544414E-03 -1.291649E-17 -9.841801E-01  0.000000E+00
  1.906600E-01  3.455637E-02  5.000000E-01  1.925871E-01  3.494427E-02  0.000000E+00  2.345442E-02  2.658266E-03 -1.558188E-17 -9.855915E-01  0.000000E+00
  1.760460E-01  3.287282E-02  5.000000E-01  1.778255E-01  3.324372E-02  0.000000E+00  2.345456E-02  2.727542E-03 -2.084243E-17 -9.934375E-01  0.000000E+00
  1.620500E-01  3.122987E-02  5.000000E-01  1.636881E-01  3.158418E-02  0.000000E+00  2.357560E-02  2.794695E-03 -2.953598E-17 -1.004944E+00  0.000000E+00
  1.486750E-01  2.962984E-02  5.000000E-01  1.501781E-01  2.996799E-02  0.000000E+00  2.383871E-02  2.889602E-03 -4.519323E-17 -1.017171E+00  0.000000E+00
  1.359210E-01  2.806458E-02  5.000000E-01  1.372953E-01  2.838692E-02  0.000000E+00  2.419340E-02  3.020234E-03 -7.045020E-17 -1.028353E+00  0.000000E+00
  1.237890E-01  2.652524E-02  5.000000E-01  1.250407E-01  2.683203E-02  0.000000E+00  2.456861E-02  3.183966E-03 -1.116698E-16 -1.037835E+00  0.000000E+00
  1.122730E-01  2.500226E-02  5.000000E-01  1.134084E-01  2.529367E-02  0.000000E+00  2.491245E-02  3.375615E-03 -1.819752E-16 -1.045709E+00  0.000000E+00
  1.013710E-01  2.348994E-02  5.000000E-01  1.023964E-01  2.376608E-02  0.000000E+00  2.520191E-02  3.588686E-03 -2.993269E-16 -1.052584E+00  0.000000E+00
  9.107400E-02  2.198620E-02  5.000000E-01  9.199536E-02  2.224715E-02  0.000000E+00  2.544059E-02  3.822392E-03 -4.970594E-16 -1.059034E+00  0.000000E+00
  9.107400E-02  2.198620E-02  5.000000E-01  9.199536E-02  2.224715E-02  0.000000E+00  2.544059E-02  3.822392E-03 -4.970594E-16 -1.059034E+00  0.000000E+00
  8.137660E-02  2.048874E-02  5.000000E-01  8.220003E-02  2.073457E-02  0.000000E+00  2.563659E-02  4.075113E-03 -8.367828E-16 -1.065806E+00  0.000000E+00
  7.227050E-02  1.899993E-02  5.000000E-01  7.300197E-02  1.923073E-02  0.000000E+00  2.579436E-02  4.340930E-03 -1.429221E-15 -1.073915E+00  0.000000E+00
  6.374670E-02  1.752484E-02  5.000000E-01  6.439209E-02  1.774073E-02  0.000000E+00  2.592474E-02  4.620974E-03 -2.469103E-15 -1.084030E+00  0.000000E+00
  5.579720E-02  1.606672E-02  5.000000E-01  5.636231E-02  1.626789E-02  0.000000E+00  2.602832E-02  4.911411E-03 -4.266411E-15 -1.097059E+00  0.000000E+00
  4.841260E-02  1.463408E-02  5.000000E-01  4.890313E-02  1.482079E-02  0.000000E+00  2.610324E-02  5.206979E-03 -7.277951E-15 -1.113990E+00  0.000000E+00
  4.158390E-02  1.323470E-02  5.000000E-01  4.200547E-02  1.340727E-02  0.000000E+00  2.615462E-02  5.514118E-03 -1.209263E-14 -1.135217E+00  0.000000E+00
  3.530370E-02  1.187340E-02  5.000000E-01  3.566185E-02  1.203222E-02  0.000000E+00  2.616344E-02  5.827504E-03 -1.930167E-14 -1.161576E+00  0.000000E+00
  2.956270E-02  1.055968E-02  5.000000E-01  2.986287E-02  1.070524E-02  0.000000E+00  2.610244E-02  6.142308E-03 -2.910502E-14 -1.193734E+00  0.000000E+00
  2.435310E-02  9.300058E-03  5.000000E-01  2.460066E-02  9.432895E-03  0.000000E+00  2.593159E-02  6.470379E-03 -4.046814E-14 -1.231102E+00  0.000000E+00
  1.967110E-02  8.095001E-03  5.000000E-01  1.987137E-02  8.215668E-03  0.000000E+00  2.551628E-02  6.782315E-03 -5.025608E-14 -1.273991E+00  0.000000E+00
  1.550860E-02  6.951661E-03  5.000000E-01  1.566684E-02  7.060782E-03  0.000000E+00  2.467870E-02  7.029685E-03 -5.379900E-14 -1.322707E+00  0.000000E+00
  1.185930E-02  5.873689E-03  5.000000E-01  1.198068E-02  5.971924E-03  0.000000E+00  2.332150E-02  7.205282E-03 -4.762013E-14 -1.375403E+00  0.000000E+00
  8.724160E-03  4.857263E-03  5.000000E-01  8.813883E-03  4.945233E-03  0.000000E+00  2.157138E-02  7.336948E-03 -3.269564E-14 -1.431620E+00  0.000000E+00
  6.091130E-03  3.910575E-03  5.000000E-01  6.154263E-03  3.988984E-03  0.000000E+00  2.031780E-02  7.814349E-03 -1.589382E-14 -1.486760E+00  0.000000E+00
  3.952840E-03  3.036345E-03  5.000000E-01  3.994378E-03  3.105926E-03  0.000000E+00  2.113374E-02  9.729121E-03 -5.858296E-15 -1.523897E+00  0.000000E+00
  2.330070E-03  2.221787E-03  5.000000E-01  2.355220E-03  2.283142E-03  0.000000E+00  2.424263E-02  1.419303E-02 -4.976391E-15 -1.531552E+00  0.000000E+00
  1.198080E-03  1.485021E-03  5.000000E-01  1.211798E-03  1.538935E-03  0.000000E+00  2.760819E-02  2.139160E-02 -9.573563E-15 -1.519689E+00  0.000000E+00
  5.019560E-04  8.591209E-04  5.000000E-01  5.086442E-04  9.067142E-04  0.000000E+00  3.042407E-02  3.351247E-02 -1.822478E-14 -1.531195E+00  0.000000E+00
  1.313430E-04  3.760261E-04  5.000000E-01  1.342884E-04  4.187408E-04  0.000000E+00  3.508001E-02  7.039072E-02 -3.163552E-14 -1.566383E+00  0.000000E+00
  8.078190E-06  6.789893E-05  5.000000E-01  9.778777E-06  1.075019E-04  0.000000E+00  3.055642E-02  1.733212E-01 -4.466318E-14 -1.484867E+00  0.000000E+00
 -1.602820E-06 -3.852814E-05  5.000000E-01  0.000000E+00  0.000000E+00  0.000000E+00 -4.940923E-03  2.521611E-01 -5.522501E-14 -1.190911E+00  0.000000E+00
  9.141860E-06 -1.485803E-04  5.000000E-01  1.085319E-05 -1.111635E-04  0.000000E+00 -4.976177E-02  1.968000E-01 -6.721835E-14 -4.688470E-01  0.000000E+00
  1.696960E-04 -4.812006E-04  5.000000E-01  1.730287E-04 -4.471430E-04  0.000000E+00 -6.436718E-02  9.282705E-02 -6.712250E-14  5.407746E-01  0.000000E+00
    1    2
    2    3
    3    4
    4    5
    5    6
    6    7
    7    8
    8    9
    9   10
   10   11
   11   12
   12   13
   13   14
   14   15
   15   16
   16   17
   17   18
   18   19
   19   20
   20   21
   21   22
   22   23
   23   24
   25   26
   26   27
   27   28
   28   29
   29   30
   30   31
   31   32
   32   33
   33   34
   34   35
   35   36
   36   37
   37   38
   38   39
   39   40
   40   41
   41   42
   42   43
   43   44
   44   45
   45   46
   46   47
   47   48
   49   50
   50   51
   51   52
   52   53
   53   54
   54   55
   55   56
   56   57
   57   58
   58   59
   59   60
   60   61
   61   62
   62   63
   63   64
   64   65
   65   66
   66   67
   67   68
   68   69
   69   70
   70   71
   71   72
   73   74
   74   75
   75   76
   76   77
   77   78
   78   79
   79   80
   80   81
   81   82
   82   83
   83   84
   84   85
   85   86
   86   87
   87   88
   88   89
   89   90
   90   91
   91   92
   92   93
   93   94
   94   95
   95   96
   97   98
   98   99
   99  100
  100  101
  101  102
  102  103
  103  104
  104  105
  105  106
  106  107
  107  108
  108  109
  109  110
  110  111
  111  112
  112  113
  113  114
  114  115
  115  116
  116  117
  117  118
  118  119
  119  120
  121  122
  122  123
  123  124
  124  125
  125  126
  126  127
  127  128
  128  129
  129  130
  130  131
  131  132
  132  133
  133  134
  134  135
  135  136
  136  137
  137  138
  138  139
  139  140
  140  141
  141  142
  142  143
  143  144
  145  146
  146  147
  147  148
  148  149
  149  150
  150  151
  151  152
  152  153
  153  154
  154  155
  155  156
  156  157
  157  158
  158  159
  159  160
  160  161
  161  162
  162  163
  163  164
  164  165
  165  166
  166  167
  167  168
  169  170
  170  171
  171  172
  172  173
  173  174
  174  175
  175  176
  176  177
  177  178
  178  179
  179  180
  180  181
  181  182
  182  183
  183  184
  184  185
  185  186
  186  187
  187  188
  188  189
  189  190
  190  191
  191  192
