 Title = "ADflow Slice Data"
Variables =  "CoordinateX"  "CoordinateY"  "CoordinateZ"  "XoC"  "YoC"  "ZoC" "VelocityX" "VelocityY" "VelocityZ" "CoefPressure" "Mach" 
Zone T= "Slice_0001 None Absolute Regular z = 0.50000000"
 Nodes =          192  Elements=          184  ZONETYPE=FELINESEG
 DATAPACKING=POINT
  5.667600E-01 -1.497506E-02  5.000000E-01  5.724853E-01 -1.508859E-02  0.000000E+00  1.338336E-02  1.518430E-03  8.912679E-19  1.028437E-01  0.000000E+00
  5.873410E-01 -1.262978E-02  5.000000E-01  5.932741E-01 -1.271962E-02  0.000000E+00  1.290110E-02  1.467868E-03  4.744420E-21  1.251252E-01  0.000000E+00
  6.076580E-01 -1.032197E-02  5.000000E-01  6.137963E-01 -1.038850E-02  0.000000E+00  1.247766E-02  1.407649E-03 -2.666215E-19  1.462591E-01  0.000000E+00
  6.276600E-01 -8.081738E-03  5.000000E-01  6.340003E-01 -8.125649E-03  0.000000E+00  1.210875E-02  1.341461E-03  1.442682E-19  1.658136E-01  0.000000E+00
  6.472970E-01 -5.931376E-03  5.000000E-01  6.538356E-01 -5.953571E-03  0.000000E+00  1.178392E-02  1.273905E-03  1.099146E-18  1.835169E-01  0.000000E+00
  6.665260E-01 -3.880833E-03  5.000000E-01  6.732588E-01 -3.882320E-03  0.000000E+00  1.149308E-02  1.207162E-03  1.988298E-18  1.996195E-01  0.000000E+00
  6.853050E-01 -1.938891E-03  5.000000E-01  6.922274E-01 -1.920766E-03  0.000000E+00  1.123151E-02  1.138216E-03  1.263205E-18  2.149396E-01  0.000000E+00
  7.035980E-01 -1.231945E-04  5.000000E-01  7.107052E-01 -8.673329E-05  0.000000E+00  1.099094E-02  1.064240E-03  1.785761E-18  2.297845E-01  0.000000E+00
  7.213750E-01  1.553726E-03  5.000000E-01  7.286617E-01  1.607123E-03  0.000000E+00  1.075003E-02  9.857737E-04  1.828011E-18  2.437428E-01  0.000000E+00
  7.386080E-01  3.087037E-03  5.000000E-01  7.460687E-01  3.155918E-03  0.000000E+00  1.048070E-02  9.051061E-04  6.423590E-19  2.566833E-01  0.000000E+00
  7.552750E-01  4.481360E-03  5.000000E-01  7.629040E-01  4.564322E-03  0.000000E+00  1.016537E-02  8.266050E-04 -1.016013E-18  2.690134E-01  0.000000E+00
  7.713580E-01  5.749149E-03  5.000000E-01  7.791495E-01  5.844914E-03  0.000000E+00  9.817147E-03  7.521555E-04 -1.867898E-18  2.812869E-01  0.000000E+00
  7.868410E-01  6.901089E-03  5.000000E-01  7.947888E-01  7.008488E-03  0.000000E+00  9.503219E-03  6.644448E-04 -5.546761E-19  2.952262E-01  0.000000E+00
  8.017160E-01  7.877022E-03  5.000000E-01  8.098140E-01  7.994277E-03  0.000000E+00  9.324850E-03  5.405823E-04  3.342345E-19  3.111657E-01  0.000000E+00
  8.159740E-01  8.593442E-03  5.000000E-01  8.242160E-01  8.717931E-03  0.000000E+00  9.345635E-03  3.860646E-04 -2.800799E-19  3.241314E-01  0.000000E+00
  8.296120E-01  9.032586E-03  5.000000E-01  8.379918E-01  9.161510E-03  0.000000E+00  9.569193E-03  2.185995E-04 -1.297577E-18  3.292512E-01  0.000000E+00
  8.426300E-01  9.210618E-03  5.000000E-01  8.511412E-01  9.341340E-03  0.000000E+00  9.971951E-03  4.501902E-05 -1.244638E-18  3.264696E-01  0.000000E+00
  8.550290E-01  9.158834E-03  5.000000E-01  8.636654E-01  9.289033E-03  0.000000E+00  1.052552E-02 -1.336777E-04 -1.186703E-19  3.177755E-01  0.000000E+00
  8.668160E-01  8.914910E-03  5.000000E-01  8.755715E-01  9.042646E-03  0.000000E+00  1.120088E-02 -3.163477E-04  1.078543E-18  3.045216E-01  0.000000E+00
  8.779950E-01  8.520069E-03  5.000000E-01  8.868634E-01  8.643817E-03  0.000000E+00  1.196811E-02 -5.004372E-04  1.693385E-18  2.872705E-01  0.000000E+00
  8.885730E-01  8.013556E-03  5.000000E-01  8.975482E-01  8.132189E-03  0.000000E+00  1.279790E-02 -6.833736E-04  1.384146E-18  2.666111E-01  0.000000E+00
  8.985610E-01  7.428721E-03  5.000000E-01  9.076371E-01  7.541448E-03  0.000000E+00  1.365761E-02 -8.584096E-04  4.852263E-19  2.430652E-01  0.000000E+00
  9.079670E-01  6.799322E-03  5.000000E-01  9.171381E-01  6.905693E-03  0.000000E+00  1.450792E-02 -1.013175E-03  3.023813E-19  2.170956E-01  0.000000E+00
  9.168010E-01  6.157857E-03  5.000000E-01  9.260613E-01  6.257750E-03  0.000000E+00  1.531119E-02 -1.138525E-03  1.642566E-18  1.897606E-01  0.000000E+00
  9.168010E-01  6.157857E-03  5.000000E-01  9.260613E-01  6.257750E-03  0.000000E+00  1.531119E-02 -1.138525E-03  1.642566E-18  1.897606E-01  0.000000E+00
  9.250730E-01  5.529123E-03  5.000000E-01  9.344168E-01  5.622666E-03  0.000000E+00  1.604421E-02 -1.235699E-03  2.625690E-18  1.625860E-01  0.000000E+00
  9.327940E-01  4.927353E-03  5.000000E-01  9.422158E-01  5.014819E-03  0.000000E+00  1.670648E-02 -1.316409E-03  2.041819E-18  1.368859E-01  0.000000E+00
  9.399760E-01  4.355820E-03  5.000000E-01  9.494703E-01  4.437514E-03  0.000000E+00  1.731425E-02 -1.392198E-03  7.754804E-19  1.129289E-01  0.000000E+00
  9.466320E-01  3.815225E-03  5.000000E-01  9.561935E-01  3.891460E-03  0.000000E+00  1.788767E-02 -1.467600E-03 -4.915496E-19  8.997673E-02  0.000000E+00
  9.527730E-01  3.306386E-03  5.000000E-01  9.623966E-01  3.377483E-03  0.000000E+00  1.845147E-02 -1.549110E-03 -1.950274E-19  6.748955E-02  0.000000E+00
  9.584110E-01  2.827164E-03  5.000000E-01  9.680915E-01  2.893420E-03  0.000000E+00  1.903833E-02 -1.647377E-03  5.115702E-19  4.523461E-02  0.000000E+00
  9.635570E-01  2.374323E-03  5.000000E-01  9.732895E-01  2.436007E-03  0.000000E+00  1.968218E-02 -1.768285E-03  6.183146E-19  2.249389E-02  0.000000E+00
  9.682220E-01  1.946796E-03  5.000000E-01  9.780016E-01  2.004162E-03  0.000000E+00  2.041516E-02 -1.912464E-03  1.182288E-18 -1.821606E-03  0.000000E+00
  9.724140E-01  1.545860E-03  5.000000E-01  9.822359E-01  1.599177E-03  0.000000E+00  2.128530E-02 -2.087925E-03  1.416823E-18 -2.834292E-02  0.000000E+00
  9.761430E-01  1.171441E-03  5.000000E-01  9.860026E-01  1.220976E-03  0.000000E+00  2.237475E-02 -2.311831E-03 -7.961333E-18 -5.752279E-02  0.000000E+00
  9.794160E-01  8.242706E-04  5.000000E-01  9.893086E-01  8.703001E-04  0.000000E+00  2.378554E-02 -2.597609E-03 -3.648981E-17 -9.044308E-02  0.000000E+00
  9.822400E-01  5.074293E-04  5.000000E-01  9.921611E-01  5.502591E-04  0.000000E+00  2.556867E-02 -2.947458E-03 -5.583445E-17 -1.285579E-01  0.000000E+00
  9.846200E-01  2.260650E-04  5.000000E-01  9.945652E-01  2.660533E-04  0.000000E+00  2.759322E-02 -3.348178E-03  3.169028E-17 -1.722175E-01  0.000000E+00
  9.865620E-01 -1.453613E-05  5.000000E-01  9.965268E-01  2.302237E-05  0.000000E+00  2.941293E-02 -3.712006E-03  3.363186E-16 -2.195313E-01  0.000000E+00
  9.880680E-01 -2.086060E-04  5.000000E-01  9.980480E-01 -1.730074E-04  0.000000E+00  2.988017E-02 -3.827292E-03  6.488365E-16 -2.767480E-01  0.000000E+00
  9.891420E-01 -3.514240E-04  5.000000E-01  9.991328E-01 -3.172676E-04  0.000000E+00  2.813461E-02 -3.911963E-03 -2.378753E-16 -3.436471E-01  0.000000E+00
  9.897860E-01 -4.389487E-04  5.000000E-01  9.997833E-01 -4.056763E-04  0.000000E+00  3.789467E-02 -4.014207E-03 -4.199160E-15 -2.895723E-01  0.000000E+00
  9.900000E-01 -4.683023E-04  5.000000E-01  9.999995E-01 -4.353263E-04  0.000000E+00  2.619392E-02  5.267443E-03 -3.493228E-15 -5.822218E-01  0.000000E+00
  9.900000E-01 -1.843754E-04  5.000000E-01  9.999995E-01 -1.485321E-04  0.000000E+00  1.230200E-03 -7.886175E-03  1.386086E-15 -8.090265E-01  0.000000E+00
  9.900000E-01  9.955148E-05  5.000000E-01  9.999995E-01  1.382621E-04  0.000000E+00 -4.469942E-04 -2.275057E-02  3.181108E-15 -6.285744E-01  0.000000E+00
  9.900000E-01  3.834784E-04  5.000000E-01  9.999995E-01  4.250564E-04  0.000000E+00 -1.436611E-04 -8.863488E-03  3.889197E-15 -6.285225E-01  0.000000E+00
  9.900000E-01  6.674052E-04  5.000000E-01  9.999995E-01  7.118506E-04  0.000000E+00  4.647484E-04 -5.230240E-03  3.737405E-15 -6.884071E-01  0.000000E+00
  9.900000E-01  9.513321E-04  5.000000E-01  9.999995E-01  9.986448E-04  0.000000E+00  6.798869E-03 -6.633457E-03  3.403866E-15 -6.301531E-01  0.000000E+00
  9.900000E-01  9.513321E-04  5.000000E-01  9.999995E-01  9.986448E-04  0.000000E+00  6.798869E-03 -6.633457E-03  3.403866E-15 -6.301531E-01  0.000000E+00
  9.897890E-01  1.017904E-03  5.000000E-01  9.997864E-01  1.065889E-03  0.000000E+00  9.017997E-03 -3.470378E-03  2.852834E-15 -5.525858E-01  0.000000E+00
  9.891540E-01  1.218674E-03  5.000000E-01  9.991450E-01  1.268686E-03  0.000000E+00  4.569145E-03 -1.351700E-03  1.881718E-15 -5.711862E-01  0.000000E+00
  9.880950E-01  1.555408E-03  5.000000E-01  9.980753E-01  1.608821E-03  0.000000E+00  3.025734E-03 -9.612259E-04  1.042222E-15 -5.707439E-01  0.000000E+00
  9.866100E-01  2.031333E-03  5.000000E-01  9.965753E-01  2.089552E-03  0.000000E+00  1.984364E-03 -6.499759E-04  5.047027E-16 -5.628425E-01  0.000000E+00
  9.846960E-01  2.650662E-03  5.000000E-01  9.946419E-01  2.715136E-03  0.000000E+00  9.962201E-04 -3.235639E-04  2.167147E-16 -5.592036E-01  0.000000E+00
  9.823490E-01  3.418251E-03  5.000000E-01  9.922712E-01  3.490477E-03  0.000000E+00  1.850231E-04 -5.919744E-05  7.505903E-17 -5.582233E-01  0.000000E+00
  9.795670E-01  4.338749E-03  5.000000E-01  9.894611E-01  4.420271E-03  0.000000E+00 -4.280777E-04  1.428146E-04  9.271343E-18 -5.584650E-01  0.000000E+00
  9.763420E-01  5.417935E-03  5.000000E-01  9.862036E-01  5.510356E-03  0.000000E+00 -8.721617E-04  2.934769E-04 -1.448069E-17 -5.599103E-01  0.000000E+00
  9.726710E-01  6.659545E-03  5.000000E-01  9.824955E-01  6.764504E-03  0.000000E+00 -1.171533E-03  3.980123E-04 -1.671478E-17 -5.624458E-01  0.000000E+00
  9.685460E-01  8.066756E-03  5.000000E-01  9.783288E-01  8.185926E-03  0.000000E+00 -1.343454E-03  4.598964E-04 -1.089182E-17 -5.656522E-01  0.000000E+00
  9.639600E-01  9.641713E-03  5.000000E-01  9.736965E-01  9.776788E-03  0.000000E+00 -1.404525E-03  4.836827E-04 -4.777737E-18 -5.690217E-01  0.000000E+00
  9.589060E-01  1.138656E-02  5.000000E-01  9.685915E-01  1.153926E-02  0.000000E+00 -1.375122E-03  4.756279E-04 -1.371295E-18 -5.720781E-01  0.000000E+00
  9.533750E-01  1.330249E-02  5.000000E-01  9.630046E-01  1.347453E-02  0.000000E+00 -1.281077E-03  4.440463E-04 -1.203865E-18 -5.744570E-01  0.000000E+00
  9.473580E-01  1.538824E-02  5.000000E-01  9.569269E-01  1.558135E-02  0.000000E+00 -1.152197E-03  3.990798E-04 -1.069873E-18 -5.759725E-01  0.000000E+00
  9.408450E-01  1.764050E-02  5.000000E-01  9.503481E-01  1.785635E-02  0.000000E+00 -1.018687E-03  3.514233E-04 -3.911716E-19 -5.766531E-01  0.000000E+00
  9.338260E-01  2.005397E-02  5.000000E-01  9.432582E-01  2.029419E-02  0.000000E+00 -9.072450E-04  3.105726E-04 -2.983195E-19 -5.767263E-01  0.000000E+00
  9.262910E-01  2.262021E-02  5.000000E-01  9.356471E-01  2.288635E-02  0.000000E+00 -8.384496E-04  2.835586E-04 -9.948662E-21 -5.765445E-01  0.000000E+00
  9.182290E-01  2.532640E-02  5.000000E-01  9.275037E-01  2.561987E-02  0.000000E+00 -8.262045E-04  2.744669E-04 -7.547104E-19 -5.764783E-01  0.000000E+00
  9.096280E-01  2.815485E-02  5.000000E-01  9.188158E-01  2.847688E-02  0.000000E+00 -8.781976E-04  2.845440E-04 -1.125517E-18 -5.768880E-01  0.000000E+00
  9.004770E-01  3.108207E-02  5.000000E-01  9.095724E-01  3.143367E-02  0.000000E+00 -9.962745E-04  3.124240E-04  1.572868E-19 -5.780894E-01  0.000000E+00
  8.907650E-01  3.407716E-02  5.000000E-01  8.997623E-01  3.445901E-02  0.000000E+00 -1.177686E-03  3.538171E-04  1.811357E-18 -5.801694E-01  0.000000E+00
  8.804800E-01  3.709875E-02  5.000000E-01  8.893735E-01  3.751111E-02  0.000000E+00 -1.415693E-03  4.011011E-04  1.308126E-18 -5.830272E-01  0.000000E+00
  8.696090E-01  4.009109E-02  5.000000E-01  8.783927E-01  4.053367E-02  0.000000E+00 -1.696176E-03  4.448566E-04  7.128737E-19 -5.866000E-01  0.000000E+00
  8.696090E-01  4.009109E-02  5.000000E-01  8.783927E-01  4.053367E-02  0.000000E+00 -1.696176E-03  4.448566E-04  7.128737E-19 -5.866000E-01  0.000000E+00
  8.581400E-01  4.298216E-02  5.000000E-01  8.668079E-01  4.345394E-02  0.000000E+00 -1.999146E-03  4.761610E-04  1.752074E-18 -5.899233E-01  0.000000E+00
  8.460600E-01  4.568786E-02  5.000000E-01  8.546059E-01  4.618696E-02  0.000000E+00 -2.306781E-03  4.849548E-04  1.416895E-18 -5.908026E-01  0.000000E+00
  8.333640E-01  4.812840E-02  5.000000E-01  8.417817E-01  4.865214E-02  0.000000E+00 -2.565007E-03  4.508784E-04  5.184626E-19 -5.922979E-01  0.000000E+00
  8.200460E-01  5.022832E-02  5.000000E-01  8.283292E-01  5.077327E-02  0.000000E+00 -2.544083E-03  3.458448E-04  1.962243E-19 -6.134113E-01  0.000000E+00
  8.061050E-01  5.192038E-02  5.000000E-01  8.142474E-01  5.248243E-02  0.000000E+00 -1.668228E-03  1.643007E-04  1.907187E-18 -6.833853E-01  0.000000E+00
  7.915460E-01  5.317908E-02  5.000000E-01  7.995413E-01  5.375383E-02  0.000000E+00  9.413721E-04 -4.974730E-05  4.988578E-18 -8.087797E-01  0.000000E+00
  7.763770E-01  5.404391E-02  5.000000E-01  7.842192E-01  5.462740E-02  0.000000E+00  5.904998E-03 -2.150426E-04  4.807523E-18 -9.502817E-01  0.000000E+00
  7.606070E-01  5.458448E-02  5.000000E-01  7.682899E-01  5.517342E-02  0.000000E+00  1.251036E-02 -2.353892E-04  5.878213E-19 -1.049683E+00  0.000000E+00
  7.442510E-01  5.480833E-02  5.000000E-01  7.517687E-01  5.539954E-02  0.000000E+00  1.838045E-02 -5.326134E-05 -5.466915E-18 -1.082160E+00  0.000000E+00
  7.273250E-01  5.473353E-02  5.000000E-01  7.346718E-01  5.532398E-02  0.000000E+00  2.142822E-02  2.435602E-04 -1.060050E-17 -1.068631E+00  0.000000E+00
  7.098490E-01  5.441268E-02  5.000000E-01  7.170193E-01  5.499990E-02  0.000000E+00  2.168631E-02  4.729894E-04 -1.380484E-17 -1.044118E+00  0.000000E+00
  6.918480E-01  5.394188E-02  5.000000E-01  6.988365E-01  5.452433E-02  0.000000E+00  2.056293E-02  5.226990E-04 -1.461037E-17 -1.033321E+00  0.000000E+00
  6.733520E-01  5.347108E-02  5.000000E-01  6.801537E-01  5.404879E-02  0.000000E+00  1.936285E-02  3.810743E-04 -1.194289E-17 -1.047012E+00  0.000000E+00
  6.543930E-01  5.319949E-02  5.000000E-01  6.610032E-01  5.377446E-02  0.000000E+00  1.878899E-02  1.132687E-04 -8.289520E-18 -1.081705E+00  0.000000E+00
  6.350090E-01  5.324591E-02  5.000000E-01  6.414235E-01  5.382134E-02  0.000000E+00  1.907126E-02 -1.632865E-04 -5.917869E-18 -1.122010E+00  0.000000E+00
  6.152440E-01  5.354160E-02  5.000000E-01  6.214589E-01  5.412001E-02  0.000000E+00  2.000261E-02 -3.642969E-04 -4.567315E-18 -1.153397E+00  0.000000E+00
  5.951420E-01  5.397486E-02  5.000000E-01  6.011539E-01  5.455765E-02  0.000000E+00  2.112669E-02 -4.523657E-04 -5.006752E-18 -1.168908E+00  0.000000E+00
  5.747530E-01  5.441351E-02  5.000000E-01  5.805590E-01  5.500073E-02  0.000000E+00  2.207503E-02 -3.914039E-04 -6.136627E-18 -1.166087E+00  0.000000E+00
  5.541290E-01  5.471098E-02  5.000000E-01  5.597267E-01  5.530120E-02  0.000000E+00  2.267868E-02 -1.701789E-04 -6.232261E-18 -1.146405E+00  0.000000E+00
  5.333260E-01  5.472816E-02  5.000000E-01  5.387136E-01  5.531856E-02  0.000000E+00  2.287541E-02  1.366946E-04 -5.851404E-18 -1.117428E+00  0.000000E+00
  5.124010E-01  5.445603E-02  5.000000E-01  5.175773E-01  5.504368E-02  0.000000E+00  2.271565E-02  4.198960E-04 -5.698687E-18 -1.088920E+00  0.000000E+00
  4.914140E-01  5.394783E-02  5.000000E-01  4.963783E-01  5.453035E-02  0.000000E+00  2.238625E-02  6.344832E-04 -5.980074E-18 -1.066432E+00  0.000000E+00
  4.704230E-01  5.326270E-02  5.000000E-01  4.751754E-01  5.383829E-02  0.000000E+00  2.206993E-02  7.789228E-04 -6.954206E-18 -1.052064E+00  0.000000E+00
  1.696960E-04 -4.797705E-04  5.000000E-01  1.730287E-04 -4.469104E-04  0.000000E+00 -6.438252E-02  9.277595E-02 -6.553577E-14  5.420357E-01  0.000000E+00
  8.054360E-04 -9.762441E-04  5.000000E-01  8.151890E-04 -9.483978E-04  0.000000E+00 -4.691899E-02  3.280164E-02 -5.092885E-14  1.107547E+00  0.000000E+00
  1.973980E-03 -1.581827E-03  5.000000E-01  1.995534E-03 -1.560096E-03  0.000000E+00 -2.101793E-02  1.043934E-02 -2.805414E-14  1.176739E+00  0.000000E+00
  3.614630E-03 -2.294529E-03  5.000000E-01  3.652753E-03 -2.279996E-03  0.000000E+00 -4.019564E-03  1.753279E-03 -9.634794E-15  1.152702E+00  0.000000E+00
  5.721210E-03 -3.122748E-03  5.000000E-01  5.780607E-03 -3.116579E-03  0.000000E+00  5.052148E-03 -1.869668E-03 -8.290862E-17  1.122166E+00  0.000000E+00
  8.297500E-03 -4.063974E-03  5.000000E-01  8.382914E-03 -4.067311E-03  0.000000E+00  9.356772E-03 -3.265749E-03  2.428440E-15  1.077711E+00  0.000000E+00
  1.136560E-02 -5.098572E-03  5.000000E-01  1.148200E-02 -5.112356E-03  0.000000E+00  1.112039E-02 -3.612281E-03  1.792643E-15  1.023212E+00  0.000000E+00
  1.493280E-02 -6.215299E-03  5.000000E-01  1.508522E-02 -6.240361E-03  0.000000E+00  1.171178E-02 -3.575239E-03  6.831987E-16  9.686849E-01  0.000000E+00
  1.899460E-02 -7.422491E-03  5.000000E-01  1.918804E-02 -7.459745E-03  0.000000E+00  1.196480E-02 -3.503735E-03  5.375511E-17  9.180232E-01  0.000000E+00
  2.354800E-02 -8.736228E-03  5.000000E-01  2.378743E-02 -8.786749E-03  0.000000E+00  1.229632E-02 -3.494483E-03 -1.175782E-16  8.682062E-01  0.000000E+00
  2.860130E-02 -1.015207E-02  5.000000E-01  2.889176E-02 -1.021689E-02  0.000000E+00  1.282449E-02 -3.532133E-03 -8.960909E-17  8.165832E-01  0.000000E+00
  3.416500E-02 -1.165900E-02  5.000000E-01  3.451165E-02 -1.173904E-02  0.000000E+00  1.353041E-02 -3.598082E-03 -3.357407E-17  7.643805E-01  0.000000E+00
  4.024810E-02 -1.324793E-02  5.000000E-01  4.065618E-02 -1.334402E-02  0.000000E+00  1.435522E-02 -3.673215E-03 -2.755066E-18  7.125101E-01  0.000000E+00
  4.686030E-02 -1.490670E-02  5.000000E-01  4.733516E-02 -1.501953E-02  0.000000E+00  1.523452E-02 -3.737855E-03  5.814191E-18  6.607551E-01  0.000000E+00
  5.401090E-02 -1.662375E-02  5.000000E-01  5.455797E-02 -1.675392E-02  0.000000E+00  1.612171E-02 -3.783758E-03  4.180984E-18  6.091823E-01  0.000000E+00
  6.170850E-02 -1.839063E-02  5.000000E-01  6.233331E-02 -1.853865E-02  0.000000E+00  1.699137E-02 -3.802734E-03  1.896476E-18  5.574181E-01  0.000000E+00
  6.996310E-02 -2.019322E-02  5.000000E-01  7.067127E-02 -2.035944E-02  0.000000E+00  1.782988E-02 -3.782408E-03  8.156459E-19  5.047583E-01  0.000000E+00
  7.878500E-02 -2.201213E-02  5.000000E-01  7.958226E-02 -2.219673E-02  0.000000E+00  1.863428E-02 -3.719262E-03 -6.653993E-19  4.513973E-01  0.000000E+00
  8.818390E-02 -2.382851E-02  5.000000E-01  8.907608E-02 -2.403145E-02  0.000000E+00  1.940617E-02 -3.613480E-03 -1.135143E-18  3.977640E-01  0.000000E+00
  9.816930E-02 -2.562012E-02  5.000000E-01  9.916232E-02 -2.584115E-02  0.000000E+00  2.014045E-02 -3.460535E-03 -3.561895E-19  3.439100E-01  0.000000E+00
  1.087500E-01 -2.736046E-02  5.000000E-01  1.098499E-01 -2.759907E-02  0.000000E+00  2.082159E-02 -3.257075E-03  2.045235E-19  2.902425E-01  0.000000E+00
  1.199340E-01 -2.902260E-02  5.000000E-01  1.211468E-01 -2.927799E-02  0.000000E+00  2.141582E-02 -2.998210E-03 -1.499773E-19  2.374422E-01  0.000000E+00
  1.317280E-01 -3.057491E-02  5.000000E-01  1.330599E-01 -3.084598E-02  0.000000E+00  2.186411E-02 -2.675147E-03 -1.587354E-19  1.863226E-01  0.000000E+00
  1.441380E-01 -3.198047E-02  5.000000E-01  1.455953E-01 -3.226573E-02  0.000000E+00  2.209702E-02 -2.287632E-03  4.361476E-19  1.386172E-01  0.000000E+00
  1.441380E-01 -3.198047E-02  5.000000E-01  1.455953E-01 -3.226573E-02  0.000000E+00  2.209702E-02 -2.287632E-03  4.361476E-19  1.386172E-01  0.000000E+00
  1.571670E-01 -3.320321E-02  5.000000E-01  1.587558E-01 -3.350082E-02  0.000000E+00  2.206438E-02 -1.848741E-03  9.215720E-19  9.683863E-02  0.000000E+00
  1.708170E-01 -3.420844E-02  5.000000E-01  1.725437E-01 -3.451621E-02  0.000000E+00  2.177495E-02 -1.387145E-03  7.875734E-19  6.365535E-02  0.000000E+00
  1.850860E-01 -3.497233E-02  5.000000E-01  1.869568E-01 -3.528780E-02  0.000000E+00  2.132963E-02 -9.545857E-04  8.708371E-19  4.138316E-02  0.000000E+00
  1.999720E-01 -3.550263E-02  5.000000E-01  2.019931E-01 -3.582346E-02  0.000000E+00  2.090468E-02 -6.183549E-04  1.788722E-18  3.078092E-02  0.000000E+00
  2.154670E-01 -3.586301E-02  5.000000E-01  2.176446E-01 -3.618748E-02  0.000000E+00  2.063999E-02 -4.048276E-04  1.080736E-18  2.761269E-02  0.000000E+00
  2.315610E-01 -3.612160E-02  5.000000E-01  2.339011E-01 -3.644869E-02  0.000000E+00  2.052288E-02 -2.533087E-04  4.171550E-19  2.202138E-02  0.000000E+00
  2.482400E-01 -3.626931E-02  5.000000E-01  2.507486E-01 -3.659789E-02  0.000000E+00  2.045954E-02 -9.848791E-05  9.974637E-19  8.643228E-03  0.000000E+00
  2.654840E-01 -3.628345E-02  5.000000E-01  2.681667E-01 -3.661217E-02  0.000000E+00  2.038264E-02  7.444685E-05  1.099385E-18 -9.399645E-03  0.000000E+00
  2.832720E-01 -3.613783E-02  5.000000E-01  2.861343E-01 -3.646507E-02  0.000000E+00  2.025395E-02  2.630096E-04  8.783291E-19 -2.711115E-02  0.000000E+00
  3.015770E-01 -3.581047E-02  5.000000E-01  3.046242E-01 -3.613441E-02  0.000000E+00  2.005729E-02  4.574483E-04 -1.763675E-19 -4.106019E-02  0.000000E+00
  3.203660E-01 -3.528759E-02  5.000000E-01  3.236030E-01 -3.560625E-02  0.000000E+00  1.979096E-02  6.468810E-04 -1.300941E-18 -5.004134E-02  0.000000E+00
  3.396030E-01 -3.456376E-02  5.000000E-01  3.430342E-01 -3.487511E-02  0.000000E+00  1.945962E-02  8.241381E-04 -4.056107E-19 -5.435320E-02  0.000000E+00
  3.592490E-01 -3.363745E-02  5.000000E-01  3.628786E-01 -3.393944E-02  0.000000E+00  1.906819E-02  9.866570E-04  2.414783E-20 -5.477449E-02  0.000000E+00
  3.792580E-01 -3.250851E-02  5.000000E-01  3.830897E-01 -3.279910E-02  0.000000E+00  1.862158E-02  1.132991E-03 -1.209449E-18 -5.176029E-02  0.000000E+00
  3.995810E-01 -3.117994E-02  5.000000E-01  4.036179E-01 -3.145712E-02  0.000000E+00  1.812543E-02  1.260862E-03 -2.019052E-18 -4.532863E-02  0.000000E+00
  4.201670E-01 -2.965912E-02  5.000000E-01  4.244118E-01 -2.992094E-02  0.000000E+00  1.758404E-02  1.368803E-03 -6.912132E-19 -3.548308E-02  0.000000E+00
  4.409600E-01 -2.795549E-02  5.000000E-01  4.454148E-01 -2.820011E-02  0.000000E+00  1.700099E-02  1.456575E-03 -1.015468E-19 -2.241526E-02  0.000000E+00
  4.619030E-01 -2.608002E-02  5.000000E-01  4.665693E-01 -2.630570E-02  0.000000E+00  1.638499E-02  1.522680E-03 -6.046429E-19 -6.274382E-03  0.000000E+00
  4.829360E-01 -2.405138E-02  5.000000E-01  4.878147E-01 -2.425657E-02  0.000000E+00  1.575140E-02  1.565049E-03  7.442504E-20  1.271732E-02  0.000000E+00
  5.039990E-01 -2.189469E-02  5.000000E-01  5.090904E-01 -2.207809E-02  0.000000E+00  1.511837E-02  1.583308E-03 -1.616738E-19  3.399216E-02  0.000000E+00
  5.250310E-01 -1.964091E-02  5.000000E-01  5.303348E-01 -1.980156E-02  0.000000E+00  1.450337E-02  1.579151E-03 -4.325094E-19  5.670272E-02  0.000000E+00
  5.459710E-01 -1.732368E-02  5.000000E-01  5.514863E-01 -1.746092E-02  0.000000E+00  1.392082E-02  1.556369E-03  4.064738E-19  7.988647E-02  0.000000E+00
  5.667600E-01 -1.497506E-02  5.000000E-01  5.724853E-01 -1.508859E-02  0.000000E+00  1.338336E-02  1.518430E-03  8.912679E-19  1.028437E-01  0.000000E+00
  4.704230E-01  5.326270E-02  5.000000E-01  4.751754E-01  5.383829E-02  0.000000E+00  2.206993E-02  7.789228E-04 -6.954206E-18 -1.052064E+00  0.000000E+00
  4.494880E-01  5.246454E-02  5.000000E-01  4.540289E-01  5.303208E-02  0.000000E+00  2.187164E-02  8.610625E-04 -8.181982E-18 -1.045954E+00  0.000000E+00
  4.286690E-01  5.161693E-02  5.000000E-01  4.329997E-01  5.217591E-02  0.000000E+00  2.184723E-02  9.095579E-04 -9.363780E-18 -1.045456E+00  0.000000E+00
  4.080230E-01  5.073999E-02  5.000000E-01  4.121452E-01  5.129011E-02  0.000000E+00  2.200509E-02  9.670367E-04 -1.072426E-17 -1.046173E+00  0.000000E+00
  3.876050E-01  4.981505E-02  5.000000E-01  3.915210E-01  5.035583E-02  0.000000E+00  2.227786E-02  1.052916E-03 -1.194398E-17 -1.045250E+00  0.000000E+00
  3.674690E-01  4.882508E-02  5.000000E-01  3.711816E-01  4.935586E-02  0.000000E+00  2.256937E-02  1.164114E-03 -1.256148E-17 -1.041946E+00  0.000000E+00
  3.476650E-01  4.775666E-02  5.000000E-01  3.511776E-01  4.827665E-02  0.000000E+00  2.281875E-02  1.295894E-03 -1.344062E-17 -1.036351E+00  0.000000E+00
  3.282390E-01  4.659913E-02  5.000000E-01  3.315555E-01  4.710743E-02  0.000000E+00  2.300682E-02  1.443923E-03 -1.394838E-17 -1.029001E+00  0.000000E+00
  3.092330E-01  4.534621E-02  5.000000E-01  3.123575E-01  4.584187E-02  0.000000E+00  2.313482E-02  1.598977E-03 -1.335960E-17 -1.020938E+00  0.000000E+00
  2.906860E-01  4.400468E-02  5.000000E-01  2.936232E-01  4.448678E-02  0.000000E+00  2.321645E-02  1.752781E-03 -1.269002E-17 -1.013149E+00  0.000000E+00
  2.726330E-01  4.258428E-02  5.000000E-01  2.753879E-01  4.305204E-02  0.000000E+00  2.327343E-02  1.904925E-03 -1.215077E-17 -1.005984E+00  0.000000E+00
  2.551020E-01  4.109364E-02  5.000000E-01  2.576799E-01  4.154635E-02  0.000000E+00  2.332190E-02  2.058164E-03 -1.142665E-17 -9.993748E-01  0.000000E+00
  2.381210E-01  3.954074E-02  5.000000E-01  2.405274E-01  3.997776E-02  0.000000E+00  2.337066E-02  2.217380E-03 -1.131155E-17 -9.930436E-01  0.000000E+00
  2.217090E-01  3.792882E-02  5.000000E-01  2.239496E-01  3.834956E-02  0.000000E+00  2.341844E-02  2.384880E-03 -1.157019E-17 -9.871481E-01  0.000000E+00
  2.058840E-01  3.626077E-02  5.000000E-01  2.079648E-01  3.666467E-02  0.000000E+00  2.344319E-02  2.540774E-03 -1.242560E-17 -9.837172E-01  0.000000E+00
  1.906600E-01  3.456329E-02  5.000000E-01  1.925871E-01  3.495004E-02  0.000000E+00  2.343488E-02  2.650547E-03 -1.515681E-17 -9.859354E-01  0.000000E+00
  1.760460E-01  3.288461E-02  5.000000E-01  1.778255E-01  3.325441E-02  0.000000E+00  2.345636E-02  2.719179E-03 -1.981667E-17 -9.942175E-01  0.000000E+00
  1.620500E-01  3.124727E-02  5.000000E-01  1.636881E-01  3.160054E-02  0.000000E+00  2.359433E-02  2.787543E-03 -2.894886E-17 -1.005843E+00  0.000000E+00
  1.486750E-01  2.965250E-02  5.000000E-01  1.501781E-01  2.998967E-02  0.000000E+00  2.386731E-02  2.884239E-03 -4.405469E-17 -1.017978E+00  0.000000E+00
  1.359210E-01  2.809164E-02  5.000000E-01  1.372953E-01  2.841304E-02  0.000000E+00  2.422546E-02  3.016695E-03 -6.692584E-17 -1.028951E+00  0.000000E+00
  1.237890E-01  2.655565E-02  5.000000E-01  1.250407E-01  2.686154E-02  0.000000E+00  2.460019E-02  3.182188E-03 -1.050341E-16 -1.038173E+00  0.000000E+00
  1.122730E-01  2.503498E-02  5.000000E-01  1.134084E-01  2.532551E-02  0.000000E+00  2.494206E-02  3.375594E-03 -1.694092E-16 -1.045775E+00  0.000000E+00
  1.013710E-01  2.352400E-02  5.000000E-01  1.023964E-01  2.379927E-02  0.000000E+00  2.522960E-02  3.590466E-03 -2.783604E-16 -1.052384E+00  0.000000E+00
  9.107400E-02  2.202075E-02  5.000000E-01  9.199536E-02  2.228084E-02  0.000000E+00  2.546697E-02  3.826019E-03 -4.657985E-16 -1.058582E+00  0.000000E+00
  9.107400E-02  2.202075E-02  5.000000E-01  9.199536E-02  2.228084E-02  0.000000E+00  2.546697E-02  3.826019E-03 -4.657985E-16 -1.058582E+00  0.000000E+00
  8.137660E-02  2.052308E-02  5.000000E-01  8.220003E-02  2.076805E-02  0.000000E+00  2.566232E-02  4.080607E-03 -7.889975E-16 -1.065115E+00  0.000000E+00
  7.227050E-02  1.903348E-02  5.000000E-01  7.300197E-02  1.926340E-02  0.000000E+00  2.581991E-02  4.348290E-03 -1.350763E-15 -1.072998E+00  0.000000E+00
  6.374670E-02  1.755711E-02  5.000000E-01  6.439209E-02  1.777213E-02  0.000000E+00  2.595044E-02  4.630193E-03 -2.327386E-15 -1.082898E+00  0.000000E+00
  5.579720E-02  1.609735E-02  5.000000E-01  5.636231E-02  1.629762E-02  0.000000E+00  2.605448E-02  4.922502E-03 -4.011353E-15 -1.095722E+00  0.000000E+00
  4.841260E-02  1.466276E-02  5.000000E-01  4.890313E-02  1.484854E-02  0.000000E+00  2.613024E-02  5.220001E-03 -6.863192E-15 -1.112456E+00  0.000000E+00
  4.158390E-02  1.326119E-02  5.000000E-01  4.200547E-02  1.343282E-02  0.000000E+00  2.618296E-02  5.529199E-03 -1.149470E-14 -1.133491E+00  0.000000E+00
  3.530370E-02  1.189753E-02  5.000000E-01  3.566185E-02  1.205539E-02  0.000000E+00  2.619385E-02  5.844855E-03 -1.849772E-14 -1.159663E+00  0.000000E+00
  2.956270E-02  1.058134E-02  5.000000E-01  2.986287E-02  1.072590E-02  0.000000E+00  2.613600E-02  6.162260E-03 -2.802080E-14 -1.191640E+00  0.000000E+00
  2.435310E-02  9.319163E-03  5.000000E-01  2.460066E-02  9.450981E-03  0.000000E+00  2.596988E-02  6.493462E-03 -3.900731E-14 -1.228832E+00  0.000000E+00
  1.967110E-02  8.111531E-03  5.000000E-01  1.987137E-02  8.231154E-03  0.000000E+00  2.556162E-02  6.809273E-03 -4.849654E-14 -1.271553E+00  0.000000E+00
  1.550860E-02  6.965640E-03  5.000000E-01  1.566684E-02  7.073691E-03  0.000000E+00  2.473380E-02  7.061416E-03 -5.218255E-14 -1.320113E+00  0.000000E+00
  1.185930E-02  5.885192E-03  5.000000E-01  1.198068E-02  5.982331E-03  0.000000E+00  2.338789E-02  7.242595E-03 -4.676245E-14 -1.372667E+00  0.000000E+00
  8.724160E-03  4.866429E-03  5.000000E-01  8.813883E-03  4.953280E-03  0.000000E+00  2.164625E-02  7.379448E-03 -3.277808E-14 -1.428773E+00  0.000000E+00
  6.091130E-03  3.917596E-03  5.000000E-01  6.154263E-03  3.994865E-03  0.000000E+00  2.039056E-02  7.859356E-03 -1.625835E-14 -1.483858E+00  0.000000E+00
  3.952840E-03  3.041477E-03  5.000000E-01  3.994378E-03  3.109898E-03  0.000000E+00  2.118731E-02  9.772061E-03 -5.788827E-15 -1.520978E+00  0.000000E+00
  2.330070E-03  2.225385E-03  5.000000E-01  2.355220E-03  2.285564E-03  0.000000E+00  2.426371E-02  1.422767E-02 -5.231107E-15 -1.528603E+00  0.000000E+00
  1.198080E-03  1.487484E-03  5.000000E-01  1.211798E-03  1.540211E-03  0.000000E+00  2.759500E-02  2.140901E-02 -1.147463E-14 -1.516669E+00  0.000000E+00
  5.019560E-04  8.608550E-04  5.000000E-01  5.086442E-04  9.072540E-04  0.000000E+00  3.037253E-02  3.348056E-02 -1.997609E-14 -1.528253E+00  0.000000E+00
  1.313430E-04  3.773616E-04  5.000000E-01  1.342884E-04  4.188778E-04  0.000000E+00  3.498203E-02  7.021305E-02 -2.891177E-14 -1.564124E+00  0.000000E+00
  8.078190E-06  6.910500E-05  5.000000E-01  9.778777E-06  1.075082E-04  0.000000E+00  3.046411E-02  1.730769E-01 -4.008313E-14 -1.483994E+00  0.000000E+00
 -1.602820E-06 -3.732833E-05  5.000000E-01  0.000000E+00  0.000000E+00  0.000000E+00 -4.968072E-03  2.520752E-01 -5.139710E-14 -1.190439E+00  0.000000E+00
  9.141860E-06 -1.473621E-04  5.000000E-01  1.085319E-05 -1.111450E-04  0.000000E+00 -4.977279E-02  1.968038E-01 -6.235849E-14 -4.677410E-01  0.000000E+00
  1.696960E-04 -4.797705E-04  5.000000E-01  1.730287E-04 -4.469104E-04  0.000000E+00 -6.438252E-02  9.277595E-02 -6.553577E-14  5.420357E-01  0.000000E+00
    1    2
    2    3
    3    4
    4    5
    5    6
    6    7
    7    8
    8    9
    9   10
   10   11
   11   12
   12   13
   13   14
   14   15
   15   16
   16   17
   17   18
   18   19
   19   20
   20   21
   21   22
   22   23
   23   24
   25   26
   26   27
   27   28
   28   29
   29   30
   30   31
   31   32
   32   33
   33   34
   34   35
   35   36
   36   37
   37   38
   38   39
   39   40
   40   41
   41   42
   42   43
   43   44
   44   45
   45   46
   46   47
   47   48
   49   50
   50   51
   51   52
   52   53
   53   54
   54   55
   55   56
   56   57
   57   58
   58   59
   59   60
   60   61
   61   62
   62   63
   63   64
   64   65
   65   66
   66   67
   67   68
   68   69
   69   70
   70   71
   71   72
   73   74
   74   75
   75   76
   76   77
   77   78
   78   79
   79   80
   80   81
   81   82
   82   83
   83   84
   84   85
   85   86
   86   87
   87   88
   88   89
   89   90
   90   91
   91   92
   92   93
   93   94
   94   95
   95   96
   97   98
   98   99
   99  100
  100  101
  101  102
  102  103
  103  104
  104  105
  105  106
  106  107
  107  108
  108  109
  109  110
  110  111
  111  112
  112  113
  113  114
  114  115
  115  116
  116  117
  117  118
  118  119
  119  120
  121  122
  122  123
  123  124
  124  125
  125  126
  126  127
  127  128
  128  129
  129  130
  130  131
  131  132
  132  133
  133  134
  134  135
  135  136
  136  137
  137  138
  138  139
  139  140
  140  141
  141  142
  142  143
  143  144
  145  146
  146  147
  147  148
  148  149
  149  150
  150  151
  151  152
  152  153
  153  154
  154  155
  155  156
  156  157
  157  158
  158  159
  159  160
  160  161
  161  162
  162  163
  163  164
  164  165
  165  166
  166  167
  167  168
  169  170
  170  171
  171  172
  172  173
  173  174
  174  175
  175  176
  176  177
  177  178
  178  179
  179  180
  180  181
  181  182
  182  183
  183  184
  184  185
  185  186
  186  187
  187  188
  188  189
  189  190
  190  191
  191  192
