 Title = "ADflow Slice Data"
Variables =  "CoordinateX"  "CoordinateY"  "CoordinateZ"  "XoC"  "YoC"  "ZoC" "VelocityX" "VelocityY" "VelocityZ" "CoefPressure" "Mach" 
Zone T= "Slice_0001 None Absolute Regular z = 0.50000000"
 Nodes =          192  Elements=          184  ZONETYPE=FELINESEG
 DATAPACKING=POINT
  5.667600E-01 -1.510561E-02  5.000000E-01  5.724853E-01 -1.521927E-02  0.000000E+00  1.340850E-02  1.528751E-03 -6.042830E-19  1.002706E-01  0.000000E+00
  5.873410E-01 -1.274612E-02  5.000000E-01  5.932741E-01 -1.283594E-02  0.000000E+00  1.290519E-02  1.478250E-03 -9.204395E-19  1.231589E-01  0.000000E+00
  6.076580E-01 -1.042104E-02  5.000000E-01  6.137963E-01 -1.048739E-02  0.000000E+00  1.246326E-02  1.417039E-03 -1.209207E-18  1.449935E-01  0.000000E+00
  6.276600E-01 -8.162509E-03  5.000000E-01  6.340003E-01 -8.206048E-03  0.000000E+00  1.208020E-02  1.349236E-03  1.253352E-20  1.652098E-01  0.000000E+00
  6.472970E-01 -5.994624E-03  5.000000E-01  6.538356E-01 -6.016270E-03  0.000000E+00  1.174639E-02  1.279733E-03  7.418936E-19  1.834599E-01  0.000000E+00
  6.665260E-01 -3.928936E-03  5.000000E-01  6.732588E-01 -3.929721E-03  0.000000E+00  1.145163E-02  1.211004E-03 -2.208370E-19  1.999577E-01  0.000000E+00
  6.853050E-01 -1.974986E-03  5.000000E-01  6.922274E-01 -1.956038E-03  0.000000E+00  1.119007E-02  1.140436E-03  8.740909E-19  2.155003E-01  0.000000E+00
  7.035980E-01 -1.500497E-04  5.000000E-01  7.107052E-01 -1.126721E-04  0.000000E+00  1.095192E-02  1.065377E-03  2.151538E-18  2.304237E-01  0.000000E+00
  7.213750E-01  1.533856E-03  5.000000E-01  7.286617E-01  1.588239E-03  0.000000E+00  1.071469E-02  9.862549E-04  1.509224E-18  2.443828E-01  0.000000E+00
  7.386080E-01  3.072390E-03  5.000000E-01  7.460687E-01  3.142310E-03  0.000000E+00  1.044952E-02  9.052122E-04  7.012044E-19  2.572946E-01  0.000000E+00
  7.552750E-01  4.470599E-03  5.000000E-01  7.629040E-01  4.554640E-03  0.000000E+00  1.013836E-02  8.265036E-04  2.736513E-19  2.695857E-01  0.000000E+00
  7.713580E-01  5.741278E-03  5.000000E-01  7.791495E-01  5.838152E-03  0.000000E+00  9.794029E-03  7.519467E-04  1.287453E-19  2.818129E-01  0.000000E+00
  7.868410E-01  6.895373E-03  5.000000E-01  7.947888E-01  7.003901E-03  0.000000E+00  9.483486E-03  6.642265E-04  5.134155E-19  2.956992E-01  0.000000E+00
  8.017160E-01  7.872897E-03  5.000000E-01  8.098140E-01  7.991297E-03  0.000000E+00  9.307860E-03  5.404632E-04  7.861493E-19  3.115830E-01  0.000000E+00
  8.159740E-01  8.590473E-03  5.000000E-01  8.242160E-01  8.716120E-03  0.000000E+00  9.330769E-03  3.861044E-04 -6.814938E-19  3.244985E-01  0.000000E+00
  8.296120E-01  9.030452E-03  5.000000E-01  8.379918E-01  9.160543E-03  0.000000E+00  9.555964E-03  2.188005E-04 -2.295607E-18  3.295800E-01  0.000000E+00
  8.426300E-01  9.209086E-03  5.000000E-01  8.511412E-01  9.340980E-03  0.000000E+00  9.960002E-03  4.536079E-05 -1.241244E-18  3.267720E-01  0.000000E+00
  8.550290E-01  9.157737E-03  5.000000E-01  8.636654E-01  9.289113E-03  0.000000E+00  1.051460E-02 -1.332219E-04  1.376657E-19  3.180597E-01  0.000000E+00
  8.668160E-01  8.914126E-03  5.000000E-01  8.755715E-01  9.043042E-03  0.000000E+00  1.119079E-02 -3.158061E-04  1.834677E-19  3.047923E-01  0.000000E+00
  8.779950E-01  8.519511E-03  5.000000E-01  8.868634E-01  8.644442E-03  0.000000E+00  1.195872E-02 -4.998360E-04  4.786296E-19  2.875299E-01  0.000000E+00
  8.885730E-01  8.013162E-03  5.000000E-01  8.975482E-01  8.132978E-03  0.000000E+00  1.278912E-02 -6.827349E-04  6.573829E-19  2.668606E-01  0.000000E+00
  8.985610E-01  7.428444E-03  5.000000E-01  9.076371E-01  7.542355E-03  0.000000E+00  1.364938E-02 -8.577540E-04  1.591503E-18  2.433059E-01  0.000000E+00
  9.079670E-01  6.799130E-03  5.000000E-01  9.171381E-01  6.906686E-03  0.000000E+00  1.450022E-02 -1.012525E-03  2.017991E-18  2.173283E-01  0.000000E+00
  9.168010E-01  6.157725E-03  5.000000E-01  9.260613E-01  6.258804E-03  0.000000E+00  1.530403E-02 -1.137902E-03  1.145328E-18  1.899857E-01  0.000000E+00
  9.168010E-01  6.157725E-03  5.000000E-01  9.260613E-01  6.258804E-03  0.000000E+00  1.530403E-02 -1.137902E-03  1.145328E-18  1.899857E-01  0.000000E+00
  9.250730E-01  5.529033E-03  5.000000E-01  9.344168E-01  5.623763E-03  0.000000E+00  1.603761E-02 -1.235120E-03  5.843067E-19  1.628028E-01  0.000000E+00
  9.327940E-01  4.927293E-03  5.000000E-01  9.422158E-01  5.015946E-03  0.000000E+00  1.670046E-02 -1.315878E-03 -4.192635E-19  1.370934E-01  0.000000E+00
  9.399760E-01  4.355781E-03  5.000000E-01  9.494703E-01  4.438662E-03  0.000000E+00  1.730879E-02 -1.391716E-03 -2.788159E-19  1.131261E-01  0.000000E+00
  9.466320E-01  3.815200E-03  5.000000E-01  9.561935E-01  3.892622E-03  0.000000E+00  1.788278E-02 -1.467166E-03  6.922620E-19  9.016303E-02  0.000000E+00
  9.527730E-01  3.306371E-03  5.000000E-01  9.623965E-01  3.378654E-03  0.000000E+00  1.844711E-02 -1.548719E-03 -7.818419E-20  6.766454E-02  0.000000E+00
  9.584110E-01  2.827154E-03  5.000000E-01  9.680915E-01  2.894598E-03  0.000000E+00  1.903447E-02 -1.647026E-03 -1.060844E-18  4.539818E-02  0.000000E+00
  9.635570E-01  2.374318E-03  5.000000E-01  9.732895E-01  2.437189E-03  0.000000E+00  1.967878E-02 -1.767966E-03  2.396820E-18  2.264625E-02  0.000000E+00
  9.682220E-01  1.946793E-03  5.000000E-01  9.780016E-01  2.005346E-03  0.000000E+00  2.041216E-02 -1.912174E-03  1.156589E-17 -1.679852E-03  0.000000E+00
  9.724140E-01  1.545859E-03  5.000000E-01  9.822359E-01  1.600363E-03  0.000000E+00  2.128263E-02 -2.087659E-03  1.226080E-17 -2.821074E-02  0.000000E+00
  9.761430E-01  1.171440E-03  5.000000E-01  9.860026E-01  1.222163E-03  0.000000E+00  2.237234E-02 -2.311580E-03 -3.020939E-17 -5.739867E-02  0.000000E+00
  9.794160E-01  8.242704E-04  5.000000E-01  9.893086E-01  8.714875E-04  0.000000E+00  2.378329E-02 -2.597361E-03 -1.286886E-16 -9.032489E-02  0.000000E+00
  9.822400E-01  5.074293E-04  5.000000E-01  9.921611E-01  5.514467E-04  0.000000E+00  2.556640E-02 -2.947196E-03 -1.666538E-16 -1.284427E-01  0.000000E+00
  9.846200E-01  2.260650E-04  5.000000E-01  9.945652E-01  2.672409E-04  0.000000E+00  2.759065E-02 -3.347867E-03  1.807459E-16 -1.721012E-01  0.000000E+00
  9.865620E-01 -1.453606E-05  5.000000E-01  9.965268E-01  2.421004E-05  0.000000E+00  2.940966E-02 -3.711589E-03  1.166294E-15 -2.194097E-01  0.000000E+00
  9.880680E-01 -2.086060E-04  5.000000E-01  9.980480E-01 -1.718198E-04  0.000000E+00  2.987566E-02 -3.826707E-03  1.959004E-15 -2.766185E-01  0.000000E+00
  9.891420E-01 -3.514239E-04  5.000000E-01  9.991328E-01 -3.160800E-04  0.000000E+00  2.812847E-02 -3.911144E-03 -7.530183E-16 -3.435029E-01  0.000000E+00
  9.897860E-01 -4.389487E-04  5.000000E-01  9.997833E-01 -4.044887E-04  0.000000E+00  3.788619E-02 -4.013276E-03 -1.091370E-14 -2.893981E-01  0.000000E+00
  9.900000E-01 -4.683023E-04  5.000000E-01  9.999995E-01 -4.341387E-04  0.000000E+00  2.618846E-02  5.267611E-03 -9.669889E-15 -5.820221E-01  0.000000E+00
  9.900000E-01 -1.843754E-04  5.000000E-01  9.999995E-01 -1.473445E-04  0.000000E+00  1.229779E-03 -7.885258E-03  2.861933E-16 -8.088150E-01  0.000000E+00
  9.900000E-01  9.955150E-05  5.000000E-01  9.999995E-01  1.394498E-04  0.000000E+00 -4.468922E-04 -2.274870E-02  2.619431E-15 -6.283652E-01  0.000000E+00
  9.900000E-01  3.834784E-04  5.000000E-01  9.999995E-01  4.262440E-04  0.000000E+00 -1.435994E-04 -8.863013E-03  3.889047E-15 -6.283210E-01  0.000000E+00
  9.900000E-01  6.674053E-04  5.000000E-01  9.999995E-01  7.130382E-04  0.000000E+00  4.646603E-04 -5.229948E-03  4.005754E-15 -6.882013E-01  0.000000E+00
  9.900000E-01  9.513321E-04  5.000000E-01  9.999995E-01  9.998324E-04  0.000000E+00  6.797342E-03 -6.632426E-03  3.686817E-15 -6.299504E-01  0.000000E+00
  9.900000E-01  9.513321E-04  5.000000E-01  9.999995E-01  9.998324E-04  0.000000E+00  6.797342E-03 -6.632426E-03  3.686817E-15 -6.299504E-01  0.000000E+00
  9.897890E-01  1.017904E-03  5.000000E-01  9.997864E-01  1.067076E-03  0.000000E+00  9.015766E-03 -3.469585E-03  3.025305E-15 -5.523903E-01  0.000000E+00
  9.891540E-01  1.218674E-03  5.000000E-01  9.991450E-01  1.269874E-03  0.000000E+00  4.567769E-03 -1.351277E-03  1.917959E-15 -5.709926E-01  0.000000E+00
  9.880950E-01  1.555408E-03  5.000000E-01  9.980753E-01  1.610008E-03  0.000000E+00  3.024781E-03 -9.609207E-04  1.014075E-15 -5.705527E-01  0.000000E+00
  9.866100E-01  2.031333E-03  5.000000E-01  9.965753E-01  2.090740E-03  0.000000E+00  1.983742E-03 -6.497745E-04  4.787317E-16 -5.626529E-01  0.000000E+00
  9.846960E-01  2.650662E-03  5.000000E-01  9.946419E-01  2.716324E-03  0.000000E+00  9.958875E-04 -3.234562E-04  2.098794E-16 -5.590151E-01  0.000000E+00
  9.823490E-01  3.418251E-03  5.000000E-01  9.922712E-01  3.491665E-03  0.000000E+00  1.849629E-04 -5.917808E-05  7.773367E-17 -5.580357E-01  0.000000E+00
  9.795670E-01  4.338749E-03  5.000000E-01  9.894611E-01  4.421458E-03  0.000000E+00 -4.278512E-04  1.427389E-04  1.280737E-17 -5.582777E-01  0.000000E+00
  9.763420E-01  5.417935E-03  5.000000E-01  9.862036E-01  5.511542E-03  0.000000E+00 -8.716185E-04  2.932937E-04 -1.279749E-17 -5.597224E-01  0.000000E+00
  9.726710E-01  6.659543E-03  5.000000E-01  9.824955E-01  6.765690E-03  0.000000E+00 -1.170648E-03  3.977108E-04 -1.629873E-17 -5.622562E-01  0.000000E+00
  9.685460E-01  8.066753E-03  5.000000E-01  9.783288E-01  8.187111E-03  0.000000E+00 -1.342222E-03  4.594739E-04 -1.024246E-17 -5.654596E-01  0.000000E+00
  9.639600E-01  9.641707E-03  5.000000E-01  9.736965E-01  9.777970E-03  0.000000E+00 -1.402977E-03  4.831488E-04 -2.455456E-18 -5.688247E-01  0.000000E+00
  9.589060E-01  1.138655E-02  5.000000E-01  9.685915E-01  1.154044E-02  0.000000E+00 -1.373329E-03  4.750063E-04  2.133611E-18 -5.718757E-01  0.000000E+00
  9.533750E-01  1.330247E-02  5.000000E-01  9.630046E-01  1.347570E-02  0.000000E+00 -1.279142E-03  4.433739E-04  2.511032E-18 -5.742488E-01  0.000000E+00
  9.473580E-01  1.538821E-02  5.000000E-01  9.569269E-01  1.558251E-02  0.000000E+00 -1.150247E-03  3.984018E-04  1.402228E-18 -5.757590E-01  0.000000E+00
  9.408450E-01  1.764045E-02  5.000000E-01  9.503481E-01  1.785749E-02  0.000000E+00 -1.016857E-03  3.507884E-04 -1.824000E-19 -5.764357E-01  0.000000E+00
  9.338260E-01  2.005389E-02  5.000000E-01  9.432582E-01  2.029531E-02  0.000000E+00 -9.056684E-04  3.100285E-04 -1.399437E-18 -5.765072E-01  0.000000E+00
  9.262910E-01  2.262009E-02  5.000000E-01  9.356471E-01  2.288742E-02  0.000000E+00 -8.372599E-04  2.831506E-04 -1.156932E-18 -5.763261E-01  0.000000E+00
  9.182290E-01  2.532623E-02  5.000000E-01  9.275037E-01  2.562088E-02  0.000000E+00 -8.255363E-04  2.742364E-04 -7.509519E-19 -5.762631E-01  0.000000E+00
  9.096280E-01  2.815459E-02  5.000000E-01  9.188158E-01  2.847781E-02  0.000000E+00 -8.781795E-04  2.845258E-04 -4.972364E-19 -5.766787E-01  0.000000E+00
  9.004770E-01  3.108169E-02  5.000000E-01  9.095724E-01  3.143447E-02  0.000000E+00 -9.970132E-04  3.126392E-04 -1.244015E-18 -5.778879E-01  0.000000E+00
  8.907650E-01  3.407660E-02  5.000000E-01  8.997623E-01  3.445963E-02  0.000000E+00 -1.179244E-03  3.542558E-04 -1.559958E-18 -5.799760E-01  0.000000E+00
  8.804800E-01  3.709793E-02  5.000000E-01  8.893735E-01  3.751147E-02  0.000000E+00 -1.418030E-03  4.017099E-04 -6.569387E-19 -5.828432E-01  0.000000E+00
  8.696090E-01  4.008990E-02  5.000000E-01  8.783927E-01  4.053366E-02  0.000000E+00 -1.699083E-03  4.455621E-04 -1.893056E-19 -5.864244E-01  0.000000E+00
  8.696090E-01  4.008990E-02  5.000000E-01  8.783927E-01  4.053366E-02  0.000000E+00 -1.699083E-03  4.455621E-04 -1.893056E-19 -5.864244E-01  0.000000E+00
  8.581400E-01  4.298046E-02  5.000000E-01  8.668079E-01  4.345341E-02  0.000000E+00 -2.002374E-03  4.768882E-04 -9.165183E-19 -5.897308E-01  0.000000E+00
  8.460600E-01  4.568541E-02  5.000000E-01  8.546059E-01  4.618568E-02  0.000000E+00 -2.310136E-03  4.855341E-04 -9.000962E-19 -5.905624E-01  0.000000E+00
  8.333640E-01  4.812490E-02  5.000000E-01  8.417817E-01  4.864980E-02  0.000000E+00 -2.567316E-03  4.509187E-04 -5.547583E-19 -5.921162E-01  0.000000E+00
  8.200460E-01  5.022333E-02  5.000000E-01  8.283292E-01  5.076942E-02  0.000000E+00 -2.540582E-03  3.448588E-04 -8.753347E-19 -6.136490E-01  0.000000E+00
  8.061050E-01  5.191328E-02  5.000000E-01  8.142474E-01  5.247644E-02  0.000000E+00 -1.648320E-03  1.621434E-04 -7.951632E-19 -6.843973E-01  0.000000E+00
  7.915460E-01  5.316901E-02  5.000000E-01  7.995413E-01  5.374485E-02  0.000000E+00  9.919260E-04 -5.247374E-05 -5.406374E-19 -8.103827E-01  0.000000E+00
  7.763770E-01  5.402972E-02  5.000000E-01  7.842191E-01  5.461425E-02  0.000000E+00  5.990110E-03 -2.164296E-04  3.201255E-19 -9.516936E-01  0.000000E+00
  7.606070E-01  5.456473E-02  5.000000E-01  7.682899E-01  5.515466E-02  0.000000E+00  1.260783E-02 -2.326580E-04 -8.397255E-19 -1.050176E+00  0.000000E+00
  7.442510E-01  5.478138E-02  5.000000E-01  7.517687E-01  5.537350E-02  0.000000E+00  1.845267E-02 -4.499674E-05 -5.594912E-18 -1.081599E+00  0.000000E+00
  7.273250E-01  5.469759E-02  5.000000E-01  7.346718E-01  5.528887E-02  0.000000E+00  2.145548E-02  2.560080E-04 -1.164928E-17 -1.067312E+00  0.000000E+00
  7.098490E-01  5.436589E-02  5.000000E-01  7.170193E-01  5.495382E-02  0.000000E+00  2.167774E-02  4.871283E-04 -1.444616E-17 -1.042349E+00  0.000000E+00
  6.918480E-01  5.388244E-02  5.000000E-01  6.988365E-01  5.446548E-02  0.000000E+00  2.053682E-02  5.371369E-04 -1.444175E-17 -1.031290E+00  0.000000E+00
  6.733520E-01  5.339747E-02  5.000000E-01  6.801537E-01  5.397561E-02  0.000000E+00  1.933103E-02  3.956351E-04 -1.222815E-17 -1.044851E+00  0.000000E+00
  6.543930E-01  5.311063E-02  5.000000E-01  6.610032E-01  5.368588E-02  0.000000E+00  1.875557E-02  1.281040E-04 -8.519275E-18 -1.079554E+00  0.000000E+00
  6.350090E-01  5.314155E-02  5.000000E-01  6.414235E-01  5.371711E-02  0.000000E+00  1.903663E-02 -1.483987E-04 -5.661362E-18 -1.120024E+00  0.000000E+00
  6.152440E-01  5.342270E-02  5.000000E-01  6.214589E-01  5.400110E-02  0.000000E+00  1.996713E-02 -3.502925E-04 -3.924131E-18 -1.151732E+00  0.000000E+00
  5.951420E-01  5.384376E-02  5.000000E-01  6.011539E-01  5.442641E-02  0.000000E+00  2.109205E-02 -4.409252E-04 -4.685981E-18 -1.167712E+00  0.000000E+00
  5.747530E-01  5.427397E-02  5.000000E-01  5.805590E-01  5.486097E-02  0.000000E+00  2.204331E-02 -3.846748E-04 -5.378661E-18 -1.165503E+00  0.000000E+00
  5.541290E-01  5.456823E-02  5.000000E-01  5.597267E-01  5.515820E-02  0.000000E+00  2.265179E-02 -1.700105E-04 -5.711226E-18 -1.146547E+00  0.000000E+00
  5.333260E-01  5.458862E-02  5.000000E-01  5.387136E-01  5.517879E-02  0.000000E+00  2.285614E-02  1.304501E-04 -6.410244E-18 -1.118271E+00  0.000000E+00
  5.124010E-01  5.432462E-02  5.000000E-01  5.175773E-01  5.491213E-02  0.000000E+00  2.270692E-02  4.098263E-04 -6.400216E-18 -1.090247E+00  0.000000E+00
  4.914140E-01  5.382673E-02  5.000000E-01  4.963783E-01  5.440922E-02  0.000000E+00  2.238823E-02  6.239639E-04 -6.280209E-18 -1.067904E+00  0.000000E+00
  4.704230E-01  5.315124E-02  5.000000E-01  4.751754E-01  5.372690E-02  0.000000E+00  2.207949E-02  7.710584E-04 -7.037471E-18 -1.053300E+00  0.000000E+00
  1.696960E-04 -4.811797E-04  5.000000E-01  1.730287E-04 -4.471461E-04  0.000000E+00 -6.436746E-02  9.282741E-02 -6.645248E-14  5.407521E-01  0.000000E+00
  8.054360E-04 -9.784677E-04  5.000000E-01  8.151890E-04 -9.494562E-04  0.000000E+00 -4.693617E-02  3.287108E-02 -5.107425E-14  1.106730E+00  0.000000E+00
  1.973980E-03 -1.585575E-03  5.000000E-01  1.995534E-03 -1.562695E-03  0.000000E+00 -2.105633E-02  1.048533E-02 -2.806509E-14  1.176596E+00  0.000000E+00
  3.614630E-03 -2.300482E-03  5.000000E-01  3.652753E-03 -2.284821E-03  0.000000E+00 -4.060701E-03  1.775776E-03 -9.871395E-15  1.152958E+00  0.000000E+00
  5.721210E-03 -3.131621E-03  5.000000E-01  5.780607E-03 -3.124354E-03  0.000000E+00  5.015437E-03 -1.862840E-03 -4.184172E-16  1.122641E+00  0.000000E+00
  8.297500E-03 -4.076519E-03  5.000000E-01  8.382914E-03 -4.078795E-03  0.000000E+00  9.325575E-03 -3.268202E-03  2.230928E-15  1.078326E+00  0.000000E+00
  1.136560E-02 -5.115577E-03  5.000000E-01  1.148200E-02 -5.128346E-03  0.000000E+00  1.109454E-02 -3.620063E-03  1.776232E-15  1.023909E+00  0.000000E+00
  1.493280E-02 -6.237549E-03  5.000000E-01  1.508522E-02 -6.261648E-03  0.000000E+00  1.169063E-02 -3.585999E-03  7.471310E-16  9.694017E-01  0.000000E+00
  1.899460E-02 -7.450745E-03  5.000000E-01  1.918804E-02 -7.487096E-03  0.000000E+00  1.194748E-02 -3.516318E-03  1.122691E-16  9.187063E-01  0.000000E+00
  2.354800E-02 -8.771214E-03  5.000000E-01  2.378743E-02 -8.820900E-03  0.000000E+00  1.228229E-02 -3.508572E-03 -8.230801E-17  8.688181E-01  0.000000E+00
  2.860130E-02 -1.019446E-02  5.000000E-01  2.889176E-02 -1.025852E-02  0.000000E+00  1.281385E-02 -3.547804E-03 -7.058768E-17  8.170918E-01  0.000000E+00
  3.416500E-02 -1.170940E-02  5.000000E-01  3.451165E-02 -1.178876E-02  0.000000E+00  1.352377E-02 -3.615475E-03 -2.838636E-17  7.647511E-01  0.000000E+00
  4.024810E-02 -1.330684E-02  5.000000E-01  4.065618E-02 -1.340233E-02  0.000000E+00  1.435343E-02 -3.692371E-03 -6.339343E-18  7.127067E-01  0.000000E+00
  4.686030E-02 -1.497445E-02  5.000000E-01  4.733516E-02 -1.508679E-02  0.000000E+00  1.523844E-02 -3.758634E-03 -8.540107E-20  6.607426E-01  0.000000E+00
  5.401090E-02 -1.670055E-02  5.000000E-01  5.455797E-02 -1.683032E-02  0.000000E+00  1.613206E-02 -3.805849E-03  1.109462E-20  6.089276E-01  0.000000E+00
  6.170850E-02 -1.847649E-02  5.000000E-01  6.233331E-02 -1.862419E-02  0.000000E+00  1.700865E-02 -3.825673E-03 -8.273412E-19  5.568893E-01  0.000000E+00
  6.996310E-02 -2.028792E-02  5.000000E-01  7.067127E-02 -2.045391E-02  0.000000E+00  1.785444E-02 -3.805584E-03 -6.853874E-19  5.039240E-01  0.000000E+00
  7.878500E-02 -2.211519E-02  5.000000E-01  7.958226E-02 -2.229964E-02  0.000000E+00  1.866631E-02 -3.741950E-03 -9.974167E-20  4.502288E-01  0.000000E+00
  8.818390E-02 -2.393913E-02  5.000000E-01  8.907608E-02 -2.414199E-02  0.000000E+00  1.944569E-02 -3.634852E-03 -2.223796E-19  3.962383E-01  0.000000E+00
  9.816930E-02 -2.573716E-02  5.000000E-01  9.916232E-02 -2.595818E-02  0.000000E+00  2.018711E-02 -3.479620E-03 -5.105434E-19  3.420126E-01  0.000000E+00
  1.087500E-01 -2.748236E-02  5.000000E-01  1.098499E-01 -2.772100E-02  0.000000E+00  2.087437E-02 -3.272751E-03 -3.142993E-19  2.879744E-01  0.000000E+00
  1.199340E-01 -2.914736E-02  5.000000E-01  1.211468E-01 -2.940282E-02  0.000000E+00  2.147257E-02 -3.009202E-03 -7.098451E-19  2.348287E-01  0.000000E+00
  1.317280E-01 -3.070004E-02  5.000000E-01  1.330599E-01 -3.097118E-02  0.000000E+00  2.192092E-02 -2.680107E-03 -1.580342E-18  1.834258E-01  0.000000E+00
  1.441380E-01 -3.210297E-02  5.000000E-01  1.455952E-01 -3.238828E-02  0.000000E+00  2.214804E-02 -2.285413E-03 -1.110235E-18  1.355542E-01  0.000000E+00
  1.441380E-01 -3.210297E-02  5.000000E-01  1.455952E-01 -3.238828E-02  0.000000E+00  2.214804E-02 -2.285413E-03 -1.110235E-18  1.355542E-01  0.000000E+00
  1.571670E-01 -3.331960E-02  5.000000E-01  1.587558E-01 -3.361720E-02  0.000000E+00  2.210256E-02 -1.838848E-03  4.363144E-19  9.379806E-02  0.000000E+00
  1.708170E-01 -3.431494E-02  5.000000E-01  1.725437E-01 -3.462258E-02  0.000000E+00  2.179383E-02 -1.370180E-03  1.461245E-18  6.089925E-02  0.000000E+00
  1.850860E-01 -3.506517E-02  5.000000E-01  1.869568E-01 -3.538040E-02  0.000000E+00  2.132573E-02 -9.324795E-04  6.646904E-19  3.921895E-02  0.000000E+00
  1.999720E-01 -3.557886E-02  5.000000E-01  2.019931E-01 -3.589928E-02  0.000000E+00  2.087901E-02 -5.941595E-04  2.391666E-20  2.949894E-02  0.000000E+00
  2.154670E-01 -3.592161E-02  5.000000E-01  2.176446E-01 -3.624548E-02  0.000000E+00  2.059687E-02 -3.816483E-04  8.978814E-19  2.736888E-02  0.000000E+00
  2.315610E-01 -3.616364E-02  5.000000E-01  2.339011E-01 -3.648995E-02  0.000000E+00  2.046685E-02 -2.330302E-04  6.640105E-19  2.273969E-02  0.000000E+00
  2.482400E-01 -3.629665E-02  5.000000E-01  2.507486E-01 -3.662431E-02  0.000000E+00  2.039436E-02 -8.206443E-05  2.987581E-19  1.012321E-02  0.000000E+00
  2.654840E-01 -3.629872E-02  5.000000E-01  2.681667E-01 -3.662640E-02  0.000000E+00  2.031259E-02  8.615090E-05  1.143787E-18 -7.325300E-03  0.000000E+00
  2.832720E-01 -3.614456E-02  5.000000E-01  2.861343E-01 -3.647068E-02  0.000000E+00  2.018467E-02  2.692173E-04  5.372490E-19 -2.457659E-02  0.000000E+00
  3.015770E-01 -3.581311E-02  5.000000E-01  3.046242E-01 -3.613589E-02  0.000000E+00  1.999566E-02  4.576895E-04  7.140441E-19 -3.823162E-02  0.000000E+00
  3.203660E-01 -3.529141E-02  5.000000E-01  3.236030E-01 -3.560892E-02  0.000000E+00  1.974417E-02  6.412108E-04  1.505592E-18 -4.716046E-02  0.000000E+00
  3.396030E-01 -3.457459E-02  5.000000E-01  3.430342E-01 -3.488486E-02  0.000000E+00  1.943353E-02  8.134379E-04  6.684883E-19 -5.173926E-02  0.000000E+00
  3.592490E-01 -3.366073E-02  5.000000E-01  3.628786E-01 -3.396178E-02  0.000000E+00  1.906597E-02  9.726642E-04 -4.999311E-19 -5.276841E-02  0.000000E+00
  3.792580E-01 -3.254844E-02  5.000000E-01  3.830897E-01 -3.283825E-02  0.000000E+00  1.864354E-02  1.117777E-03 -8.866191E-19 -5.062289E-02  0.000000E+00
  3.995810E-01 -3.123919E-02  5.000000E-01  4.036179E-01 -3.151578E-02  0.000000E+00  1.816935E-02  1.246367E-03  1.130939E-19 -4.518221E-02  0.000000E+00
  4.201670E-01 -2.973866E-02  5.000000E-01  4.244118E-01 -3.000009E-02  0.000000E+00  1.764575E-02  1.356670E-03  2.398453E-19 -3.632018E-02  0.000000E+00
  4.409600E-01 -2.805450E-02  5.000000E-01  4.454148E-01 -2.829892E-02  0.000000E+00  1.707507E-02  1.448009E-03 -8.577123E-19 -2.412638E-02  0.000000E+00
  4.619030E-01 -2.619599E-02  5.000000E-01  4.665693E-01 -2.642164E-02  0.000000E+00  1.646559E-02  1.518229E-03 -5.325004E-19 -8.669773E-03  0.000000E+00
  4.829360E-01 -2.418075E-02  5.000000E-01  4.878147E-01 -2.438606E-02  0.000000E+00  1.583258E-02  1.564667E-03  4.114414E-19  9.863869E-03  0.000000E+00
  5.039990E-01 -2.203302E-02  5.000000E-01  5.090904E-01 -2.221663E-02  0.000000E+00  1.519392E-02  1.586620E-03 -7.546696E-19  3.089820E-02  0.000000E+00
  5.250310E-01 -1.978291E-02  5.000000E-01  5.303348E-01 -1.994380E-02  0.000000E+00  1.456699E-02  1.585607E-03 -1.626884E-18  5.357174E-02  0.000000E+00
  5.459710E-01 -1.746324E-02  5.000000E-01  5.514863E-01 -1.760071E-02  0.000000E+00  1.396688E-02  1.565290E-03 -8.202622E-19  7.691983E-02  0.000000E+00
  5.667600E-01 -1.510561E-02  5.000000E-01  5.724853E-01 -1.521927E-02  0.000000E+00  1.340850E-02  1.528751E-03 -6.042830E-19  1.002706E-01  0.000000E+00
  4.704230E-01  5.315124E-02  5.000000E-01  4.751754E-01  5.372690E-02  0.000000E+00  2.207949E-02  7.710584E-04 -7.037471E-18 -1.053300E+00  0.000000E+00
  4.494880E-01  5.235921E-02  5.000000E-01  4.540289E-01  5.292687E-02  0.000000E+00  2.188307E-02  8.583705E-04 -8.215760E-18 -1.046609E+00  0.000000E+00
  4.286690E-01  5.151159E-02  5.000000E-01  4.329997E-01  5.207069E-02  0.000000E+00  2.185227E-02  9.125337E-04 -8.868723E-18 -1.045411E+00  0.000000E+00
  4.080230E-01  5.062930E-02  5.000000E-01  4.121452E-01  5.117949E-02  0.000000E+00  2.199506E-02  9.731323E-04 -9.780768E-18 -1.045648E+00  0.000000E+00
  3.876050E-01  4.969733E-02  5.000000E-01  3.915210E-01  5.023811E-02  0.000000E+00  2.224938E-02  1.058134E-03 -1.121142E-17 -1.044690E+00  0.000000E+00
  3.674690E-01  4.870227E-02  5.000000E-01  3.711816E-01  4.923300E-02  0.000000E+00  2.252658E-02  1.164560E-03 -1.241003E-17 -1.041859E+00  0.000000E+00
  3.476650E-01  4.763400E-02  5.000000E-01  3.511776E-01  4.815394E-02  0.000000E+00  2.277075E-02  1.288084E-03 -1.217200E-17 -1.037211E+00  0.000000E+00
  3.282390E-01  4.648475E-02  5.000000E-01  3.315555E-01  4.699309E-02  0.000000E+00  2.296507E-02  1.425927E-03 -1.200151E-17 -1.031095E+00  0.000000E+00
  3.092330E-01  4.524923E-02  5.000000E-01  3.123575E-01  4.574509E-02  0.000000E+00  2.311207E-02  1.573009E-03 -1.219650E-17 -1.024145E+00  0.000000E+00
  2.906860E-01  4.393017E-02  5.000000E-01  2.936232E-01  4.441271E-02  0.000000E+00  2.322140E-02  1.724265E-03 -1.174911E-17 -1.016987E+00  0.000000E+00
  2.726330E-01  4.253302E-02  5.000000E-01  2.753879E-01  4.300145E-02  0.000000E+00  2.330525E-02  1.878808E-03 -1.129603E-17 -1.009887E+00  0.000000E+00
  2.551020E-01  4.106313E-02  5.000000E-01  2.576799E-01  4.151672E-02  0.000000E+00  2.337186E-02  2.037661E-03 -1.201792E-17 -1.002849E+00  0.000000E+00
  2.381210E-01  3.952637E-02  5.000000E-01  2.405274E-01  3.996444E-02  0.000000E+00  2.342709E-02  2.204160E-03 -1.300511E-17 -9.957338E-01  0.000000E+00
  2.217090E-01  3.792491E-02  5.000000E-01  2.239496E-01  3.834680E-02  0.000000E+00  2.347079E-02  2.379473E-03 -1.244231E-17 -9.888526E-01  0.000000E+00
  2.058840E-01  3.626127E-02  5.000000E-01  2.079648E-01  3.666636E-02  0.000000E+00  2.348330E-02  2.542259E-03 -1.251575E-17 -9.844287E-01  0.000000E+00
  1.906600E-01  3.456314E-02  5.000000E-01  1.925871E-01  3.495108E-02  0.000000E+00  2.345706E-02  2.656144E-03 -1.446922E-17 -9.858686E-01  0.000000E+00
  1.760460E-01  3.288110E-02  5.000000E-01  1.778255E-01  3.325206E-02  0.000000E+00  2.345929E-02  2.725834E-03 -1.908928E-17 -9.936958E-01  0.000000E+00
  1.620500E-01  3.123940E-02  5.000000E-01  1.636881E-01  3.159378E-02  0.000000E+00  2.358165E-02  2.793552E-03 -2.929573E-17 -1.005149E+00  0.000000E+00
  1.486750E-01  2.964029E-02  5.000000E-01  1.501781E-01  2.997851E-02  0.000000E+00  2.384513E-02  2.889027E-03 -4.583619E-17 -1.017305E+00  0.000000E+00
  1.359210E-01  2.807559E-02  5.000000E-01  1.372953E-01  2.839802E-02  0.000000E+00  2.419945E-02  3.020193E-03 -7.043342E-17 -1.028410E+00  0.000000E+00
  1.237890E-01  2.653651E-02  5.000000E-01  1.250407E-01  2.684339E-02  0.000000E+00  2.457394E-02  3.184430E-03 -1.109725E-16 -1.037816E+00  0.000000E+00
  1.122730E-01  2.501350E-02  5.000000E-01  1.134084E-01  2.530500E-02  0.000000E+00  2.491698E-02  3.376571E-03 -1.805597E-16 -1.045619E+00  0.000000E+00
  1.013710E-01  2.350091E-02  5.000000E-01  1.023964E-01  2.377713E-02  0.000000E+00  2.520572E-02  3.590120E-03 -2.994616E-16 -1.052428E+00  0.000000E+00
  9.107400E-02  2.199669E-02  5.000000E-01  9.199536E-02  2.225773E-02  0.000000E+00  2.544375E-02  3.824283E-03 -4.990409E-16 -1.058817E+00  0.000000E+00
  9.107400E-02  2.199669E-02  5.000000E-01  9.199536E-02  2.225773E-02  0.000000E+00  2.544375E-02  3.824283E-03 -4.990409E-16 -1.058817E+00  0.000000E+00
  8.137660E-02  2.049860E-02  5.000000E-01  8.220003E-02  2.074450E-02  0.000000E+00  2.563916E-02  4.077427E-03 -8.400254E-16 -1.065535E+00  0.000000E+00
  7.227050E-02  1.900904E-02  5.000000E-01  7.300197E-02  1.923990E-02  0.000000E+00  2.579634E-02  4.343615E-03 -1.433227E-15 -1.073595E+00  0.000000E+00
  6.374670E-02  1.753310E-02  5.000000E-01  6.439209E-02  1.774905E-02  0.000000E+00  2.592611E-02  4.623974E-03 -2.464410E-15 -1.083670E+00  0.000000E+00
  5.579720E-02  1.607408E-02  5.000000E-01  5.636231E-02  1.627530E-02  0.000000E+00  2.602910E-02  4.914660E-03 -4.240835E-15 -1.096666E+00  0.000000E+00
  4.841260E-02  1.464052E-02  5.000000E-01  4.890313E-02  1.482726E-02  0.000000E+00  2.610345E-02  5.210409E-03 -7.232857E-15 -1.113575E+00  0.000000E+00
  4.158390E-02  1.324021E-02  5.000000E-01  4.200547E-02  1.341282E-02  0.000000E+00  2.615431E-02  5.517666E-03 -1.205632E-14 -1.134788E+00  0.000000E+00
  3.530370E-02  1.187802E-02  5.000000E-01  3.566185E-02  1.203687E-02  0.000000E+00  2.616271E-02  5.831105E-03 -1.930948E-14 -1.161144E+00  0.000000E+00
  2.956270E-02  1.056347E-02  5.000000E-01  2.986287E-02  1.070904E-02  0.000000E+00  2.610141E-02  6.145895E-03 -2.913905E-14 -1.193309E+00  0.000000E+00
  2.435310E-02  9.303076E-03  5.000000E-01  2.460066E-02  9.435919E-03  0.000000E+00  2.593037E-02  6.473885E-03 -4.043833E-14 -1.230694E+00  0.000000E+00
  1.967110E-02  8.097333E-03  5.000000E-01  1.987137E-02  8.218000E-03  0.000000E+00  2.551499E-02  6.785655E-03 -5.011105E-14 -1.273610E+00  0.000000E+00
  1.550860E-02  6.953400E-03  5.000000E-01  1.566684E-02  7.062515E-03  0.000000E+00  2.467738E-02  7.032735E-03 -5.366590E-14 -1.322361E+00  0.000000E+00
  1.185930E-02  5.874934E-03  5.000000E-01  1.198068E-02  5.973157E-03  0.000000E+00  2.332000E-02  7.207867E-03 -4.773145E-14 -1.375100E+00  0.000000E+00
  8.724160E-03  4.858112E-03  5.000000E-01  8.813883E-03  4.946067E-03  0.000000E+00  2.156922E-02  7.338806E-03 -3.307182E-14 -1.431363E+00  0.000000E+00
  6.091130E-03  3.911123E-03  5.000000E-01  6.154263E-03  3.989514E-03  0.000000E+00  2.031423E-02  7.815148E-03 -1.618254E-14 -1.486553E+00  0.000000E+00
  3.952840E-03  3.036676E-03  5.000000E-01  3.994378E-03  3.106236E-03  0.000000E+00  2.112809E-02  9.728489E-03 -5.888075E-15 -1.523737E+00  0.000000E+00
  2.330070E-03  2.221975E-03  5.000000E-01  2.355220E-03  2.283307E-03  0.000000E+00  2.423514E-02  1.419063E-02 -5.584272E-15 -1.531434E+00  0.000000E+00
  1.198080E-03  1.485122E-03  5.000000E-01  1.211798E-03  1.539013E-03  0.000000E+00  2.760017E-02  2.138735E-02 -1.162417E-14 -1.519609E+00  0.000000E+00
  5.019560E-04  8.591767E-04  5.000000E-01  5.086442E-04  9.067463E-04  0.000000E+00  3.041719E-02  3.350699E-02 -1.990212E-14 -1.531148E+00  0.000000E+00
  1.313430E-04  3.760602E-04  5.000000E-01  1.342884E-04  4.187509E-04  0.000000E+00  3.507512E-02  7.038433E-02 -2.945982E-14 -1.566362E+00  0.000000E+00
  8.078190E-06  6.792481E-05  5.000000E-01  9.778777E-06  1.075037E-04  0.000000E+00  3.055400E-02  1.733143E-01 -4.116169E-14 -1.484862E+00  0.000000E+00
 -1.602820E-06 -3.850405E-05  5.000000E-01  0.000000E+00  0.000000E+00  0.000000E+00 -4.940999E-03  2.521561E-01 -5.252193E-14 -1.190919E+00  0.000000E+00
  9.141860E-06 -1.485575E-04  5.000000E-01  1.085319E-05 -1.111649E-04  0.000000E+00 -4.976122E-02  1.967984E-01 -6.370826E-14 -4.688694E-01  0.000000E+00
  1.696960E-04 -4.811797E-04  5.000000E-01  1.730287E-04 -4.471461E-04  0.000000E+00 -6.436746E-02  9.282741E-02 -6.645248E-14  5.407521E-01  0.000000E+00
    1    2
    2    3
    3    4
    4    5
    5    6
    6    7
    7    8
    8    9
    9   10
   10   11
   11   12
   12   13
   13   14
   14   15
   15   16
   16   17
   17   18
   18   19
   19   20
   20   21
   21   22
   22   23
   23   24
   25   26
   26   27
   27   28
   28   29
   29   30
   30   31
   31   32
   32   33
   33   34
   34   35
   35   36
   36   37
   37   38
   38   39
   39   40
   40   41
   41   42
   42   43
   43   44
   44   45
   45   46
   46   47
   47   48
   49   50
   50   51
   51   52
   52   53
   53   54
   54   55
   55   56
   56   57
   57   58
   58   59
   59   60
   60   61
   61   62
   62   63
   63   64
   64   65
   65   66
   66   67
   67   68
   68   69
   69   70
   70   71
   71   72
   73   74
   74   75
   75   76
   76   77
   77   78
   78   79
   79   80
   80   81
   81   82
   82   83
   83   84
   84   85
   85   86
   86   87
   87   88
   88   89
   89   90
   90   91
   91   92
   92   93
   93   94
   94   95
   95   96
   97   98
   98   99
   99  100
  100  101
  101  102
  102  103
  103  104
  104  105
  105  106
  106  107
  107  108
  108  109
  109  110
  110  111
  111  112
  112  113
  113  114
  114  115
  115  116
  116  117
  117  118
  118  119
  119  120
  121  122
  122  123
  123  124
  124  125
  125  126
  126  127
  127  128
  128  129
  129  130
  130  131
  131  132
  132  133
  133  134
  134  135
  135  136
  136  137
  137  138
  138  139
  139  140
  140  141
  141  142
  142  143
  143  144
  145  146
  146  147
  147  148
  148  149
  149  150
  150  151
  151  152
  152  153
  153  154
  154  155
  155  156
  156  157
  157  158
  158  159
  159  160
  160  161
  161  162
  162  163
  163  164
  164  165
  165  166
  166  167
  167  168
  169  170
  170  171
  171  172
  172  173
  173  174
  174  175
  175  176
  176  177
  177  178
  178  179
  179  180
  180  181
  181  182
  182  183
  183  184
  184  185
  185  186
  186  187
  187  188
  188  189
  189  190
  190  191
  191  192
